0.882235  0.0229549  -0.801568
0.867951  0.571533  0.169014
0.872156  0.877447  0.486852
0.867951  0.795776  0.169014
0.86377  -0.473391  0.794449
0.8954  -0.716184  -0.00134574
0.874878  1.08717  1.60366
0.867951  0.795776  0.169014
0.882235  0.158676  -0.801568
0.865872  0.628814  -0.691973
0.9  -0.366317  -0.0558215
0.867951  0.795776  0.169014
0.874878  1.08717  1.60366
0.875029  0.469475  -0.761526
0.865872  0.628814  -0.691973
0.875944  -1.38994  0.648069
0.882235  0.0229549  -0.801568
0.863812  0.177278  -0.217339
0.872156  0.877447  0.486852
0.865872  0.628814  -0.691973
0.867951  0.795776  0.169014
0.881249  0.299972  0.615688
0.874878  1.08717  1.60366
0.8954  -0.716184  -0.00134574
0.865872  0.628814  -0.691973
0.867951  0.795776  0.169014
0.9  0.507302  -0.399197
0.879374  -0.0730062  0.363586
0.8954  -0.716184  -0.00134574
0.857446  0.984306  -0.512961
0.891822  -0.656159  0.372522
0.872156  0.877447  0.486852
0.874878  1.08717  1.60366
0.882235  0.0229549  -0.801568
0.872156  0.877447  0.5408
0.867951  0.795776  0.169014
0.9  0.507302  -0.399197
0.859182  1.0024  -0.45094
0.865872  0.628814  -0.691973
0.875029  0.469475  -0.761526
0.9  0.507302  -0.399197
0.9  0.507302  -0.399197
0.867951  0.571533  0.169014
0.900619  0.146213  0.270982
0.9  0.507302  -0.399197
0.857071  -0.760526  0.0186091
0.867951  0.795776  0.169014
0.882235  0.158676  -0.801568
0.882719  -0.619239  1.37593
0.863812  0.177278  -0.217339
0.863812  0.177278  -0.217339
0.872156  0.877447  0.486852
0.872156  0.877447  0.5408
0.9  0.507302  -0.399197
0.875944  -1.38994  0.648069
0.873233  0.856892  0.421573
0.872156  0.8309  0.496132
0.875029  0.469475  -0.761526
0.863812  0.177278  -0.217339
0.875969  0.335134  0.683705
0.875029  0.469475  -0.761526
0.9  0.507302  -0.399197
0.874878  1.08717  1.60366
0.882235  0.0229549  -0.801568
0.9  0.507302  -0.399197
0.865872  0.628814  -0.691973
0.9  -0.366317  -0.0558215
0.865872  0.628814  -0.691973
0.865872  0.628814  -0.691973
0.872156  0.877447  0.486852
0.867951  0.795776  0.169014
0.872156  0.877447  0.5408
0.872156  0.877447  0.486852
0.882235  0.0229549  -0.801568
0.872156  0.877447  0.486852
0.881249  0.453939  0.618544
0.844733  -0.921469  0.136384
0.857446  0.984306  -0.512961
0.882235  0.0229549  -0.801568
0.863812  0.177278  -0.217339
0.881249  0.453939  0.618544
0.872156  0.877447  0.5408
0.8954  -0.716184  -0.00134574
0.863812  0.177278  -0.217339
0.9  0.507302  -0.399197
0.875969  0.335134  0.683705
0.8954  -0.716184  -0.00134574
0.865872  0.628814  -0.691973
0.867951  0.795776  0.169014
0.882235  0.0229549  -0.801568
0.872156  0.877447  0.5408
0.882235  0.0229549  -0.801568
0.9  0.507302  -0.399197
0.863812  0.177278  -0.217339
0.875029  0.469475  -0.761526
0.900619  0.146213  0.270982
0.875029  0.469475  -0.761526
0.8954  -0.716184  -0.00134574
0.882235  0.0229549  -0.801568
0.881249  0.540994  0.249856
0.875944  -1.38994  0.648069
0.900619  0.146213  0.270982
0.875029  0.469475  -0.761526
0.865872  0.628814  -0.691973
0.863812  0.177278  -0.217339
0.882235  0.0229549  -0.801568
0.867951  0.795776  0.169014
0.867951  0.795776  0.169014
0.861861  -0.865917  -0.116406
0.875029  0.469475  -0.761526
0.867951  0.795776  0.169014
0.9  -0.366317  -0.0558215
0.861861  -0.865917  -0.116406
0.873233  1.70417  -0.463632
0.872156  0.877447  0.5408
0.8954  -0.716184  -0.00134574
0.874878  1.08717  1.60366
0.863812  0.177278  -0.217339
0.882235  0.0229549  -0.801568
0.872156  0.877447  0.486852
0.882235  0.158676  -0.801568
0.867951  0.795776  0.169014
0.882235  0.0229549  -0.801568
0.865872  0.628814  -0.691973
0.872156  0.877447  0.486852
0.891822  -0.656159  0.372522
0.867951  0.795776  0.169014
0.875029  0.469475  -0.761526
0.867951  0.795776  0.169014
0.9  0.507302  -0.399197
0.863812  0.177278  -0.217339
0.874804  0.909155  0.98016
0.9  0.507302  -0.399197
0.872156  0.877447  0.5408
0.863812  0.177278  -0.217339
0.867951  0.795776  0.169014
0.879374  -0.0730062  0.840363
0.900619  0.146213  0.270982
0.882235  0.0229549  -0.801568
0.875029  0.469475  -0.761526
0.872156  0.877447  0.486852
0.867951  0.795776  0.169014
0.879374  -0.0730062  0.363586
0.867951  0.571533  0.169014
0.901818  0.0926437  0.0320934
0.882235  0.0229549  -0.801568
0.867951  0.795776  0.169014
0.867951  0.795776  0.169014
0.882235  0.0229549  -0.801568
0.875029  0.469475  -0.761526
0.8954  -0.716184  -0.00134574
0.9  0.507302  -0.399197
0.865872  0.628814  -0.691973
0.882235  0.0229549  -0.801568
0.863812  0.177278  -0.217339
0.867951  0.795776  0.169014
0.881249  0.540994  0.249856
0.875969  0.335134  0.683705
0.861861  -0.865917  -0.116406
0.881249  0.540994  0.249856
0.8954  -0.181543  -0.149
0.874878  1.08717  1.60366
0.875029  0.469475  -0.761526
0.867951  0.795776  0.169014
0.881249  0.540994  0.249856
0.844733  -0.921469  0.136384
0.865872  0.628814  -0.691973
0.879374  -0.0730062  0.363586
0.9  0.507302  -0.399197
0.874878  1.08717  1.60366
0.900619  0.146213  0.270982
0.875029  0.469475  -0.761526
0.881249  0.540994  0.249856
0.875969  0.335134  0.683705
0.863812  0.177278  -0.217339
0.867951  0.795776  0.169014
0.867951  0.795776  0.169014
0.901818  0.0926437  0.0320934
0.882235  0.0229549  -0.801568
0.8954  -0.716184  -0.00134574
0.865872  0.628814  -0.691973
0.863812  0.177278  -0.217339
0.9  0.507302  -0.399197
0.872156  0.877447  0.5408
0.865872  0.628814  -0.691973
0.867951  0.795776  0.169014
0.874804  0.909155  0.98016
0.863812  0.177278  -0.217339
0.875029  0.469475  -0.761526
0.863812  1.00219  -0.296247
0.9  -0.366317  -0.0558215
0.867951  0.795776  0.169014
0.865872  0.628814  -0.691973
0.875029  0.469475  -0.761526
0.879374  -0.0730062  0.363586
0.874878  1.08717  1.60366
0.865872  0.628814  -0.691973
0.873233  1.70417  -0.463632
0.882235  0.0229549  -0.801568
0.875029  0.469475  -0.761526
0.9  0.507302  -0.399197
0.875029  0.469475  -0.761526
0.881249  0.540994  0.249856
0.875029  0.469475  -0.761526
0.867951  0.795776  0.169014
0.901818  0.0926437  0.0320934
0.882235  0.0229549  -0.801568
0.874878  1.08717  1.60366
0.872156  0.877447  0.486852
0.863812  0.177278  -0.217339
0.865872  0.628814  -0.691973
0.882235  0.158676  -0.801568
0.9  -0.366317  -0.0558215
0.859182  1.0024  -0.45094
0.875944  -1.38994  0.648069
0.867951  0.795776  0.169014
0.867  -0.174425  -0.899569
0.86377  -0.473391  0.794449
0.865872  0.628814  -0.691973
0.882235  0.0229549  -0.801568
0.882235  0.0229549  -0.801568
0.874878  1.08717  1.60366
0.865872  0.628814  -0.691973
0.882719  -0.619239  1.37593
0.867951  0.795776  0.169014
0.8954  -0.716184  -0.00134574
0.882235  0.0229549  -0.801568
0.873233  0.856892  0.421573
0.867951  0.571533  0.169014
0.865872  0.628814  -0.691973
0.872156  0.8309  0.496132
0.882235  0.158676  -0.801568
0.865872  0.628814  -0.691973
0.863812  0.177278  -0.217339
0.882235  0.0229549  -0.801568
0.900619  0.146213  0.270982
0.882235  0.0229549  -0.801568
0.881249  0.299972  0.615688
0.863812  0.177278  -0.217339
0.857446  0.984306  -0.512961
0.863812  1.00219  -0.296247
0.861861  -0.865917  -0.116406
0.882235  0.0229549  -0.801568
0.882719  -0.619239  1.37593
0.863812  0.177278  -0.217339
0.874878  1.08717  1.60366
0.882235  0.0229549  -0.801568
0.863812  0.177278  -0.217339
0.882235  0.0229549  -0.801568
0.874878  1.08717  1.3921
0.872156  0.877447  0.486852
0.872156  0.877447  0.486852
0.879374  -0.0730062  0.363586
0.882235  0.0229549  -0.801568
0.853687  -0.163303  -0.769604
0.879374  -0.0730062  0.363586
0.867951  0.571533  0.169014
0.874804  0.909155  0.98016
0.882719  -0.619239  1.37593
0.844733  -0.921469  0.136384
0.9  -0.366317  -0.0558215
0.861861  -0.865917  -0.116406
0.882235  0.0229549  -0.801568
0.863812  1.00219  -0.296247
0.872156  0.877447  0.486852
0.875029  0.469475  -0.761526
0.882719  -0.619239  1.37593
0.9  -0.366317  -0.0558215
0.875944  -1.38994  0.648069
0.872156  0.877447  0.486852
0.873233  1.70417  -0.463632
0.865872  0.628814  -0.691973
0.875029  0.469475  -0.761526
0.879374  -0.0730062  0.363586
0.865872  0.628814  -0.691973
0.86377  -0.473391  0.794449
0.8954  -0.716184  -0.00134574
0.881249  0.453939  0.618544
0.869548  -0.129996  -0.62033
0.881249  0.299972  0.615688
0.879374  -0.0730062  0.363586
0.872156  0.877447  0.486852
0.873233  1.70417  -0.463632
0.874804  0.909155  0.98016
0.881249  0.540994  0.249856
0.874804  0.909155  0.98016
0.9  0.507302  -0.399197
0.86377  -0.473391  0.794449
0.875029  0.469475  -0.761526
0.882235  0.0229549  -0.801568
0.867951  0.795776  0.169014
0.882235  0.0229549  -0.801568
0.882235  0.0229549  -0.801568
0.881249  0.540994  0.249856
0.867951  0.795776  0.169014
0.9  -0.366317  -0.0558215
0.881249  0.540994  0.249856
0.874878  1.08717  1.60366
0.872156  0.877447  0.5408
0.867951  0.795776  0.169014
0.861861  -0.865917  -0.116406
0.865872  0.628814  -0.691973
0.863812  0.177278  -0.217339
0.882235  0.0229549  -0.801568
0.872156  0.877447  0.486852
0.863812  0.177278  -0.217339
0.879374  -0.0730062  0.363586
0.867951  0.795776  0.169014
0.9  0.507302  -0.399197
0.863812  0.177278  -0.217339
0.882235  0.0229549  -0.801568
0.872156  0.877447  0.5408
0.882719  -0.619239  1.37593
0.874804  0.909155  0.98016
0.874878  1.08717  1.60366
0.844733  -0.921469  0.136384
0.863812  0.177278  -0.217339
0.872156  0.877447  0.5408
0.9  0.507302  -0.399197
0.8954  -0.716184  -0.00134574
0.882235  0.0229549  -0.801568
0.861861  -0.865917  -0.116406
0.865872  0.628814  -0.691973
0.9  -0.366317  -0.0558215
0.867951  0.795776  0.169014
0.879374  -0.0730062  0.363586
0.9  0.507302  -0.399197
0.881249  0.453939  0.618544
0.9  0.507302  -0.399197
0.863812  0.177278  -0.217339
0.9  0.507302  -0.399197
0.867951  0.795776  0.169014
0.873233  1.70417  -0.463632
0.882235  0.0229549  -0.801568
0.9  0.507302  -0.399197
0.867951  0.795776  0.169014
0.9  0.507302  -0.399197
0.881249  0.540994  0.249856
0.872156  0.877447  0.486852
0.872156  0.877447  0.5408
0.8954  -0.716184  -0.00134574
0.900619  0.146213  0.270982
0.900619  0.146213  0.270982
0.867951  0.795776  0.169014
0.882235  0.0229549  -0.801568
0.874804  0.909155  0.98016
0.863812  0.177278  -0.217339
0.872156  0.877447  0.5408
0.859182  1.0024  -0.45094
0.873233  0.856892  0.421573
0.882719  -0.619239  1.37593
0.874878  1.08717  1.60366
0.863812  0.177278  -0.217339
0.8954  -0.716184  -0.00134574
0.875029  0.469475  -0.761526
0.867951  0.795776  0.169014
0.882235  0.0229549  -0.801568
0.8954  -0.716184  -0.00134574
0.861861  -0.865917  -0.116406
0.865872  0.628814  -0.691973
0.882235  0.0229549  -0.801568
0.872156  0.877447  0.486852
0.865872  0.628814  -0.691973
0.875944  -1.38994  0.648069
0.865872  0.628814  -0.691973
0.873233  0.856892  0.421573
0.8954  -0.716184  -0.00134574
0.882235  0.0229549  -0.801568
0.9  0.507302  -0.399197
0.879374  -0.0730062  0.363586
0.867951  0.795776  0.169014
0.863812  0.177278  -0.217339
0.872156  0.877447  0.5408
0.9  -0.366317  -0.0558215
0.875029  0.469475  -0.761526
0.874878  1.08717  1.60366
0.857071  -0.760526  0.0186091
0.874878  1.08717  1.60366
0.882719  -0.619239  1.37593
0.872156  0.877447  0.486852
0.86377  -0.473391  0.794449
0.862622  2.16123  -0.12397
0.882235  0.0229549  -0.801568
0.867951  0.795776  0.169014
0.879374  -0.0730062  0.363586
0.865872  0.628814  -0.691973
0.881249  0.299972  0.615688
0.867951  0.795776  0.169014
0.881249  0.453939  0.618544
0.874804  0.909155  0.98016
0.8954  -0.999271  -0.00134574
0.867  -0.174425  -0.899569
0.9  0.507302  -0.399197
0.872156  0.877447  0.486852
0.863812  0.177278  -0.217339
0.879374  -0.0730062  0.363586
0.867951  0.571533  0.169014
0.9  0.507302  -0.399197
0.879374  -0.0730062  0.363586
0.9  -0.366317  -0.0558215
0.867951  0.795776  0.169014
0.867951  0.571533  0.169014
0.857446  0.984306  -0.512961
0.879374  -0.0730062  0.363586
0.861861  -0.865917  -0.116406
0.861861  -0.865917  -0.116406
0.8954  -0.716184  -0.00134574
0.86377  -0.473391  0.794449
0.8954  -0.999271  -0.00134574
0.8954  -0.716184  -0.00134574
0.9  0.507302  -0.399197
0.882235  0.0229549  -0.801568
0.901818  0.0926437  0.0320934
0.865872  0.628814  -0.691973
0.865872  0.658682  -0.691973
0.881249  0.299972  0.615688
0.875029  0.469475  -0.761526
0.867951  0.571533  0.169014
0.879374  -0.0730062  0.363586
0.867951  0.795776  0.169014
0.879374  -0.0730062  0.363586
0.8954  -0.716184  -0.00134574
0.844733  -0.921469  0.136384
0.8954  -0.716184  -0.00134574
0.872156  0.877447  0.5408
0.881249  0.540994  0.249856
0.863812  0.177278  -0.217339
0.882235  0.158676  -0.801568
0.863812  0.177278  -0.217339
0.872156  0.877447  0.5408
0.863812  1.00219  -0.296247
0.900619  0.146213  0.270982
0.872156  0.877447  0.486852
0.879374  -0.0730062  0.363586
0.861861  -0.865917  -0.116406
0.863812  0.177278  -0.217339
0.881249  0.453939  0.618544
0.875029  0.469475  -0.761526
0.873233  0.856892  0.421573
0.863812  0.177278  -0.217339
0.9  0.507302  -0.399197
0.872156  0.877447  0.5408
0.865872  0.628814  -0.691973
0.867951  0.795776  0.169014
0.856766  -0.854164  1.45603
0.865872  0.628814  -0.691973
0.900619  0.146213  0.270982
0.882235  0.158676  -0.801568
0.867951  0.795776  0.169014
0.8954  -0.716184  -0.00134574
0.86377  -0.473391  0.794449
0.875029  0.469475  -0.761526
0.881249  0.540994  0.249856
0.861861  -0.865917  -0.116406
0.882719  -0.619239  1.37593
0.863812  0.177278  -0.217339
0.8954  -0.999271  -0.00134574
0.882235  0.0229549  -0.801568
0.872156  0.877447  0.486852
0.874878  1.08717  1.60366
0.862622  2.16123  -0.12397
0.875944  -1.38994  0.648069
0.872156  0.877447  0.486852
0.882235  0.0229549  -0.801568
0.882719  -0.619239  1.37593
0.86377  -0.473391  0.794449
0.882719  -0.619239  1.37593
0.882235  0.0229549  -0.801568
0.863812  0.177278  -0.217339
0.882235  0.0229549  -0.801568
0.867951  0.795776  0.169014
0.873233  0.856892  0.421573
0.882235  0.158676  -0.801568
0.859182  1.0024  -0.45094
0.867951  0.795776  0.169014
0.859182  1.0024  -0.45094
0.859182  1.0024  -0.45094
0.872156  0.877447  0.486852
0.900619  0.146213  0.270982
0.9  0.507302  -0.399197
0.857446  0.984306  -0.512961
0.873233  1.70417  -0.463632
0.881249  0.540994  0.249856
0.875029  0.469475  -0.761526
0.857446  0.984306  -0.512961
0.9  -0.366317  -0.0558215
0.874878  1.08717  1.60366
0.873233  0.856892  0.421573
0.882235  0.0229549  -0.801568
0.863812  0.177278  -0.217339
0.867951  0.571533  0.169014
0.882719  -0.619239  1.37593
0.874878  1.08717  1.60366
0.844733  -0.921469  0.136384
0.875029  0.469475  -0.761526
0.874804  0.909155  0.98016
0.861861  -0.865917  -0.116406
0.882235  0.0229549  -0.801568
0.9  -0.366317  -0.0558215
0.879374  -0.0730062  0.363586
0.863812  1.00219  -0.296247
0.865872  0.628814  -0.691973
0.863812  0.177278  -0.217339
0.882235  0.0229549  -0.801568
0.874878  1.08717  1.60366
0.9  -0.366317  -0.0558215
0.9  0.507302  -0.399197
0.882719  -0.619239  1.37593
0.879374  -0.0730062  0.363586
0.865872  0.628814  -0.691973
0.881249  0.540994  0.249856
0.875029  0.469475  -0.761526
0.9  0.507302  -0.399197
0.867951  0.795776  0.169014
0.9  -0.366317  -0.0558215
0.867951  0.571533  0.169014
0.879374  -0.0730062  0.363586
0.873233  1.70417  -0.463632
0.863812  1.00219  -0.296247
0.882235  0.0229549  -0.801568
0.9  -0.366317  -0.0558215
0.879374  -0.0730062  0.363586
0.863812  0.177278  -0.217339
0.879374  -0.0730062  0.363586
0.8954  -0.716184  -0.00134574
0.863812  0.177278  -0.217339
0.865872  0.628814  -0.691973
0.863812  0.177278  -0.217339
0.881249  0.540994  0.249856
0.882235  0.0229549  -0.801568
0.900619  0.146213  0.270982
0.863812  0.177278  -0.217339
0.882235  0.0229549  -0.801568
0.865872  0.628814  -0.691973
0.863812  0.177278  -0.217339
0.873233  0.856892  0.421573
0.875944  -1.38994  0.648069
0.872156  0.877447  0.5408
0.863812  0.177278  -0.217339
0.881249  0.540994  0.249856
0.879374  -0.0730062  0.363586
0.8954  -0.716184  -0.00134574
0.882235  0.0229549  -0.801568
0.882235  0.0229549  -0.801568
0.875029  0.469475  -0.761526
0.875944  -1.38994  0.648069
0.881249  0.540994  0.249856
0.872156  0.877447  0.5408
0.867951  0.795776  0.169014
0.882719  -0.619239  1.37593
0.891822  -0.656159  0.372522
0.863812  0.177278  -0.217339
0.867951  0.795776  0.169014
0.867951  0.795776  0.169014
0.863812  0.177278  -0.217339
0.867951  0.795776  0.169014
0.863812  0.177278  -0.217339
0.8954  -0.716184  -0.00134574
0.879374  -0.0730062  0.363586
0.867951  0.795776  0.169014
0.865872  0.628814  -0.691973
0.9  0.507302  -0.399197
0.863812  0.177278  -0.217339
0.873233  1.70417  -0.463632
0.9  0.507302  -0.399197
0.9  -0.366317  -0.0558215
0.9  0.507302  -0.399197
0.867951  0.795776  0.169014
0.9  -0.366317  -0.0558215
0.867951  0.795776  0.169014
0.872156  0.877447  0.486852
0.872156  0.877447  0.486852
0.875944  -1.38994  0.648069
0.865872  0.658682  -0.691973
0.867951  0.795776  0.169014
0.875029  0.469475  -0.761526
0.875029  0.469475  -0.761526
0.865872  0.628814  -0.691973
0.882235  0.0229549  -0.801568
0.873233  1.70417  -0.463632
0.865872  0.628814  -0.691973
0.882235  0.0229549  -0.801568
0.861861  -0.865917  -0.116406
0.865872  0.628814  -0.691973
0.867951  0.795776  0.169014
0.9  0.507302  -0.399197
0.86377  -0.473391  0.794449
0.872156  0.877447  0.486852
0.865872  0.628814  -0.691973
0.863812  0.177278  -0.217339
0.867951  0.795776  0.169014
0.875029  0.469475  -0.761526
0.867951  0.795776  0.169014
0.879374  -0.0730062  0.840363
0.873233  1.70417  -0.463632
0.882719  -0.619239  1.37593
0.879374  -0.0730062  0.363586
0.8954  -0.716184  -0.00134574
0.867951  0.795776  0.169014
0.8954  -0.716184  -0.00134574
0.9  -0.366317  -0.0558215
0.867951  0.795776  0.169014
0.881249  0.540994  0.249856
0.875029  0.469475  -0.761526
0.882719  -0.619239  1.37593
0.881249  0.540994  0.249856
0.863812  0.177278  -0.217339
0.872156  0.877447  0.5408
0.874878  1.08717  1.60366
0.879374  -0.0730062  0.363586
0.8954  -0.716184  -0.00134574
0.879374  -0.0730062  0.363586
0.9  0.507302  -0.399197
0.9  0.507302  -0.399197
0.875944  -1.38994  0.648069
0.882235  0.0229549  -0.801568
0.867951  0.795776  0.169014
0.882719  -0.619239  1.37593
0.875029  0.469475  -0.761526
0.875944  -1.38994  0.648069
0.867951  0.795776  0.169014
0.867951  0.795776  0.169014
0.844733  -0.921469  0.136384
0.867951  0.795776  0.169014
0.863812  1.00219  -0.296247
0.863812  0.177278  -0.217339
0.879374  -0.0730062  0.363586
0.872156  0.877447  0.486852
0.901818  0.0926437  0.0320934
0.867951  0.795776  0.169014
0.881249  0.453939  0.618544
0.863812  0.177278  -0.217339
0.9  0.507302  -0.399197
0.872156  0.877447  0.5408
0.8954  -0.716184  -0.00134574
0.879374  -0.0730062  0.363586
0.881249  0.540994  0.249856
0.865872  0.628814  -0.691973
0.882235  0.0229549  -0.801568
0.865872  0.628814  -0.691973
0.873233  1.70417  -0.463632
0.872156  0.877447  0.5408
0.875029  0.469475  -0.761526
0.875029  0.469475  -0.761526
0.875029  0.469475  -0.761526
0.8954  -0.999271  -0.00134574
0.879374  -0.0730062  0.363586
0.900619  0.146213  0.270982
0.882235  0.0229549  -0.801568
0.874878  1.08717  1.60366
0.867951  0.795776  0.169014
0.875944  -1.38994  0.648069
0.9  0.507302  -0.399197
0.875029  0.469475  -0.761526
0.867951  0.795776  0.169014
0.867951  0.795776  0.169014
0.867951  0.795776  0.169014
0.882235  0.0229549  -0.801568
0.879374  -0.0730062  0.363586
0.881249  0.299972  0.615688
0.872156  0.877447  0.5408
0.875944  -1.38994  0.648069
0.882719  -0.619239  1.37593
0.844733  -0.921469  0.136384
0.8954  -0.716184  -0.00134574
0.863812  0.177278  -0.217339
0.867951  0.795776  0.169014
0.875969  0.335134  0.683705
0.882719  -0.619239  1.37593
0.874878  1.08717  1.60366
0.875944  -1.38994  0.648069
0.865872  0.628814  -0.691973
0.882719  -0.619239  1.37593
0.872156  0.877447  0.5408
0.857446  0.984306  -0.512961
0.882235  0.0229549  -0.801568
0.882235  0.0229549  -0.801568
0.882719  -0.619239  1.37593
0.874804  0.909155  0.98016
0.872156  0.877447  0.5408
0.872156  0.877447  0.486852
0.881249  0.299972  0.615688
0.874804  0.909155  0.98016
0.875944  -1.38994  0.648069
0.857071  -0.760526  0.0186091
0.9  -0.366317  -0.0558215
0.872156  0.877447  0.486852
0.853687  -0.163303  -0.769604
0.867951  0.795776  0.169014
0.875029  0.469475  -0.761526
0.863812  0.177278  -0.217339
0.875029  0.469475  -0.761526
0.875029  0.469475  -0.761526
0.865872  0.628814  -0.691973
0.872156  0.877447  0.486852
0.900619  0.146213  0.270982
0.882235  0.0229549  -0.801568
0.863812  0.177278  -0.217339
0.867951  0.795776  0.169014
0.873549  0.563501  -0.047439
0.879374  -0.0730062  0.363586
0.8954  -0.716184  -0.00134574
0.867951  0.795776  0.169014
0.861861  -0.865917  -0.116406
0.9  0.507302  -0.399197
0.9  0.507302  -0.399197
0.863812  1.00219  -0.296247
0.879374  -0.0730062  0.363586
0.867951  0.795776  0.169014
0.900619  0.146213  0.270982
0.862622  2.16123  -0.12397
0.873233  1.70417  -0.463632
0.9  0.507302  -0.399197
0.8954  -0.716184  -0.00134574
0.872156  0.877447  0.5408
0.882235  0.0229549  -0.801568
0.857071  -0.760526  0.0186091
0.863812  0.177278  -0.217339
0.882235  0.0229549  -0.801568
0.882235  0.0229549  -0.801568
0.875029  0.469475  -0.761526
0.882235  0.0229549  -0.801568
0.873549  0.563501  -0.047439
0.9  0.507302  -0.399197
0.875029  0.469475  -0.761526
0.9  0.507302  -0.399197
0.867951  0.795776  0.169014
0.865872  0.628814  -0.691973
0.865872  0.628814  -0.691973
0.882235  0.0229549  -0.801568
0.874804  0.909155  0.98016
0.857446  0.984306  -0.512961
0.867951  0.795776  0.169014
0.863812  0.177278  -0.217339
0.881249  0.540994  0.249856
0.9  0.507302  -0.399197
0.875029  0.469475  -0.761526
0.872156  0.877447  0.486852
0.882719  -0.619239  1.37593
0.863812  0.177278  -0.217339
0.9  0.507302  -0.399197
0.844733  -0.921469  0.136384
0.882235  0.0229549  -0.801568
0.872156  0.877447  0.486852
0.875029  0.469475  -0.761526
0.874878  1.08717  1.60366
0.879374  -0.0730062  0.363586
0.882235  0.0229549  -0.801568
0.867951  0.795776  0.169014
0.882235  0.0229549  -0.801568
0.881249  0.540994  0.249856
0.882235  0.0229549  -0.801568
0.873233  0.856892  0.421573
0.881249  0.540994  0.249856
0.882719  -0.619239  1.37593
0.881249  0.453939  0.618544
0.867951  0.795776  0.169014
0.863812  0.177278  -0.217339
0.865872  0.628814  -0.691973
0.881249  0.540994  0.249856
0.875029  0.469475  -0.761526
0.872156  0.877447  0.5408
0.882235  0.0229549  -0.801568
0.872156  0.877447  0.486852
0.879374  -0.0730062  0.363586
0.867951  0.571533  0.169014
0.865872  0.628814  -0.691973
0.882235  0.0229549  -0.801568
0.867951  0.571533  0.169014
0.882719  -0.619239  1.37593
0.875029  0.469475  -0.761526
0.865872  0.628814  -0.691973
0.867951  0.795776  0.169014
0.859182  1.0024  -0.45094
0.874878  1.08717  1.60366
0.867951  0.795776  0.169014
0.875029  0.469475  -0.761526
0.863812  0.177278  -0.217339
0.867951  0.795776  0.169014
0.901818  0.0926437  0.0320934
0.863812  0.177278  -0.217339
0.867951  0.795776  0.169014
0.9  0.507302  -0.399197
0.881249  0.453939  0.618544
0.882235  0.0229549  -0.801568
0.867951  0.795776  0.169014
0.900619  0.146213  0.270982
0.9  0.507302  -0.399197
0.9  0.507302  -0.399197
0.863812  0.177278  -0.217339
0.872156  0.877447  0.5408
0.863812  0.177278  -0.217339
0.86377  -0.473391  0.794449
0.875944  -1.38994  0.648069
0.882235  0.0229549  -0.801568
0.882719  -0.619239  1.37593
0.882235  0.0229549  -0.801568
0.867951  0.795776  0.169014
0.857446  0.984306  -0.512961
0.874878  1.08717  1.60366
0.872156  0.877447  0.5408
0.874878  1.08717  1.60366
0.9  -0.366317  -0.0558215
0.86377  -0.473391  0.794449
0.872156  0.877447  0.486852
0.881249  0.540994  0.249856
0.863812  0.177278  -0.217339
0.874878  1.08717  1.60366
0.857071  -0.760526  0.0186091
0.875029  0.469475  -0.761526
0.882235  0.0229549  -0.801568
0.879374  -0.0730062  0.363586
0.873233  0.856892  0.421573
0.881249  0.540994  0.249856
0.872156  0.877447  0.486852
0.867951  0.795776  0.169014
0.882235  0.0229549  -0.801568
0.867951  0.795776  0.169014
0.900619  0.146213  0.270982
0.872156  0.877447  0.5408
0.867951  0.795776  0.169014
0.874878  1.08717  1.3921
0.875944  -1.38994  0.648069
0.863812  0.177278  -0.217339
0.874878  1.08717  1.60366
0.863812  0.177278  -0.217339
0.863812  0.177278  -0.217339
0.863812  0.177278  -0.217339
0.9  0.507302  -0.399197
0.86377  -0.473391  0.794449
0.867951  0.795776  0.169014
0.9  0.507302  -0.399197
0.882235  0.0229549  -0.801568
0.863812  0.177278  -0.217339
0.872156  0.877447  0.5408
0.8954  -0.716184  -0.00134574
0.879374  -0.0730062  0.363586
0.875029  0.469475  -0.761526
0.872156  0.877447  0.5408
0.872156  0.877447  0.486852
0.865872  0.628814  -0.691973
0.875969  0.335134  0.683705
0.879374  -0.0730062  0.363586
0.8954  -0.999271  -0.00134574
0.882719  -0.619239  1.37593
0.867951  0.795776  0.169014
0.875029  0.469475  -0.761526
0.863812  0.177278  -0.217339
0.875029  0.469475  -0.761526
0.8954  -0.716184  -0.00134574
0.861861  -0.865917  -0.116406
0.9  0.507302  -0.399197
0.874878  1.08717  1.60366
0.882235  0.0229549  -0.801568
0.859182  1.0024  -0.45094
0.882235  0.0229549  -0.801568
0.881249  0.453939  0.618544
0.9  0.507302  -0.399197
0.86377  -0.473391  0.794449
0.863812  0.177278  -0.217339
0.863812  0.177278  -0.217339
0.875029  0.469475  -0.761526
0.863812  1.00219  -0.296247
0.882235  0.0229549  -0.801568
0.844733  -0.921469  0.136384
0.881249  0.453939  0.618544
0.867951  0.795776  0.169014
0.863812  1.00219  -0.296247
0.875944  -1.38994  0.648069
0.863812  1.00219  -0.296247
0.879374  -0.0730062  0.363586
0.873233  1.70417  -0.463632
0.867951  0.795776  0.169014
0.900619  0.146213  0.270982
0.882719  -0.619239  1.37593
0.857071  -0.760526  0.0186091
0.9  0.507302  -0.399197
0.882235  0.0229549  -0.801568
0.882235  0.0229549  -0.801568
0.881249  0.540994  0.249856
0.867951  0.795776  0.169014
0.863812  0.177278  -0.217339
0.865872  0.628814  -0.691973
0.882719  -0.619239  1.37593
0.863812  0.177278  -0.217339
0.882719  -0.619239  1.37593
0.9  0.507302  -0.399197
0.865872  0.628814  -0.691973
0.872156  0.877447  0.5408
0.9  -0.366317  -0.0558215
0.9  -0.366317  -0.0558215
0.863812  0.177278  -0.217339
0.881249  0.299972  0.615688
0.872156  0.877447  0.5408
0.844733  -0.921469  0.136384
0.867951  0.795776  0.169014
0.86377  -0.473391  0.794449
0.865872  0.628814  -0.691973
0.8954  -0.716184  -0.00134574
0.872156  0.8309  0.496132
0.867951  0.795776  0.169014
0.865872  0.628814  -0.691973
0.844733  -0.921469  0.136384
0.879374  -0.0730062  0.363586
0.891822  -0.656159  0.372522
0.875029  0.469475  -0.761526
0.872156  0.8309  0.496132
0.874804  0.909155  0.98016
0.882235  0.0229549  -0.801568
0.9  0.507302  -0.399197
0.875029  0.469475  -0.761526
0.882235  0.158676  -0.801568
0.879374  -0.0730062  0.363586
0.867951  0.795776  0.169014
0.875944  -1.38994  0.648069
0.844733  -0.921469  0.136384
0.844733  -0.921469  0.136384
0.882235  0.0229549  -0.801568
0.872156  0.877447  0.486852
0.9  0.507302  -0.399197
0.881249  0.453939  0.618544
0.881249  0.453939  0.618544
0.882235  0.0229549  -0.801568
0.861861  -0.865917  -0.116406
0.879374  -0.0730062  0.363586
0.882235  0.0229549  -0.801568
0.865872  0.628814  -0.691973
0.9  -0.366317  -0.0558215
0.8954  -0.716184  -0.00134574
0.882235  0.0229549  -0.801568
0.882235  0.0229549  -0.801568
0.873549  0.563501  -0.047439
0.882235  0.0229549  -0.801568
0.875029  0.469475  -0.761526
0.875029  0.469475  -0.761526
0.867951  0.795776  0.169014
0.874878  1.08717  1.60366
0.863812  0.177278  -0.217339
0.873233  0.856892  0.421573
0.875029  0.469475  -0.761526
0.882235  0.0229549  -0.801568
0.867951  0.795776  0.169014
0.872156  0.8309  0.496132
0.873549  0.563501  -0.047439
0.882235  0.0229549  -0.801568
0.882235  0.0229549  -0.801568
0.882235  0.0229549  -0.801568
0.9  0.507302  -0.399197
0.867951  0.795776  0.169014
0.863812  0.177278  -0.217339
0.9  0.507302  -0.399197
0.874878  1.08717  1.60366
0.867951  0.795776  0.169014
0.867951  0.795776  0.169014
0.8954  -0.716184  -0.00134574
0.873549  0.563501  -0.047439
0.873233  0.856892  0.421573
0.8954  -0.716184  -0.00134574
0.879374  -0.0730062  0.363586
0.865872  0.628814  -0.691973
0.872156  0.877447  0.5408
0.867951  0.795776  0.169014
0.881249  0.540994  0.249856
0.872156  0.877447  0.5408
0.882235  0.0229549  -0.801568
0.865872  0.628814  -0.691973
0.8954  -0.716184  -0.00134574
0.857446  0.984306  -0.512961
0.867951  0.795776  0.169014
0.865872  0.628814  -0.691973
0.867951  0.795776  0.169014
0.867951  0.795776  0.169014
0.879374  -0.0730062  0.363586
0.863812  0.177278  -0.217339
0.863812  0.177278  -0.217339
0.882235  0.0229549  -0.801568
0.863812  0.177278  -0.217339
0.881249  0.299972  0.615688
0.881249  0.540994  0.249856
0.872156  0.877447  0.486852
0.9  0.507302  -0.399197
0.875029  0.469475  -0.761526
0.875969  0.335134  0.683705
0.8954  -0.999271  -0.00134574
0.874878  1.08717  1.60366
0.844733  -0.921469  0.136384
0.875029  0.469475  -0.761526
0.873549  0.563501  -0.047439
0.86377  -0.473391  0.794449
0.872156  0.877447  0.486852
0.875944  -1.38994  0.648069
0.882235  0.0229549  -0.801568
0.875029  0.469475  -0.761526
0.879374  -0.0730062  0.363586
0.901818  0.0926437  0.0320934
0.872156  0.877447  0.5408
0.875944  -1.38994  0.648069
0.9  0.507302  -0.399197
0.882235  0.0229549  -0.801568
0.879374  -0.0730062  0.363586
