1.03019  -0.0814793  -0.586976
1.1199  1.13843  -0.165513
1.1093  -0.744247  0.664358
1.22594  -0.341155  -0.111299
1.0582  0.521928  0.344989
1.24719  -0.824848  -0.0607404
1.25209  -0.123173  0.766353
1.23338  -0.883925  0.221315
1.25209  -0.388331  0.766353
1.24719  -0.824848  -0.0607404
1.1199  1.05878  -0.165513
1.24719  -0.824848  -0.0607404
1.22532  0.388195  -0.822035
1.1199  1.05878  -0.165513
1.22594  -0.341155  -0.111299
1.22532  0.317808  -0.822035
1.0582  0.742131  0.0962492
1.2563  0.0253089  0.65108
1.24515  -1.1627  -0.0760854
1.1199  1.05878  -0.165513
1.1948  -0.117711  1.30352
1.16873  -0.0579678  0.248991
1.24719  -0.824848  -0.0607404
1.09104  0.30002  -0.104836
1.25542  -0.117711  0.846514
1.23338  -0.883925  0.221315
1.24792  -1.00352  0.592215
1.24719  -0.824848  -0.0607404
1.25542  -0.117711  0.846514
1.2602  0.760476  1.25852
1.23338  -0.883925  0.221315
1.2563  0.333961  1.15825
1.0582  0.742131  0.0962492
1.25542  -0.117711  0.846514
1.24719  -0.824848  -0.0607404
1.25542  -0.117711  0.846514
1.00193  -0.120395  1.25852
1.03019  -0.0814793  -0.586976
1.2563  0.0253089  0.65108
1.24719  -0.824848  -0.0607404
1.23338  -0.883925  0.221315
1.25209  -0.388331  0.766353
1.2563  0.0253089  0.65108
1.20287  -0.640978  -0.660974
1.25398  0.0174866  0.312832
1.0582  0.742131  0.0962492
1.25542  -0.117711  0.846514
1.25209  -0.123173  0.766353
1.0582  0.771109  0.0962492
1.24719  -0.824848  -0.0607404
1.25228  0.346601  0.00277481
1.24719  -0.824848  -0.0607404
1.25398  0.0174866  0.312832
1.25542  -0.117711  0.846514
1.24719  -0.824848  -0.0607404
1.16873  -0.0579678  0.248991
1.2563  0.0253089  0.65108
1.22532  0.317808  -0.775774
1.03019  -0.0814793  -0.586976
1.16131  -0.516412  0.221315
1.23338  -0.883925  0.221315
1.25209  -0.388331  0.766353
1.24515  -1.1627  -0.0760854
1.1093  -0.744247  0.664358
1.146  -0.0579678  0.248991
1.25209  -0.388331  0.766353
1.24719  -0.824848  -0.0607404
1.16131  -0.516412  0.221315
1.23338  -0.883925  0.221315
1.2563  0.0253089  0.65108
1.23947  0.546066  -0.981577
1.25542  -0.117711  0.846514
1.1199  1.05878  -0.165513
1.03019  -0.0814793  -0.586976
1.12955  0.370451  0.342656
1.24792  -1.00352  0.592215
1.23629  -0.966016  0.779665
1.25398  0.0174866  0.312832
1.25542  -0.117711  0.846514
1.25542  -0.117711  0.846514
1.22532  0.388195  -0.822035
1.1093  -0.744247  0.664358
1.16873  -0.0579678  0.248991
1.25542  -0.117711  0.846514
1.25398  0.0174866  0.312832
1.25542  -0.117711  0.846514
1.23338  -0.883925  0.221315
1.0582  0.771109  0.0962492
1.24719  -0.824848  -0.0607404
1.0582  0.771109  0.0962492
1.09104  0.30002  -0.104836
1.1199  1.05878  -0.165513
1.23338  -0.883925  0.221315
1.24719  -0.824848  -0.0607404
1.18738  -0.117711  0.86787
1.22594  -0.341155  -0.111299
1.1093  -0.744247  0.664358
1.23338  -0.883925  0.221315
1.25228  0.346601  0.00277481
1.23338  -0.883925  0.221315
1.23629  -0.966016  0.779665
1.24515  -1.1627  -0.0760854
1.2563  0.0253089  0.65108
1.23947  0.546066  -0.981577
1.1199  1.13843  -0.165513
1.25542  -0.117711  0.846514
1.16873  -0.0579678  0.248991
1.24515  -1.1627  -0.0760854
1.0582  0.521928  0.344989
1.1199  1.05878  -0.165513
1.2563  0.0253089  0.65108
1.25542  -0.117711  0.846514
1.18738  -0.117711  0.86787
1.24719  -0.824848  -0.0607404
1.24719  -0.824848  -0.0607404
1.0582  0.742131  0.0962492
1.1093  -0.744247  0.664358
1.1199  1.05878  -0.165513
1.25542  -0.117711  0.846514
1.1199  1.05878  -0.165513
1.1093  -0.744247  0.664358
1.1199  1.05878  -0.165513
1.2563  0.0253089  0.65108
1.00193  -0.120395  1.25852
1.03019  -0.0814793  -0.586976
1.24719  -0.824848  -0.0607404
1.2563  0.0253089  0.65108
1.25209  -0.388331  0.766353
1.00678  -0.534547  0.0754488
1.18738  -0.117711  0.86787
1.25398  0.0174866  0.312832
1.22532  0.388195  -0.822035
1.24719  -0.824848  -0.0607404
1.24515  -1.1627  -0.0760854
1.25542  -0.117711  0.846514
1.0582  0.521928  0.344989
1.1199  1.05878  -0.165513
1.23338  -0.883925  0.221315
1.1199  1.05878  -0.165513
1.00193  -0.120395  1.25852
1.16873  -0.0579678  0.248991
1.03019  -0.0814793  -0.586976
1.24515  -1.1627  -0.0760854
1.23338  -0.883925  0.221315
1.23338  -0.883925  0.221315
1.25228  0.346601  0.00277481
1.24719  -0.824848  -0.0607404
1.2563  0.0253089  0.65108
1.24719  -0.824848  -0.0607404
1.0582  0.771109  0.0962492
1.09104  0.30002  -0.104836
1.2602  0.513734  1.25852
1.24719  -0.824848  -0.0607404
1.03019  -0.0814793  -0.586976
1.20287  -0.640978  -0.660974
1.1948  -0.117711  1.30352
1.18738  -0.117711  1.21863
1.18738  -0.117711  0.86787
1.23338  -0.883925  0.221315
1.146  -0.0579678  0.248991
1.1093  -0.744247  0.664358
1.0582  0.742131  0.0962492
1.12955  0.294984  0.342656
1.22532  0.317808  -0.775774
1.2448  -0.123064  -0.412944
1.24719  -0.824848  -0.0607404
1.24515  -1.1627  -0.0760854
1.24792  -1.00352  0.592215
1.23338  -0.883925  0.221315
1.2448  -0.123064  -0.412944
1.1199  1.05878  -0.165513
1.16873  -0.0579678  0.248991
1.2563  0.0253089  0.65108
1.2448  -0.123064  -0.412944
1.23629  -0.966016  0.779665
1.22532  0.317808  -0.775774
1.09104  0.30002  -0.104836
1.25209  -0.123173  0.766353
1.25398  0.0174866  0.312832
1.23629  -0.966016  0.779665
1.25398  0.0174866  0.373556
1.22532  0.388195  -0.822035
1.2563  0.0253089  0.65108
1.03019  -0.0814793  -0.586976
1.25209  -0.388331  0.766353
1.25542  -0.117711  0.846514
1.25398  0.0174866  0.312832
1.00193  -0.120395  1.25852
1.18738  -0.117711  0.86787
1.12955  0.294984  0.342656
1.2448  -0.123064  -0.412944
1.22532  0.317808  -0.822035
1.25542  -0.117711  0.846514
1.146  -0.0579678  0.248991
1.25542  -0.0405943  0.846514
1.22532  0.388195  -0.822035
1.00193  -0.120395  1.25852
1.24719  -0.824848  -0.0607404
1.25209  -0.123173  0.766353
1.24792  -1.00352  0.592215
1.12955  0.294984  0.342656
1.03019  -0.0814793  -0.586976
1.00193  -0.120395  1.25852
1.1199  1.05878  -0.165513
1.23629  -1.00864  0.779665
1.18738  -0.117711  0.86787
1.24719  -0.824848  -0.0607404
1.00678  -0.534547  0.0754488
1.24719  -0.824848  -0.0607404
1.12955  0.294984  0.342656
1.2602  0.760476  1.25852
1.25542  -0.117711  0.846514
1.08746  0.0269595  0.71862
1.22594  -0.341155  -0.111299
1.23629  -0.966016  0.779665
1.2448  -0.123064  -0.412944
1.23629  -0.966016  0.779665
1.24719  -0.824848  -0.0607404
1.09104  0.30002  -0.104836
1.25542  -0.0405943  0.846514
1.2563  0.0253089  0.65108
1.09104  0.30002  -0.104836
1.25209  -0.388331  0.766353
1.25398  0.0174866  0.312832
1.1199  1.05878  -0.165513
1.1199  1.13843  -0.165513
1.22532  0.317808  -0.822035
1.1093  -0.744247  0.664358
1.22532  0.317808  -0.822035
1.0582  0.742131  0.0962492
1.09104  0.30002  -0.104836
1.16131  -0.516412  0.221315
1.24719  -0.824848  -0.0607404
1.2563  0.0253089  0.65108
1.25542  -0.117711  0.846514
1.08746  -0.156909  0.632541
1.25228  0.346601  0.00277481
1.2563  0.0253089  0.65108
1.1199  1.05878  -0.165513
1.24515  -1.1627  -0.0760854
1.24792  -1.00352  0.592215
1.20287  -0.640978  -0.660974
1.24719  -0.824848  -0.0607404
1.2602  0.513734  1.25852
1.24719  -0.824848  -0.0607404
1.00193  -0.120395  1.25852
1.2563  0.0253089  0.65108
1.22532  0.388195  -0.822035
1.1093  -0.744247  0.664358
1.1199  1.05878  -0.165513
1.0582  0.742131  0.0962492
1.1199  1.05878  -0.165513
1.2563  0.0253089  0.65108
1.24515  -1.1627  -0.0760854
1.20287  -0.640978  -0.660974
1.24515  -1.1627  -0.0760854
1.22532  0.388195  -0.822035
1.1199  1.05878  -0.165513
1.1199  1.05878  -0.165513
1.25228  0.346601  0.00277481
1.09104  0.30002  -0.104836
1.1199  1.05878  -0.165513
1.2563  0.0253089  0.65108
1.23947  0.546066  -0.981577
1.1199  1.05878  -0.165513
1.25228  0.346601  0.00277481
1.09104  0.30002  -0.104836
1.16873  -0.0579678  0.248991
1.2563  0.0253089  0.65108
1.26242  -0.432557  0.696311
1.22532  0.388195  -0.822035
1.2602  0.513734  1.25852
1.26941  0.777975  -0.480534
1.24719  -0.824848  -0.0607404
1.25209  -0.123173  0.766353
1.16131  -0.516412  0.221315
1.25228  0.346601  0.00277481
1.0582  0.771109  0.0962492
1.1093  -0.744247  0.664358
1.08746  -0.156909  0.632541
1.2563  0.0253089  0.65108
1.00193  -0.120395  1.25852
1.24719  -0.824848  -0.0607404
1.16873  -0.0579678  0.248991
1.1948  -0.117711  1.30352
1.2563  0.0253089  0.65108
1.25209  -0.388331  0.766353
1.24719  -0.824848  -0.0607404
1.23338  -0.883925  0.221315
1.25209  -0.123173  0.766353
1.2563  0.0253089  0.65108
1.18738  -0.117711  0.86787
1.25209  -0.123173  0.766353
1.24719  -0.824848  -0.0607404
1.18738  -0.117711  0.86787
1.2448  -0.123064  -0.412944
1.09104  0.30002  -0.104836
1.25398  0.0174866  0.373556
1.1199  1.05878  -0.165513
1.0582  0.742131  0.0962492
1.24792  -1.00352  0.592215
1.24719  -0.824848  -0.0607404
1.24515  -1.1627  -0.0760854
1.24719  -0.824848  -0.0607404
1.25542  -0.117711  0.846514
1.22532  0.317808  -0.775774
1.22532  0.317808  -0.822035
1.2448  -0.123064  -0.412944
1.22532  0.317808  -0.775774
1.09104  0.30002  -0.104836
1.25542  -0.117711  0.846514
1.09104  0.30002  -0.104836
1.07024  1.05878  -0.165513
1.18738  -0.117711  0.86787
1.08746  -0.156909  0.632541
1.22532  0.317808  -0.822035
1.2563  0.0253089  0.65108
1.25398  0.0174866  0.312832
1.2563  0.0253089  0.65108
1.24719  -0.824848  -0.0607404
1.00193  -0.120395  1.25852
1.25209  -0.388331  0.766353
1.0582  0.771109  0.0962492
1.25228  0.346601  0.00277481
1.2563  0.0253089  0.65108
1.25209  -0.123173  0.766353
1.1199  1.05878  -0.165513
1.25542  -0.117711  0.846514
1.22594  -0.341155  -0.111299
1.16873  -0.0579678  0.248991
1.09104  0.30002  -0.104836
1.24515  -1.1627  -0.0760854
1.24792  -1.00352  0.592215
1.00193  -0.120395  1.25852
1.1199  1.05878  -0.165513
1.25542  -0.117711  0.846514
1.24719  -0.824848  -0.0607404
1.23338  -0.883925  0.221315
1.24515  -1.1627  -0.0760854
1.20287  -0.640978  -0.660974
1.22532  0.388195  -0.822035
1.2448  -0.123064  -0.412944
1.24515  -1.1627  -0.0760854
1.1093  -0.744247  0.664358
1.24515  -1.1627  -0.0760854
1.00678  -0.534547  0.0754488
1.25542  -0.117711  0.846514
1.03019  -0.0814793  -0.586976
1.2448  -0.123064  -0.412944
1.18738  -0.117711  0.86787
1.00193  -0.120395  1.25852
1.22594  -0.341155  -0.111299
1.20287  -0.640978  -0.660974
1.00193  -0.120395  1.25852
1.2563  0.0253089  0.65108
1.2563  0.0253089  0.65108
1.00193  -0.120395  1.25852
1.24719  -0.824848  -0.0607404
1.1199  1.05878  -0.165513
1.22532  0.317808  -0.775774
1.1199  1.05878  -0.165513
1.25542  -0.117711  0.846514
1.24719  -0.824848  -0.0607404
1.24719  -0.824848  -0.0607404
1.18738  -0.117711  1.21863
1.24719  -0.824848  -0.0607404
1.1199  1.05878  -0.165513
1.0582  0.742131  0.0962492
1.24515  -1.1627  -0.0760854
1.1199  1.05878  -0.165513
1.1199  1.05878  -0.165513
1.1199  1.05878  -0.165513
1.25209  -0.388331  0.766353
1.1199  1.05878  -0.165513
1.25398  0.0174866  0.312832
1.26941  0.777975  -0.480534
1.22532  0.388195  -0.822035
1.1199  1.05878  -0.165513
1.24515  -1.1627  -0.0760854
1.24792  -1.00352  0.592215
1.24792  -1.00352  0.592215
1.20287  -0.640978  -0.660974
1.24515  -1.1627  -0.0760854
1.25209  -0.388331  0.766353
1.1199  1.13843  -0.165513
1.2563  0.0253089  0.65108
1.18738  -0.117711  0.86787
1.26941  0.777975  -0.480534
1.25209  -0.388331  0.766353
1.25228  0.346601  0.00277481
1.24719  -0.824848  -0.0607404
1.25542  -0.0405943  0.846514
1.2563  0.0253089  0.65108
1.09104  0.30002  -0.104836
1.24719  -0.824848  -0.0607404
1.0582  0.771109  0.0962492
1.25398  0.0174866  0.312832
1.0582  0.771109  0.0962492
1.1199  1.05878  -0.165513
1.2448  -0.123064  -0.412944
1.0582  0.742131  0.0962492
1.25542  -0.117711  0.846514
1.23629  -0.966016  0.779665
1.25542  -0.117711  0.846514
1.03019  -0.0814793  -0.586976
1.00193  -0.120395  1.25852
1.25542  -0.117711  0.846514
1.18738  -0.117711  1.21863
1.1199  1.05878  -0.165513
1.16873  -0.0579678  0.248991
1.146  -0.0579678  0.248991
1.23947  0.546066  -0.981577
1.24719  -0.824848  -0.0607404
1.22532  0.317808  -0.775774
1.24719  -0.824848  -0.0607404
1.24719  -0.824848  -0.0607404
1.1093  -0.744247  0.664358
1.2563  0.0253089  0.65108
1.18738  -0.117711  1.21863
1.03019  -0.0814793  -0.586976
1.25542  -0.117711  0.846514
1.1199  1.05878  -0.165513
1.146  -0.0579678  0.248991
1.24719  -0.824848  -0.0607404
1.1199  1.05878  -0.165513
1.24719  -0.824848  -0.0607404
1.22532  0.317808  -0.775774
1.25542  -0.117711  0.846514
1.25542  -0.117711  0.846514
1.2563  0.0253089  0.65108
1.1199  1.05878  -0.165513
1.1093  -0.744247  0.664358
1.2563  0.0253089  0.65108
1.24719  -0.824848  -0.0607404
1.1948  -0.117711  1.30352
1.23947  0.546066  -0.981577
1.24719  -0.824848  -0.0607404
1.26242  -0.432557  0.696311
1.2563  0.0253089  0.65108
1.24719  -0.824848  -0.0607404
1.2563  0.0253089  0.65108
1.2448  -0.123064  -0.412944
1.09104  0.30002  -0.104836
1.25209  -0.123173  0.766353
1.2602  0.513734  1.25852
1.25542  -0.0405943  0.846514
1.18738  -0.117711  0.86787
1.22532  0.388195  -0.822035
1.2448  -0.123064  -0.412944
1.07024  1.05878  -0.165513
1.22532  0.317808  -0.822035
1.12955  0.370451  0.342656
1.25228  0.346601  0.00277481
1.1199  1.05878  -0.165513
1.22594  -0.341155  -0.111299
1.25228  0.346601  0.00277481
1.25542  -0.117711  0.846514
1.22532  0.388195  -0.822035
1.24515  -1.1627  -0.0760854
1.25209  -0.388331  0.766353
1.24719  -0.824848  -0.0607404
1.24719  -0.824848  -0.0607404
1.24515  -1.1627  -0.0760854
1.25542  -0.0405943  0.846514
1.24719  -0.824848  -0.0607404
1.1199  1.05878  -0.165513
1.23338  -0.883925  0.221315
1.20287  -0.640978  -0.660974
1.146  -0.0579678  0.248991
1.00193  -0.120395  1.25852
1.24719  -0.824848  -0.0607404
1.1093  -0.744247  0.664358
1.1199  1.05878  -0.165513
1.23629  -0.966016  0.779665
1.2448  -0.123064  -0.412944
1.12955  0.294984  0.342656
1.2563  0.0253089  0.65108
1.24719  -0.824848  -0.0607404
1.18738  -0.117711  0.86787
1.24515  -1.1627  -0.0760854
1.2563  0.0253089  0.65108
1.25228  0.0115949  0.00277481
1.22532  0.317808  -0.822035
1.12955  0.294984  0.342656
1.18738  -0.117711  0.86787
1.23947  0.546066  -0.981577
1.2563  0.0253089  0.65108
1.1199  1.05878  -0.165513
1.25542  -0.117711  0.846514
1.16131  -0.516412  0.221315
1.23947  0.546066  -0.981577
1.2563  0.333961  1.15825
1.0582  0.742131  0.0962492
1.0582  0.521928  0.344989
1.25542  -0.117711  0.846514
1.24719  -0.824848  -0.0607404
1.25542  -0.117711  0.846514
1.23338  -0.883925  0.221315
1.1199  1.05878  -0.165513
1.00193  -0.120395  1.25852
1.22532  0.317808  -0.775774
1.23338  -0.883925  0.221315
1.2448  -0.123064  -0.412944
1.24719  -0.824848  -0.0607404
1.2563  0.0253089  0.65108
1.1199  1.05878  -0.165513
1.03019  -0.0814793  -0.586976
1.24719  -0.824848  -0.0607404
1.24719  -0.824848  -0.0607404
1.1199  1.05878  -0.165513
1.1199  1.05878  -0.165513
1.00193  -0.120395  1.25852
1.12955  0.294984  0.342656
1.24719  -0.824848  -0.0607404
1.24515  -1.1627  -0.0760854
1.24719  -0.824848  -0.0607404
1.2563  0.333961  1.15825
1.03019  -0.0814793  -0.586976
1.18738  -0.117711  0.86787
1.23338  -0.883925  0.221315
1.00678  -0.534547  0.0754488
1.1199  1.05878  -0.165513
1.24719  -0.824848  -0.0607404
1.25209  -0.388331  0.766353
1.24719  -0.824848  -0.0607404
1.25542  -0.117711  0.846514
1.22532  0.317808  -0.775774
1.18738  -0.117711  1.21863
1.2563  0.0253089  0.65108
1.24719  -0.824848  -0.0607404
1.1093  -0.744247  0.664358
1.24719  -0.824848  -0.0607404
1.1199  1.05878  -0.165513
1.24719  -0.824848  -0.0607404
1.25209  -0.123173  0.766353
1.2448  -0.123064  -0.412944
1.24719  -0.824848  -0.0607404
1.00193  -0.120395  1.25852
1.25542  -0.117711  0.846514
1.24719  -0.824848  -0.0607404
1.2563  0.0253089  0.65108
1.2563  0.0253089  0.65108
1.24719  -0.824848  -0.0607404
1.23629  -0.966016  0.779665
1.25209  -0.123173  0.766353
1.22532  0.317808  -0.775774
1.22532  0.388195  -0.822035
1.24515  -1.1627  -0.0760854
1.2563  0.333961  1.15825
1.18738  -0.117711  0.86787
1.22532  0.388195  -0.822035
1.25542  -0.117711  0.846514
1.24719  -0.824848  -0.0607404
1.1199  1.05878  -0.165513
1.00193  -0.120395  1.25852
1.22532  0.317808  -0.822035
1.1093  -0.744247  0.664358
1.23629  -0.966016  0.779665
1.20287  -0.640978  -0.660974
1.1199  1.05878  -0.165513
1.25228  0.346601  0.00277481
1.25228  0.346601  0.00277481
1.1199  1.05878  -0.165513
1.22532  0.388195  -0.822035
1.1093  -0.744247  0.664358
1.25542  -0.117711  0.846514
1.2563  0.0253089  0.65108
1.25542  -0.117711  0.846514
1.22532  0.317808  -0.822035
1.2563  0.0253089  0.65108
1.03019  -0.0814793  -0.586976
1.25209  -0.123173  0.766353
1.20287  -0.640978  -0.660974
1.25542  -0.0405943  0.846514
1.16873  -0.0579678  0.248991
1.0582  0.771109  0.0962492
1.1093  -0.744247  0.664358
1.25209  -0.388331  0.766353
1.24515  -1.1627  -0.0760854
1.18738  -0.117711  0.86787
1.146  -0.0579678  0.248991
1.25542  -0.117711  0.846514
1.24515  -1.1627  -0.0760854
1.25209  -0.388331  0.766353
1.25542  -0.0405943  0.846514
1.25542  -0.117711  0.846514
1.1199  1.05878  -0.165513
1.20287  -0.640978  -0.660974
1.1199  1.13843  -0.165513
1.2448  -0.123064  -0.412944
1.25228  0.346601  0.00277481
1.1199  1.05878  -0.165513
1.146  -0.0579678  0.248991
1.03019  -0.0814793  -0.586976
1.22532  0.388195  -0.822035
1.1199  1.05878  -0.165513
1.24719  -0.824848  -0.0607404
1.2563  0.0253089  0.65108
1.22532  0.317808  -0.822035
1.1199  1.05878  -0.165513
1.22532  0.317808  -0.775774
1.00193  -0.120395  1.25852
1.25209  -0.123173  0.766353
1.2448  -0.123064  -0.412944
1.24719  -0.824848  -0.0607404
1.23629  -0.966016  0.779665
1.1093  -0.744247  0.664358
1.1199  1.05878  -0.165513
1.20287  -0.640978  -0.660974
1.22532  0.317808  -0.775774
1.03019  -0.0814793  -0.586976
1.22594  -0.341155  -0.111299
1.2563  0.0253089  0.65108
1.0582  0.771109  0.0962492
1.1199  1.13843  -0.165513
1.1199  1.13843  -0.165513
1.03019  -0.0814793  -0.586976
1.0582  0.521928  0.344989
1.2563  0.0253089  0.65108
1.25542  -0.117711  0.846514
1.00193  -0.120395  1.25852
1.1199  1.05878  -0.165513
1.1199  1.05878  -0.165513
1.24719  -0.824848  -0.0607404
1.22532  0.388195  -0.822035
1.0582  0.742131  0.0962492
1.20287  -0.640978  -0.660974
1.25542  -0.117711  0.846514
1.26242  -0.432557  0.696311
1.22532  0.388195  -0.822035
1.2563  0.0253089  0.65108
1.26242  -0.432557  0.696311
1.2563  0.0253089  0.65108
1.09104  0.30002  -0.104836
1.23338  -0.883925  0.221315
1.25542  -0.117711  0.846514
1.1199  1.05878  -0.165513
1.2448  -0.123064  -0.412944
1.25542  -0.117711  0.846514
1.25209  -0.388331  0.766353
1.2563  0.0253089  0.65108
1.2563  0.0253089  0.65108
1.12955  0.294984  0.342656
1.26941  0.777975  -0.480534
1.22532  0.317808  -0.822035
1.1199  1.05878  -0.165513
1.00193  -0.120395  1.25852
1.24719  -0.824848  -0.0607404
1.03019  -0.0814793  -0.586976
1.24719  -0.824848  -0.0607404
1.24515  -1.1627  -0.0760854
1.22532  0.388195  -0.822035
1.1199  1.05878  -0.165513
1.20287  -0.640978  -0.660974
1.24719  -0.824848  -0.0607404
1.00193  -0.120395  1.25852
1.03019  -0.0814793  -0.586976
1.2448  -0.123064  -0.412944
1.00193  -0.120395  1.25852
1.22594  -0.341155  -0.111299
1.2448  -0.123064  -0.412944
1.24719  -0.824848  -0.0607404
1.00193  -0.120395  1.25852
1.2602  0.760476  1.25852
1.0582  0.521928  0.344989
1.24792  -1.00352  0.592215
1.2563  0.0253089  0.65108
1.2448  -0.123064  -0.412944
1.22594  -0.341155  -0.111299
1.2563  0.0253089  0.65108
1.0582  0.742131  0.0962492
1.03019  -0.0814793  -0.586976
1.1199  1.05878  -0.165513
1.23338  -0.883925  0.221315
1.24719  -0.824848  -0.0607404
1.23338  -0.883925  0.221315
1.26242  -0.432557  0.696311
1.20287  -0.640978  -0.660974
1.25542  -0.117711  0.846514
1.2563  0.0253089  0.65108
1.24719  -0.824848  -0.0607404
1.0582  0.771109  0.0962492
1.0582  0.771109  0.0962492
1.2448  -0.123064  -0.412944
1.08746  0.0269595  0.71862
1.24719  -0.824848  -0.0607404
1.23629  -0.966016  0.779665
1.12955  0.370451  0.342656
1.24719  -0.824848  -0.0607404
1.1199  1.05878  -0.165513
1.25542  -0.117711  0.846514
1.24719  -0.824848  -0.0607404
1.2563  0.0253089  0.65108
1.1093  -0.744247  0.664358
1.25209  -0.388331  0.766353
1.20287  -0.640978  -0.660974
1.00193  -0.120395  1.25852
1.2563  0.0253089  0.65108
1.16873  -0.0579678  0.248991
1.2448  -0.123064  -0.412944
1.25542  -0.117711  0.846514
1.25209  -0.388331  0.766353
1.22594  -0.341155  -0.111299
1.24719  -0.824848  -0.0607404
1.00193  -0.120395  1.25852
1.2448  -0.123064  -0.412944
1.1199  1.05878  -0.165513
1.25228  0.346601  0.00277481
1.00193  -0.120395  1.25852
1.22532  0.317808  -0.775774
1.26242  -0.432557  0.696311
1.12955  0.575545  0.342656
1.2448  -0.123064  -0.412944
1.2563  0.333961  1.15825
1.0582  0.742131  0.0962492
1.2563  0.0253089  0.65108
1.1199  1.05878  -0.165513
1.24792  -1.00352  0.592215
1.22532  0.388195  -0.822035
1.24515  -1.1627  -0.0760854
1.0582  0.771109  0.0962492
1.00193  -0.120395  1.25852
1.0582  0.742131  0.0962492
1.09104  0.30002  -0.104836
1.1199  1.05878  -0.165513
1.25398  0.0174866  0.312832
1.16873  -0.0579678  0.248991
1.2448  -0.123064  -0.412944
1.03019  -0.0814793  -0.586976
1.09104  0.30002  -0.104836
1.0582  0.742131  0.0962492
1.09104  0.30002  -0.104836
1.20287  -0.640978  -0.660974
1.07024  1.05878  -0.165513
1.23947  0.546066  -0.981577
1.2563  0.0253089  0.65108
1.09104  0.30002  -0.104836
1.25209  -0.388331  0.766353
1.09104  0.30002  -0.104836
1.12955  0.294984  0.342656
1.25228  0.346601  0.00277481
1.22594  -0.341155  -0.111299
1.23947  0.546066  -0.981577
1.20287  -0.640978  -0.660974
1.25542  -0.117711  0.846514
1.25542  -0.117711  0.846514
1.25398  0.0174866  0.373556
1.25542  -0.117711  0.846514
1.24719  -0.824848  -0.0607404
1.2563  0.0253089  0.65108
1.18738  -0.117711  0.86787
1.22532  0.388195  -0.822035
1.00193  -0.120395  1.25852
1.1093  -0.744247  0.664358
1.2563  0.0253089  0.65108
1.2448  -0.123064  -0.412944
1.24719  -0.824848  -0.0607404
1.24719  -0.824848  -0.0607404
1.22532  0.388195  -0.822035
1.1093  -0.744247  0.664358
1.24719  -0.824848  -0.0607404
1.03019  -0.0814793  -0.586976
1.1199  1.13843  -0.165513
1.24719  -0.824848  -0.0607404
1.2563  0.0253089  0.65108
1.25209  -0.123173  0.766353
1.25542  -0.117711  0.846514
1.25209  -0.36691  0.766353
1.25398  0.0174866  0.312832
1.25542  -0.117711  0.846514
1.00193  -0.120395  1.25852
1.03019  -0.0814793  -0.586976
1.0582  0.521928  0.344989
1.18738  -0.117711  0.86787
1.1199  1.13843  -0.165513
1.09104  0.30002  -0.104836
1.23338  -0.883925  0.221315
1.00193  -0.120395  1.25852
1.25398  0.0174866  0.312832
1.24719  -0.824848  -0.0607404
1.2448  -0.123064  -0.412944
1.1199  1.25644  -0.165513
1.22594  -0.341155  -0.111299
1.24719  -0.824848  -0.0607404
1.1199  1.05878  -0.165513
1.18738  -0.117711  1.21863
1.00193  -0.120395  1.25852
1.22532  0.388195  -0.822035
1.12955  0.294984  0.342656
1.2563  0.0253089  0.65108
1.16873  -0.0579678  0.248991
1.00678  -0.534547  0.0754488
1.25209  -0.388331  0.766353
1.1199  1.05878  -0.165513
1.20287  -0.640978  -0.660974
1.25542  -0.117711  0.846514
1.25228  0.346601  0.00277481
1.24719  -0.824848  -0.0607404
1.25209  -0.388331  0.766353
1.2563  0.0253089  0.65108
1.2602  0.513734  1.25852
1.1199  1.05878  -0.165513
1.0582  0.771109  0.0962492
1.25542  -0.117711  0.846514
1.25398  0.0174866  0.312832
1.25209  -0.123173  0.766353
1.2563  0.0253089  0.65108
1.24719  -0.824848  -0.0607404
1.2563  0.0253089  0.65108
1.23338  -0.883925  0.221315
1.25209  -0.123173  0.766353
1.23338  -0.883925  0.221315
1.00678  -0.534547  0.0754488
1.0582  0.742131  0.0962492
1.25542  -0.117711  0.846514
1.22594  -0.341155  -0.111299
1.00193  -0.120395  1.25852
1.18738  -0.117711  0.86787
1.1199  1.05878  -0.165513
1.25542  -0.0405943  0.846514
1.1199  1.05878  -0.165513
1.12955  0.575545  0.342656
1.23947  0.546066  -0.981577
1.24719  -0.824848  -0.0607404
1.2563  0.0253089  0.65108
1.0582  0.521928  0.344989
1.2563  0.0253089  0.65108
1.03019  -0.0814793  -0.586976
1.0582  0.742131  0.0962492
1.23629  -0.966016  0.779665
1.07024  1.05878  -0.165513
1.1199  1.13843  -0.165513
1.2563  0.333961  1.15825
1.24719  -0.824848  -0.0607404
1.1199  1.05878  -0.165513
1.23338  -0.883925  0.221315
1.2563  0.333961  1.15825
1.22532  0.388195  -0.822035
1.24719  -0.824848  -0.0607404
1.1093  -0.744247  0.664358
1.0582  0.771109  0.0962492
1.25542  -0.117711  0.846514
1.2563  0.0253089  0.65108
1.16873  -0.0579678  0.248991
1.2602  0.513734  1.25852
1.0582  0.742131  0.0962492
1.2563  0.0253089  0.65108
1.24719  -0.824848  -0.0607404
1.24719  -0.824848  -0.0607404
1.25209  -0.123173  0.766353
1.2563  0.0253089  0.65108
1.24719  -0.824848  -0.0607404
1.22532  0.388195  -0.822035
1.1199  1.05878  -0.165513
1.23338  -0.883925  0.221315
1.2563  0.0253089  0.65108
1.18738  -0.117711  1.21863
1.2602  0.513734  1.25852
1.25542  -0.117711  0.846514
1.2448  -0.123064  -0.412944
1.1093  -0.744247  0.664358
1.24515  -1.1627  -0.0760854
1.2563  0.0253089  0.65108
1.25542  -0.117711  0.846514
1.1199  1.05878  -0.165513
1.23338  -0.883925  0.221315
1.23338  -0.883925  0.221315
1.1199  1.13843  -0.165513
1.24719  -0.824848  -0.0607404
1.22532  0.317808  -0.775774
1.12955  0.370451  0.342656
1.0582  0.771109  0.0962492
1.24719  -0.824848  -0.0607404
1.0582  0.742131  0.0962492
1.18738  -0.117711  1.21863
1.23338  -0.883925  0.221315
1.24792  -1.00352  0.592215
1.12955  0.294984  0.342656
1.2563  0.333961  1.15825
1.03019  -0.0814793  -0.586976
1.25209  -0.388331  0.766353
1.2602  0.760476  1.25852
1.2563  0.0253089  0.65108
1.2448  -0.123064  -0.412944
1.00193  -0.120395  1.25852
1.23338  -0.883925  0.221315
1.0582  0.742131  0.0962492
1.25542  -0.117711  0.846514
1.22532  0.388195  -0.822035
1.16131  -0.516412  0.221315
1.2448  -0.123064  -0.412944
1.25542  -0.0405943  0.846514
1.0582  0.742131  0.0962492
1.24719  -0.824848  -0.0607404
1.24719  -0.824848  -0.0607404
1.25542  -0.117711  0.846514
1.25209  -0.388331  0.766353
1.23629  -0.966016  0.779665
1.2602  0.513734  1.25852
1.23947  0.546066  -0.981577
1.2563  0.0253089  0.65108
1.24792  -1.00352  0.592215
1.25542  -0.117711  0.846514
1.25228  0.346601  0.00277481
1.24719  -0.824848  -0.0607404
1.1199  1.05878  -0.165513
1.26242  -0.432557  0.696311
1.24719  -0.824848  -0.0607404
1.18738  -0.117711  0.86787
1.16873  -0.0579678  0.248991
1.1199  1.05878  -0.165513
1.0582  0.771109  0.0962492
1.2602  0.513734  1.25852
1.25209  -0.388331  0.766353
1.2602  0.513734  1.25852
1.0582  0.742131  0.0962492
1.24719  -0.824848  -0.0607404
1.25542  -0.117711  0.846514
1.1199  1.05878  -0.165513
1.00193  -0.120395  1.25852
1.25398  0.0174866  0.312832
1.26941  0.777975  -0.480534
1.2563  0.0253089  0.65108
1.2563  0.0253089  0.65108
1.0582  0.771109  0.0962492
1.2563  0.0253089  0.65108
1.12955  0.575545  0.342656
1.1199  1.13843  -0.165513
1.1199  1.05878  -0.165513
1.24719  -0.824848  -0.0607404
1.2563  0.333961  1.15825
1.2563  0.0253089  0.65108
1.24719  -0.824848  -0.0607404
1.20287  -0.640978  -0.660974
1.2602  0.760476  1.25852
1.23338  -0.883925  0.221315
1.25542  -0.117711  0.846514
1.2563  0.0253089  0.65108
1.1199  1.05878  -0.165513
1.2563  0.0253089  0.65108
1.18738  -0.117711  0.86787
1.25542  -0.0405943  0.846514
1.25398  0.0174866  0.312832
1.22532  0.317808  -0.822035
1.24719  -0.824848  -0.0607404
1.2448  -0.123064  -0.412944
1.0582  0.521928  0.344989
1.2448  -0.123064  -0.412944
1.20287  -0.640978  -0.660974
1.25542  -0.117711  0.846514
1.1199  1.13843  -0.165513
1.25209  -0.388331  0.766353
1.1199  1.05878  -0.165513
1.22532  0.388195  -0.822035
1.25542  -0.117711  0.846514
1.2563  0.0253089  0.65108
1.24515  -1.1627  -0.0760854
1.26941  0.777975  -0.480534
1.22594  -0.341155  -0.111299
1.26242  -0.432557  0.696311
1.03019  -0.0814793  -0.586976
1.2563  0.0253089  0.65108
1.1199  1.05878  -0.165513
1.24792  -1.00352  0.592215
1.25542  -0.117711  0.846514
1.25542  -0.117711  0.846514
1.0582  0.771109  0.0962492
1.24515  -1.1627  -0.0760854
1.22532  0.388195  -0.822035
1.0582  0.742131  0.0962492
1.2602  0.513734  1.25852
1.2448  -0.123064  -0.412944
1.1199  1.05878  -0.165513
1.24515  -1.1627  -0.0760854
1.24719  -0.824848  -0.0607404
1.00193  -0.120395  1.25852
1.25209  -0.388331  0.766353
1.1093  -0.744247  0.664358
1.2563  0.0253089  0.65108
1.00193  -0.120395  1.25852
1.146  -0.0579678  0.248991
1.25209  -0.388331  0.766353
1.146  -0.0579678  0.248991
1.1093  -0.744247  0.664358
1.24719  -0.824848  -0.0607404
1.24719  -0.824848  -0.0607404
1.00193  -0.120395  1.25852
1.22532  0.317808  -0.822035
1.2563  0.0253089  0.65108
1.25542  -0.117711  0.846514
1.09104  0.30002  -0.104836
1.24719  -0.824848  -0.0607404
1.24719  -0.824848  -0.0607404
1.2563  0.0253089  0.65108
1.1199  1.05878  -0.165513
1.1199  1.05878  -0.165513
1.00193  -0.120395  1.25852
1.23338  -0.883925  0.221315
1.16873  -0.0579678  0.248991
1.09104  0.30002  -0.104836
