-1.05814  1.14476  0.122624
-1.05814  1.14476  0.633325
-1.05814  1.14476  0.122624
-0.755344  0.857846  -0.617367
-0.755344  0.857846  -0.368338
-0.65371  0.771396  -0.192132
-0.958208  1.04252  -0.322675
-0.734428  0.84358  -0.794568
-0.65371  0.771396  -0.192132
-1.24718  1.32796  -0.38082
-0.721518  0.817962  -0.457426
-1.13271  1.23766  0.145017
-0.755344  0.857846  -0.617367
-0.755344  0.857846  -0.368338
-0.755344  0.857846  -0.368338
-0.920262  1.02577  -0.514865
-1.05814  1.14476  0.122624
-0.734428  0.84358  -0.794568
-0.734428  0.84358  -0.794568
-0.946991  1.06317  -0.564405
-1.13271  1.23766  0.145017
-0.96592  1.04459  -0.411866
-0.734428  0.84358  -0.794568
-0.755344  0.857846  -0.368338
-0.721518  0.817962  -0.457426
-1.24718  1.32796  -0.38082
-0.755344  0.857846  -0.617367
-0.96592  1.04459  -0.411866
-1.05814  1.14476  0.122624
-0.65371  0.771396  -0.192132
-0.755344  0.857846  -0.617367
-0.720553  0.817962  -0.306952
-1.29507  1.38643  -0.00619926
-0.572635  0.704764  -0.586388
-1.05814  1.14476  0.122624
-0.755344  0.857846  -0.617367
-0.755344  0.857846  -0.617367
-0.755344  0.857846  -0.368338
-0.734428  0.84358  -0.794568
-0.958208  1.04252  -0.322675
-0.755344  0.857846  -0.368338
-0.572635  0.704764  -0.586388
-0.916122  1.04563  -0.677441
-0.65371  0.771396  -0.192132
-1.05748  1.13302  0.275068
-0.755344  0.857846  -0.617367
-0.916122  1.04563  -0.677441
-0.65371  0.771396  -0.192132
-0.721518  0.817962  -0.522303
-1.29507  1.38643  -0.00619926
-0.755344  0.857846  -0.368338
-1.05814  1.14476  0.122624
-0.755344  0.857846  -0.368338
-0.734428  0.84358  -0.794568
-0.734428  0.84358  -0.794568
-0.65371  0.771396  -0.192132
-0.734428  0.84358  -0.794568
-0.755344  0.857846  -0.368338
-0.734428  0.84358  -0.794568
-0.734428  0.84358  -0.794568
-0.65371  0.771396  -0.192132
-0.734428  0.84358  -0.794568
-0.755344  0.857846  -0.19583
-0.734428  0.84358  -0.794568
-1.24718  1.32796  -0.38082
-0.734428  0.84358  -0.794568
-0.755344  0.857846  -0.368338
-1.11681  1.1978  0.540972
-0.65371  0.771396  -0.192132
-0.755344  0.857846  -0.368338
-1.05814  1.14476  0.122624
-0.755344  0.857846  -0.617367
-0.734428  0.84358  -0.794568
-1.24718  1.32796  -0.38082
-1.24718  1.32796  -0.38082
-0.920262  1.02577  -0.875198
-0.734428  0.84358  -0.794568
-1.04953  1.12924  -0.304061
-0.920262  1.02577  -0.514865
-0.755344  0.857846  -0.31528
-0.65371  0.771396  -0.192132
-0.755344  0.857846  -0.368338
-0.755344  0.857846  -0.617367
-0.920262  1.02577  -0.514865
-0.884697  0.961224  -1.14947
-0.755344  0.857846  -0.617367
-0.734428  0.84358  -0.794568
-1.05748  1.13302  0.275068
-1.11681  1.1978  0.540972
-1.05814  1.14476  0.285653
-1.05814  1.14476  0.122624
-0.734428  0.84358  -0.794568
-0.920262  1.02577  -0.875198
-1.05814  1.14476  0.285653
-0.734428  0.84358  -0.794568
-1.05814  1.14476  0.285653
-0.755344  0.857846  -0.368338
-0.734428  0.84358  -0.794568
-0.720553  0.817962  -0.306952
-0.958208  1.04252  -0.322675
-0.946991  1.06317  -0.564405
-0.721518  0.817962  -0.457426
-0.755344  0.857846  -0.617367
-0.946991  1.06317  -0.564405
-0.734428  0.84358  -0.794568
-0.65371  0.771396  -0.192132
-0.755344  0.857846  -0.368338
-0.734428  0.84358  -0.794568
-0.720553  0.817962  -0.306952
-1.03477  1.14888  -0.294704
-0.946991  1.06317  -0.564405
-1.05814  1.14476  0.122624
-0.65371  0.771396  -0.192132
-0.755344  0.857846  -0.368338
-0.916122  1.04563  -0.677441
-0.946991  1.06317  -0.564405
-1.11681  1.1978  0.540972
-1.04953  1.12924  -0.304061
-0.755344  0.857846  -0.368338
-0.65371  0.771396  -0.192132
-0.755344  0.857846  -0.31528
-0.720553  0.817962  -0.306952
-0.755344  0.857846  -0.368338
-1.11681  1.1978  0.540972
-0.755344  0.857846  -0.368338
-0.720553  0.817962  -0.306952
-0.721518  0.817962  -0.522303
-0.755344  0.857846  -0.368338
-0.755344  0.857846  -0.368338
-0.916122  1.04563  -0.677441
-0.755344  0.857846  -0.617367
-1.11681  1.1978  0.540972
-0.755344  0.857846  -0.617367
-0.721518  0.817962  -0.457426
-0.734428  0.84358  -0.794568
-0.755344  0.857846  -0.617367
-0.734428  0.84358  -0.794568
-1.03477  1.14888  -0.294704
-0.755344  0.857846  -0.368338
-0.734428  0.84358  -0.794568
-0.65371  0.771396  -0.192132
-0.734428  0.84358  -0.794568
-0.946991  1.06317  -0.564405
-1.24718  1.32796  -0.38082
-0.721518  0.817962  -0.522303
-0.755344  0.857846  -0.617367
-0.755344  0.857846  -0.617367
-0.720553  0.817962  -0.306952
-1.05814  1.14476  0.285653
-0.755344  0.857846  -0.617367
-0.721518  0.817962  -0.522303
-0.720553  0.817962  -0.306952
-1.29507  1.38643  -0.00619926
-0.734428  0.84358  -0.794568
-0.920262  1.02577  -0.514865
-1.05814  1.14476  0.122624
-1.11681  1.1978  0.540972
-0.755344  0.857846  -0.368338
-0.946991  1.06317  -0.564405
-0.755344  0.857846  -0.368338
-0.65371  0.771396  -0.192132
-0.720553  0.817962  -0.306952
-1.05814  1.14476  0.122624
-0.65371  0.771396  -0.192132
-1.29507  1.38643  -0.00619926
-0.721518  0.817962  -0.457426
-0.884697  0.961224  -1.14947
-0.734428  0.84358  -0.794568
-0.720553  0.817962  -0.306952
-0.755344  0.857846  -0.617367
-0.755344  0.857846  -0.368338
-0.734428  0.84358  -0.794568
-1.03477  1.14888  -0.294704
-0.65371  0.771396  -0.192132
-0.884697  0.961224  -1.14947
-0.734428  0.84358  -0.794568
-0.916122  1.04563  -0.677441
-0.734428  0.84358  -0.794568
-1.13271  1.23766  0.145017
-0.721518  0.817962  -0.522303
-0.734428  0.84358  -0.794568
-0.755344  0.857846  -0.368338
-0.734428  0.84358  -0.794568
-1.05814  1.14476  0.285653
-0.755344  0.857846  -0.19583
-0.755344  0.857846  -0.368338
-0.920262  1.02577  -0.514865
-0.755344  0.857846  -0.617367
-0.755344  0.857846  -0.617367
-0.755344  0.857846  -0.368338
-0.755344  0.857846  -0.617367
-0.734428  0.84358  -0.794568
-0.720553  0.817962  -0.306952
-0.721518  0.817962  -0.522303
-0.916122  1.04563  -0.677441
-0.755344  0.857846  -0.617367
-0.755344  0.857846  -0.368338
-0.720553  0.817962  -0.306952
-0.755344  0.857846  -0.368338
-0.920262  1.02577  -0.875198
-0.755344  0.857846  -0.368338
-0.65371  0.771396  -0.192132
-0.755344  0.857846  -0.368338
-0.734428  0.84358  -0.794568
-0.755344  0.857846  -0.617367
-0.755344  0.857846  -0.368338
-0.916122  1.04563  -0.677441
-1.13271  1.23766  0.145017
-0.755344  0.857846  -0.368338
-1.05748  1.13302  0.275068
-0.734428  0.84358  -0.794568
-0.755344  0.857846  -0.368338
-1.03477  1.14888  -0.294704
-0.755344  0.857846  -0.368338
-0.755344  0.857846  -0.368338
-0.755344  0.857846  -0.31528
-0.721518  0.817962  -0.522303
-0.755344  0.857846  -0.368338
-0.755344  0.857846  -0.368338
-0.572635  0.704764  -0.586388
-0.755344  0.857846  -0.368338
-0.755344  0.857846  -0.31528
-0.734428  0.84358  -0.794568
-0.734428  0.84358  -0.794568
-1.05814  1.14476  0.285653
-0.755344  0.857846  -0.368338
-0.734428  0.84358  -0.794568
-0.755344  0.857846  -0.368338
-1.05814  1.14476  0.122624
-1.29507  1.38643  -0.00619926
-0.65371  0.771396  -0.192132
-0.755344  0.857846  -0.35506
-0.755344  0.857846  -0.19583
-1.04953  1.11189  -0.265259
-0.916122  1.04563  -0.677441
-0.755344  0.857846  -0.31528
-0.755344  0.857846  -0.368338
-1.29507  1.38643  -0.00619926
-1.03477  1.14888  -0.294704
-0.755344  0.857846  -0.368338
-0.720553  0.817962  -0.306952
-0.96592  1.04459  -0.411866
-0.755344  0.857846  -0.368338
-0.755344  0.857846  -0.35506
-0.920262  1.02577  -0.514865
-1.05814  1.14476  0.122624
-0.755344  0.857846  -0.617367
-1.24718  1.32796  -0.38082
-1.24718  1.32796  -0.38082
-1.05814  1.14476  0.122624
-0.734428  0.84358  -0.794568
-0.755344  0.857846  -0.368338
-0.755344  0.857846  -0.31528
-0.755344  0.857846  -0.368338
-0.755344  0.857846  -0.368338
-0.734428  0.84358  -0.794568
-1.09932  1.19286  -1.14583
-0.721518  0.817962  -0.522303
-0.734428  0.84358  -0.794568
-0.755344  0.857846  -0.368338
-0.946991  1.06317  -0.564405
-0.755344  0.857846  -0.368338
-1.29507  1.38643  -0.00619926
-0.755344  0.857846  -0.368338
-0.720553  0.817962  -0.306952
-0.65371  0.771396  -0.192132
-0.755344  0.857846  -0.368338
-0.734428  0.84358  -0.794568
-0.946991  1.06317  -0.564405
-1.05748  1.13302  0.275068
-0.884697  0.961224  -1.14947
-0.734428  0.84358  -0.794568
-0.755344  0.857846  -0.19583
-0.755344  0.857846  -0.31528
-0.884697  0.961224  -1.14947
-0.755344  0.857846  -0.31528
-1.11681  1.1978  0.540972
-0.65371  0.771396  -0.192132
-0.734428  0.84358  -0.794568
-0.946991  1.06317  -0.564405
-0.721518  0.817962  -0.522303
-0.755344  0.857846  -0.617367
-0.721518  0.817962  -0.522303
-0.755344  0.857846  -0.617367
-0.920262  1.02577  -0.875198
-1.13271  1.23766  0.145017
-1.13271  1.23766  0.145017
-0.721518  0.817962  -0.522303
-0.920262  1.02577  -0.514865
-0.65371  0.771396  -0.192132
-0.734428  0.84358  -0.794568
-0.884697  0.961224  -1.14947
-0.734428  0.84358  -0.794568
-0.755344  0.857846  -0.368338
-0.755344  0.857846  -0.31528
-0.755344  0.857846  -0.617367
-1.24718  1.32796  -0.38082
-0.755344  0.857846  -0.31528
-0.572635  0.704764  -0.586388
-0.734428  0.84358  -0.794568
-1.05814  1.14476  0.122624
-0.755344  0.857846  -0.368338
-0.755344  0.857846  -0.368338
-1.29507  1.38643  -0.00619926
-0.755344  0.857846  -0.617367
-0.734428  0.84358  -0.794568
-0.720553  0.817962  -0.306952
-0.755344  0.857846  -0.617367
-0.720553  0.817962  -0.306952
-1.05814  1.14476  0.122624
-0.755344  0.857846  -0.617367
-0.721518  0.817962  -0.457426
-1.05814  1.14476  0.285653
-0.734428  0.84358  -0.794568
-0.755344  0.857846  -0.368338
-0.755344  0.857846  -0.31528
-0.884697  0.961224  -1.14947
-0.734428  0.84358  -0.794568
-0.916122  1.04563  -0.677441
-0.755344  0.857846  -0.368338
-0.720553  0.817962  -0.306952
-0.721518  0.817962  -0.522303
-0.755344  0.857846  -0.617367
-0.65371  0.771396  -0.192132
-0.721518  0.817962  -0.522303
-0.65371  0.771396  -0.192132
-0.734428  0.84358  -0.794568
-0.755344  0.857846  -0.368338
-0.916122  1.04563  -0.463159
-1.09932  1.19286  -1.14583
-1.04953  1.12924  -0.304061
-0.755344  0.857846  -0.368338
-0.755344  0.857846  -0.617367
-0.755344  0.857846  -0.31528
-1.05814  1.14476  0.122624
-1.05814  1.14476  0.122624
-0.920262  1.02577  -0.875198
-1.05814  1.14476  0.285653
-0.734428  0.84358  -0.794568
-1.11681  1.1978  0.540972
-0.734428  0.84358  -0.794568
-0.65371  0.771396  -0.192132
-1.24718  1.32796  -0.38082
-1.03477  1.14888  -0.294704
-0.65371  0.771396  -0.192132
-1.05814  1.14476  0.122624
-0.755344  0.857846  -0.368338
-0.755344  0.857846  -0.31528
-1.03477  1.14888  -0.294704
-0.96592  1.04459  -0.411866
-1.11681  1.1978  0.540972
-1.05814  1.14476  0.122624
-0.720553  0.817962  -0.306952
-0.755344  0.857846  -0.368338
-0.916122  1.04563  -0.677441
-1.05814  1.14476  0.285653
-0.734428  0.84358  -0.794568
-0.65371  0.771396  -0.192132
-0.734428  0.84358  -0.794568
-0.721518  0.817962  -0.522303
-0.755344  0.857846  -0.617367
-0.755344  0.857846  -0.368338
-1.03477  1.14888  -0.294704
-0.920262  1.02577  -0.514865
-0.755344  0.857846  -0.368338
-0.734428  0.84358  -0.794568
-0.920262  1.02577  -0.514865
-1.03477  1.14888  -0.294704
-1.13271  1.23766  0.145017
-1.05748  1.13302  0.275068
-0.65371  0.771396  -0.192132
-0.755344  0.857846  -0.368338
-0.720553  0.817962  -0.306952
-0.755344  0.857846  -0.35506
-1.24718  1.32796  -0.38082
-0.721518  0.817962  -0.522303
-0.65371  0.771396  -0.192132
-0.65371  0.771396  -0.192132
-0.720553  0.817962  -0.306952
-0.755344  0.857846  -0.368338
-0.755344  0.857846  -0.31528
-0.755344  0.857846  -0.368338
-0.946991  1.06317  -0.564405
-0.755344  0.857846  -0.31528
-0.720553  0.817962  -0.306952
-0.755344  0.857846  -0.617367
-0.755344  0.857846  -0.617367
-1.11681  1.1978  0.540972
-1.03477  1.14888  -0.294704
-0.755344  0.857846  -0.368338
-0.755344  0.857846  -0.617367
-0.920262  1.02577  -0.875198
-1.05748  1.13302  0.275068
-0.920262  1.02577  -0.875198
-0.721518  0.817962  -0.457426
-0.734428  0.84358  -0.794568
-0.755344  0.857846  -0.31528
-0.65371  0.771396  -0.192132
-1.04953  1.12924  -0.304061
-0.755344  0.857846  -0.368338
-0.920262  1.02577  -0.875198
-0.734428  0.84358  -0.794568
-0.734428  0.84358  -0.794568
-0.65371  0.771396  -0.192132
-0.734428  0.84358  -0.794568
-1.24718  1.32796  -0.38082
-0.734428  0.84358  -0.794568
-0.884697  0.961224  -1.14947
-0.65371  0.771396  -0.192132
-0.946991  1.06317  -0.564405
-0.734428  0.84358  -0.794568
-0.755344  0.857846  -0.617367
-0.734428  0.84358  -0.794568
-0.916122  1.04563  -0.677441
-0.958208  1.04252  -0.322675
-1.05748  1.13302  0.275068
-0.721518  0.817962  -0.522303
-0.755344  0.857846  -0.368338
-0.755344  0.857846  -0.617367
-0.787726  0.879861  0.162097
-0.734428  0.84358  -0.794568
-0.755344  0.857846  -0.31528
-1.05748  1.13302  0.275068
-0.755344  0.857846  -0.617367
-1.11681  1.1978  0.540972
-0.721518  0.817962  -0.457426
-0.755344  0.857846  -0.31528
-1.05814  1.14476  0.122624
-0.734428  0.84358  -0.794568
-0.755344  0.857846  -0.31528
-1.11681  1.1978  0.540972
-0.734428  0.84358  -0.794568
-0.734428  0.84358  -0.794568
-1.05814  1.14476  0.122624
-0.755344  0.857846  -0.368338
-1.24718  1.32796  -0.38082
-0.734428  0.84358  -0.861895
-0.734428  0.84358  -0.794568
-1.05814  1.14476  0.122624
-0.755344  0.857846  -0.368338
-0.755344  0.857846  -0.368338
-0.734428  0.84358  -0.794568
-1.11681  1.1978  0.540972
-0.65371  0.771396  -0.192132
-0.734428  0.84358  -0.794568
-0.755344  0.857846  -0.368338
-0.755344  0.857846  -0.19583
-0.65371  0.771396  -0.192132
-1.13271  1.23766  0.145017
-0.755344  0.857846  -0.19583
-1.09932  1.19286  -1.14583
-0.920262  1.02577  -0.514865
-0.755344  0.857846  -0.368338
-0.734428  0.84358  -0.794568
-0.755344  0.857846  -0.368338
-0.721518  0.817962  -0.522303
-0.755344  0.857846  -0.368338
-0.755344  0.857846  -0.617367
-0.755344  0.857846  -0.617367
-0.946991  1.06317  -0.564405
-0.946991  1.06317  -0.564405
-0.65371  0.771396  -0.192132
-0.946991  1.06317  -0.564405
-1.24718  1.32796  -0.38082
-1.05814  1.14476  0.122624
-0.755344  0.857846  -0.368338
-0.755344  0.857846  -0.368338
-1.03477  1.14888  -0.294704
-0.720553  0.817962  -0.306952
-0.96592  1.04459  -0.411866
-0.755344  0.857846  -0.617367
-1.05814  1.14476  0.285653
-0.734428  0.84358  -0.794568
-0.755344  0.857846  -0.19583
-0.958208  1.04252  -0.322675
-0.720553  0.817962  -0.306952
-0.755344  0.857846  -0.368338
-0.734428  0.84358  -0.794568
-0.958208  1.04252  -0.322675
-0.734428  0.84358  -0.794568
-0.755344  0.857846  -0.368338
-0.755344  0.857846  -0.617367
-1.05814  1.14476  0.122624
-1.05814  1.14476  0.122624
-0.920262  1.02577  -0.875198
-0.96592  1.04459  -0.411866
-1.13271  1.23766  0.145017
-0.734428  0.84358  -0.794568
-0.755344  0.857846  -0.617367
-0.721518  0.817962  -0.457426
-1.04953  1.12924  -0.304061
-1.09932  1.19286  -1.14583
-1.05814  1.14476  0.285653
-1.03477  1.14888  -0.294704
-0.755344  0.857846  -0.368338
-0.946991  1.06317  -0.564405
-0.755344  0.857846  -0.368338
-0.920262  1.02577  -0.514865
-1.05814  1.14476  0.285653
-0.755344  0.857846  -0.31528
-0.946991  1.06317  -0.564405
-1.04953  1.12924  -0.304061
-0.755344  0.857846  -0.617367
-0.755344  0.857846  -0.617367
-0.755344  0.857846  -0.31528
-1.24718  1.32796  -0.38082
-0.755344  0.857846  -0.617367
-0.96592  1.04459  -0.411866
-0.721518  0.817962  -0.522303
-1.05748  1.13302  0.275068
-0.958208  1.04252  -0.322675
-0.755344  0.857846  -0.617367
-0.755344  0.857846  -0.368338
-1.05814  1.14476  0.285653
-0.721518  0.817962  -0.522303
-0.721518  0.817962  -0.457426
-1.04953  1.11189  -0.265259
-0.720553  0.817962  -0.306952
-0.755344  0.857846  -0.368338
-1.24718  1.32796  -0.38082
-0.946991  1.06317  -0.564405
-0.946991  1.06317  -0.564405
-1.13271  1.23766  0.145017
-1.11681  1.1978  0.540972
-0.755344  0.857846  -0.368338
-0.755344  0.857846  -0.368338
-0.755344  0.857846  -0.617367
-0.721518  0.817962  -0.522303
-0.721518  0.817962  -0.457426
-0.755344  0.857846  -0.617367
-0.720553  0.817962  -0.306952
-0.755344  0.857846  -0.617367
-0.755344  0.857846  -0.31528
-0.734428  0.84358  -0.794568
-0.755344  0.857846  -0.368338
-0.720553  0.817962  -0.306952
-1.11681  1.1978  0.540972
-0.946991  1.06317  -0.564405
-1.13271  1.23766  0.145017
-0.65371  0.771396  -0.192132
-0.755344  0.857846  -0.617367
-0.755344  0.857846  -0.31528
-1.09932  1.19286  -1.14583
-0.958208  1.04252  -0.322675
-1.03477  1.14888  -0.294704
-0.734428  0.84358  -0.794568
-0.755344  0.857846  -0.617367
-0.755344  0.857846  -0.617367
-0.734428  0.84358  -0.794568
-0.920262  1.02577  -0.875198
-0.720553  0.817962  -0.306952
-0.755344  0.857846  -0.368338
-0.755344  0.857846  -0.368338
-1.24718  1.32796  -0.38082
-0.65371  0.771396  -0.192132
-0.96592  1.04459  -0.268498
-0.755344  0.857846  -0.368338
-0.755344  0.857846  -0.19583
-0.916122  1.04563  -0.677441
-0.755344  0.857846  -0.368338
-0.920262  1.02577  -0.514865
-0.96592  1.04459  -0.411866
-1.03477  1.14888  -0.294704
-0.720553  0.817962  -0.306952
-1.05748  1.13302  0.275068
-0.755344  0.857846  -0.368338
-0.65371  0.771396  -0.192132
-0.755344  0.857846  -0.617367
-0.755344  0.857846  -0.368338
-0.65371  0.771396  -0.192132
-0.755344  0.857846  -0.617367
-1.24718  1.32796  -0.38082
-1.24718  1.32796  -0.38082
-1.11681  1.1978  0.540972
-0.755344  0.857846  -0.368338
-0.65371  0.771396  -0.192132
-0.734428  0.84358  -0.794568
-1.05748  1.13302  0.275068
-0.734428  0.84358  -0.794568
-0.720553  0.817962  -0.306952
-1.04953  1.11189  -0.265259
-1.24718  1.32796  -0.38082
-0.96592  1.04459  -0.411866
-1.09932  1.19286  -1.14583
-1.24718  1.32796  -0.38082
-0.755344  0.857846  -0.368338
-0.916122  1.04563  -0.677441
-0.755344  0.857846  -0.368338
-0.920262  1.02577  -0.514865
-0.65371  0.771396  -0.192132
-1.24718  1.32796  -0.38082
-1.11681  1.1978  0.540972
-0.96592  1.04459  -0.411866
-1.24718  1.32796  -0.38082
-0.734428  0.84358  -0.794568
-1.29507  1.38643  -0.00619926
-0.721518  0.817962  -0.522303
-0.734428  0.84358  -0.794568
-0.65371  0.771396  -0.192132
-0.755344  0.857846  -0.368338
-0.755344  0.857846  -0.617367
-0.920262  1.02577  -0.875198
-0.734428  0.84358  -0.794568
-0.755344  0.857846  -0.368338
-0.65371  0.771396  -0.192132
-0.65371  0.771396  -0.192132
-0.734428  0.84358  -0.794568
-0.946991  1.06317  -0.564405
-0.755344  0.857846  -0.368338
-0.734428  0.84358  -0.794568
-1.29507  1.38643  -0.00619926
-1.05814  1.14476  0.122624
-0.65371  0.771396  -0.192132
-0.65371  0.771396  -0.192132
-0.958208  1.04252  -0.322675
-1.29507  1.38643  -0.00619926
-0.920262  1.02577  -0.514865
-0.920262  1.02577  -0.514865
-1.05814  1.14476  0.122624
-0.755344  0.857846  -0.35506
-0.720553  0.817962  -0.306952
-0.916122  1.04563  -0.677441
-0.916122  1.04563  -0.677441
-0.720553  0.817962  -0.306952
-1.05814  1.14476  0.285653
-0.734428  0.84358  -0.794568
-0.755344  0.857846  -0.368338
-0.65371  0.771396  -0.192132
-0.755344  0.857846  -0.368338
-1.04953  1.12924  -0.304061
-0.721518  0.817962  -0.522303
-0.721518  0.817962  -0.457426
-0.755344  0.857846  -0.368338
-1.05814  1.14476  0.285653
-0.755344  0.857846  -0.19583
-0.755344  0.857846  -0.617367
-1.03477  1.14888  -0.294704
-0.755344  0.857846  -0.617367
-0.946991  1.06317  -0.564405
-0.916122  1.04563  -0.677441
-1.09932  1.19286  -1.14583
-0.920262  1.02577  -0.514865
-0.755344  0.857846  -0.368338
-1.29507  1.38643  -0.00619926
-0.884697  0.961224  -1.14947
-0.734428  0.84358  -0.794568
-0.755344  0.857846  -0.617367
-0.721518  0.817962  -0.457426
-0.755344  0.857846  -0.617367
-0.721518  0.817962  -0.522303
-0.755344  0.857846  -0.617367
-0.755344  0.857846  -0.617367
-1.29507  1.38643  -0.00619926
-0.721518  0.817962  -0.522303
-0.884697  0.961224  -1.14947
-0.755344  0.857846  -0.617367
-0.755344  0.857846  -0.368338
-0.720553  0.817962  -0.306952
-1.05814  1.14476  0.122624
-0.734428  0.84358  -0.794568
-0.755344  0.857846  -0.368338
-0.755344  0.857846  -0.368338
-0.734428  0.84358  -0.794568
-0.721518  0.817962  -0.457426
-0.720553  0.817962  -0.306952
-0.946991  1.06317  -0.564405
-0.755344  0.857846  -0.368338
-0.721518  0.817962  -0.457426
-0.755344  0.857846  -0.368338
-0.755344  0.857846  -0.617367
-0.721518  0.817962  -0.457426
-1.09932  1.19286  -1.14583
-0.721518  0.817962  -0.457426
-0.946991  1.06317  -0.564405
-0.720553  0.817962  -0.306952
-1.24718  1.32796  -0.38082
-0.958208  1.04252  -0.322675
-0.720553  0.817962  -0.306952
-1.03477  1.14888  -0.294704
-1.09932  1.19286  -1.14583
-0.65371  0.771396  -0.192132
-0.734428  0.84358  -0.794568
-0.65371  0.771396  -0.192132
-0.734428  0.84358  -0.794568
-1.11681  1.1978  0.540972
-1.04953  1.12924  -0.304061
-0.734428  0.84358  -0.794568
-0.734428  0.84358  -0.794568
-0.720553  0.817962  -0.306952
-1.05814  1.14476  0.122624
-0.721518  0.817962  -0.522303
-1.05814  1.14476  0.122624
-1.03477  1.14888  -0.294704
-1.11681  1.1978  0.540972
-0.734428  0.84358  -0.794568
-0.721518  0.817962  -0.522303
-0.755344  0.857846  -0.617367
-0.65371  0.771396  -0.192132
-0.755344  0.857846  -0.19583
-0.720553  0.817962  -0.306952
-0.755344  0.857846  -0.617367
-0.755344  0.857846  -0.617367
-0.755344  0.857846  -0.617367
-0.734428  0.84358  -0.794568
-0.755344  0.857846  -0.368338
-0.755344  0.857846  -0.368338
-0.720553  0.817962  -0.306952
-0.946991  1.06317  -0.564405
-0.958208  1.04252  -0.322675
-1.05814  1.14476  0.122624
-0.884697  0.961224  -1.14947
-0.734428  0.84358  -0.794568
-0.755344  0.857846  -0.31528
-0.720553  0.817962  -0.306952
-1.29507  1.38643  -0.00619926
-1.13271  1.23766  0.145017
-0.65371  0.771396  -0.192132
-0.65371  0.771396  -0.192132
-1.13271  1.23766  0.145017
-0.920262  1.02577  -0.514865
-0.755344  0.857846  -0.31528
-0.734428  0.84358  -0.794568
-0.720553  0.817962  -0.306952
-0.755344  0.857846  -0.368338
-0.755344  0.857846  -0.368338
-1.11681  1.1978  0.540972
-0.755344  0.857846  -0.31528
-1.11681  1.1978  0.540972
-0.65371  0.771396  -0.192132
-0.755344  0.857846  -0.617367
-0.755344  0.857846  -0.368338
-0.734428  0.84358  -0.794568
-0.734428  0.84358  -0.794568
-1.11681  1.1978  0.540972
-0.734428  0.84358  -0.794568
-0.720553  0.817962  -0.306952
-0.755344  0.857846  -0.19583
-0.734428  0.84358  -0.794568
-0.755344  0.857846  -0.617367
-1.05814  1.14476  0.122624
-1.05748  1.13302  0.275068
-0.884697  0.961224  -1.14947
-0.755344  0.857846  -0.617367
-0.916122  1.04563  -0.677441
-0.734428  0.84358  -0.794568
-0.946991  1.06317  -0.564405
-0.755344  0.857846  -0.31528
-1.11681  1.1978  0.540972
-0.65371  0.771396  -0.192132
-0.720553  0.866158  -0.306952
-1.03477  1.14888  -0.294704
-1.03477  1.14888  -0.294704
-0.755344  0.857846  -0.368338
-1.04953  1.11189  -0.265259
-0.65371  0.771396  -0.192132
-0.884697  0.961224  -1.14947
-0.755344  0.857846  -0.617367
-0.755344  0.857846  -0.617367
-0.734428  0.84358  -0.794568
-0.734428  0.84358  -0.794568
-0.916122  1.04563  -0.677441
-0.755344  0.857846  -0.368338
-1.05814  1.14476  0.122624
-0.755344  0.857846  -0.368338
-1.05814  1.14476  0.285653
-0.721518  0.817962  -0.457426
-0.755344  0.857846  -0.368338
-0.755344  0.857846  -0.368338
-1.04953  1.12924  -0.304061
-1.11681  1.1978  0.540972
-1.29507  1.38643  -0.00619926
-1.13271  1.23766  0.145017
-0.734428  0.84358  -0.794568
-1.03477  1.14888  -0.294704
-0.734428  0.84358  -0.794568
-0.720553  0.817962  -0.306952
-0.65371  0.771396  -0.192132
-0.946991  1.06317  -0.564405
-0.734428  0.84358  -0.794568
-1.24718  1.32796  -0.38082
-0.734428  0.84358  -0.794568
-0.755344  0.857846  -0.368338
-0.755344  0.857846  -0.617367
-0.916122  1.04563  -0.677441
-0.721518  0.817962  -0.457426
-0.755344  0.857846  -0.19583
-0.734428  0.84358  -0.794568
-1.05748  1.13302  0.275068
-0.734428  0.84358  -0.794568
-0.920262  1.02577  -0.875198
-0.946991  1.06317  -0.564405
-0.755344  0.857846  -0.617367
-0.755344  0.857846  -0.617367
-0.65371  0.771396  -0.192132
-0.884697  0.961224  -1.14947
-0.755344  0.857846  -0.31528
-1.11681  1.1978  0.540972
-1.24718  1.32796  -0.38082
-0.946991  1.06317  -0.564405
-0.755344  0.857846  -0.31528
-0.755344  0.857846  -0.368338
-0.755344  0.857846  -0.368338
-0.734428  0.84358  -0.794568
-1.03477  1.14888  -0.294704
-0.720553  0.817962  -0.306952
-0.734428  0.84358  -0.794568
-0.946991  1.06317  -0.564405
-0.721518  0.817962  -0.457426
-0.755344  0.857846  -0.617367
-0.755344  0.857846  -0.368338
-0.755344  0.857846  -0.368338
-0.734428  0.84358  -0.794568
-1.03477  1.14888  -0.294704
-0.755344  0.857846  -0.31528
-0.755344  0.857846  -0.617367
-1.13271  1.23766  0.145017
-0.946991  1.06317  -0.564405
-0.720553  0.817962  -0.306952
-0.721518  0.817962  -0.522303
-0.734428  0.84358  -0.794568
-1.05748  1.13302  0.275068
-0.572635  0.704764  -0.586388
-1.24718  1.32796  -0.38082
-0.734428  0.84358  -0.794568
-0.734428  0.84358  -0.794568
-0.65371  0.771396  -0.192132
-0.946991  1.06317  -0.564405
-0.734428  0.84358  -0.794568
-0.755344  0.857846  -0.368338
-0.755344  0.857846  -0.368338
-0.65371  0.771396  -0.192132
-0.96592  1.04459  -0.411866
-0.916122  1.04563  -0.677441
-1.05748  1.13302  0.275068
-0.65371  0.771396  -0.192132
-0.884697  0.961224  -1.14947
-0.755344  0.857846  -0.31528
-0.720553  0.817962  -0.306952
-0.884697  0.961224  -1.14947
-0.734428  0.84358  -0.794568
-0.920262  1.02577  -0.514865
-0.755344  0.857846  -0.617367
-0.734428  0.84358  -0.794568
-0.734428  0.84358  -0.794568
-0.755344  0.857846  -0.31528
-0.721518  0.817962  -0.457426
-0.734428  0.84358  -0.794568
-0.734428  0.84358  -0.794568
-0.755344  0.857846  -0.617367
-1.05748  1.13302  0.275068
-0.755344  0.857846  -0.617367
-0.755344  0.857846  -0.617367
-0.755344  0.857846  -0.368338
-1.05748  1.13302  0.275068
-0.755344  0.857846  -0.31528
-0.755344  0.857846  -0.368338
-1.24718  1.32796  -0.38082
-0.755344  0.857846  -0.617367
-0.755344  0.857846  -0.368338
-0.721518  0.817962  -0.457426
-0.916122  1.04563  -0.677441
-1.05814  1.14476  0.285653
-0.734428  0.84358  -0.794568
-0.787726  0.879861  0.162097
-0.721518  0.817962  -0.522303
-0.946991  1.06317  -0.564405
-0.720553  0.817962  -0.306952
-0.755344  0.857846  -0.31528
-1.05748  1.13302  0.275068
-0.755344  0.857846  -0.617367
-0.920262  1.02577  -0.875198
-0.65371  0.771396  -0.192132
-1.11681  1.1978  0.540972
-0.572635  0.704764  -0.586388
-0.720553  0.817962  -0.306952
-0.755344  0.857846  -0.368338
-0.755344  0.857846  -0.617367
-0.755344  0.857846  -0.617367
-1.29507  1.38643  -0.00619926
-0.958208  1.04252  -0.322675
-1.05748  1.13302  0.275068
-0.734428  0.84358  -0.794568
-0.721518  0.817962  -0.522303
-0.721518  0.817962  -0.457426
-1.11681  1.1978  0.540972
-0.721518  0.817962  -0.457426
-0.755344  0.857846  -0.368338
-1.24718  1.32796  -0.38082
-0.734428  0.84358  -0.794568
-0.734428  0.84358  -0.794568
-1.11681  1.1978  0.540972
-0.65371  0.771396  -0.192132
-0.734428  0.84358  -0.794568
-0.920262  1.02577  -0.514865
-0.946991  1.06317  -0.564405
-0.720553  0.817962  -0.306952
-1.05814  1.14476  0.250637
-0.755344  0.857846  -0.368338
-1.24718  1.32796  -0.38082
-0.734428  0.84358  -0.794568
-0.65371  0.771396  -0.192132
-0.734428  0.84358  -0.794568
-1.03477  1.14888  -0.294704
-1.11681  1.1978  0.540972
-1.24718  1.32796  -0.38082
-0.755344  0.857846  -0.35506
-0.720553  0.817962  -0.306952
-0.755344  0.857846  -0.368338
-1.29507  1.38643  -0.00619926
-0.755344  0.857846  -0.368338
-0.720553  0.817962  -0.306952
-0.721518  0.817962  -0.522303
-0.755344  0.857846  -0.368338
-0.721518  0.817962  -0.522303
-1.04953  1.12924  -0.304061
-0.755344  0.857846  -0.368338
-0.920262  1.02577  -0.875198
-0.755344  0.857846  -0.368338
-1.03477  1.14888  -0.294704
-0.755344  0.857846  -0.368338
-0.734428  0.84358  -0.794568
-0.720553  0.817962  -0.306952
-0.720553  0.817962  -0.306952
-0.721518  0.817962  -0.522303
-0.755344  0.857846  -0.368338
-0.721518  0.817962  -0.457426
-0.65371  0.771396  -0.192132
-0.755344  0.857846  -0.617367
-0.755344  0.857846  -0.617367
-0.946991  1.06317  -0.564405
-0.720553  0.817962  -0.306952
-0.734428  0.84358  -0.794568
-0.755344  0.857846  -0.617367
-1.04953  1.12924  -0.304061
-0.755344  0.857846  -0.617367
-1.03477  1.14888  -0.294704
-1.13271  1.23766  0.145017
-0.755344  0.857846  -0.31528
-0.65371  0.771396  -0.192132
-1.03477  1.14888  -0.294704
-0.734428  0.84358  -0.794568
-0.734428  0.84358  -0.794568
-0.946991  1.06317  -0.564405
-1.05748  1.13302  0.275068
-0.65371  0.771396  -0.192132
-0.734428  0.84358  -0.794568
-0.65371  0.771396  -0.192132
-0.920262  1.02577  -0.875198
-0.755344  0.857846  -0.368338
-1.29507  1.38643  -0.00619926
-0.755344  0.857846  -0.617367
-0.734428  0.84358  -0.794568
-0.755344  0.857846  -0.19583
-1.29507  1.38643  -0.00619926
-0.734428  0.84358  -0.794568
-0.65371  0.771396  -0.192132
-0.755344  0.857846  -0.368338
-0.755344  0.857846  -0.35506
-1.09932  1.19286  -1.14583
-0.755344  0.857846  -0.617367
-0.755344  0.857846  -0.617367
-1.24718  1.32796  -0.38082
-0.755344  0.857846  -0.368338
-0.720553  0.817962  -0.306952
-0.65371  0.771396  -0.192132
-1.03477  1.14888  -0.294704
-0.65371  0.771396  -0.192132
-1.11681  1.1978  0.540972
-1.11681  1.1978  0.540972
-1.03477  1.14888  -0.294704
-0.65371  0.771396  -0.192132
-0.755344  0.857846  -0.368338
-0.721518  0.817962  -0.457426
-1.05814  1.14476  0.122624
-0.755344  0.857846  -0.617367
-0.755344  0.857846  -0.617367
-0.755344  0.857846  -0.31528
-0.755344  0.857846  -0.35506
-1.03477  1.14888  -0.294704
-1.09932  1.19286  -1.14583
-0.96592  1.04459  -0.268498
-0.755344  0.857846  -0.368338
-0.755344  0.857846  -0.368338
-0.755344  0.857846  -0.368338
-0.721518  0.817962  -0.457426
-0.734428  0.84358  -0.794568
-0.755344  0.857846  -0.368338
-1.04953  1.11189  -0.265259
-0.65371  0.771396  -0.192132
-0.946991  1.06317  -0.564405
-0.734428  0.84358  -0.794568
-0.755344  0.857846  -0.617367
-0.734428  0.84358  -0.794568
-0.734428  0.84358  -0.794568
-0.734428  0.84358  -0.794568
-0.755344  0.857846  -0.617367
-0.755344  0.857846  -0.19583
-0.721518  0.817962  -0.522303
-1.13271  1.23766  0.145017
-0.884697  0.961224  -1.14947
