-0.586373  0.76399  -0.079913
-0.394773  0.60228  0.67012
-0.540138  0.707918  -0.418775
-0.540138  0.707918  -0.418775
-0.455469  0.639507  0.174477
-0.428691  0.597132  0.486026
-0.417649  0.616842  1.20946
-0.417649  0.60228  0.653441
-0.468681  0.656395  1.30454
-0.417649  0.616842  1.11797
-0.417649  0.616842  1.20946
-0.540138  0.707918  -0.418775
-0.417649  0.60228  0.653441
-0.417649  0.60228  0.485727
-0.540138  0.707918  -0.418775
-0.468681  0.656395  1.43974
-0.498234  0.722548  -0.203031
-0.455469  0.639507  0.174477
-0.417649  0.60228  0.323737
-0.498234  0.722548  -0.203031
-0.417649  0.616842  1.20946
-0.417649  0.60228  0.653441
-0.389089  0.60228  0.524155
-0.529117  0.71319  1.03915
-0.394773  0.60228  0.67012
-0.417649  0.60228  0.653441
-0.529117  0.71319  1.03915
-0.498234  0.722548  -0.203031
-0.394773  0.60228  0.67012
-0.468681  0.656395  1.43974
-0.498003  0.71319  0.920086
-0.389089  0.60228  0.524155
-0.417649  0.616842  1.11797
-0.461809  0.71319  0.920086
-0.468681  0.656395  1.43974
-0.498234  0.722548  -0.203031
-0.389089  0.60228  0.524155
-0.468681  0.656395  1.43974
-0.394773  0.60228  0.67012
-0.417649  0.60228  0.485727
-0.455469  0.639507  0.174477
-0.417649  0.616842  1.11797
-0.529117  0.71319  1.03915
-0.417649  0.60228  0.653441
-0.417649  0.616842  1.11797
-0.455469  0.639507  0.174477
-0.428691  0.597132  0.486026
-0.417649  0.60228  0.323737
-0.417649  0.616842  1.20946
-0.540138  0.707918  -0.418775
-0.389089  0.60228  0.524155
-0.498234  0.722548  -0.203031
-0.394773  0.60228  0.67012
-0.669172  0.891131  0.269869
-0.41369  0.616246  -0.360716
-0.417649  0.60228  0.653441
-0.498234  0.722548  -0.203031
-0.455469  0.639507  0.174477
-0.417649  0.60228  0.485727
-0.389089  0.60228  0.524155
-0.669172  0.891131  0.269869
-0.461809  0.71319  0.920086
-0.389089  0.60228  0.524155
-0.389089  0.60228  0.524155
-0.468681  0.656395  1.43974
-0.41369  0.616246  -0.360716
-0.417649  0.616842  1.11797
-0.529117  0.71319  1.03915
-0.417649  0.60228  0.653441
-0.428691  0.597132  0.486026
-0.417649  0.60228  0.653441
-0.417649  0.616842  1.11797
-0.417649  0.60228  0.485727
-0.417649  0.616842  1.11797
-0.417649  0.616842  1.20946
-0.498003  0.71319  0.920086
-0.417649  0.616842  1.11797
-0.417649  0.616842  1.11797
-0.498234  0.722548  -0.203031
-0.455469  0.639507  0.174477
-0.417649  0.616842  0.919509
-0.529117  0.71319  1.03915
-0.417649  0.60228  0.0738395
-0.540138  0.707918  -0.418775
-0.394773  0.60228  0.67012
-0.417649  0.616842  1.11797
-0.417649  0.60228  0.653441
-0.417649  0.610024  0.485727
-0.468681  0.656395  1.43974
-0.417649  0.616842  1.11797
-0.394773  0.60228  0.67012
-0.389089  0.60228  0.524155
-0.417649  0.616842  1.11797
-0.468681  0.656395  1.43974
-0.455469  0.639507  0.174477
-0.455469  0.639507  0.174477
-0.417649  0.616842  1.20946
-0.479182  0.707918  -0.098068
-0.394773  0.60228  0.67012
-0.417649  0.616842  1.11797
-0.417649  0.60228  0.653441
-0.394773  0.60228  0.67012
-0.394773  0.60228  0.67012
-0.417649  0.616842  1.11797
-0.468681  0.656395  1.43974
-0.394773  0.60228  0.67012
-0.417649  0.616842  1.11797
-0.540138  0.707918  -0.418775
-0.540138  0.707918  -0.418775
-0.389089  0.60228  0.524155
-0.468681  0.656395  1.43974
-0.417649  0.616842  1.11797
-0.394773  0.60228  0.67012
-0.417649  0.616842  0.919509
-0.394773  0.60228  0.67012
-0.417649  0.610024  0.485727
-0.394773  0.60228  0.67012
-0.498234  0.722548  -0.203031
-0.455469  0.639507  0.174477
-0.417649  0.616842  1.20946
-0.455469  0.639507  0.174477
-0.669172  0.891131  0.269869
-0.417649  0.616842  1.11797
-0.417649  0.616842  1.11797
-0.389089  0.60228  0.524155
-0.455469  0.639507  0.174477
-0.394773  0.60228  0.67012
-0.468681  0.656395  1.43974
-0.417649  0.616842  1.11797
-0.394773  0.60228  0.67012
-0.394773  0.60228  0.67012
-0.417649  0.60228  0.653441
-0.394773  0.60228  0.67012
-0.394773  0.60228  0.67012
-0.455469  0.639507  0.174477
-0.498234  0.722548  -0.203031
-0.455469  0.639507  0.174477
-0.455469  0.639507  0.174477
-0.389089  0.60228  0.524155
-0.394773  0.60228  0.67012
-0.389089  0.60228  0.524155
-0.468681  0.656395  1.43974
-0.417649  0.616842  1.20946
-0.455469  0.639507  0.174477
-0.389089  0.60228  0.524155
-0.417649  0.616842  1.11797
-0.394773  0.60228  0.67012
-0.498003  0.71319  0.920086
-0.529117  0.71319  1.03915
-0.417649  0.610024  0.485727
-0.540138  0.707918  -0.418775
-0.417649  0.60228  0.0738395
-0.468681  0.656395  1.43974
-0.389089  0.60228  0.524155
-0.586373  0.76399  -0.079913
-0.540138  0.707918  -0.418775
-0.498234  0.722548  -0.203031
-0.389089  0.60228  0.524155
-0.417649  0.616842  1.11797
-0.498234  0.722548  -0.203031
-0.41369  0.616246  -0.360716
-0.417649  0.60228  0.653441
-0.529117  0.71319  1.03915
-0.394773  0.60228  0.67012
-0.417649  0.616842  1.20946
-0.417649  0.60228  0.653441
-0.417649  0.616842  1.20946
-0.455469  0.639507  0.174477
-0.455469  0.639507  0.174477
-0.455469  0.639507  0.174477
-0.468681  0.656395  1.43974
-0.461809  0.71319  0.920086
-0.417649  0.60228  0.0738395
-0.394773  0.60228  0.67012
-0.389089  0.60228  0.524155
-0.417649  0.616842  1.11797
-0.417649  0.616842  1.11797
-0.498234  0.722548  -0.203031
-0.417649  0.616842  1.11797
-0.394773  0.60228  0.67012
-0.417649  0.60228  0.653441
-0.394773  0.60228  0.67012
-0.468681  0.656395  1.43974
-0.417649  0.616842  1.20946
-0.455469  0.639507  0.174477
-0.389089  0.60228  0.524155
-0.529117  0.71319  1.03915
-0.417649  0.616842  1.11797
-0.417649  0.60228  0.323737
-0.468681  0.656395  1.30454
-0.389089  0.60228  0.524155
-0.417649  0.616842  1.11797
-0.468681  0.656395  1.43974
-0.417649  0.60228  0.653441
-0.455469  0.639507  0.174477
-0.455469  0.639507  0.174477
-0.498234  0.722548  -0.203031
-0.468681  0.656395  1.43974
-0.455469  0.639507  0.174477
-0.498234  0.722548  -0.203031
-0.498234  0.722548  -0.203031
-0.455469  0.639507  0.174477
-0.498003  0.71319  0.920086
-0.417649  0.616842  1.11797
-0.394773  0.60228  0.67012
-0.529117  0.71319  1.03915
-0.417649  0.616842  1.11797
-0.498003  0.71319  1.03915
-0.417649  0.616842  1.11797
-0.394773  0.60228  0.67012
-0.468681  0.656395  1.43974
-0.417649  0.616842  1.11797
-0.417649  0.60228  0.653441
-0.455469  0.639507  0.174477
-0.428691  0.597132  0.486026
-0.389089  0.60228  0.524155
-0.498234  0.722548  -0.203031
-0.468681  0.656395  1.30454
-0.417649  0.60228  0.653441
-0.417649  0.616842  1.20946
-0.417649  0.616842  1.11797
-0.468681  0.656395  1.43974
-0.417649  0.616842  1.11797
-0.586373  0.76399  -0.079913
-0.468681  0.656395  1.43974
-0.586373  0.76399  -0.079913
-0.417649  0.616842  1.11797
-0.394773  0.60228  0.67012
-0.468681  0.656395  1.43974
-0.417649  0.616842  1.11797
-0.498234  0.722548  -0.203031
-0.417649  0.610024  0.485727
-0.417649  0.60228  0.653441
-0.417649  0.60228  0.653441
-0.586373  0.76399  -0.079913
-0.529117  0.71319  1.03915
-0.41369  0.616246  -0.360716
-0.417649  0.60228  0.0738395
-0.468681  0.656395  1.43974
-0.417649  0.616842  1.11797
-0.417649  0.616842  0.919509
-0.498234  0.722548  -0.203031
-0.394773  0.60228  0.67012
-0.461809  0.71319  0.920086
-0.468681  0.656395  1.43974
-0.468681  0.656395  1.43974
-0.498234  0.722548  -0.203031
-0.394773  0.60228  0.67012
-0.498234  0.722548  -0.203031
-0.389089  0.60228  0.524155
-0.428691  0.597132  0.486026
-0.498234  0.722548  -0.203031
-0.468681  0.656395  1.43974
-0.498234  0.722548  -0.203031
-0.417649  0.616842  1.20946
-0.417649  0.616842  1.11797
-0.417649  0.616842  1.20946
-0.468681  0.656395  1.30454
-0.498234  0.722548  -0.203031
-0.417649  0.60228  0.485727
-0.669172  0.891131  0.269869
-0.498003  0.71319  0.920086
-0.468681  0.656395  1.43974
-0.417649  0.616842  1.11797
-0.468681  0.656395  1.43974
-0.498234  0.722548  -0.203031
-0.394773  0.60228  0.67012
-0.468681  0.656395  1.43974
-0.498003  0.71319  0.920086
-0.468681  0.656395  1.43974
-0.417649  0.616842  1.20946
-0.394773  0.60228  0.67012
-0.498234  0.722548  -0.203031
-0.417649  0.616842  0.919509
-0.498234  0.722548  -0.203031
-0.417649  0.616842  1.11797
-0.498234  0.722548  -0.203031
-0.428691  0.597132  0.486026
-0.394773  0.60228  0.67012
-0.417649  0.616842  1.11797
-0.389089  0.60228  0.524155
-0.394773  0.60228  0.67012
-0.417649  0.616842  1.11797
-0.43169  0.661601  0.277683
-0.417649  0.60228  0.0738395
-0.468681  0.656395  1.43974
-0.417649  0.616842  1.11797
-0.417649  0.616842  1.11797
-0.498003  0.71319  1.03915
-0.417649  0.60228  0.653441
-0.529117  0.71319  1.03915
-0.586373  0.76399  -0.079913
-0.389089  0.60228  0.524155
-0.498234  0.722548  -0.203031
-0.455469  0.639507  0.174477
-0.417649  0.616842  1.11797
-0.394773  0.60228  0.67012
-0.389089  0.60228  0.524155
-0.468681  0.656395  1.43974
-0.417649  0.616842  1.11797
-0.394773  0.60228  0.67012
-0.417649  0.616842  1.11797
-0.417649  0.616842  1.20946
-0.428691  0.597132  0.486026
-0.669172  0.891131  0.269869
-0.498234  0.722548  -0.203031
-0.586373  0.76399  -0.079913
-0.498234  0.722548  -0.203031
-0.428691  0.597132  0.486026
-0.417649  0.616842  1.20946
-0.417649  0.616842  1.20946
-0.455469  0.639507  0.174477
-0.417649  0.60228  0.323737
-0.498234  0.722548  -0.203031
-0.669172  0.891131  0.269869
-0.498003  0.71319  0.920086
-0.498003  0.71319  1.03915
-0.529117  0.71319  1.03915
-0.586373  0.76399  -0.079913
-0.468681  0.656395  1.43974
-0.417649  0.616842  1.11797
-0.417649  0.616842  1.11797
-0.498234  0.722548  -0.203031
-0.417649  0.616842  1.11797
-0.417649  0.616842  1.11797
-0.669172  0.891131  0.269869
-0.389089  0.60228  0.524155
-0.417649  0.616842  1.11797
-0.389089  0.60228  0.524155
-0.417649  0.610024  0.485727
-0.417649  0.616842  1.11797
-0.586373  0.76399  -0.079913
-0.498234  0.722548  -0.203031
-0.417649  0.60228  0.0738395
-0.498234  0.722548  -0.203031
-0.417649  0.60228  0.653441
-0.540138  0.707918  -0.418775
-0.498003  0.71319  1.03915
-0.540138  0.707918  -0.418775
-0.468681  0.656395  1.43974
-0.389089  0.60228  0.524155
-0.417649  0.616842  1.20946
-0.498234  0.722548  -0.203031
-0.417649  0.60228  0.653441
-0.417649  0.616842  1.11797
-0.417649  0.616842  1.20946
-0.455469  0.639507  0.174477
-0.498003  0.71319  0.920086
-0.669172  0.891131  0.269869
-0.417649  0.616842  1.20946
-0.417649  0.616842  1.20946
-0.417649  0.616842  1.11797
-0.455469  0.639507  0.174477
-0.389089  0.60228  0.524155
-0.529117  0.71319  1.03915
-0.389089  0.60228  0.524155
-0.417649  0.60228  0.653441
-0.468681  0.656395  1.43974
-0.529117  0.71319  1.03915
-0.417649  0.616842  1.20946
-0.586373  0.76399  -0.079913
-0.468681  0.656395  1.43974
-0.394773  0.60228  0.67012
-0.394773  0.60228  0.67012
-0.417649  0.616842  0.919509
-0.417649  0.616842  1.11797
-0.417649  0.60228  0.653441
-0.394773  0.60228  0.67012
-0.394773  0.60228  0.67012
-0.540138  0.707918  -0.418775
-0.498234  0.722548  -0.203031
-0.529117  0.71319  1.03915
-0.455469  0.639507  0.174477
-0.389089  0.60228  0.524155
-0.43169  0.661601  0.277683
-0.455469  0.639507  0.174477
-0.461809  0.71319  0.920086
-0.417649  0.616842  0.919509
-0.389089  0.60228  0.524155
-0.468681  0.656395  1.43974
-0.417649  0.616842  0.919509
-0.455469  0.639507  0.174477
-0.540138  0.707918  -0.418775
-0.417649  0.60228  0.653441
-0.498234  0.722548  -0.203031
-0.417649  0.616842  1.11797
-0.417649  0.616842  1.11797
-0.540138  0.707918  -0.418775
-0.498234  0.722548  -0.203031
-0.586373  0.76399  -0.079913
-0.540138  0.707918  -0.418775
-0.498003  0.71319  0.920086
-0.455469  0.639507  0.174477
-0.498234  0.722548  -0.203031
-0.417649  0.616842  1.11797
-0.468681  0.656395  1.43974
-0.468681  0.656395  1.43974
-0.498234  0.722548  -0.203031
-0.468681  0.656395  1.43974
-0.468681  0.656395  1.43974
-0.498234  0.722548  -0.203031
-0.417649  0.616842  1.11797
-0.468681  0.656395  1.30454
-0.417649  0.616842  1.11797
-0.455469  0.639507  0.174477
-0.498003  0.71319  1.03915
-0.540138  0.707918  -0.418775
-0.417649  0.616842  1.20946
-0.468681  0.656395  1.43974
-0.455469  0.639507  0.174477
-0.468681  0.656395  1.43974
-0.540138  0.707918  -0.418775
-0.498234  0.722548  -0.203031
-0.468681  0.656395  1.43974
-0.417649  0.60228  0.653441
-0.586373  0.76399  -0.079913
-0.394773  0.60228  0.67012
-0.417649  0.60228  0.485727
-0.417649  0.60228  0.653441
-0.529117  0.71319  1.03915
-0.498234  0.722548  -0.203031
-0.586373  0.76399  -0.079913
-0.498234  0.722548  -0.203031
-0.417649  0.616842  1.11797
-0.417649  0.616842  1.11797
-0.417649  0.616842  1.11797
-0.455469  0.639507  0.174477
-0.468681  0.656395  1.30454
-0.428691  0.597132  0.486026
-0.498234  0.722548  -0.203031
-0.529117  0.71319  1.03915
-0.455469  0.639507  0.174477
-0.417649  0.60228  0.653441
-0.417649  0.616842  1.11797
-0.417649  0.616842  1.20946
-0.540138  0.707918  -0.418775
-0.455469  0.639507  0.174477
-0.498234  0.722548  -0.203031
-0.417649  0.60228  0.653441
-0.455469  0.639507  0.174477
-0.417649  0.60228  0.653441
-0.417649  0.616842  1.11797
-0.468681  0.656395  1.43974
-0.417649  0.616842  1.11797
-0.394773  0.60228  0.67012
-0.428691  0.597132  0.486026
-0.468681  0.656395  1.43974
-0.498234  0.722548  -0.203031
-0.498234  0.722548  -0.203031
-0.394773  0.60228  0.67012
-0.468681  0.656395  1.43974
-0.498234  0.722548  -0.203031
-0.417649  0.616842  1.11797
-0.417649  0.60228  0.653441
-0.389089  0.60228  0.524155
-0.498234  0.722548  -0.203031
-0.498003  0.71319  0.920086
-0.455469  0.639507  0.174477
-0.417649  0.610024  0.485727
-0.529117  0.71319  1.03915
-0.417649  0.60228  0.653441
-0.41369  0.616246  -0.360716
-0.417649  0.616842  1.11797
-0.529117  0.71319  1.03915
-0.428691  0.597132  0.486026
-0.394773  0.60228  0.67012
-0.394773  0.60228  0.67012
-0.417649  0.616842  1.11797
-0.468681  0.656395  1.43974
-0.389089  0.60228  0.524155
-0.529117  0.71319  1.03915
-0.498234  0.722548  -0.203031
-0.540138  0.707918  -0.418775
-0.498003  0.71319  1.03915
-0.417649  0.616842  1.11797
-0.540138  0.707918  -0.418775
-0.428691  0.597132  0.486026
-0.43169  0.661601  0.277683
-0.394773  0.60228  0.67012
-0.417649  0.616842  1.11797
-0.417649  0.616842  1.11797
-0.468681  0.656395  1.43974
-0.394773  0.60228  0.67012
-0.498234  0.722548  -0.203031
-0.417649  0.616842  1.11797
-0.417649  0.616842  1.11797
-0.389089  0.60228  0.524155
-0.529117  0.71319  1.03915
-0.389089  0.60228  0.524155
-0.479182  0.707918  -0.098068
-0.455469  0.639507  0.174477
-0.529117  0.71319  1.03915
-0.498234  0.722548  -0.203031
-0.540138  0.707918  -0.418775
-0.529117  0.71319  1.03915
-0.417649  0.60228  0.653441
-0.428691  0.597132  0.486026
-0.498234  0.722548  -0.203031
-0.417649  0.616842  1.20946
-0.417649  0.60228  0.653441
-0.498234  0.722548  -0.203031
-0.468681  0.656395  1.43974
-0.529117  0.71319  1.03915
-0.540138  0.707918  -0.418775
-0.417649  0.616842  1.20946
-0.417649  0.616842  1.11797
-0.417649  0.60228  0.0738395
-0.586373  0.76399  -0.079913
-0.540138  0.707918  -0.418775
-0.417649  0.616842  1.11797
-0.41369  0.616246  -0.360716
-0.586373  0.76399  -0.079913
-0.468681  0.656395  1.43974
-0.468681  0.656395  1.43974
-0.389089  0.60228  0.524155
-0.468681  0.656395  1.43974
-0.540138  0.707918  -0.418775
-0.428691  0.597132  0.486026
-0.455469  0.639507  0.174477
-0.468681  0.656395  1.43974
-0.417649  0.616842  1.20946
-0.529117  0.71319  1.03915
-0.417649  0.60228  0.323737
-0.417649  0.616842  0.919509
-0.468681  0.656395  1.43974
-0.498234  0.722548  -0.203031
-0.41369  0.616246  -0.360716
-0.417649  0.60228  0.653441
-0.417649  0.616842  1.11797
-0.498234  0.722548  -0.203031
-0.529117  0.71319  1.03915
-0.389089  0.60228  0.524155
-0.455469  0.639507  0.174477
-0.498234  0.722548  -0.203031
-0.529117  0.71319  1.03915
-0.428691  0.597132  0.486026
-0.540138  0.707918  -0.418775
-0.41369  0.616246  -0.360716
-0.529117  0.71319  1.03915
-0.417649  0.616842  1.11797
-0.394773  0.60228  0.67012
-0.394773  0.60228  0.67012
-0.586373  0.76399  -0.079913
-0.468681  0.656395  1.43974
-0.394773  0.60228  0.67012
-0.428691  0.597132  0.486026
-0.455469  0.639507  0.174477
-0.417649  0.616842  0.919509
-0.417649  0.616842  1.20946
-0.468681  0.656395  1.43974
-0.498234  0.722548  -0.203031
-0.455469  0.639507  0.174477
-0.455469  0.639507  0.174477
-0.455469  0.639507  0.174477
-0.468681  0.656395  1.43974
-0.428691  0.597132  0.486026
-0.586373  0.76399  -0.079913
-0.669172  0.891131  0.269869
-0.417649  0.60228  0.653441
-0.498234  0.722548  -0.203031
-0.669172  0.891131  0.269869
-0.468681  0.656395  1.43974
-0.529117  0.71319  1.03915
-0.468681  0.656395  1.43974
-0.468681  0.656395  1.43974
-0.586373  0.76399  -0.079913
-0.428691  0.597132  0.486026
-0.389089  0.60228  0.524155
-0.417649  0.616842  1.20946
-0.417649  0.616842  1.20946
-0.498234  0.722548  -0.203031
-0.498003  0.71319  0.920086
-0.417649  0.616842  1.20946
-0.417649  0.616842  0.919509
-0.498234  0.722548  -0.203031
-0.468681  0.656395  1.30454
-0.417649  0.616842  1.11797
-0.389089  0.60228  0.524155
-0.455469  0.639507  0.174477
-0.417649  0.60228  0.0738395
-0.498234  0.722548  -0.203031
-0.498234  0.722548  -0.203031
-0.455469  0.639507  0.174477
-0.468681  0.656395  1.43974
-0.394773  0.60228  0.67012
-0.389089  0.60228  0.524155
-0.389089  0.60228  0.524155
-0.468681  0.656395  1.43974
-0.669172  0.891131  0.269869
-0.394773  0.60228  0.67012
-0.417649  0.616842  1.11797
-0.417649  0.60228  0.0738395
-0.417649  0.616842  1.20946
-0.498234  0.722548  -0.203031
-0.468681  0.656395  1.43974
-0.455469  0.639507  0.174477
-0.529117  0.71319  1.03915
-0.586373  0.76399  -0.079913
-0.455469  0.639507  0.174477
-0.417649  0.616842  1.11797
-0.417649  0.616842  1.11797
-0.417649  0.616842  1.11797
-0.389089  0.60228  0.524155
-0.417649  0.616842  1.20946
-0.417649  0.616842  0.919509
-0.417649  0.616842  1.11797
-0.529117  0.71319  1.03915
-0.417649  0.616842  1.20946
-0.455469  0.639507  0.174477
-0.417649  0.616842  1.11797
-0.417649  0.60228  0.323737
-0.586373  0.76399  -0.079913
-0.417649  0.60228  0.0738395
-0.417649  0.616842  1.11797
-0.417649  0.60228  0.653441
-0.417649  0.616842  0.919509
-0.498234  0.722548  -0.203031
-0.540138  0.707918  -0.418775
-0.468681  0.656395  1.43974
-0.455469  0.639507  0.174477
-0.417649  0.616842  1.11797
-0.417649  0.60228  0.0738395
-0.417649  0.616842  0.919509
-0.417649  0.616842  1.11797
-0.498234  0.722548  -0.203031
-0.394773  0.60228  0.67012
-0.389089  0.60228  0.524155
-0.417649  0.610024  0.485727
-0.417649  0.616842  1.11797
-0.455469  0.639507  0.174477
-0.417649  0.60228  0.0738395
-0.540138  0.707918  -0.418775
-0.498234  0.722548  -0.203031
-0.417649  0.616842  1.11797
-0.417649  0.616842  1.20946
-0.389089  0.60228  0.524155
-0.417649  0.616842  1.11797
-0.498234  0.722548  -0.203031
-0.389089  0.60228  0.524155
-0.389089  0.60228  0.524155
-0.41369  0.616246  -0.360716
-0.417649  0.616842  1.11797
-0.428691  0.597132  0.486026
-0.417649  0.616842  1.20946
-0.455469  0.639507  0.174477
-0.455469  0.639507  0.174477
-0.498234  0.722548  -0.203031
-0.669172  0.891131  0.269869
-0.417649  0.616842  1.20946
-0.417649  0.616842  0.919509
-0.455469  0.639507  0.174477
-0.417649  0.616842  1.11797
-0.498003  0.71319  0.920086
-0.389089  0.60228  0.524155
-0.389089  0.60228  0.524155
-0.417649  0.60228  0.0738395
-0.417649  0.60228  0.653441
-0.417649  0.616842  1.11797
-0.43169  0.661601  0.178072
-0.540138  0.707918  -0.418775
-0.468681  0.656395  1.30454
-0.529117  0.71319  1.03915
-0.529117  0.71319  1.03915
-0.468681  0.656395  1.43974
-0.455469  0.639507  0.174477
-0.498234  0.722548  -0.203031
-0.417649  0.616842  1.11797
-0.417649  0.60228  0.653441
-0.468681  0.656395  1.43974
-0.417649  0.616842  1.11797
-0.417649  0.616842  1.20946
-0.529117  0.71319  1.03915
-0.498234  0.722548  -0.203031
-0.455469  0.639507  0.174477
-0.468681  0.656395  1.43974
-0.394773  0.60228  0.67012
-0.498234  0.722548  -0.203031
-0.417649  0.60228  0.653441
-0.389089  0.60228  0.524155
-0.468681  0.656395  1.43974
-0.468681  0.656395  1.43974
-0.498234  0.722548  -0.203031
-0.417649  0.60228  0.653441
-0.498234  0.722548  -0.203031
-0.417649  0.616842  0.919509
-0.417649  0.616842  0.919509
-0.389089  0.60228  0.524155
-0.498234  0.722548  -0.203031
-0.417649  0.616842  1.11797
-0.417649  0.60228  0.653441
-0.417649  0.60228  0.0738395
-0.417649  0.616842  1.20946
-0.455469  0.639507  0.174477
-0.417649  0.60228  0.653441
-0.455469  0.639507  0.174477
-0.417649  0.616842  1.11797
-0.455469  0.639507  0.174477
-0.529117  0.71319  1.03915
-0.417649  0.616842  1.11797
-0.417649  0.616842  0.919509
-0.468681  0.656395  1.43974
-0.389089  0.60228  0.524155
-0.417649  0.60228  0.0738395
-0.468681  0.656395  1.43974
-0.529117  0.71319  1.03915
-0.529117  0.71319  1.03915
-0.468681  0.656395  1.43974
-0.417649  0.616842  1.20946
-0.455469  0.639507  0.174477
-0.394773  0.60228  0.67012
-0.428691  0.597132  0.486026
-0.468681  0.656395  1.43974
-0.540138  0.707918  -0.418775
-0.417649  0.60228  0.653441
-0.417649  0.60228  0.653441
-0.498234  0.722548  -0.203031
-0.529117  0.71319  1.03915
-0.498234  0.722548  -0.203031
-0.455469  0.639507  0.174477
-0.389089  0.60228  0.524155
-0.468681  0.656395  1.43974
-0.669172  0.891131  0.269869
-0.389089  0.60228  0.524155
-0.428691  0.597132  0.486026
-0.498234  0.722548  -0.203031
-0.498234  0.722548  -0.203031
-0.417649  0.616842  1.11797
-0.529117  0.71319  1.03915
-0.417649  0.616842  1.11797
-0.417649  0.60228  0.653441
-0.389089  0.60228  0.524155
-0.394773  0.60228  0.67012
-0.41369  0.616246  -0.360716
-0.428691  0.597132  0.486026
-0.468681  0.656395  1.43974
-0.468681  0.656395  1.43974
-0.455469  0.639507  0.174477
-0.669172  0.891131  0.269869
-0.417649  0.616842  1.11797
-0.428691  0.597132  0.486026
-0.417649  0.616842  1.11797
-0.417649  0.616842  1.11797
-0.468681  0.656395  1.43974
-0.428691  0.597132  0.486026
-0.417649  0.616842  1.20946
-0.498003  0.71319  0.920086
-0.417649  0.616842  0.919509
-0.417649  0.616842  1.11797
-0.498234  0.722548  -0.203031
-0.498234  0.722548  -0.203031
-0.417649  0.616842  1.20946
-0.389089  0.60228  0.524155
-0.394773  0.60228  0.67012
-0.417649  0.616842  1.11797
-0.498234  0.722548  -0.203031
-0.468681  0.656395  1.43974
-0.498234  0.722548  -0.203031
-0.417649  0.616842  1.11797
-0.428691  0.597132  0.486026
-0.529117  0.71319  1.03915
-0.455469  0.639507  0.174477
-0.417649  0.616842  1.11797
-0.417649  0.60228  0.323737
-0.417649  0.616842  0.919509
-0.455469  0.639507  0.174477
-0.417649  0.616842  1.11797
-0.389089  0.60228  0.524155
-0.394773  0.60228  0.67012
-0.417649  0.616842  0.919509
-0.417649  0.616842  1.20946
-0.417649  0.60228  0.0738395
-0.669172  0.891131  0.269869
-0.389089  0.60228  0.524155
-0.417649  0.610024  0.485727
-0.417649  0.60228  0.0738395
-0.540138  0.707918  -0.418775
-0.468681  0.656395  1.43974
-0.417649  0.60228  0.653441
-0.529117  0.71319  1.03915
-0.417649  0.616842  1.11797
-0.468681  0.656395  1.43974
-0.586373  0.76399  -0.079913
-0.669172  0.891131  0.269869
-0.389089  0.60228  0.524155
-0.417649  0.60228  0.653441
-0.455469  0.639507  0.174477
-0.498234  0.722548  -0.203031
-0.498234  0.722548  -0.203031
-0.417649  0.610024  0.485727
-0.669172  0.891131  0.269869
-0.389089  0.60228  0.524155
-0.41369  0.616246  -0.360716
-0.468681  0.656395  1.43974
-0.498003  0.71319  0.920086
-0.468681  0.656395  1.43974
-0.417649  0.616842  1.11797
-0.529117  0.71319  1.03915
-0.417649  0.60228  0.653441
-0.417649  0.616842  0.919509
-0.468681  0.656395  1.43974
-0.498234  0.722548  -0.203031
-0.468681  0.656395  1.43974
-0.455469  0.639507  0.174477
-0.498003  0.71319  0.920086
-0.417649  0.616842  1.20946
-0.389089  0.60228  0.524155
-0.417649  0.616842  0.919509
-0.669172  0.891131  0.269869
-0.586373  0.76399  -0.079913
-0.468681  0.656395  1.43974
-0.468681  0.656395  1.43974
-0.498234  0.722548  -0.203031
-0.498234  0.722548  -0.203031
-0.586373  0.76399  -0.079913
-0.468681  0.656395  1.43974
-0.529117  0.71319  1.03915
-0.428691  0.597132  0.486026
-0.417649  0.616842  1.11797
-0.394773  0.60228  0.67012
-0.468681  0.656395  1.43974
-0.389089  0.60228  0.524155
-0.498234  0.722548  -0.203031
-0.468681  0.656395  1.43974
-0.428691  0.597132  0.486026
-0.417649  0.616842  1.11797
-0.417649  0.60228  0.653441
-0.540138  0.707918  -0.418775
-0.428691  0.597132  0.486026
-0.417649  0.60228  0.485727
-0.468681  0.656395  1.43974
-0.41369  0.616246  -0.360716
-0.417649  0.616842  0.919509
-0.455469  0.639507  0.174477
-0.417649  0.616842  1.20946
-0.468681  0.656395  1.43974
-0.417649  0.60228  0.0738395
-0.428691  0.597132  0.486026
-0.529117  0.71319  1.03915
-0.498234  0.722548  -0.203031
-0.498003  0.71319  0.920086
-0.540138  0.707918  -0.418775
-0.468681  0.656395  1.30454
-0.417649  0.60228  0.653441
-0.389089  0.60228  0.524155
-0.417649  0.60228  0.0738395
-0.498234  0.722548  -0.203031
-0.394773  0.60228  0.67012
-0.669172  0.891131  0.269869
-0.417649  0.616842  1.11797
-0.468681  0.656395  1.43974
-0.498234  0.722548  -0.203031
-0.428691  0.597132  0.486026
-0.461809  0.71319  0.920086
-0.468681  0.656395  1.43974
-0.417649  0.616842  0.919509
-0.417649  0.60228  0.0738395
-0.468681  0.656395  1.43974
-0.468681  0.656395  1.43974
-0.394773  0.60228  0.67012
-0.455469  0.639507  0.174477
-0.417649  0.616842  1.11797
-0.417649  0.60228  0.485727
-0.389089  0.60228  0.524155
-0.417649  0.616842  1.20946
-0.394773  0.60228  0.67012
-0.417649  0.60228  0.653441
-0.428691  0.597132  0.486026
-0.417649  0.616842  1.11797
-0.529117  0.71319  1.03915
-0.498003  0.71319  1.03915
-0.389089  0.60228  0.524155
-0.389089  0.60228  0.524155
-0.417649  0.616842  1.11797
-0.417649  0.616842  1.11797
-0.498003  0.71319  1.03915
-0.498234  0.722548  -0.203031
-0.468681  0.656395  1.43974
-0.540138  0.707918  -0.418775
-0.389089  0.60228  0.524155
-0.417649  0.616842  1.11797
-0.417649  0.616842  1.20946
-0.461809  0.71319  0.920086
-0.417649  0.610024  0.485727
-0.394773  0.60228  0.67012
-0.417649  0.616842  0.919509
-0.394773  0.60228  0.67012
-0.468681  0.656395  1.30454
-0.498234  0.722548  -0.203031
-0.389089  0.60228  0.524155
-0.389089  0.60228  0.524155
-0.389089  0.60228  0.524155
-0.498003  0.71319  0.920086
-0.529117  0.71319  1.03915
-0.468681  0.656395  1.43974
-0.498234  0.722548  -0.203031
-0.498003  0.71319  1.03915
-0.417649  0.616842  1.20946
-0.468681  0.656395  1.43974
-0.417649  0.616842  1.11797
-0.455469  0.639507  0.174477
-0.389089  0.60228  0.524155
-0.417649  0.616842  1.11797
-0.417649  0.60228  0.653441
-0.586373  0.76399  -0.079913
-0.468681  0.656395  1.43974
-0.498234  0.722548  -0.203031
-0.540138  0.707918  -0.418775
-0.468681  0.656395  1.43974
-0.498234  0.722548  -0.203031
-0.540138  0.707918  -0.418775
-0.540138  0.707918  -0.418775
-0.43169  0.661601  0.277683
-0.586373  0.76399  -0.079913
-0.394773  0.60228  0.67012
-0.468681  0.656395  1.43974
-0.417649  0.610024  0.485727
-0.389089  0.60228  0.524155
-0.455469  0.639507  0.174477
-0.417649  0.60228  0.653441
-0.468681  0.656395  1.43974
-0.498234  0.722548  -0.203031
-0.529117  0.71319  1.03915
-0.540138  0.707918  -0.418775
-0.468681  0.656395  1.43974
-0.468681  0.656395  1.43974
-0.417649  0.616842  1.11797
-0.389089  0.60228  0.524155
-0.498234  0.722548  -0.203031
-0.529117  0.71319  1.03915
-0.468681  0.656395  1.43974
-0.455469  0.639507  0.174477
-0.43169  0.661601  0.178072
-0.417649  0.60228  0.485727
-0.540138  0.707918  -0.418775
-0.498234  0.722548  -0.203031
-0.417649  0.616842  1.11797
-0.417649  0.616842  0.919509
-0.529117  0.71319  1.03915
-0.394773  0.60228  0.67012
-0.540138  0.707918  -0.418775
-0.389089  0.60228  0.524155
-0.540138  0.707918  -0.418775
-0.428691  0.597132  0.486026
-0.417649  0.616842  1.11797
-0.498234  0.722548  -0.203031
-0.468681  0.656395  1.43974
-0.498234  0.722548  -0.203031
-0.498234  0.722548  -0.203031
-0.498234  0.722548  -0.203031
-0.498234  0.722548  -0.203031
-0.468681  0.656395  1.43974
-0.417649  0.60228  0.0738395
-0.498234  0.722548  -0.203031
-0.529117  0.71319  1.03915
-0.498234  0.722548  -0.203031
-0.417649  0.616842  1.11797
-0.389089  0.60228  0.524155
-0.417649  0.616842  1.20946
-0.394773  0.60228  0.67012
-0.389089  0.60228  0.524155
-0.498003  0.71319  1.03915
-0.394773  0.60228  0.67012
-0.498234  0.722548  -0.203031
-0.417649  0.60228  0.653441
-0.669172  0.891131  0.269869
-0.529117  0.71319  1.03915
-0.417649  0.616842  0.919509
-0.417649  0.616842  1.11797
-0.669172  0.891131  0.269869
-0.468681  0.656395  1.43974
-0.498003  0.71319  1.03915
-0.389089  0.60228  0.524155
-0.417649  0.616842  0.919509
-0.41369  0.616246  -0.360716
-0.669172  0.891131  0.269869
-0.498234  0.722548  -0.203031
-0.389089  0.60228  0.524155
-0.455469  0.639507  0.174477
-0.417649  0.60228  0.653441
-0.417649  0.616842  1.11797
-0.389089  0.60228  0.524155
-0.394773  0.60228  0.67012
-0.417649  0.616842  1.11797
-0.468681  0.656395  1.43974
-0.417649  0.616842  1.11797
-0.417649  0.60228  0.485727
-0.417649  0.616842  1.11797
-0.455469  0.639507  0.174477
-0.417649  0.616842  1.11797
-0.529117  0.71319  1.03915
-0.417649  0.616842  0.919509
-0.529117  0.71319  1.03915
-0.455469  0.639507  0.174477
-0.428691  0.597132  0.486026
-0.417649  0.616842  1.11797
-0.417649  0.60228  0.653441
-0.417649  0.616842  0.919509
-0.417649  0.616842  0.919509
-0.394773  0.60228  0.67012
-0.417649  0.616842  1.20946
