0.792383  0.299559  -0.854755
0.796545  0.087696  -0.0327971
0.795123  0.253306  0.169174
0.740617  -0.125526  -0.687754
0.795123  0.253306  0.169174
0.734876  0.0531835  -0.202753
0.796545  0.087696  -0.0327971
0.81247  0.439303  -0.594107
0.81247  0.439303  -0.594107
0.81247  0.439303  -0.594107
0.795123  0.253306  0.22982
0.750067  -0.0497136  0.590257
0.740617  -0.125526  -0.687754
0.750067  -0.0497136  0.590257
0.81247  0.439303  -0.594107
0.81247  0.372469  -0.478444
0.81247  0.439303  -0.594107
0.763042  0.10204  -0.444235
0.81247  0.439303  -0.607137
0.81247  0.439303  -0.607137
0.73293  0.0038441  -0.397077
0.73293  0.0038441  -0.397077
0.763042  0.10204  -0.444235
0.73293  0.0038441  -0.397077
0.740617  -0.125526  -0.687754
0.81247  0.372469  -0.478444
0.857895  0.439699  0.350694
0.750067  0.125763  0.315182
0.857895  0.439699  0.66667
0.763042  0.10204  -0.444235
0.81247  0.372469  -0.478444
0.73293  0.0038441  -0.397077
0.81247  0.372469  -0.478444
0.81247  0.439303  -0.607137
0.799366  0.362068  0.150542
0.758255  -0.0683427  0.593615
0.740617  -0.125526  -0.687754
0.73293  0.0038441  -0.397077
0.763042  0.10204  -0.444235
0.917456  0.696437  0.273051
0.81247  0.439303  -0.607137
0.81247  0.178892  -0.441504
0.83364  0.49482  -0.406076
0.792383  0.299559  -0.854755
0.825497  0.465325  0.0496029
0.795123  0.253306  0.169174
0.750067  -0.0497136  0.590257
0.81247  0.372469  -0.478444
0.740617  -0.125526  -0.687754
0.81247  0.439303  -0.607137
0.734876  0.0531835  -0.202753
0.83364  0.49482  -0.406076
0.81247  0.439303  -0.594107
0.83364  0.49482  -0.406076
0.83364  0.49482  -0.406076
0.81247  0.372469  -0.478444
0.81247  0.372469  -0.478444
0.795123  0.253306  0.169174
0.73293  0.0038441  -0.397077
0.763042  0.10204  -0.444235
0.763042  0.10204  -0.444235
0.825497  0.465325  0.0496029
0.81247  0.439303  -0.607137
0.857895  0.439699  0.211969
0.799366  0.362068  0.150542
0.734876  0.0531835  -0.202753
0.73293  0.0038441  -0.397077
0.763042  0.10204  -0.444235
0.81247  0.372469  -0.478444
0.81247  0.372469  -0.478444
0.81247  0.372469  -0.478444
0.795123  0.253306  0.169174
0.83364  0.49482  -0.406076
0.81247  0.439303  -0.607137
0.81247  0.372469  -0.478444
0.81247  0.439303  -0.594107
0.81247  0.372469  -0.478444
0.792383  0.299559  -0.854755
0.763042  0.10204  -0.444235
0.758255  -0.0683427  0.593615
0.763042  0.10204  -0.444235
0.740617  -0.125526  -0.687754
0.81247  0.372469  -0.478444
0.83364  0.49482  -0.406076
0.767882  -0.164497  -0.751815
0.740617  -0.125526  -0.687754
0.795123  0.253306  0.22982
0.795123  0.253306  0.169174
0.857895  0.439699  0.350694
0.73293  0.0038441  -0.397077
0.792383  0.299559  -0.854755
0.83364  0.49482  -0.406076
0.740617  -0.125526  -0.687754
0.763042  0.10204  -0.444235
0.753569  0.00682839  -1.44584
0.763042  0.10204  -0.444235
0.763042  0.10204  -0.444235
0.81247  0.372469  -0.478444
0.824793  0.435658  0.324519
0.763042  0.10204  -0.444235
0.81247  0.372469  -0.478444
0.73293  0.0038441  -0.397077
0.799366  0.362068  0.150542
0.853319  0.627894  -0.0687485
0.83364  0.49482  -0.406076
0.796545  0.087696  -0.0327971
0.763042  0.10204  -0.444235
0.81247  0.439303  -0.607137
0.81247  0.178892  -0.441504
0.750067  0.125763  0.315182
0.789193  0.101007  -0.0212184
0.795123  0.253306  0.169174
0.83364  0.49482  -0.406076
0.83364  0.49482  -0.406076
0.81247  0.372469  -0.478444
0.767882  -0.164497  -0.751815
0.857895  0.439699  0.66667
0.853319  0.627894  -0.0687485
0.763042  0.10204  -0.444235
0.789193  0.101007  -0.0212184
0.83364  0.49482  -0.406076
0.740617  -0.125526  -0.687754
0.763042  0.10204  -0.444235
0.763042  0.10204  -0.444235
0.740617  -0.125526  -0.687754
0.799366  0.362068  0.150542
0.796545  0.087696  -0.0327971
0.81247  0.439303  -0.594107
0.83364  0.49482  -0.406076
0.83364  0.49482  -0.406076
0.81247  0.439303  -0.594107
0.795123  0.253306  0.169174
0.73293  0.0038441  -0.397077
0.81247  0.439303  -0.594107
0.783289  0.0502237  -0.123884
0.825497  0.465325  0.0496029
0.81247  0.372469  -0.478444
0.763042  0.10204  -0.444235
0.73293  0.0038441  -0.397077
0.857895  0.439699  0.66667
0.73293  0.0038441  -0.397077
0.767882  -0.164497  -0.751815
0.763042  0.10204  -0.444235
0.795123  0.253306  0.169174
0.795123  0.253306  0.169174
0.758255  -0.0683427  0.593615
0.825497  0.465325  0.0496029
0.73293  0.0038441  -0.397077
0.824793  0.435658  0.324519
0.857895  0.439699  0.350694
0.857895  0.439699  0.350694
0.795123  0.253306  0.169174
0.81247  0.439303  -0.607137
0.81247  0.372469  -0.478444
0.763042  0.10204  -0.444235
0.767882  -0.164497  -0.751815
0.825497  0.465325  -0.111139
0.795123  0.253306  0.169174
0.763042  0.10204  -0.444235
0.789193  0.101007  -0.0212184
0.81247  0.372469  -0.478444
0.853319  0.627894  -0.0687485
0.789193  0.101007  -0.0212184
0.750067  -0.0497136  0.590257
0.722437  -0.128282  -1.31272
0.796545  0.087696  -0.0327971
0.750067  -0.0497136  0.590257
0.740617  -0.125526  -0.687754
0.81247  0.372469  -0.478444
0.792383  0.299559  -0.854755
0.857895  0.439699  0.350694
0.73293  0.0038441  -0.397077
0.789193  0.101007  -0.0212184
0.83364  0.49482  -0.406076
0.81247  0.439303  -0.594107
0.763042  0.10204  -0.444235
0.73293  0.0038441  -0.397077
0.853319  0.627894  -0.0687485
0.824793  0.435658  0.324519
0.853319  0.627894  -0.0687485
0.795123  0.253306  0.169174
0.783289  0.0502237  -0.123884
0.81247  0.439303  -0.607137
0.740617  -0.125526  -0.687754
0.740617  -0.125526  -0.687754
0.73293  0.0038441  -0.397077
0.73293  0.0038441  -0.397077
0.857895  0.439699  0.350694
0.81247  0.372469  -0.478444
0.857895  0.439699  0.350694
0.763042  0.10204  -0.444235
0.73293  0.0038441  -0.397077
0.763042  0.10204  -0.444235
0.740617  -0.125526  -0.687754
0.857895  0.439699  0.66667
0.857895  0.439699  0.350694
0.753569  0.00682839  -1.44584
0.83364  0.49482  -0.406076
0.857895  0.439699  0.66667
0.81247  0.439303  -0.594107
0.783289  0.0502237  -0.123884
0.81247  0.439303  -0.607137
0.740617  -0.125526  -0.687754
0.73293  0.0038441  -0.397077
0.795123  0.253306  0.169174
0.73293  0.0038441  -0.397077
0.83364  0.49482  -0.406076
0.81247  0.372469  -0.478444
0.81247  0.439303  -0.594107
0.795123  0.253306  0.22982
0.81247  0.439303  -0.594107
0.796545  0.087696  -0.0327971
0.81247  0.439303  -0.594107
0.795123  0.253306  0.169174
0.792383  0.299559  -0.854755
0.763042  0.10204  -0.444235
0.763042  0.10204  -0.444235
0.734876  0.0531835  -0.202753
0.81247  0.439303  -0.607137
0.796545  0.087696  -0.0327971
0.81247  0.439303  -0.607137
0.763042  0.10204  -0.444235
0.750067  0.125763  0.315182
0.825497  0.465325  0.0496029
0.740617  -0.125526  -0.687754
0.857895  0.439699  0.350694
0.763042  0.10204  -0.444235
0.81247  0.439303  -0.594107
0.789193  0.101007  -0.0212184
0.763042  0.10204  -0.444235
0.81247  0.439303  -0.607137
0.795123  0.253306  0.169174
0.796545  0.087696  -0.0327971
0.83364  0.49482  -0.406076
0.857895  0.439699  0.350694
0.799366  0.362068  0.150542
0.73293  0.0038441  -0.397077
0.763042  0.10204  -0.444235
0.750067  -0.0497136  0.590257
0.81247  0.439303  -0.594107
0.763042  0.10204  -0.444235
0.796545  0.087696  -0.0327971
0.753569  0.00682839  -1.44584
0.73293  0.0038441  -0.397077
0.763042  0.10204  -0.444235
0.722437  -0.128282  -0.887008
0.81247  0.439303  -0.594107
0.795123  0.253306  0.169174
0.763042  0.10204  -0.444235
0.753569  0.00682839  -1.44584
0.81247  0.372469  -0.478444
0.796545  0.087696  -0.0327971
0.81247  0.439303  -0.594107
0.789193  0.101007  -0.0212184
0.763042  0.10204  -0.444235
0.81247  0.439303  -0.594107
0.83364  0.49482  -0.406076
0.763042  0.10204  -0.444235
0.740617  -0.125526  -0.687754
0.795123  0.253306  0.169174
0.81247  0.439303  -0.594107
0.763042  0.10204  -0.444235
0.799366  0.362068  0.150542
0.750067  0.125763  0.315182
0.81247  0.178892  -0.441504
0.740617  -0.125526  -0.687754
0.795123  0.253306  0.169174
0.825497  0.465325  0.0496029
0.73293  0.0038441  -0.397077
0.81247  0.372469  -0.478444
0.792383  0.299559  -0.854755
0.722437  -0.128282  -1.31272
0.81247  0.372469  -0.478444
0.73293  0.0038441  -0.397077
0.750067  -0.0497136  0.590257
0.81247  0.372469  -0.478444
0.81247  0.439303  -0.607137
0.763042  0.10204  -0.444235
0.857895  0.439699  0.350694
0.81247  0.372469  -0.478444
0.750067  0.125763  0.315182
0.767882  -0.164497  -0.751815
0.81247  0.439303  -0.594107
0.722437  -0.128282  -1.31272
0.795123  0.253306  0.169174
0.750067  -0.0497136  0.590257
0.740617  -0.125526  -0.687754
0.81247  0.439303  -0.594107
0.763042  0.10204  -0.444235
0.81247  0.372469  -0.478444
0.857895  0.439699  0.350694
0.763042  0.10204  -0.444235
0.763042  0.10204  -0.444235
0.763042  0.10204  -0.444235
0.734876  0.0531835  -0.202753
0.795123  0.253306  0.22982
0.853319  0.627894  -0.0687485
0.81247  0.372469  -0.478444
0.81247  0.372469  -0.478444
0.857895  0.439699  0.350694
0.763042  0.10204  -0.444235
0.83364  0.49482  -0.406076
0.753569  0.00682839  -1.44584
0.73293  0.0038441  -0.397077
0.763042  0.10204  -0.444235
0.792383  0.299559  -0.854755
0.81247  0.178892  -0.441504
0.734876  0.0531835  -0.202753
0.81247  0.372469  -0.478444
0.73293  0.0038441  -0.397077
0.758255  -0.0683427  0.593615
0.763042  0.10204  -0.444235
0.73293  0.0038441  -0.397077
0.734876  0.0531835  -0.202753
0.73293  0.0038441  -0.397077
0.740617  -0.125526  -0.687754
0.73293  0.0038441  -0.397077
0.73293  0.0038441  -0.397077
0.73293  0.0038441  -0.397077
0.81247  0.178892  -0.441504
0.795123  0.253306  0.22982
0.825497  0.465325  0.0496029
0.81247  0.439303  -0.607137
0.857895  0.439699  0.66667
0.81247  0.439303  -0.607137
0.799366  0.362068  0.150542
0.83364  0.49482  -0.406076
0.795123  0.253306  0.169174
0.799366  0.371799  0.150542
0.753569  0.00682839  -1.44584
0.81247  0.439303  -0.607137
0.795123  0.253306  0.169174
0.763042  0.10204  -0.444235
0.73293  0.0038441  -0.397077
0.73293  0.0038441  -0.397077
0.758255  -0.0683427  0.593615
0.73293  0.0038441  -0.397077
0.763042  0.10204  -0.444235
0.763042  0.10204  -0.444235
0.824793  0.435658  0.324519
0.795123  0.253306  0.22982
0.795123  0.253306  0.169174
0.792383  0.299559  -0.854755
0.825497  0.465325  0.0496029
0.857895  0.439699  0.211969
0.83364  0.49482  -0.406076
0.83364  0.49482  -0.406076
0.73293  0.0038441  -0.397077
0.740617  -0.125526  -0.687754
0.783289  0.0502237  -0.123884
0.789193  0.101007  -0.0212184
0.81247  0.439303  -0.594107
0.763042  0.10204  -0.444235
0.792383  0.299559  -0.854755
0.792383  0.299559  -0.854755
0.734876  0.0531835  -0.202753
0.81247  0.178892  -0.441504
0.789193  0.101007  -0.0212184
0.799366  0.362068  0.150542
0.73293  0.0038441  -0.397077
0.799366  0.362068  0.150542
0.734876  0.0531835  -0.202753
0.83364  0.49482  -0.406076
0.83364  0.49482  -0.406076
0.763042  0.10204  -0.444235
0.758255  -0.0683427  0.593615
0.763042  0.10204  -0.444235
0.83364  0.49482  -0.406076
0.792383  0.299559  -0.854755
0.83364  0.49482  -0.406076
0.734876  0.0531835  -0.202753
0.857895  0.439699  0.211969
0.740617  -0.125526  -0.687754
0.767882  -0.164497  -0.751815
0.795123  0.253306  0.169174
0.763042  0.10204  -0.444235
0.758255  -0.0683427  0.593615
0.73293  0.0038441  -0.397077
0.722437  -0.128282  -1.31272
0.860222  0.439699  0.350694
0.734876  0.0531835  -0.202753
0.825497  0.465325  0.0496029
0.83364  0.49482  -0.406076
0.740617  -0.125526  -0.687754
0.763042  0.10204  -0.444235
0.73293  0.0038441  -0.397077
0.81247  0.372469  -0.478444
0.792383  0.299559  -0.854755
0.83364  0.49482  -0.406076
0.763042  0.10204  -0.444235
0.825497  0.465325  0.0496029
0.73293  0.0038441  -0.397077
0.763042  0.10204  -0.444235
0.857895  0.439699  0.350694
0.722437  -0.128282  -1.31272
0.81247  0.372469  -0.478444
0.83364  0.49482  -0.406076
0.722437  -0.128282  -0.887008
0.81247  0.439303  -0.607137
0.824793  0.435658  0.324519
0.763042  0.10204  -0.444235
0.81247  0.178892  -0.441504
0.81247  0.372469  -0.478444
0.722437  -0.128282  -0.887008
0.825497  0.465325  0.0496029
0.83364  0.49482  -0.406076
0.796545  0.087696  -0.0327971
0.799366  0.362068  0.150542
0.722437  -0.128282  -1.31272
0.767882  -0.164497  -0.751815
0.763042  0.10204  -0.444235
0.83364  0.49482  -0.406076
0.795123  0.253306  0.22982
0.763042  0.10204  -0.444235
0.81247  0.178892  -0.441504
0.799366  0.371799  0.150542
0.750067  -0.0497136  0.590257
0.796545  0.087696  -0.0327971
0.763042  0.10204  -0.444235
0.753569  0.00682839  -1.44584
0.750067  -0.0497136  0.590257
0.722437  -0.128282  -1.31272
0.81247  0.439303  -0.607137
0.750067  0.125763  0.315182
0.763042  0.10204  -0.444235
0.81247  0.439303  -0.607137
0.81247  0.439303  -0.594107
0.73293  0.0038441  -0.397077
0.740617  -0.125526  -0.687754
0.734876  0.0531835  -0.202753
0.857895  0.439699  0.66667
0.750067  -0.0497136  0.590257
0.763042  0.10204  -0.444235
0.73293  0.0038441  -0.397077
0.750067  -0.0497136  0.590257
0.734876  0.0531835  -0.202753
0.795123  0.253306  0.169174
0.799366  0.362068  0.150542
0.857895  0.439699  0.350694
0.799366  0.362068  0.150542
0.81247  0.372469  -0.478444
0.857895  0.439699  0.350694
0.763042  0.10204  -0.444235
0.73293  0.0038441  -0.397077
0.824793  0.435658  0.324519
0.857895  0.439699  0.66667
0.763042  0.10204  -0.444235
0.73293  0.0038441  -0.397077
0.789193  0.101007  -0.0212184
0.73293  0.0038441  -0.397077
0.81247  0.372469  -0.478444
0.81247  0.439303  -0.594107
0.796545  0.087696  -0.0327971
0.795123  0.253306  0.169174
0.73293  0.0038441  -0.397077
0.81247  0.439303  -0.607137
0.763042  0.10204  -0.444235
0.81247  0.439303  -0.594107
0.81247  0.372469  -0.478444
0.750067  -0.0497136  0.590257
0.750067  0.125763  0.315182
0.825497  0.465325  0.0496029
0.763042  0.10204  -0.444235
0.857895  0.439699  0.66667
0.73293  0.0038441  -0.397077
0.83364  0.49482  -0.406076
0.81247  0.178892  -0.441504
0.740617  -0.125526  -0.687754
0.740617  -0.125526  -0.687754
0.795123  0.253306  0.169174
0.750067  -0.0497136  0.590257
0.81247  0.372469  -0.478444
0.740617  -0.125526  -0.687754
0.722437  -0.128282  -1.31272
0.740617  -0.125526  -0.687754
0.81247  0.439303  -0.594107
0.789193  0.101007  -0.0212184
0.763042  0.10204  -0.444235
0.796545  0.087696  -0.0327971
0.763042  0.10204  -0.444235
0.81247  0.178892  -0.441504
0.750067  -0.0497136  0.590257
0.795127  0.36426  -0.533516
0.81247  0.372469  -0.478444
0.73293  0.0038441  -0.397077
0.722437  -0.128282  -1.31272
0.796545  0.087696  -0.0327971
0.789193  0.101007  -0.0212184
0.81247  0.372469  -0.478444
0.740617  -0.125526  -0.687754
0.763042  0.10204  -0.444235
0.763042  0.10204  -0.444235
0.763042  0.10204  -0.444235
0.81247  0.439303  -0.607137
0.825497  0.465325  0.0496029
0.73293  0.0038441  -0.397077
0.81247  0.439303  -0.607137
0.753569  0.00682839  -1.44584
0.81247  0.372469  -0.478444
0.81247  0.439303  -0.594107
0.795123  0.253306  0.22982
0.73293  0.0038441  -0.397077
0.799366  0.362068  0.150542
0.799366  0.362068  0.150542
0.763042  0.10204  -0.444235
0.81247  0.372469  -0.478444
0.73293  0.0038441  -0.397077
0.763042  0.10204  -0.444235
0.740617  -0.125526  -0.687754
0.81247  0.439303  -0.594107
0.796545  0.087696  -0.0327971
0.824793  0.435658  0.324519
0.799366  0.362068  0.150542
0.73293  0.0038441  -0.397077
0.753569  0.00682839  -1.44584
0.857895  0.439699  0.350694
0.825497  0.465325  0.0496029
0.81247  0.439303  -0.607137
0.783289  0.0502237  -0.123884
0.763042  0.10204  -0.444235
0.81247  0.372469  -0.478444
0.796545  0.087696  -0.0327971
0.81247  0.178892  -0.441504
0.740617  -0.125526  -0.687754
0.763042  0.10204  -0.444235
0.740617  -0.125526  -0.687754
0.81247  0.439303  -0.607137
0.81247  0.372469  -0.478444
0.767882  -0.164497  -0.751815
0.857895  0.439699  0.350694
0.740617  -0.125526  -0.687754
0.917456  0.696437  0.273051
0.763042  0.10204  -0.444235
0.857895  0.439699  0.66667
0.795123  0.253306  0.169174
0.73293  0.0038441  -0.397077
0.763042  0.10204  -0.444235
0.783289  0.0502237  -0.123884
0.750067  0.125763  0.315182
0.740617  -0.125526  -0.687754
0.792383  0.299559  -0.854755
0.734876  0.0531835  -0.202753
0.83364  0.49482  -0.406076
0.81247  0.372469  -0.478444
0.73293  0.0038441  -0.397077
0.792383  0.299559  -0.854755
0.750067  -0.0497136  0.590257
0.763042  0.10204  -0.444235
0.857895  0.439699  0.211969
0.81247  0.439303  -0.594107
0.73293  0.0038441  -0.397077
0.81247  0.372469  -0.478444
0.795123  0.253306  0.169174
0.758255  -0.0683427  0.593615
0.763042  0.10204  -0.444235
0.857895  0.439699  0.350694
0.795127  0.36426  -0.533516
0.734876  0.0531835  -0.202753
0.81247  0.372469  -0.478444
0.795123  0.253306  0.169174
0.750067  -0.0497136  0.590257
0.795123  0.253306  0.169174
0.763042  0.10204  -0.444235
0.789193  0.101007  -0.0212184
0.789193  0.101007  -0.0212184
0.81247  0.439303  -0.594107
0.83364  0.49482  -0.406076
0.857895  0.439699  0.350694
0.81247  0.439303  -0.594107
0.734876  0.0531835  -0.202753
0.853319  0.627894  -0.0687485
0.796545  0.087696  -0.0327971
0.763042  0.10204  -0.444235
0.73293  0.0038441  -0.397077
0.767882  -0.164497  -0.751815
0.799366  0.362068  0.150542
0.740617  -0.125526  -0.687754
0.789193  0.101007  -0.0212184
0.857895  0.439699  0.350694
0.792383  0.299559  -0.854755
0.740617  -0.125526  -0.687754
0.763042  0.10204  -0.444235
0.763042  0.10204  -0.444235
0.796545  0.087696  -0.0327971
0.857895  0.439699  0.350694
0.722437  -0.128282  -0.887008
0.860222  0.439699  0.350694
0.792383  0.299559  -0.854755
0.824793  0.435658  0.324519
0.799366  0.362068  0.150542
0.795123  0.253306  0.22982
0.83364  0.49482  -0.406076
0.857895  0.439699  0.350694
0.83364  0.49482  -0.406076
0.73293  0.0038441  -0.397077
0.763042  0.10204  -0.444235
0.734876  0.0531835  -0.202753
0.81247  0.439303  -0.607137
0.740617  -0.125526  -0.687754
0.799366  0.362068  0.150542
0.722437  -0.128282  -1.31272
0.825497  0.465325  0.0496029
0.81247  0.372469  -0.478444
0.795123  0.253306  0.169174
0.767882  -0.164497  -0.751815
0.73293  0.0038441  -0.397077
0.753569  0.00682839  -1.44584
0.758255  -0.0683427  0.593615
0.857895  0.439699  0.350694
0.81247  0.372469  -0.478444
0.81247  0.372469  -0.478444
0.799366  0.371799  0.150542
0.83364  0.49482  -0.406076
0.81247  0.372469  -0.478444
0.796545  0.087696  -0.0327971
0.750067  -0.0497136  0.590257
0.81247  0.178892  -0.441504
0.799366  0.362068  0.150542
0.857895  0.439699  0.350694
0.740617  -0.125526  -0.687754
0.795123  0.253306  0.169174
0.796545  0.087696  -0.0327971
0.740617  -0.125526  -0.687754
0.763042  0.10204  -0.444235
0.767882  -0.164497  -0.751815
0.825497  0.465325  0.0496029
0.740617  -0.125526  -0.687754
0.789193  0.101007  -0.0212184
0.740617  -0.125526  -0.687754
0.750067  -0.0497136  0.590257
0.73293  0.0038441  -0.397077
0.81247  0.372469  -0.478444
0.750067  -0.0497136  0.590257
0.799366  0.362068  0.150542
0.767882  -0.164497  -0.751815
0.73293  0.0038441  -0.397077
0.73293  0.0038441  -0.397077
0.796545  0.087696  -0.0327971
0.81247  0.439303  -0.607137
0.81247  0.439303  -0.594107
0.722437  -0.128282  -1.31272
0.73293  0.0038441  -0.397077
0.81247  0.439303  -0.594107
0.795123  0.253306  0.22982
0.825497  0.465325  0.0496029
0.734876  0.0531835  -0.202753
0.857895  0.439699  0.350694
0.792383  0.299559  -0.854755
0.763042  0.10204  -0.444235
0.763042  0.10204  -0.444235
0.792383  0.299559  -0.854755
0.758255  -0.0683427  0.593615
0.740617  -0.125526  -0.687754
0.857895  0.439699  0.350694
0.722437  -0.128282  -1.31272
0.81247  0.439303  -0.594107
0.81247  0.439303  -0.594107
0.81247  0.178892  -0.441504
0.740617  -0.125526  -0.687754
0.789193  0.101007  -0.0212184
0.73293  0.0038441  -0.397077
0.81247  0.439303  -0.594107
0.758255  -0.0683427  0.593615
0.734876  0.0531835  -0.202753
0.763042  0.10204  -0.444235
0.81247  0.439303  -0.607137
0.81247  0.439303  -0.607137
0.750067  -0.0497136  0.590257
0.792383  0.299559  -0.854755
0.824793  0.435658  0.324519
0.81247  0.372469  -0.478444
0.824793  0.435658  0.324519
0.799366  0.362068  0.150542
0.81247  0.178892  -0.441504
0.81247  0.439303  -0.594107
0.796545  0.087696  -0.0327971
0.81247  0.372469  -0.478444
0.796545  0.087696  -0.0327971
0.750067  0.125763  0.315182
0.734876  0.0531835  -0.202753
0.81247  0.372469  -0.478444
0.81247  0.372469  -0.478444
0.734876  0.0531835  -0.202753
0.753569  0.00682839  -1.44584
0.81247  0.372469  -0.478444
0.763042  0.10204  -0.444235
0.767882  -0.164497  -0.751815
0.763042  0.10204  -0.444235
0.83364  0.49482  -0.406076
0.796545  0.087696  -0.0327971
0.795123  0.253306  0.22982
0.81247  0.439303  -0.594107
0.81247  0.372469  -0.478444
0.857895  0.439699  0.66667
0.73293  0.0038441  -0.397077
0.81247  0.372469  -0.478444
0.81247  0.439303  -0.594107
0.81247  0.372469  -0.478444
0.795123  0.253306  0.169174
0.81247  0.439303  -0.594107
0.795123  0.253306  0.169174
0.795123  0.253306  0.22982
0.795123  0.253306  0.169174
0.763042  0.10204  -0.444235
0.81247  0.372469  -0.478444
0.763042  0.10204  -0.444235
0.81247  0.372469  -0.478444
0.81247  0.439303  -0.594107
0.857895  0.439699  0.66667
0.81247  0.372469  -0.478444
0.767882  -0.164497  -0.751815
0.81247  0.372469  -0.478444
0.857895  0.439699  0.350694
0.81247  0.372469  -0.478444
0.81247  0.439303  -0.594107
0.795123  0.253306  0.169174
0.824793  0.435658  0.324519
0.857895  0.439699  0.350694
0.758255  -0.0683427  0.593615
0.763042  0.10204  -0.444235
0.763042  0.10204  -0.444235
0.73293  0.0038441  -0.397077
0.81247  0.372469  -0.478444
0.734876  0.0531835  -0.202753
0.81247  0.439303  -0.594107
0.740617  -0.125526  -0.687754
0.796545  0.087696  -0.0327971
0.795123  0.253306  0.22982
0.767882  -0.164497  -0.751815
0.792383  0.299559  -0.854755
0.81247  0.439303  -0.594107
0.81247  0.439303  -0.594107
0.73293  0.0038441  -0.397077
0.857895  0.439699  0.350694
0.734876  0.0531835  -0.202753
0.81247  0.372469  -0.478444
0.763042  0.10204  -0.444235
0.795123  0.253306  0.169174
0.795123  0.253306  0.22982
0.81247  0.372469  -0.478444
0.81247  0.372469  -0.478444
0.83364  0.49482  -0.406076
0.83364  0.49482  -0.406076
0.824793  0.435658  0.324519
0.740617  -0.125526  -0.687754
0.83364  0.49482  -0.406076
0.857895  0.439699  0.211969
0.740617  -0.125526  -0.687754
0.750067  0.125763  0.315182
0.792383  0.299559  -0.854755
0.792383  0.299559  -0.854755
0.750067  -0.0497136  0.590257
0.83364  0.49482  -0.406076
0.763042  0.10204  -0.444235
0.795123  0.253306  0.169174
0.750067  0.125763  0.315182
0.83364  0.49482  -0.406076
0.81247  0.372469  -0.478444
0.763042  0.10204  -0.444235
0.795123  0.253306  0.169174
0.81247  0.439303  -0.607137
0.857895  0.439699  0.350694
0.857895  0.439699  0.350694
0.740617  -0.125526  -0.687754
0.796545  0.087696  -0.0327971
0.81247  0.439303  -0.607137
0.825497  0.465325  0.0496029
0.83364  0.49482  -0.406076
0.763042  0.10204  -0.444235
0.81247  0.372469  -0.478444
0.83364  0.49482  -0.406076
0.81247  0.372469  -0.478444
0.763042  0.10204  -0.444235
0.734876  0.0531835  -0.202753
0.763042  0.10204  -0.444235
0.763042  0.10204  -0.444235
0.857895  0.439699  0.350694
0.83364  0.49482  -0.406076
0.763042  0.10204  -0.444235
0.763042  0.10204  -0.444235
0.824793  0.435658  0.324519
0.83364  0.49482  -0.406076
0.740617  -0.125526  -0.687754
0.750067  -0.0497136  0.590257
0.73293  0.0038441  -0.397077
0.750067  -0.0497136  0.590257
0.795123  0.253306  0.169174
0.81247  0.439303  -0.607137
0.722437  -0.128282  -1.31272
0.763042  0.10204  -0.444235
0.857895  0.439699  0.350694
0.795123  0.253306  0.169174
0.758255  -0.0683427  0.593615
0.81247  0.439303  -0.594107
0.767882  -0.164497  -0.751815
0.824793  0.435658  0.324519
0.825497  0.465325  0.0496029
0.799366  0.362068  0.150542
0.763042  0.10204  -0.444235
0.81247  0.178892  -0.441504
0.824793  0.435658  0.324519
0.83364  0.49482  -0.406076
0.795123  0.253306  0.169174
0.750067  -0.0497136  0.590257
0.722437  -0.128282  -0.887008
0.750067  0.125763  0.315182
0.81247  0.372469  -0.478444
0.83364  0.49482  -0.406076
0.857895  0.439699  0.211969
0.81247  0.439303  -0.594107
0.81247  0.372469  -0.478444
0.81247  0.372469  -0.478444
0.853319  0.627894  -0.0687485
0.81247  0.372469  -0.478444
0.83364  0.49482  -0.406076
0.825497  0.465325  0.0496029
0.796545  0.087696  -0.0327971
0.795123  0.253306  0.169174
0.73293  0.0038441  -0.397077
0.799366  0.362068  0.150542
0.73293  0.0038441  -0.397077
0.857895  0.439699  0.350694
0.740617  -0.125526  -0.687754
0.767882  -0.164497  -0.751815
0.753569  0.00682839  -1.44584
0.857895  0.439699  0.350694
0.857895  0.439699  0.350694
0.799366  0.362068  0.150542
0.73293  0.0038441  -0.397077
0.825497  0.465325  0.0496029
0.857895  0.439699  0.350694
0.81247  0.439303  -0.594107
0.753569  0.00682839  -1.44584
0.73293  0.0038441  -0.397077
0.740617  -0.125526  -0.687754
0.763042  0.10204  -0.444235
0.795123  0.253306  0.22982
0.740617  -0.125526  -0.687754
0.73293  0.0038441  -0.397077
0.763042  0.10204  -0.444235
0.73293  0.0038441  -0.397077
0.857895  0.439699  0.350694
0.763042  0.10204  -0.444235
0.763042  0.10204  -0.444235
0.83364  0.49482  -0.406076
0.763042  0.10204  -0.444235
0.763042  0.10204  -0.444235
0.734876  0.0531835  -0.202753
0.792383  0.299559  -0.854755
0.795123  0.253306  0.169174
0.857895  0.439699  0.350694
0.734876  0.0531835  -0.202753
0.763042  0.10204  -0.444235
0.81247  0.372469  -0.478444
0.824793  0.435658  0.324519
0.825497  0.465325  0.0496029
0.81247  0.372469  -0.478444
0.795123  0.253306  0.169174
0.81247  0.372469  -0.478444
0.81247  0.372469  -0.478444
0.81247  0.372469  -0.478444
0.83364  0.49482  -0.406076
0.81247  0.439303  -0.594107
0.73293  0.0038441  -0.397077
0.783289  0.0502237  -0.123884
0.763042  0.10204  -0.444235
0.857895  0.439699  0.211969
0.789193  0.101007  -0.0212184
0.81247  0.372469  -0.478444
0.81247  0.372469  -0.478444
0.796545  0.087696  -0.0327971
0.83364  0.49482  -0.406076
0.83364  0.49482  -0.406076
0.795123  0.253306  0.22982
0.81247  0.439303  -0.607137
0.81247  0.439303  -0.594107
0.763042  0.10204  -0.444235
0.763042  0.10204  -0.444235
0.73293  0.0038441  -0.397077
0.857895  0.439699  0.350694
0.758255  -0.0683427  0.593615
0.81247  0.439303  -0.594107
0.81247  0.439303  -0.594107
0.81247  0.439303  -0.607137
0.73293  0.0038441  -0.397077
0.795123  0.253306  0.22982
0.740617  -0.125526  -0.687754
0.857895  0.439699  0.350694
0.81247  0.372469  -0.478444
0.81247  0.439303  -0.607137
0.767882  -0.164497  -0.751815
0.750067  -0.0497136  0.590257
0.792383  0.299559  -0.854755
0.81247  0.439303  -0.607137
0.81247  0.439303  -0.594107
0.763042  0.10204  -0.444235
0.81247  0.439303  -0.594107
0.795123  0.253306  0.22982
0.750067  0.125763  0.315182
0.767882  -0.164497  -0.751815
0.81247  0.372469  -0.478444
0.789193  0.101007  -0.0212184
0.83364  0.49482  -0.406076
0.763042  0.10204  -0.444235
0.763042  0.10204  -0.444235
0.740617  -0.125526  -0.687754
0.81247  0.439303  -0.594107
0.758255  -0.0683427  0.593615
0.81247  0.439303  -0.607137
0.824793  0.435658  0.324519
0.789193  0.101007  -0.0212184
0.73293  0.0038441  -0.397077
0.740617  -0.125526  -0.687754
0.83364  0.49482  -0.406076
0.83364  0.49482  -0.406076
0.740617  -0.125526  -0.687754
0.83364  0.49482  -0.406076
0.789193  0.101007  -0.0212184
0.73293  0.0038441  -0.397077
0.73293  0.0038441  -0.397077
0.73293  0.0038441  -0.397077
0.81247  0.372469  -0.478444
0.799366  0.362068  0.150542
0.763042  0.10204  -0.444235
0.763042  0.10204  -0.444235
0.73293  0.0038441  -0.397077
0.917456  0.696437  0.273051
0.795123  0.253306  0.169174
0.73293  0.0038441  -0.397077
0.740617  -0.125526  -0.687754
0.795123  0.253306  0.169174
0.857895  0.439699  0.66667
0.81247  0.372469  -0.478444
0.857895  0.439699  0.211969
0.73293  0.0038441  -0.397077
0.73293  0.0038441  -0.397077
0.795123  0.253306  0.169174
0.763042  0.10204  -0.444235
0.81247  0.439303  -0.594107
0.81247  0.439303  -0.607137
0.789193  0.101007  -0.0212184
0.73293  0.0038441  -0.397077
0.795123  0.253306  0.169174
0.789193  0.101007  -0.0212184
0.795123  0.253306  0.169174
0.81247  0.439303  -0.594107
0.857895  0.439699  0.350694
0.758255  -0.0683427  0.593615
0.73293  0.0038441  -0.397077
0.763042  0.10204  -0.444235
0.81247  0.439303  -0.594107
0.763042  0.10204  -0.444235
0.81247  0.439303  -0.594107
0.750067  0.125763  0.315182
0.795123  0.253306  0.169174
0.81247  0.439303  -0.594107
0.792383  0.299559  -0.854755
0.857895  0.439699  0.350694
0.81247  0.372469  -0.478444
0.796545  0.087696  -0.0327971
0.81247  0.178892  -0.441504
0.795123  0.253306  0.22982
0.83364  0.49482  -0.406076
0.795123  0.253306  0.169174
0.753569  0.00682839  -1.44584
0.73293  0.0038441  -0.397077
0.789193  0.101007  -0.0212184
0.734876  0.0531835  -0.202753
0.857895  0.439699  0.66667
0.857895  0.439699  0.350694
0.857895  0.439699  0.211969
0.763042  0.10204  -0.444235
0.789193  0.101007  -0.0212184
0.799366  0.362068  0.150542
0.825497  0.465325  0.0496029
0.81247  0.439303  -0.594107
0.81247  0.439303  -0.594107
0.763042  0.10204  -0.444235
0.81247  0.372469  -0.478444
0.792383  0.299559  -0.854755
0.81247  0.439303  -0.607137
0.83364  0.49482  -0.406076
0.857895  0.439699  0.211969
0.750067  -0.0497136  0.590257
0.763042  0.10204  -0.444235
0.792383  0.299559  -0.854755
0.73293  0.0038441  -0.397077
0.750067  -0.0497136  0.590257
0.825497  0.465325  0.0496029
0.857895  0.439699  0.350694
0.81247  0.439303  -0.594107
0.73293  0.0038441  -0.397077
0.83364  0.49482  -0.406076
0.857895  0.439699  0.211969
0.81247  0.439303  -0.594107
0.81247  0.372469  -0.478444
0.795127  0.36426  -0.533516
0.740617  -0.125526  -0.687754
0.783289  0.0502237  -0.123884
0.857895  0.439699  0.350694
