-0.617826  0.824164  0.0976201
-0.589646  0.806074  0.667684
-0.78328  1.02841  -0.106883
-0.533321  0.726875  1.08453
-0.617826  0.824164  0.0976201
-0.526534  0.764214  -0.53343
-0.617826  0.824164  0.0976201
-0.835537  1.04003  1.73288
-0.529033  0.732283  0.375003
-0.52063  0.716698  -0.578743
-0.835537  1.04003  1.41986
-0.534121  0.739691  0.447659
-0.678903  0.886217  -0.62181
-0.78328  1.02841  0.0725398
-0.589646  0.806074  0.667684
-0.617826  0.824164  0.0976201
-0.472408  0.686245  0.617642
-0.533321  0.726875  0.796329
-0.558251  0.806074  0.869627
-0.71641  0.91856  0.145472
-0.5745  0.796782  -0.41358
-0.835537  1.04003  1.41986
-0.484806  0.699795  -0.743471
-0.526534  0.764214  -0.53343
-0.534121  0.739691  0.447659
-0.531183  0.738447  -1.45148
-0.617826  0.824164  0.0976201
-0.678903  0.886217  -0.62181
-0.589231  0.815184  0.545669
-0.835537  1.04003  1.41986
-0.78328  1.02841  -0.106883
-0.589231  0.815184  0.545669
-0.835537  1.04003  1.41986
-0.71641  0.91856  0.145472
-0.534121  0.739691  0.447659
-0.835537  1.04003  1.41986
-0.542023  0.764214  -0.53343
-0.835537  1.04003  1.41986
-0.526534  0.764214  -0.53343
-0.835537  1.04003  1.41986
-0.617826  0.824164  0.0976201
-0.835537  1.04003  1.41986
-0.678903  0.886217  -0.62181
-0.835537  1.04003  1.41986
-0.531183  0.738447  -1.45148
-0.678903  0.886217  -0.62181
-0.617826  0.824164  0.0645216
-0.835537  1.04003  1.73288
-0.589646  0.806074  0.667684
-0.531183  0.738447  -1.45148
-0.835537  1.04003  1.41986
-0.533321  0.726875  0.796329
-0.529033  0.740871  0.291324
-0.835537  1.04003  1.73288
-0.5745  0.796782  -0.41358
-0.835537  1.04003  1.73288
-0.78328  1.02841  -0.106883
-0.589646  0.806074  0.667684
-0.52063  0.716698  -0.306248
-0.617826  0.824164  0.0976201
-0.534121  0.739691  0.447659
-0.589646  0.806074  0.667684
-0.678903  0.886217  -0.62181
-0.589231  0.815184  0.545669
-0.617826  0.824164  0.0976201
-0.71641  0.91856  0.145472
-0.589231  0.815184  0.545669
-0.531183  0.738447  -1.45148
-0.835537  1.04003  1.41986
-0.78328  1.02841  -0.106883
-0.835537  1.04003  1.41986
-0.529033  0.732283  0.375003
-0.472408  0.686245  0.617642
-0.71641  0.91856  0.145472
-0.533321  0.726875  0.796329
-0.835537  1.04003  1.73288
-0.835537  1.04003  1.73288
-0.589231  0.815184  0.545669
-0.835537  1.04003  1.41986
-0.533321  0.726875  0.796329
-0.78328  1.02841  0.0725398
-0.78328  1.02841  -0.106883
-0.5745  0.796782  -0.41358
-0.52063  0.716698  -0.306248
-0.526534  0.711185  -0.53343
-0.531183  0.738447  -1.45148
-0.533321  0.726875  1.08453
-0.678903  0.886217  -0.62181
-0.52063  0.716698  -0.578743
-0.531183  0.738447  -1.45148
-0.624117  0.849513  -0.173051
-0.71641  0.91856  0.145472
-0.835537  1.04003  1.41986
-0.529033  0.740871  0.291324
-0.526534  0.764214  -0.53343
-0.472408  0.686245  0.617642
-0.589646  0.806074  0.667684
-0.529033  0.732283  0.375003
-0.835537  1.04003  1.73288
-0.835537  1.04003  1.41986
-0.533321  0.726875  0.796329
-0.52063  0.716698  -0.578743
-0.617826  0.824164  0.0976201
-0.835537  1.04003  1.73288
-0.71641  0.91856  0.145472
-0.589231  0.815184  0.545669
-0.542023  0.764214  -0.53343
-0.589231  0.815184  0.545669
-0.558251  0.806074  0.869627
-0.835537  1.04003  1.41986
-0.52063  0.716698  -0.578743
-0.533321  0.726875  0.796329
-0.835537  1.04003  1.73288
-0.534121  0.739691  0.447659
-0.531183  0.738447  -1.45148
-0.531183  0.738447  -1.45148
-0.5745  0.796782  -0.41358
-0.617826  0.824164  0.0976201
-0.589231  0.815184  0.545669
-0.533321  0.726875  1.08453
-0.52063  0.716698  -0.306248
-0.835537  1.04003  1.41986
-0.835537  1.04003  1.41986
-0.835537  1.04003  1.41986
-0.617826  0.824164  0.0976201
-0.529033  0.732283  0.375003
-0.534121  0.739691  0.447659
-0.52063  0.716698  -0.578743
-0.835537  1.04003  1.73288
-0.52063  0.716698  -0.358196
-0.835537  1.04003  1.41986
-0.542023  0.764214  -0.53343
-0.533321  0.726875  0.796329
-0.531183  0.738447  -1.45148
-0.835537  1.04003  1.41986
-0.835537  1.04003  1.73288
-0.529033  0.740871  0.291324
-0.542023  0.764214  -0.53343
-0.533321  0.726875  1.08453
-0.78328  1.02841  -0.106883
-0.589231  0.815184  0.545669
-0.589646  0.806074  0.667684
-0.542023  0.764214  -0.53343
-0.529033  0.740871  0.291324
-0.534121  0.739691  0.447659
-0.589646  0.806074  0.667684
-0.835537  1.04003  1.73288
-0.835537  1.04003  1.41986
-0.526534  0.764214  -0.53343
-0.835537  1.04003  1.73288
-0.526534  0.711185  -0.53343
-0.78328  1.02841  0.0725398
-0.589231  0.815184  0.545669
-0.533321  0.726875  0.796329
-0.529033  0.740871  0.291324
-0.534121  0.739691  0.447659
-0.529033  0.740871  0.291324
-0.589231  0.815184  0.545669
-0.542023  0.764214  -0.53343
-0.529033  0.732283  0.375003
-0.533321  0.726875  0.796329
-0.589231  0.815184  0.545669
-0.71641  0.91856  0.145472
-0.533321  0.726875  1.08453
-0.835537  1.04003  1.73288
-0.835537  1.04003  1.41986
-0.589646  0.806074  0.667684
-0.71641  0.91856  0.145472
-0.52063  0.716698  -0.578743
-0.835537  1.04003  1.41986
-0.533321  0.726875  1.08453
-0.526534  0.764214  -0.53343
-0.835537  1.04003  1.41986
-0.52063  0.716698  -0.578743
-0.531183  0.738447  -1.45148
-0.526534  0.764214  -0.53343
-0.533321  0.726875  0.796329
-0.484806  0.699795  -0.743471
-0.484806  0.699795  -0.880664
-0.558251  0.806074  0.869627
-0.589231  0.815184  0.545669
-0.533321  0.726875  1.08453
-0.617826  0.824164  0.0976201
-0.71641  0.91856  0.145472
-0.678903  0.886217  -0.62181
-0.678903  0.886217  -0.62181
-0.589231  0.815184  0.545669
-0.71641  0.91856  0.145472
-0.835537  1.04003  1.73288
-0.52063  0.716698  -0.578743
-0.678903  0.886217  -0.62181
-0.526534  0.764214  -0.53343
-0.529033  0.732283  0.375003
-0.589231  0.815184  0.545669
-0.534121  0.739691  0.447659
-0.52063  0.716698  -0.578743
-0.678903  0.886217  -0.62181
-0.472408  0.686245  0.617642
-0.835537  1.04003  1.73288
-0.529033  0.740871  0.199014
-0.529033  0.740871  0.291324
-0.534121  0.739691  0.447659
-0.5745  0.796782  -0.41358
-0.589231  0.815184  0.545669
-0.52063  0.716698  -0.358196
-0.835537  1.04003  1.41986
-0.472408  0.686245  0.617642
-0.529033  0.732283  0.375003
-0.891873  1.06837  -0.16239
-0.589646  0.806074  0.667684
-0.617826  0.824164  0.0976201
-0.835537  1.04003  1.41986
-0.589646  0.806074  0.667684
-0.484806  0.699795  -0.743471
-0.835537  1.04003  1.73288
-0.678903  0.886217  -0.62181
-0.533321  0.726875  0.796329
-0.52063  0.716698  -0.306248
-0.526534  0.764214  -0.53343
-0.678903  0.886217  -0.62181
-0.78328  1.02841  0.0725398
-0.835537  1.04003  1.41986
-0.617826  0.824164  0.0976201
-0.529033  0.740871  0.291324
-0.589231  0.815184  0.545669
-0.835537  1.04003  1.41986
-0.558251  0.806074  0.869627
-0.835537  1.04003  1.41986
-0.529033  0.740871  0.291324
-0.589231  0.815184  0.545669
-0.835537  1.04003  1.41986
-0.529033  0.740871  0.199014
-0.589231  0.815184  0.545669
-0.617826  0.824164  0.0976201
-0.617826  0.824164  0.0976201
-0.5745  0.796782  0.0695789
-0.835537  1.04003  1.41986
-0.534121  0.739691  0.447659
-0.835537  1.04003  1.41986
-0.678903  0.886217  -0.62181
-0.71641  0.91856  0.145472
-0.835537  1.04003  1.41986
-0.835537  1.04003  1.41986
-0.617826  0.824164  0.0976201
-0.531183  0.738447  -1.45148
-0.835537  1.04003  1.41986
-0.542023  0.764214  -0.53343
-0.835537  1.04003  1.73288
-0.835537  1.04003  1.73288
-0.533321  0.726875  0.796329
-0.617826  0.824164  0.0976201
-0.529033  0.740871  0.291324
-0.78328  1.02841  0.0725398
-0.533321  0.726875  1.08453
-0.71641  0.91856  0.145472
-0.835537  1.04003  1.41986
-0.589646  0.806074  0.667684
-0.529033  0.740871  0.291324
-0.52063  0.716698  -0.306248
-0.835537  1.04003  1.73288
-0.5745  0.796782  -0.41358
-0.835537  1.04003  1.41986
-0.589231  0.815184  0.545669
-0.589646  0.806074  0.667684
-0.534121  0.739691  0.447659
-0.835537  1.04003  1.73288
-0.678903  0.886217  -0.62181
-0.558251  0.806074  0.869627
-0.529033  0.740871  0.291324
-0.678903  0.886217  -0.62181
-0.529033  0.732283  0.375003
-0.589646  0.806074  0.667684
-0.529033  0.740871  0.199014
-0.78328  1.02841  -0.106883
-0.52063  0.716698  -0.578743
-0.589646  0.806074  0.667684
-0.52063  0.716698  -0.306248
-0.52063  0.716698  -0.578743
-0.589231  0.815184  0.545669
-0.71641  0.91856  0.145472
-0.558251  0.806074  0.869627
-0.542023  0.764214  -0.53343
-0.624117  0.849513  -0.173051
-0.835537  1.04003  1.41986
-0.835537  1.04003  1.41986
-0.533321  0.726875  1.08453
-0.835537  1.04003  1.73288
-0.542023  0.764214  -0.53343
-0.529033  0.740871  0.291324
-0.529033  0.732283  0.375003
-0.678903  0.886217  -0.62181
-0.835537  1.04003  1.41986
-0.835537  1.04003  1.41986
-0.589231  0.815184  0.545669
-0.78328  1.02841  -0.106883
-0.589231  0.815184  0.545669
-0.71641  0.91856  0.145472
-0.533321  0.726875  1.08453
-0.835537  1.04003  1.73288
-0.529033  0.740871  0.199014
-0.531183  0.738447  -1.45148
-0.484806  0.699795  -0.743471
-0.835537  1.04003  1.73288
-0.835537  1.04003  1.73288
-0.52063  0.716698  -0.306248
-0.589231  0.815184  0.545669
-0.835537  1.04003  1.73288
-0.589231  0.815184  0.545669
-0.617826  0.824164  0.0976201
-0.589646  0.806074  0.667684
-0.529033  0.740871  0.291324
-0.835537  1.04003  1.73288
-0.835537  1.04003  1.41986
-0.589231  0.815184  0.545669
-0.526534  0.764214  -0.53343
-0.835537  1.04003  1.73288
-0.835537  1.04003  1.41986
-0.891873  1.06837  -0.16239
-0.542023  0.764214  -0.53343
-0.52063  0.716698  -0.306248
-0.835537  1.04003  1.41986
-0.472408  0.686245  0.617642
-0.835537  1.04003  1.41986
-0.624117  0.849513  -0.173051
-0.52063  0.716698  -0.578743
-0.533321  0.726875  1.08453
-0.533321  0.726875  1.08453
-0.835537  1.04003  1.73288
-0.71641  0.91856  0.145472
-0.531183  0.738447  -1.45148
-0.78328  1.02841  -0.106883
-0.835537  1.04003  1.73288
-0.472408  0.686245  0.617642
-0.78328  1.02841  -0.106883
-0.835537  1.04003  1.73288
-0.531183  0.738447  -1.45148
-0.52063  0.716698  -0.578743
-0.472408  0.686245  0.617642
-0.542023  0.764214  -0.53343
-0.835537  1.04003  1.73288
-0.835537  1.04003  1.41986
-0.533321  0.726875  1.08453
-0.617826  0.824164  0.0976201
-0.617826  0.824164  0.0645216
-0.835537  1.04003  1.73288
-0.617826  0.824164  0.0976201
-0.835537  1.04003  1.41986
-0.835537  1.04003  1.41986
-0.529033  0.732283  0.375003
-0.71641  0.91856  0.145472
-0.835537  1.04003  1.73288
-0.531183  0.738447  -1.45148
-0.542023  0.764214  -0.53343
-0.835537  1.04003  1.73288
-0.617826  0.824164  0.0976201
-0.71641  0.91856  0.145472
-0.542023  0.764214  -0.53343
-0.531183  0.738447  -1.45148
-0.835537  1.04003  1.41986
-0.617826  0.824164  0.0976201
-0.542023  0.764214  -0.53343
-0.558251  0.806074  0.869627
-0.835537  1.04003  1.41986
-0.835537  1.04003  1.73288
-0.617826  0.824164  0.0976201
-0.835537  1.04003  1.73288
-0.835537  1.04003  1.41986
-0.678903  0.886217  -0.62181
-0.617826  0.824164  0.0976201
-0.835537  1.04003  1.73288
-0.78328  1.02841  -0.106883
-0.484806  0.699795  -0.880664
-0.534121  0.739691  0.447659
-0.617826  0.824164  0.0976201
-0.835537  1.04003  1.41986
-0.558251  0.806074  0.869627
-0.835537  1.08277  1.41986
-0.526534  0.764214  -0.53343
-0.835537  1.04003  1.73288
-0.78328  1.02841  -0.106883
-0.617826  0.824164  0.0976201
-0.558251  0.806074  0.869627
-0.78328  1.02841  -0.106883
-0.529033  0.740871  0.291324
-0.526534  0.764214  -0.53343
-0.542023  0.764214  -0.53343
-0.71641  0.91856  0.145472
-0.617826  0.824164  0.0976201
-0.624117  0.849513  -0.173051
-0.678903  0.886217  -0.62181
-0.533321  0.726875  0.796329
-0.835537  1.04003  1.41986
-0.678903  0.886217  -0.62181
-0.891873  1.06837  -0.16239
-0.533321  0.726875  0.796329
-0.52063  0.716698  -0.306248
-0.52063  0.716698  -0.306248
-0.529033  0.740871  0.291324
-0.835537  1.04003  1.73288
-0.835537  1.04003  1.41986
-0.52063  0.716698  -0.306248
-0.526534  0.711185  -0.53343
-0.526534  0.711185  -0.53343
-0.589231  0.815184  0.545669
-0.71641  0.91856  0.145472
-0.529033  0.732283  0.375003
-0.798713  0.99222  0.159449
-0.835537  1.04003  1.41986
-0.534121  0.739691  0.447659
-0.835537  1.04003  1.41986
-0.589231  0.815184  0.545669
-0.835537  1.04003  1.73288
-0.52063  0.716698  -0.306248
-0.534121  0.739691  0.447659
-0.835537  1.04003  1.73288
-0.71641  0.91856  0.145472
-0.678903  0.886217  -0.62181
-0.678903  0.886217  -0.62181
-0.589231  0.815184  0.545669
-0.589231  0.815184  0.545669
-0.835537  1.04003  1.41986
-0.542023  0.764214  -0.53343
-0.78328  1.02841  0.0725398
-0.835537  1.04003  1.41986
-0.71641  0.91856  0.145472
-0.835537  1.04003  1.73288
-0.624117  0.849513  -0.173051
-0.835537  1.04003  1.41986
-0.617826  0.824164  0.0976201
-0.484806  0.699795  -0.743471
-0.624117  0.849513  -0.173051
-0.617826  0.824164  0.0976201
-0.678903  0.886217  -0.62181
-0.71641  0.91856  0.145472
-0.52063  0.716698  -0.578743
-0.71641  0.91856  0.145472
-0.835537  1.04003  1.41986
-0.484806  0.699795  -0.743471
-0.835537  1.04003  1.73288
-0.533321  0.726875  0.796329
-0.533321  0.726875  0.796329
-0.472408  0.686245  0.617642
-0.533321  0.726875  0.796329
-0.531183  0.738447  -1.45148
-0.472408  0.686245  0.617642
-0.526534  0.764214  -0.53343
-0.526534  0.711185  -0.53343
-0.533321  0.726875  1.08453
-0.526534  0.764214  -0.53343
-0.472408  0.686245  0.617642
-0.835537  1.04003  1.41986
-0.534121  0.739691  0.447659
-0.558251  0.806074  0.869627
-0.529033  0.740871  0.291324
-0.678903  0.886217  -0.62181
-0.52063  0.716698  -0.578743
-0.835537  1.04003  1.73288
-0.531183  0.738447  -1.45148
-0.835537  1.04003  1.41986
-0.534121  0.739691  0.447659
-0.52063  0.716698  -0.306248
-0.526534  0.711185  -0.53343
-0.472408  0.686245  0.617642
-0.531183  0.738447  -1.45148
-0.835537  1.04003  1.73288
-0.529033  0.740871  0.291324
-0.526534  0.764214  -0.53343
-0.533321  0.726875  0.796329
-0.835537  1.04003  1.41986
-0.52063  0.716698  -0.358196
-0.52063  0.716698  -0.578743
-0.678903  0.886217  -0.62181
-0.531183  0.738447  -1.45148
-0.71641  0.91856  0.145472
-0.531183  0.738447  -1.45148
-0.472408  0.686245  0.617642
-0.835537  1.04003  1.41986
-0.533321  0.726875  1.08453
-0.589231  0.815184  0.545669
-0.533321  0.726875  0.796329
-0.589231  0.815184  0.545669
-0.78328  1.02841  -0.106883
-0.835537  1.04003  1.41986
-0.526534  0.764214  -0.53343
-0.835537  1.04003  1.73288
-0.78328  1.02841  0.0725398
-0.678903  0.886217  -0.62181
-0.624117  0.849513  -0.173051
-0.835537  1.04003  1.73288
-0.472408  0.686245  0.617642
-0.835537  1.04003  1.41986
-0.529033  0.740871  0.291324
-0.835537  1.04003  1.73288
-0.529033  0.740871  0.291324
-0.678903  0.886217  -0.62181
-0.835537  1.04003  1.73288
-0.71641  0.91856  0.145472
-0.529033  0.740871  0.291324
-0.533321  0.726875  1.08453
-0.529033  0.740871  0.291324
-0.558251  0.806074  0.869627
-0.835537  1.04003  1.73288
-0.78328  1.02841  0.0725398
-0.835537  1.04003  1.73288
-0.617826  0.824164  0.0976201
-0.617826  0.824164  0.0976201
-0.558251  0.806074  0.869627
-0.472408  0.686245  0.617642
-0.529033  0.740871  0.199014
-0.529033  0.740871  0.291324
-0.526534  0.764214  -0.53343
-0.835537  1.04003  1.41986
-0.484806  0.699795  -0.743471
-0.531183  0.738447  -1.45148
-0.533321  0.726875  1.08453
-0.526534  0.764214  -0.53343
-0.624117  0.849513  -0.173051
-0.835537  1.04003  1.41986
-0.529033  0.740871  0.291324
-0.589231  0.815184  0.545669
-0.52063  0.716698  -0.358196
-0.835537  1.04003  1.41986
-0.52063  0.716698  -0.578743
-0.52063  0.716698  -0.578743
-0.589231  0.815184  0.545669
-0.617826  0.824164  0.0976201
-0.835537  1.04003  1.73288
-0.589231  0.815184  0.545669
-0.526534  0.764214  -0.53343
-0.835537  1.04003  1.73288
-0.542023  0.764214  -0.53343
-0.78328  1.02841  0.0725398
-0.71641  0.91856  0.145472
-0.891873  1.06837  -0.16239
-0.526534  0.711185  -0.53343
-0.526534  0.764214  -0.53343
-0.533321  0.726875  0.796329
-0.533321  0.726875  0.796329
-0.533321  0.726875  1.08453
-0.835537  1.04003  1.41986
-0.52063  0.716698  -0.358196
-0.52063  0.716698  -0.306248
-0.835537  1.04003  1.73288
-0.835537  1.04003  1.73288
-0.589231  0.815184  0.545669
-0.533321  0.726875  1.08453
-0.52063  0.716698  -0.578743
-0.531183  0.738447  -1.45148
-0.835537  1.04003  1.73288
-0.835537  1.04003  1.41986
-0.526534  0.711185  -0.53343
-0.617826  0.824164  0.0976201
-0.558251  0.806074  0.869627
-0.533321  0.726875  0.796329
-0.835537  1.04003  1.73288
-0.529033  0.740871  0.291324
-0.835537  1.04003  1.73288
-0.835537  1.04003  1.41986
-0.534121  0.739691  0.447659
-0.617826  0.824164  0.0976201
-0.52063  0.716698  -0.578743
-0.5745  0.796782  -0.41358
-0.835537  1.04003  1.41986
-0.534121  0.739691  0.447659
-0.835537  1.04003  1.73288
-0.589231  0.815184  0.545669
-0.533321  0.726875  1.08453
-0.529033  0.732283  0.375003
-0.617826  0.824164  0.0976201
-0.533321  0.726875  0.796329
-0.484806  0.699795  -0.880664
-0.52063  0.716698  -0.578743
-0.678903  0.886217  -0.62181
-0.5745  0.796782  -0.41358
-0.484806  0.699795  -0.743471
-0.678903  0.886217  -0.62181
-0.484806  0.699795  -0.880664
-0.835537  1.04003  1.41986
-0.835537  1.04003  1.41986
-0.484806  0.699795  -0.880664
-0.71641  0.91856  0.145472
-0.531183  0.738447  -1.45148
-0.678903  0.886217  -0.62181
-0.624117  0.849513  -0.173051
-0.533321  0.726875  0.796329
-0.891873  1.06837  -0.16239
-0.678903  0.886217  -0.62181
-0.835537  1.04003  1.41986
-0.617826  0.824164  0.0976201
-0.835537  1.04003  1.73288
-0.533321  0.726875  0.796329
-0.589231  0.815184  0.545669
-0.891873  1.06837  -0.16239
-0.835537  1.04003  1.41986
-0.52063  0.716698  -0.578743
-0.835537  1.04003  1.73288
-0.589231  0.815184  0.545669
-0.589231  0.815184  0.545669
-0.835537  1.04003  1.41986
-0.526534  0.764214  -0.53343
-0.531183  0.738447  -1.45148
-0.835537  1.04003  1.41986
-0.71641  0.91856  0.145472
-0.542023  0.764214  -0.53343
-0.617826  0.824164  0.0645216
-0.589231  0.815184  0.545669
-0.835537  1.04003  1.41986
-0.835537  1.04003  1.73288
-0.52063  0.716698  -0.358196
-0.589646  0.806074  0.667684
-0.534121  0.739691  0.447659
-0.52063  0.716698  -0.578743
-0.472408  0.686245  0.617642
-0.52063  0.716698  -0.358196
-0.526534  0.764214  -0.53343
-0.624117  0.849513  -0.173051
-0.52063  0.716698  -0.306248
-0.542023  0.764214  -0.53343
-0.52063  0.716698  -0.306248
-0.531183  0.738447  -1.45148
-0.835537  1.04003  1.73288
-0.52063  0.716698  -0.306248
-0.531183  0.738447  -1.45148
-0.589646  0.806074  0.667684
-0.533321  0.726875  0.796329
-0.533321  0.726875  1.08453
-0.472408  0.686245  0.617642
-0.678903  0.886217  -0.62181
-0.835537  1.04003  1.41986
-0.835537  1.04003  1.73288
-0.835537  1.04003  1.41986
-0.531183  0.738447  -1.45148
-0.529033  0.740871  0.199014
-0.533321  0.726875  1.08453
-0.533321  0.726875  0.796329
-0.52063  0.716698  -0.578743
-0.835537  1.04003  1.73288
-0.835537  1.04003  1.41986
-0.589646  0.806074  0.667684
-0.589231  0.815184  0.545669
-0.529033  0.740871  0.199014
-0.835537  1.04003  1.41986
-0.526534  0.764214  -0.53343
-0.526534  0.711185  -0.53343
-0.589231  0.815184  0.545669
-0.5745  0.796782  0.0695789
-0.835537  1.04003  1.41986
-0.71641  0.91856  0.145472
-0.835537  1.04003  1.41986
-0.533321  0.726875  1.08453
-0.835537  1.04003  1.73288
-0.52063  0.716698  -0.306248
-0.589646  0.806074  0.667684
-0.835537  1.04003  1.73288
-0.71641  0.91856  0.145472
-0.589231  0.815184  0.545669
-0.542023  0.764214  -0.53343
-0.624117  0.849513  -0.173051
-0.526534  0.764214  -0.53343
-0.835537  1.04003  1.41986
-0.526534  0.764214  -0.53343
-0.835537  1.04003  1.73288
-0.533321  0.726875  1.08453
-0.624117  0.849513  -0.173051
-0.533321  0.726875  0.796329
-0.529033  0.740871  0.199014
-0.835537  1.04003  1.41986
-0.589646  0.806074  0.667684
-0.52063  0.716698  -0.358196
-0.835537  1.04003  1.73288
-0.484806  0.699795  -0.743471
-0.624117  0.849513  -0.173051
-0.78328  1.02841  -0.106883
-0.529033  0.740871  0.291324
-0.835537  1.04003  1.73288
-0.71641  0.91856  0.145472
-0.617826  0.824164  0.0976201
-0.71641  0.91856  0.145472
-0.71641  0.91856  0.145472
-0.472408  0.686245  0.617642
-0.78328  1.02841  0.0725398
-0.589646  0.806074  0.667684
-0.533321  0.726875  1.08453
-0.52063  0.716698  -0.306248
-0.542023  0.764214  -0.53343
-0.589231  0.815184  0.545669
-0.71641  0.91856  0.145472
-0.542023  0.764214  -0.53343
-0.835537  1.04003  1.73288
-0.835537  1.04003  1.41986
-0.529033  0.740871  0.199014
-0.533321  0.726875  0.796329
-0.52063  0.716698  -0.358196
-0.78328  1.02841  0.0725398
-0.835537  1.04003  1.41986
-0.533321  0.726875  1.08453
-0.71641  0.91856  0.145472
-0.678903  0.886217  -0.62181
-0.71641  0.91856  0.145472
-0.78328  1.02841  -0.106883
-0.589231  0.815184  0.545669
-0.542023  0.764214  -0.53343
-0.835537  1.04003  1.73288
-0.533321  0.726875  1.08453
-0.589231  0.815184  0.545669
-0.533321  0.726875  0.796329
-0.529033  0.740871  0.199014
-0.533321  0.726875  0.796329
-0.533321  0.726875  1.08453
-0.617826  0.824164  0.0976201
-0.531183  0.738447  -1.45148
-0.533321  0.726875  1.08453
-0.589231  0.815184  0.545669
-0.531183  0.738447  -1.45148
-0.835537  1.04003  1.73288
-0.835537  1.04003  1.41986
-0.589231  0.815184  0.545669
-0.71641  0.91856  0.145472
-0.533321  0.726875  0.796329
-0.835537  1.04003  1.73288
-0.71641  0.91856  0.145472
-0.5745  0.796782  0.0695789
-0.78328  1.02841  -0.106883
-0.678903  0.886217  -0.62181
-0.835537  1.04003  1.73288
-0.835537  1.04003  1.73288
-0.835537  1.04003  1.41986
-0.835537  1.04003  1.73288
-0.529033  0.740871  0.291324
-0.484806  0.699795  -0.743471
-0.678903  0.886217  -0.62181
-0.835537  1.04003  1.73288
-0.472408  0.686245  0.617642
-0.589231  0.815184  0.545669
-0.529033  0.740871  0.291324
-0.533321  0.726875  0.796329
-0.531183  0.738447  -1.45148
-0.52063  0.716698  -0.306248
-0.624117  0.849513  -0.173051
-0.52063  0.716698  -0.578743
-0.531183  0.738447  -1.45148
-0.835537  1.04003  1.41986
-0.835537  1.04003  1.41986
-0.678903  0.886217  -0.62181
-0.531183  0.738447  -1.45148
-0.484806  0.699795  -0.743471
-0.835537  1.04003  1.41986
-0.534121  0.739691  0.447659
-0.835537  1.04003  1.73288
-0.835537  1.04003  1.41986
-0.52063  0.716698  -0.578743
-0.533321  0.726875  1.08453
-0.835537  1.04003  1.41986
-0.589646  0.806074  0.667684
-0.78328  1.02841  -0.106883
-0.533321  0.726875  0.796329
-0.835537  1.04003  1.41986
-0.617826  0.824164  0.0976201
-0.624117  0.849513  -0.173051
-0.526534  0.764214  -0.53343
-0.678903  0.886217  -0.62181
-0.617826  0.824164  0.0645216
-0.835537  1.04003  1.73288
-0.472408  0.686245  0.617642
-0.529033  0.732283  0.375003
-0.542023  0.764214  -0.53343
-0.835537  1.04003  1.41986
-0.835537  1.04003  1.73288
-0.835537  1.04003  1.41986
-0.624117  0.849513  -0.173051
-0.78328  1.02841  0.0725398
-0.542023  0.764214  -0.53343
-0.835537  1.04003  1.41986
-0.78328  1.02841  -0.106883
-0.529033  0.732283  0.375003
-0.52063  0.716698  -0.306248
-0.78328  1.02841  -0.106883
-0.589646  0.806074  0.667684
-0.835537  1.04003  1.41986
-0.484806  0.699795  -0.743471
-0.624117  0.849513  -0.173051
-0.589231  0.815184  0.545669
-0.678903  0.886217  -0.62181
-0.542023  0.764214  -0.53343
-0.533321  0.726875  1.08453
-0.533321  0.726875  0.796329
-0.526534  0.764214  -0.53343
-0.526534  0.764214  -0.53343
-0.617826  0.824164  0.0645216
-0.533321  0.726875  1.08453
-0.472408  0.686245  0.617642
-0.617826  0.824164  0.0976201
-0.617826  0.824164  0.0976201
-0.529033  0.732283  0.375003
-0.531183  0.738447  -1.45148
-0.589646  0.806074  0.667684
-0.589231  0.815184  0.545669
-0.534121  0.739691  0.447659
-0.835537  1.04003  1.41986
-0.589231  0.815184  0.545669
-0.531183  0.738447  -1.45148
-0.624117  0.849513  -0.173051
-0.835537  1.04003  1.41986
-0.835537  1.04003  1.41986
-0.617826  0.824164  0.0976201
-0.835537  1.04003  1.73288
-0.472408  0.686245  0.617642
-0.835537  1.04003  1.41986
-0.589646  0.806074  0.667684
-0.589231  0.815184  0.545669
-0.52063  0.716698  -0.358196
-0.533321  0.726875  1.08453
-0.617826  0.824164  0.0976201
-0.78328  1.02841  -0.106883
-0.835537  1.04003  1.41986
-0.484806  0.699795  -0.743471
-0.526534  0.764214  -0.53343
-0.542023  0.764214  -0.53343
-0.542023  0.764214  -0.53343
-0.533321  0.726875  1.08453
-0.835537  1.04003  1.41986
-0.71641  0.91856  0.145472
-0.835537  1.04003  1.41986
-0.678903  0.886217  -0.62181
-0.533321  0.726875  1.08453
-0.835537  1.04003  1.73288
-0.835537  1.04003  1.41986
-0.529033  0.732283  0.375003
-0.678903  0.886217  -0.62181
-0.835537  1.04003  1.41986
-0.526534  0.764214  -0.53343
-0.52063  0.716698  -0.358196
-0.531183  0.738447  -1.45148
-0.533321  0.726875  0.796329
-0.558251  0.806074  0.869627
-0.617826  0.824164  0.0645216
-0.589646  0.806074  0.667684
-0.484806  0.699795  -0.743471
-0.835537  1.04003  1.41986
-0.533321  0.726875  1.08453
-0.52063  0.716698  -0.306248
-0.533321  0.726875  0.796329
-0.835537  1.04003  1.73288
-0.835537  1.04003  1.41986
-0.484806  0.699795  -0.743471
-0.71641  0.91856  0.145472
-0.678903  0.886217  -0.62181
-0.526534  0.764214  -0.53343
-0.835537  1.04003  1.73288
-0.617826  0.824164  0.0976201
-0.835537  1.04003  1.41986
-0.531183  0.738447  -1.45148
-0.531183  0.738447  -1.45148
-0.526534  0.764214  -0.53343
-0.835537  1.04003  1.73288
-0.484806  0.699795  -0.743471
-0.78328  1.02841  -0.106883
-0.678903  0.886217  -0.62181
-0.835537  1.04003  1.73288
-0.835537  1.04003  1.73288
-0.529033  0.732283  0.375003
-0.78328  1.02841  -0.106883
-0.678903  0.886217  -0.62181
-0.835537  1.04003  1.41986
-0.542023  0.764214  -0.53343
-0.5745  0.796782  -0.41358
-0.534121  0.739691  0.447659
-0.71641  0.91856  0.145472
-0.71641  0.91856  0.145472
-0.558251  0.806074  0.869627
-0.624117  0.849513  -0.173051
-0.52063  0.716698  -0.358196
-0.835537  1.04003  1.41986
-0.533321  0.726875  1.08453
-0.71641  0.91856  0.145472
-0.529033  0.740871  0.291324
-0.617826  0.824164  0.0976201
-0.589646  0.806074  0.667684
-0.835537  1.04003  1.41986
-0.526534  0.764214  -0.53343
-0.78328  1.02841  -0.106883
-0.589646  0.806074  0.667684
-0.835537  1.04003  1.41986
-0.531183  0.738447  -1.45148
-0.835537  1.04003  1.73288
-0.835537  1.04003  1.73288
-0.78328  1.02841  0.0725398
-0.472408  0.686245  0.617642
-0.534121  0.739691  0.447659
-0.589231  0.815184  0.545669
-0.589646  0.806074  0.667684
-0.835537  1.04003  1.73288
-0.526534  0.711185  -0.53343
-0.52063  0.716698  -0.578743
-0.835537  1.04003  1.41986
-0.678903  0.886217  -0.62181
-0.589646  0.806074  0.667684
-0.589231  0.815184  0.545669
-0.617826  0.824164  0.0645216
-0.472408  0.686245  0.617642
-0.531183  0.738447  -1.45148
-0.835537  1.04003  1.41986
-0.71641  0.91856  0.145472
-0.78328  1.02841  -0.106883
-0.617826  0.824164  0.0645216
-0.526534  0.764214  -0.53343
-0.678903  0.886217  -0.62181
-0.835537  1.04003  1.41986
-0.529033  0.740871  0.291324
-0.484806  0.699795  -0.743471
-0.529033  0.732283  0.375003
-0.589231  0.815184  0.545669
-0.531183  0.738447  -1.45148
-0.835537  1.04003  1.41986
-0.624117  0.849513  -0.173051
-0.531183  0.738447  -1.45148
-0.835537  1.04003  1.41986
-0.531183  0.738447  -1.45148
-0.835537  1.04003  1.41986
-0.835537  1.04003  1.41986
-0.589231  0.815184  0.545669
-0.78328  1.02841  -0.106883
-0.472408  0.686245  0.617642
-0.617826  0.824164  0.0976201
-0.678903  0.886217  -0.62181
-0.52063  0.716698  -0.358196
-0.531183  0.738447  -1.45148
-0.542023  0.764214  -0.53343
-0.78328  1.02841  0.0725398
-0.589231  0.815184  0.545669
-0.835537  1.04003  1.73288
-0.484806  0.699795  -0.743471
-0.533321  0.726875  1.08453
-0.533321  0.726875  1.08453
-0.542023  0.764214  -0.53343
-0.472408  0.686245  0.617642
-0.52063  0.716698  -0.306248
-0.484806  0.699795  -0.743471
-0.52063  0.716698  -0.306248
-0.835537  1.04003  1.73288
-0.52063  0.716698  -0.578743
-0.472408  0.686245  0.617642
-0.529033  0.732283  0.375003
-0.533321  0.726875  1.08453
-0.52063  0.716698  -0.306248
-0.78328  1.02841  0.0725398
-0.542023  0.764214  -0.53343
-0.533321  0.726875  1.08453
-0.52063  0.716698  -0.578743
-0.589646  0.806074  0.667684
-0.835537  1.04003  1.41986
-0.891873  1.06837  -0.16239
-0.617826  0.824164  0.0976201
-0.835537  1.08277  1.41986
-0.835537  1.04003  1.73288
-0.71641  0.91856  0.145472
-0.533321  0.726875  1.08453
-0.891873  1.06837  -0.16239
-0.589646  0.806074  0.667684
-0.624117  0.849513  -0.173051
-0.529033  0.740871  0.291324
-0.526534  0.764214  -0.53343
-0.526534  0.764214  -0.53343
-0.678903  0.886217  -0.62181
-0.533321  0.726875  0.796329
-0.624117  0.849513  -0.173051
-0.529033  0.740871  0.291324
-0.617826  0.824164  0.0976201
-0.526534  0.764214  -0.53343
-0.835537  1.04003  1.41986
-0.835537  1.04003  1.73288
-0.589231  0.815184  0.545669
-0.835537  1.04003  1.41986
-0.71641  0.91856  0.145472
-0.78328  1.02841  -0.106883
-0.624117  0.849513  -0.173051
-0.835537  1.04003  1.41986
-0.52063  0.716698  -0.578743
-0.5745  0.796782  -0.41358
-0.835537  1.04003  1.41986
-0.678903  0.886217  -0.62181
-0.52063  0.716698  -0.578743
-0.835537  1.04003  1.41986
-0.52063  0.716698  -0.578743
-0.542023  0.764214  -0.53343
-0.835537  1.04003  1.41986
-0.617826  0.824164  0.0976201
-0.526534  0.764214  -0.53343
-0.558251  0.806074  0.869627
-0.534121  0.739691  0.447659
-0.533321  0.726875  1.08453
-0.533321  0.726875  0.796329
-0.589646  0.806074  0.667684
-0.835537  1.04003  1.73288
-0.835537  1.04003  1.41986
-0.589231  0.815184  0.545669
-0.484806  0.699795  -0.743471
-0.71641  0.91856  0.145472
-0.542023  0.764214  -0.53343
-0.533321  0.726875  1.08453
