0.401066  1.98526  0.727773
0.401066  1.98526  0.727773
0.42863  -0.208335  -0.157505
0.401066  1.98526  0.727773
0.437693  -0.508329  -0.428574
0.437693  -0.508329  -0.628376
0.401066  1.98526  0.727773
0.422537  -0.813273  0.645795
0.42863  -0.208335  -0.157505
0.42863  -0.208335  -0.157505
0.398675  0.15916  -0.812682
0.42863  -0.208335  -0.157505
0.42863  -0.208335  -0.157505
0.394734  -1.26583  0.667782
0.42863  -0.696192  -0.157505
0.394734  -1.26583  0.667782
0.439203  1.03728  -0.23296
0.424339  -0.38668  0.144134
0.433513  0.806545  0.967488
0.399461  -0.162349  -0.748616
0.399461  -0.162349  -0.748616
0.401066  1.98526  0.727773
0.437693  -0.508329  -0.428574
0.439448  0.375163  0.446431
0.401066  1.98526  0.514547
0.437693  -0.508329  -0.428574
0.437693  -0.508329  -0.428574
0.424339  -0.38668  0.350726
0.42863  -0.696192  -0.157505
0.422537  -0.813273  0.271417
0.433513  0.806545  0.967488
0.399461  -0.227357  -0.768581
0.439448  0.375163  0.446431
0.401066  1.98526  0.727773
0.401066  1.98526  0.727773
0.42863  -0.208335  -0.157505
0.42863  -0.696192  -0.157505
0.398675  0.15916  -0.812682
0.394734  -1.26583  0.667782
0.42863  -0.696192  -0.157505
0.42863  -0.696192  -0.157505
0.394734  -0.958256  0.46996
0.424339  -0.38668  0.144134
0.437693  -0.508329  -0.428574
0.401066  1.98526  0.514547
0.401066  1.98526  0.727773
0.422537  -0.813273  0.271417
0.439448  0.375163  0.446431
0.398675  0.15916  -0.812682
0.398675  0.15916  -0.812682
0.422537  -0.813273  0.271417
0.439448  0.375163  0.446431
0.399461  -0.162349  -0.748616
0.407661  -1.10816  -0.106912
0.437693  -0.508329  -0.428574
0.401066  1.98526  0.727773
0.437693  -0.508329  -0.428574
0.398675  0.15916  -0.812682
0.399461  -0.227357  -0.768581
0.439203  1.03728  -0.23296
0.42863  -0.208335  -0.157505
0.408528  -0.00350247  -0.698923
0.42863  -0.208335  -0.157505
0.422537  -0.813273  0.645795
0.401066  1.98526  0.727773
0.42863  -0.696192  -0.157505
0.42863  -0.208335  -0.157505
0.422537  -0.813273  0.271417
0.398675  0.15916  -0.812682
0.437693  -0.508329  -0.428574
0.422537  -0.813273  0.645795
0.399461  -0.162349  -0.748616
0.42863  -0.208335  -0.157505
0.42863  -0.208335  -0.157505
0.398675  0.15916  -0.812682
0.42863  -0.208335  -0.157505
0.401066  1.98526  0.727773
0.401066  1.98526  0.727773
0.399461  -0.162349  -0.748616
0.42863  -0.696192  -0.157505
0.439203  1.03728  -0.23296
0.401066  1.98526  0.727773
0.401066  1.98526  0.727773
0.42863  -0.696192  -0.157505
0.398675  0.15916  -0.812682
0.422537  -0.813273  0.645795
0.439448  0.375163  0.446431
0.401066  1.98526  0.514547
0.394734  -1.26583  0.667782
0.399461  -0.162349  -0.748616
0.422537  -0.813273  0.645795
0.408528  -0.00350247  -0.499206
0.399461  -0.162349  -0.748616
0.422537  -0.813273  0.645795
0.401066  1.59533  0.581646
0.408528  -0.00350247  -0.499206
0.42863  -0.208335  -0.157505
0.437693  -0.508329  -0.428574
0.42863  -0.696192  -0.157505
0.42863  -0.696192  -0.157505
0.401066  1.98526  0.727773
0.42863  -0.208335  -0.157505
0.401066  1.98526  0.727773
0.401066  1.98526  0.727773
0.437693  -0.508329  -0.428574
0.399461  -0.162349  -0.748616
0.437693  -0.508329  -0.428574
0.422537  -0.813273  0.645795
0.401066  1.98526  0.727773
0.398675  0.15916  -0.812682
0.42863  -0.208335  -0.157505
0.422537  -0.813273  0.645795
0.439448  0.375163  0.446431
0.401066  1.98526  0.727773
0.399461  -0.227357  -0.768581
0.439203  1.03728  -0.23296
0.422537  -0.813273  0.645795
0.401066  1.98526  0.727773
0.399461  -0.162349  -0.748616
0.401066  1.98526  0.727773
0.422537  -0.813273  0.271417
0.401066  1.98526  0.514547
0.398675  0.15916  -0.812682
0.401066  1.98526  0.727773
0.399461  -0.162349  -0.748616
0.42863  -0.208335  -0.157505
0.422537  -0.813273  0.645795
0.42863  -0.208335  -0.157505
0.422537  -0.813273  0.645795
0.399461  -0.162349  -0.748616
0.401066  1.98526  0.727773
0.42863  -0.696192  -0.157505
0.42863  -0.208335  -0.157505
0.399461  -0.227357  -0.768581
0.422537  -0.813273  0.645795
0.424339  -0.38668  0.144134
0.42863  -0.208335  -0.157505
0.422537  -0.813273  0.271417
0.399461  -0.169846  -0.442541
0.424339  -0.38668  0.144134
0.399461  -0.227357  -0.768581
0.398675  0.15916  -0.812682
0.401066  1.98526  0.727773
0.398675  0.15916  -0.812682
0.398675  0.15916  -0.812682
0.398675  0.15916  -0.812682
0.42863  -0.208335  -0.157505
0.399461  -0.162349  -0.748616
0.42863  -0.208335  -0.157505
0.422537  -0.813273  0.645795
0.42863  -0.208335  -0.157505
0.399461  -0.162349  -0.748616
0.399461  -0.227357  -0.768581
0.401066  1.59533  0.581646
0.42863  -0.208335  -0.157505
0.401066  1.98526  0.514547
0.394734  -0.958256  0.46996
0.437693  -0.508329  -0.428574
0.422537  -0.813273  0.645795
0.42863  -0.208335  -0.157505
0.401066  1.98526  0.727773
0.439448  0.375163  0.446431
0.42863  -0.208335  -0.157505
0.399461  -0.162349  -0.748616
0.437693  -0.508329  -0.428574
0.401066  1.98526  0.727773
0.399461  -0.169846  -0.442541
0.394734  -1.26583  0.667782
0.401066  1.98526  0.727773
0.437693  -0.508329  -0.428574
0.439203  1.03728  -0.23296
0.399461  -0.162349  -0.748616
0.399461  -0.162349  -0.748616
0.399461  -0.227357  -0.768581
0.42863  -0.696192  -0.157505
0.42863  -0.696192  -0.157505
0.398675  0.15916  -0.812682
0.401066  1.98526  0.727773
0.398675  0.15916  -0.812682
0.433513  0.806545  0.967488
0.42863  -0.208335  -0.157505
0.42863  -0.696192  -0.157505
0.42863  -0.696192  -0.157505
0.401066  1.98526  0.514547
0.401066  1.98526  0.514547
0.408528  -0.00350247  -0.499206
0.439448  0.375163  0.446431
0.399461  -0.169846  -0.442541
0.437693  -0.508329  -0.628376
0.437693  -0.508329  -0.428574
0.42863  -0.208335  -0.157505
0.424339  -0.38668  0.144134
0.437693  -0.508329  -0.428574
0.399461  -0.162349  -0.748616
0.439203  1.03728  -0.23296
0.401066  1.98526  0.727773
0.401066  1.98526  0.727773
0.42863  -0.208335  -0.157505
0.401066  1.98526  0.727773
0.42863  -0.696192  -0.157505
0.401066  1.98526  0.727773
0.42863  -0.208335  -0.157505
0.422537  -0.813273  0.645795
0.422537  -0.813273  0.645795
0.401066  1.98526  0.727773
0.422537  -0.813273  0.645795
0.42863  -0.208335  -0.157505
0.394734  -0.958256  0.46996
0.42863  -0.208335  -0.157505
0.401066  1.98526  0.727773
0.401066  1.98526  0.727773
0.42863  -0.208335  -0.157505
0.399461  -0.162349  -0.748616
0.399461  -0.162349  -0.748616
0.401066  1.98526  0.727773
0.401066  1.98526  0.727773
0.398675  0.15916  -0.812682
0.398675  0.15916  -0.812682
0.408528  -0.00350247  -0.499206
0.422537  -0.813273  0.271417
0.439203  1.03728  -0.23296
0.399461  -0.227357  -0.768581
0.439203  1.03728  -0.0742487
0.399461  -0.227357  -0.768581
0.439448  0.375163  0.446431
0.42863  -0.208335  -0.157505
0.401066  1.98526  0.727773
0.42863  -0.208335  -0.157505
0.422537  -0.813273  0.645795
0.399461  -0.162349  -0.748616
0.437693  -0.508329  -0.628376
0.42863  -0.208335  -0.157505
0.401066  1.98526  0.727773
0.422537  -0.813273  0.645795
0.42863  -0.696192  -0.157505
0.401066  1.98526  0.514547
0.42863  -0.208335  -0.157505
0.439203  1.03728  -0.23296
0.422537  -0.813273  0.645795
0.398675  0.15916  -0.812682
0.407661  -1.10816  -0.106912
0.401066  1.98526  0.727773
0.399461  -0.227357  -0.768581
0.401066  1.98526  0.727773
0.394734  -0.958256  0.46996
0.399461  -0.169846  -0.442541
0.422537  -0.813273  0.645795
0.407661  -1.10816  -0.106912
0.439203  1.03728  -0.0742487
0.401066  1.98526  0.727773
0.399461  -0.162349  -0.748616
0.401066  1.98526  0.727773
0.422537  -0.813273  0.645795
0.422537  -0.813273  0.645795
0.422537  -0.813273  0.645795
0.42863  -0.208335  -0.157505
0.399461  -0.162349  -0.748616
0.401066  1.98526  0.727773
0.42863  -0.208335  -0.157505
0.399461  -0.227357  -0.768581
0.399461  -0.227357  -0.768581
0.401066  1.98526  0.727773
0.399461  -0.227357  -0.768581
0.401066  1.98526  0.727773
0.401066  1.98526  0.727773
0.401066  1.98526  0.727773
0.399461  -0.227357  -0.768581
0.437693  -0.508329  -0.428574
0.439203  1.03728  -0.23296
0.422537  -0.813273  0.271417
0.42863  -0.696192  -0.157505
0.42863  -0.696192  -0.157505
0.439203  1.03728  -0.23296
0.439448  0.375163  0.446431
0.399461  -0.162349  -0.748616
0.439203  1.03728  -0.23296
0.42863  -0.208335  -0.157505
0.42863  -0.208335  -0.157505
0.399461  -0.227357  -0.768581
0.437693  -0.508329  -0.428574
0.42863  -0.696192  -0.157505
0.401066  1.98526  0.727773
0.437693  -0.508329  -0.428574
0.401066  1.98526  0.727773
0.439203  1.03728  -0.0742487
0.422537  -0.813273  0.271417
0.42863  -0.696192  -0.157505
0.439203  1.03728  -0.23296
0.439448  0.375163  0.446431
0.424339  -0.38668  0.144134
0.422537  -0.813273  0.645795
0.437693  -0.508329  -0.428574
0.399461  -0.162349  -0.748616
0.42863  -0.208335  -0.157505
0.408528  -0.00350247  -0.499206
0.408528  -0.00350247  -0.698923
0.42863  -0.208335  -0.157505
0.42863  -0.696192  -0.157505
0.437693  -0.508329  -0.428574
0.42863  -0.208335  -0.157505
0.408528  -0.00350247  -0.698923
0.401066  1.59533  0.581646
0.398675  0.15916  -0.812682
0.42863  -0.208335  -0.157505
0.398675  0.15916  -0.812682
0.42863  -0.208335  -0.157505
0.424339  -0.38668  0.144134
0.401066  1.98526  0.727773
0.422537  -0.813273  0.271417
0.42863  -0.696192  -0.157505
0.422537  -0.813273  0.645795
0.399461  -0.162349  -0.748616
0.399461  -0.162349  -0.748616
0.399461  -0.227357  -0.768581
0.398675  0.15916  -0.812682
0.42863  -0.696192  -0.157505
0.424339  -0.38668  0.144134
0.399461  -0.169846  -0.442541
0.437693  -0.508329  -0.428574
0.398675  0.15916  -0.812682
0.424339  -0.38668  0.144134
0.401066  1.98526  0.727773
0.401066  1.98526  0.727773
0.424339  -0.38668  0.350726
0.422537  -0.813273  0.645795
0.394734  -1.26583  0.667782
0.42863  -0.208335  -0.157505
0.422537  -0.813273  0.271417
0.437693  -0.508329  -0.428574
0.437693  -0.508329  -0.428574
0.399461  -0.162349  -0.748616
0.398675  0.15916  -0.812682
0.407661  -1.10816  -0.106912
0.401066  1.98526  0.727773
0.408528  -0.00350247  -0.499206
0.433513  0.806545  0.967488
0.433513  0.806545  0.967488
0.424339  -0.38668  0.350726
0.422537  -0.813273  0.271417
0.437693  -0.508329  -0.428574
0.401066  1.98526  0.727773
0.401066  1.98526  0.727773
0.399461  -0.162349  -0.748616
0.399461  -0.162349  -0.748616
0.394734  -0.958256  0.46996
0.399461  -0.227357  -0.768581
0.42863  -0.696192  -0.157505
0.42863  -0.696192  -0.157505
0.401066  1.59533  0.581646
0.424339  -0.602875  0.350726
0.399461  -0.162349  -0.748616
0.422537  -0.813273  0.271417
0.424339  -0.38668  0.350726
0.401066  1.98526  0.727773
0.422537  -0.813273  0.645795
0.422537  -0.813273  0.271417
0.42863  -0.696192  -0.157505
0.398675  0.15916  -0.812682
0.401066  1.98526  0.727773
0.422537  -0.813273  0.271417
0.399461  -0.162349  -0.748616
0.437693  -0.508329  -0.428574
0.437693  -0.508329  -0.628376
0.437693  -0.508329  -0.628376
0.439448  0.375163  0.446431
0.42863  -0.208335  -0.157505
0.422537  -0.813273  0.645795
0.401066  1.98526  0.727773
0.401066  1.98526  0.727773
0.422537  -0.813273  0.645795
0.422537  -0.813273  0.645795
0.399461  -0.162349  -0.748616
0.439203  1.03728  -0.23296
0.424339  -0.38668  0.144134
0.439203  1.03728  -0.23296
0.422537  -0.813273  0.271417
0.422537  -0.813273  0.271417
0.424339  -0.38668  0.144134
0.439203  1.03728  -0.23296
0.401066  1.98526  0.727773
0.42863  -0.208335  -0.157505
0.439203  1.03728  -0.23296
0.399461  -0.227357  -0.768581
0.399461  -0.227357  -0.768581
0.437693  -0.508329  -0.428574
0.439203  1.03728  -0.23296
0.408528  -0.00350247  -0.698923
0.399461  -0.162349  -0.748616
0.401066  1.98526  0.727773
0.399461  -0.162349  -0.748616
0.424339  -0.38668  0.350726
0.42863  -0.208335  -0.157505
0.42863  -0.696192  -0.157505
0.422537  -0.813273  0.645795
0.422537  -0.813273  0.271417
0.42863  -0.208335  -0.157505
0.399461  -0.162349  -0.748616
0.437693  -0.508329  -0.428574
0.42863  -0.696192  -0.157505
0.424339  -0.38668  0.144134
0.399461  -0.169846  -0.442541
0.439448  0.375163  0.446431
0.399461  -0.162349  -0.748616
0.401066  1.98526  0.727773
0.394734  -0.958256  0.46996
0.439448  0.375163  0.446431
0.398675  0.15916  -0.812682
0.399461  -0.162349  -0.748616
0.422537  -0.813273  0.271417
0.439448  0.375163  0.446431
0.42863  -0.696192  -0.157505
0.422537  -0.813273  0.271417
0.437693  -0.508329  -0.428574
0.42863  -0.696192  -0.157505
0.408528  -0.00350247  -0.698923
0.439203  1.03728  -0.23296
0.401066  1.98526  0.727773
0.439203  1.03728  -0.23296
0.399461  -0.169846  -0.442541
0.398675  0.15916  -0.812682
0.437693  -0.508329  -0.428574
0.401066  1.98526  0.727773
0.394734  -1.26583  0.667782
0.401066  1.98526  0.727773
0.42863  -0.696192  -0.157505
0.401066  1.98526  0.727773
0.437693  -0.508329  -0.428574
0.398675  0.15916  -0.812682
0.399461  -0.162349  -0.748616
0.42863  -0.696192  -0.157505
0.399461  -0.169846  -0.442541
0.408528  -0.00350247  -0.499206
0.424339  -0.38668  0.144134
0.424339  -0.38668  0.144134
0.401066  1.98526  0.727773
0.437693  -0.508329  -0.428574
0.401066  1.98526  0.727773
0.401066  1.98526  0.727773
0.398675  0.15916  -0.812682
0.422537  -0.813273  0.645795
0.394734  -0.958256  0.46996
0.399461  -0.227357  -0.768581
0.422537  -0.813273  0.645795
0.439203  1.03728  -0.23296
0.399461  -0.227357  -0.768581
0.422537  -0.813273  0.271417
0.398675  0.15916  -0.812682
0.399461  -0.162349  -0.748616
0.424339  -0.38668  0.144134
0.422537  -0.813273  0.271417
0.399461  -0.227357  -0.768581
0.399461  -0.227357  -0.768581
0.399461  -0.227357  -0.768581
0.42863  -0.696192  -0.157505
0.399461  -0.162349  -0.748616
0.399461  -0.162349  -0.748616
0.401066  1.98526  0.727773
0.42863  -0.208335  -0.157505
0.408528  -0.00350247  -0.698923
0.422537  -0.813273  0.271417
0.408528  -0.00350247  -0.499206
0.439203  1.03728  -0.23296
0.439448  0.375163  0.446431
0.401066  1.98526  0.727773
0.422537  -0.813273  0.645795
0.399461  -0.227357  -0.768581
0.398675  0.15916  -0.812682
0.437693  -0.508329  -0.628376
0.399461  -0.162349  -0.748616
0.437693  -0.508329  -0.628376
0.408528  -0.00350247  -0.698923
0.42863  -0.696192  -0.157505
0.398675  0.15916  -0.812682
0.401066  1.98526  0.727773
0.394734  -0.958256  0.341972
0.401066  1.98526  0.514547
0.408528  -0.00350247  -0.698923
0.401066  1.59533  0.581646
0.439448  0.375163  0.446431
0.401066  1.98526  0.727773
0.42863  -0.696192  -0.157505
0.399461  -0.162349  -0.748616
0.401066  1.98526  0.727773
0.398675  0.15916  -0.812682
0.401066  1.98888  0.242243
0.398675  0.15916  -0.812682
0.433513  0.806545  0.967488
0.437693  -0.508329  -0.628376
0.422537  -0.813273  0.271417
0.401066  1.98526  0.514547
0.399461  -0.169846  -0.442541
0.408528  -0.00350247  -0.499206
0.399461  -0.162349  -0.748616
0.424339  -0.38668  0.144134
0.439203  1.03728  -0.0742487
0.401066  1.98526  0.727773
0.398675  0.15916  -0.812682
0.401066  1.98526  0.727773
0.42863  -0.696192  -0.157505
0.394734  -1.26583  0.667782
0.422537  -0.813273  0.271417
0.399461  -0.169846  -0.442541
0.422537  -0.813273  0.645795
0.399461  -0.162349  -0.748616
0.394734  -0.958256  0.46996
0.422537  -0.813273  0.645795
0.399461  -0.162349  -0.748616
0.398675  0.15916  -0.812682
0.401066  1.98526  0.727773
0.394734  -0.958256  0.46996
0.422537  -0.813273  0.645795
0.408528  -0.00350247  -0.698923
0.401066  1.98526  0.727773
0.399461  -0.162349  -0.748616
0.422537  -0.813273  0.645795
0.439448  0.375163  0.446431
0.399461  -0.227357  -0.768581
0.401066  1.59533  0.581646
0.437693  -0.508329  -0.428574
0.439448  0.375163  0.446431
0.42863  -0.208335  -0.157505
0.437693  -0.508329  -0.428574
0.408528  -0.00350247  -0.698923
0.401066  1.98526  0.727773
0.399461  -0.162349  -0.748616
0.422537  -0.813273  0.271417
0.394734  -1.26583  0.667782
0.42863  -0.208335  -0.157505
0.439448  0.375163  0.446431
0.437693  -0.508329  -0.428574
0.399461  -0.162349  -0.748616
0.401066  1.98526  0.727773
0.401066  1.98526  0.727773
0.401066  1.98526  0.727773
0.42863  -0.208335  -0.157505
0.42863  -0.696192  -0.157505
0.424339  -0.38668  0.144134
0.399461  -0.227357  -0.768581
0.42863  -0.208335  -0.157505
0.401066  1.98526  0.727773
0.42863  -0.696192  -0.157505
0.42863  -0.696192  -0.157505
0.42863  -0.696192  -0.157505
0.408528  -0.00350247  -0.499206
0.439448  0.375163  0.446431
0.399461  -0.162349  -0.748616
0.42863  -0.696192  -0.157505
0.398675  0.15916  -0.812682
0.437693  -0.508329  -0.628376
0.42863  -0.696192  -0.157505
0.422537  -0.813273  0.271417
0.424339  -0.602875  0.350726
0.42863  -0.208335  -0.157505
0.424339  -0.38668  0.350726
0.399461  -0.227357  -0.768581
0.399461  -0.169846  -0.442541
0.398675  0.15916  -0.812682
0.422537  -0.813273  0.271417
0.399461  -0.227357  -0.768581
0.42863  -0.208335  -0.157505
0.399461  -0.169846  -0.442541
0.437693  -0.508329  -0.428574
0.439448  0.375163  0.446431
0.437693  -0.508329  -0.428574
0.437693  -0.508329  -0.428574
0.407661  -1.10816  -0.106912
0.42863  -0.696192  -0.157505
0.42863  -0.696192  -0.157505
0.42863  -0.696192  -0.157505
0.399461  -0.227357  -0.768581
0.439203  1.03728  -0.23296
0.399461  -0.162349  -0.748616
0.42863  -0.696192  -0.157505
0.401066  1.98526  0.727773
0.437693  -0.508329  -0.428574
0.422537  -0.813273  0.271417
0.401066  1.98526  0.727773
0.437693  -0.508329  -0.428574
0.42863  -0.208335  -0.157505
0.42863  -0.208335  -0.157505
0.398675  0.15916  -0.812682
0.398675  0.15916  -0.812682
0.424339  -0.602875  0.350726
0.399461  -0.162349  -0.748616
0.437693  -0.508329  -0.428574
0.399461  -0.169846  -0.442541
0.42863  -0.696192  -0.157505
0.401066  1.98526  0.514547
0.394734  -0.958256  0.341972
0.42863  -0.208335  -0.157505
0.401066  1.98526  0.727773
0.424339  -0.38668  0.144134
0.437693  -0.508329  -0.428574
0.439203  1.03728  -0.23296
0.399461  -0.227357  -0.768581
0.422537  -0.813273  0.645795
0.398675  0.15916  -0.812682
0.408528  -0.00350247  -0.499206
0.42863  -0.208335  -0.157505
0.433513  0.806545  0.967488
0.399461  -0.227357  -0.768581
0.439203  1.03728  -0.23296
0.398675  0.15916  -0.812682
0.437693  -0.508329  -0.428574
0.42863  -0.208335  -0.157505
0.399461  -0.162349  -0.748616
0.401066  1.59533  0.581646
0.42863  -0.696192  -0.157505
0.408528  -0.00350247  -0.499206
0.398675  0.15916  -0.812682
0.42863  -0.696192  -0.157505
0.399461  -0.162349  -0.748616
0.433513  0.806545  0.967488
0.437693  -0.508329  -0.428574
0.401066  1.98526  0.514547
0.398675  0.15916  -0.812682
0.42863  -0.208335  -0.157505
0.424339  -0.38668  0.144134
0.408528  -0.00350247  -0.698923
0.424339  -0.38668  0.144134
0.42863  -0.208335  -0.157505
0.401066  1.98526  0.727773
0.398675  0.15916  -0.812682
0.42863  -0.208335  -0.157505
0.437693  -0.508329  -0.428574
0.401066  1.98526  0.727773
0.42863  -0.696192  -0.157505
0.437693  -0.508329  -0.428574
0.42863  -0.208335  -0.157505
0.398675  0.15916  -0.812682
0.399461  -0.162349  -0.748616
0.408528  -0.00350247  -0.698923
0.42863  -0.208335  -0.157505
0.437693  -0.508329  -0.428574
0.408528  -0.00350247  -0.698923
0.399461  -0.162349  -0.748616
0.422537  -0.813273  0.271417
0.399461  -0.162349  -0.748616
0.439203  1.03728  -0.23296
0.439203  1.03728  -0.23296
0.439203  1.03728  -0.23296
0.408528  -0.00350247  -0.499206
0.407661  -1.10816  -0.106912
0.422537  -0.813273  0.271417
0.398675  0.15916  -0.812682
0.394734  -1.26583  0.667782
0.399461  -0.162349  -0.748616
0.422537  -0.813273  0.271417
0.401066  1.98526  0.727773
0.422537  -0.813273  0.645795
0.42863  -0.696192  -0.157505
0.424339  -0.38668  0.144134
0.408528  -0.00350247  -0.499206
0.399461  -0.162349  -0.748616
0.399461  -0.227357  -0.768581
0.439448  0.375163  0.446431
0.398675  0.15916  -0.812682
0.401066  1.98526  0.727773
0.437693  -0.508329  -0.428574
0.42863  -0.696192  -0.157505
0.42863  -0.208335  -0.157505
0.399461  -0.162349  -0.748616
0.399461  -0.162349  -0.748616
0.399461  -0.169846  -0.442541
0.401066  1.98526  0.727773
0.42863  -0.208335  -0.157505
0.399461  -0.162349  -0.748616
0.399461  -0.162349  -0.748616
0.42863  -0.208335  -0.157505
0.401066  1.98526  0.727773
0.42863  -0.696192  -0.157505
0.399461  -0.162349  -0.748616
0.42863  -0.208335  -0.157505
0.439448  0.375163  0.446431
0.401066  1.98526  0.727773
0.42863  -0.696192  -0.157505
0.437693  -0.508329  -0.428574
0.437693  -0.508329  -0.428574
0.422537  -0.813273  0.645795
0.422537  -0.813273  0.645795
0.422537  -0.813273  0.271417
0.401066  1.98526  0.727773
0.398675  0.15916  -0.812682
0.422537  -0.813273  0.645795
0.437693  -0.508329  -0.428574
0.42863  -0.208335  -0.157505
0.42863  -0.208335  -0.157505
0.422537  -0.813273  0.271417
0.398675  0.15916  -0.812682
0.439203  1.03728  -0.23296
0.433513  0.806545  0.967488
0.42863  -0.208335  -0.157505
0.394734  -0.958256  0.46996
0.422537  -0.813273  0.271417
0.408528  -0.00350247  -0.698923
0.42863  -0.208335  -0.157505
0.437693  -0.508329  -0.428574
0.437693  -0.508329  -0.428574
0.408528  -0.00350247  -0.499206
0.399461  -0.227357  -0.768581
0.424339  -0.602875  0.350726
0.401066  1.98526  0.727773
0.401066  1.98526  0.727773
0.399461  -0.162349  -0.748616
0.422537  -0.813273  0.645795
0.42863  -0.208335  -0.157505
0.439448  0.375163  0.446431
0.399461  -0.162349  -0.748616
0.398675  0.15916  -0.812682
0.394734  -1.26583  0.667782
0.437693  -0.508329  -0.428574
0.437693  -0.508329  -0.428574
0.401066  1.98526  0.727773
0.399461  -0.162349  -0.748616
0.399461  -0.162349  -0.748616
0.399461  -0.169846  -0.442541
0.424339  -0.38668  0.144134
0.439203  1.03728  -0.23296
0.42863  -0.208335  -0.157505
0.399461  -0.162349  -0.748616
0.408528  -0.00350247  -0.499206
0.408528  -0.00350247  -0.499206
0.42863  -0.208335  -0.157505
0.437693  -0.508329  -0.428574
0.42863  -0.208335  -0.157505
0.42863  -0.208335  -0.157505
0.399461  -0.162349  -0.748616
0.439448  0.375163  0.446431
0.439448  0.375163  0.446431
0.42863  -0.696192  -0.157505
0.401066  1.98526  0.727773
0.399461  -0.227357  -0.768581
0.437693  -0.508329  -0.428574
0.422537  -0.813273  0.645795
0.399461  -0.162349  -0.748616
0.437693  -0.508329  -0.428574
0.424339  -0.38668  0.144134
0.42863  -0.696192  -0.157505
0.439203  1.03728  -0.0742487
0.42863  -0.696192  -0.157505
0.439448  0.375163  0.446431
0.42863  -0.208335  -0.157505
0.399461  -0.227357  -0.768581
0.422537  -0.813273  0.645795
0.422537  -0.813273  0.645795
0.399461  -0.227357  -0.768581
0.42863  -0.696192  -0.157505
0.42863  -0.208335  -0.157505
0.422537  -0.813273  0.645795
0.439448  0.375163  0.446431
0.439203  1.03728  -0.23296
0.424339  -0.38668  0.144134
0.399461  -0.227357  -0.768581
0.42863  -0.208335  -0.157505
0.422537  -0.813273  0.271417
0.42863  -0.208335  -0.157505
0.439203  1.03728  -0.23296
0.399461  -0.162349  -0.748616
0.422537  -0.813273  0.271417
0.398675  0.15916  -0.812682
0.394734  -0.958256  0.46996
0.401066  1.98526  0.727773
0.439203  1.03728  -0.23296
0.424339  -0.38668  0.144134
0.399461  -0.169846  -0.442541
0.394734  -1.26583  0.667782
0.422537  -0.813273  0.271417
0.401066  1.98526  0.727773
0.422537  -0.813273  0.645795
0.408528  -0.00350247  -0.698923
0.439203  1.03728  -0.0742487
0.401066  1.98526  0.727773
0.394734  -1.26583  0.667782
0.422537  -0.813273  0.271417
0.42863  -0.208335  -0.157505
0.399461  -0.227357  -0.768581
0.399461  -0.162349  -0.748616
0.42863  -0.208335  -0.157505
0.42863  -0.208335  -0.157505
0.422537  -0.813273  0.271417
0.401066  1.98526  0.727773
0.437693  -0.508329  -0.428574
0.401066  1.98526  0.727773
0.401066  1.98526  0.727773
0.408528  -0.00350247  -0.499206
0.422537  -0.813273  0.271417
0.399461  -0.227357  -0.768581
0.401066  1.98526  0.727773
0.437693  -0.508329  -0.428574
0.401066  1.98526  0.727773
0.439203  1.03728  -0.23296
0.399461  -0.227357  -0.768581
0.42863  -0.696192  -0.157505
0.422537  -0.813273  0.271417
0.422537  -0.813273  0.645795
0.437693  -0.508329  -0.428574
0.401066  1.98526  0.727773
0.42863  -0.696192  -0.157505
0.437693  -0.508329  -0.428574
0.439203  1.03728  -0.23296
0.401066  1.98526  0.727773
0.401066  1.98526  0.727773
0.394734  -0.958256  0.46996
0.401066  1.98526  0.727773
0.437693  -0.508329  -0.428574
0.439203  1.03728  -0.23296
0.399461  -0.227357  -0.768581
0.398675  0.15916  -0.812682
0.42863  -0.696192  -0.157505
0.398675  0.15916  -0.812682
0.394734  -1.26583  0.667782
0.439203  1.03728  -0.23296
0.42863  -0.696192  -0.157505
0.399461  -0.169846  -0.442541
0.399461  -0.162349  -0.748616
0.42863  -0.696192  -0.157505
0.401066  1.98526  0.727773
0.422537  -0.813273  0.645795
0.42863  -0.208335  -0.157505
0.422537  -0.813273  0.645795
0.42863  -0.208335  -0.157505
0.399461  -0.227357  -0.768581
0.401066  1.98526  0.727773
0.422537  -0.813273  0.645795
0.42863  -0.696192  -0.157505
0.42863  -0.208335  -0.157505
0.422537  -0.813273  0.645795
0.437693  -0.508329  -0.428574
0.401066  1.98526  0.727773
0.42863  -0.696192  -0.157505
0.424339  -0.38668  0.350726
0.398675  0.15916  -0.812682
0.394734  -1.26583  0.667782
0.398675  0.15916  -0.812682
0.42863  -0.208335  -0.157505
0.439203  1.03728  -0.23296
0.399461  -0.169846  -0.442541
0.401066  1.98526  0.727773
0.42863  -0.208335  -0.157505
0.437693  -0.508329  -0.428574
0.401066  1.98526  0.727773
0.42863  -0.208335  -0.157505
0.407661  -1.10816  -0.106912
0.439203  1.03728  -0.23296
0.398675  0.15916  -0.812682
0.437693  -0.508329  -0.428574
0.42863  -0.208335  -0.157505
0.42863  -0.696192  -0.157505
0.399461  -0.162349  -0.748616
0.394734  -0.958256  0.46996
0.439203  1.03728  -0.23296
0.401066  1.98526  0.727773
0.439203  1.03728  -0.23296
0.439448  0.375163  0.446431
0.399461  -0.162349  -0.748616
0.401066  1.98526  0.727773
0.399461  -0.162349  -0.748616
0.398675  0.15916  -0.812682
0.394734  -1.26583  0.667782
0.399461  -0.162349  -0.748616
0.398675  0.15916  -0.812682
0.437693  -0.508329  -0.628376
0.401066  1.98526  0.727773
0.439448  0.375163  0.446431
0.401066  1.98526  0.727773
0.439448  0.375163  0.446431
0.433513  0.806545  0.967488
0.439448  0.375163  0.446431
0.42863  -0.696192  -0.157505
0.439203  1.03728  -0.23296
0.422537  -0.813273  0.645795
0.437693  -0.508329  -0.428574
0.401066  1.98526  0.727773
0.422537  -0.813273  0.645795
0.422537  -0.813273  0.271417
0.399461  -0.162349  -0.748616
0.399461  -0.169846  -0.442541
0.42863  -0.208335  -0.157505
0.398675  0.15916  -0.812682
0.401066  1.98526  0.727773
0.424339  -0.38668  0.350726
0.439203  1.03728  -0.23296
0.399461  -0.162349  -0.748616
0.439448  0.375163  0.446431
0.401066  1.98526  0.514547
0.408528  -0.00350247  -0.698923
0.424339  -0.38668  0.144134
0.401066  1.98526  0.727773
0.42863  -0.208335  -0.157505
0.422537  -0.813273  0.271417
0.437693  -0.508329  -0.428574
0.398675  0.15916  -0.812682
0.437693  -0.508329  -0.428574
0.422537  -0.813273  0.271417
0.439448  0.375163  0.446431
0.437693  -0.508329  -0.428574
0.399461  -0.162349  -0.748616
0.394734  -0.958256  0.46996
0.399461  -0.162349  -0.748616
0.437693  -0.508329  -0.428574
0.422537  -0.813273  0.271417
0.439203  1.03728  -0.23296
0.399461  -0.227357  -0.768581
0.399461  -0.162349  -0.748616
0.42863  -0.696192  -0.157505
0.422537  -0.813273  0.645795
0.439448  0.375163  0.446431
0.437693  -0.508329  -0.428574
0.408528  -0.00350247  -0.698923
0.401066  1.98526  0.727773
0.408528  -0.00350247  -0.499206
0.439203  1.03728  -0.23296
0.439203  1.03728  -0.0742487
0.42863  -0.208335  -0.157505
0.422537  -0.813273  0.645795
0.398675  0.15916  -0.812682
0.42863  -0.696192  -0.157505
0.439448  0.375163  0.446431
0.437693  -0.508329  -0.428574
0.408528  -0.00350247  -0.499206
0.401066  1.98526  0.514547
0.401066  1.98526  0.727773
0.42863  -0.208335  -0.157505
0.398675  0.15916  -0.812682
0.42863  -0.208335  -0.157505
0.399461  -0.227357  -0.768581
0.42863  -0.208335  -0.157505
0.42863  -0.208335  -0.157505
0.399461  -0.162349  -0.748616
0.422537  -0.813273  0.645795
0.398675  0.15916  -0.812682
0.408528  -0.00350247  -0.698923
0.437693  -0.508329  -0.428574
0.422537  -0.813273  0.645795
0.424339  -0.38668  0.144134
0.42863  -0.208335  -0.157505
0.399461  -0.162349  -0.748616
0.401066  1.98526  0.727773
0.437693  -0.508329  -0.428574
0.399461  -0.227357  -0.768581
0.394734  -0.958256  0.46996
0.42863  -0.208335  -0.157505
0.401066  1.98526  0.727773
0.394734  -1.26583  0.667782
0.408528  -0.00350247  -0.499206
0.401066  1.98526  0.727773
0.42863  -0.208335  -0.157505
0.439203  1.03728  -0.23296
0.399461  -0.162349  -0.748616
0.433513  0.806545  0.967488
0.422537  -0.813273  0.645795
0.439448  0.375163  0.446431
0.437693  -0.508329  -0.628376
0.439448  0.375163  0.446431
0.439448  0.375163  0.446431
0.422537  -0.813273  0.271417
0.439203  1.03728  -0.23296
0.437693  -0.508329  -0.428574
0.401066  1.98526  0.727773
0.422537  -0.813273  0.271417
0.439203  1.03728  -0.23296
0.399461  -0.162349  -0.748616
0.42863  -0.208335  -0.157505
0.401066  1.98526  0.727773
0.422537  -0.813273  0.271417
0.399461  -0.169846  -0.442541
0.422537  -0.813273  0.271417
0.399461  -0.227357  -0.768581
0.422537  -0.813273  0.645795
0.399461  -0.227357  -0.768581
0.422537  -0.813273  0.645795
0.401066  1.98526  0.727773
0.399461  -0.162349  -0.748616
0.42863  -0.208335  -0.157505
0.422537  -0.813273  0.645795
0.398675  0.15916  -0.812682
0.437693  -0.508329  -0.428574
0.399461  -0.227357  -0.768581
0.408528  -0.00350247  -0.499206
0.424339  -0.38668  0.144134
0.399461  -0.169846  -0.442541
0.422537  -0.813273  0.271417
0.422537  -0.813273  0.645795
0.42863  -0.696192  -0.157505
0.401066  1.98526  0.727773
0.439203  1.03728  -0.23296
0.399461  -0.227357  -0.768581
0.439203  1.03728  -0.23296
0.399461  -0.162349  -0.748616
0.399461  -0.162349  -0.731629
0.401066  1.59533  0.581646
0.401066  1.98526  0.727773
0.401066  1.98526  0.514547
0.42863  -0.208335  -0.157505
0.437693  -0.508329  -0.628376
0.439448  0.375163  0.446431
0.401066  1.98526  0.727773
0.401066  1.98526  0.514547
0.433513  0.806545  0.967488
0.401066  1.98526  0.514547
