0.602481  1.271  -0.311234
0.675344  1.14929  0.442344
0.487235  1.58885  1.02203
0.516021  1.48499  1.02203
0.602481  1.271  -0.311234
0.487235  1.58885  1.02203
0.487235  1.58885  1.03105
0.719655  0.969111  1.0578
0.602481  1.271  -0.311234
0.675344  1.14929  0.442344
0.487235  1.58885  1.03105
0.487235  1.58885  1.02203
0.69806  1.04913  0.0932849
0.487235  1.58885  1.03105
0.487235  1.58885  1.03105
0.487235  1.58885  1.02203
0.487235  1.58885  1.02203
0.487235  1.58885  1.03105
0.516021  1.48499  1.02203
0.487235  1.58885  1.02203
0.602481  1.271  -0.311234
0.602481  1.271  -0.311234
0.487235  1.58885  1.02203
0.487235  1.58885  1.03105
0.487235  1.58885  1.02203
0.487235  1.54706  1.03105
0.675344  1.14929  0.442344
0.487235  1.54706  1.03105
0.625728  1.271  -0.124041
0.487235  1.54706  1.03105
0.487235  1.58885  1.03105
0.487235  1.58885  1.03105
0.675344  1.14929  0.442344
0.487235  1.58885  1.03105
0.487235  1.54706  1.03105
0.487235  1.54706  1.03105
0.487235  1.58885  1.02203
0.586597  1.28218  -0.796597
0.487235  1.58885  1.03105
0.487235  1.58885  1.14423
0.487235  1.58885  1.03105
0.69806  1.04913  0.0932849
0.487235  1.58885  1.03105
0.487235  1.58885  1.03105
0.516021  1.48499  1.02203
0.643739  0.878282  0.13203
0.487235  1.58885  1.02203
0.487235  1.58885  1.02203
0.675344  1.14929  0.442344
0.516021  1.48499  1.02203
0.487235  1.58885  1.14423
0.487235  1.54706  1.03105
0.487235  1.58885  1.03105
0.675344  1.14929  0.442344
0.487235  1.54706  1.03105
0.487235  1.58885  1.02203
0.487235  1.58885  1.14423
0.675344  1.14929  0.442344
0.487235  1.58885  1.14423
0.603831  1.27748  1.54166
0.700771  1.10067  0.262241
0.487235  1.54706  1.03105
0.487235  1.58885  1.14423
0.487235  1.58885  1.03105
0.675344  1.14929  0.442344
0.487235  1.58885  1.03105
0.487235  1.58885  1.02203
0.675344  1.14929  0.442344
0.487235  1.58885  1.03105
0.487235  1.58885  1.03105
0.487235  1.54706  1.03105
0.675344  1.14929  0.442344
0.487235  1.58885  1.03105
0.487235  1.58885  1.02203
0.675344  1.14929  0.442344
0.487235  1.58885  1.03105
0.487235  1.58885  1.14423
0.586597  1.3412  -0.46716
0.487235  1.58885  1.03105
0.487235  1.58885  1.02203
0.487235  1.54706  1.03105
0.675344  1.14929  0.442344
0.487235  1.58885  1.02203
0.487235  1.54706  1.03105
0.487235  1.54706  1.03105
0.675344  1.14929  0.442344
0.586597  1.3412  -0.46716
0.487235  1.58885  1.03105
0.487235  1.58885  1.14423
0.700771  1.08546  0.262241
0.675344  1.14929  0.442344
0.487235  1.54706  1.03105
0.487235  1.58885  1.14423
0.487235  1.58885  1.03105
0.487235  1.58885  1.02203
0.446633  1.66613  0.907251
0.487235  1.58885  1.14423
0.487235  1.58885  1.03263
0.719655  0.969111  0.72356
0.487235  1.54706  1.03105
0.487235  1.58885  1.03105
0.586597  1.3412  -0.46716
0.602481  1.271  -0.311234
0.487235  1.58885  1.03105
0.487235  1.58885  1.02203
0.602481  1.271  -0.311234
0.487235  1.54706  1.03105
0.487235  1.58885  1.03263
0.675344  1.14929  0.442344
0.487235  1.58885  1.02203
0.69806  1.04913  0.0932849
0.499962  1.58885  1.03105
0.487235  1.58885  1.03105
0.516021  1.48499  1.02203
0.487235  1.58885  1.02203
0.69806  1.04913  0.0932849
0.487235  1.58885  1.03105
0.602481  1.271  -0.311234
0.602481  1.271  -0.311234
0.700771  1.08546  0.262241
0.69806  1.04913  0.0932849
0.487235  1.58885  1.03105
0.487235  1.58885  1.02203
0.586597  1.28218  -0.796597
0.516021  1.48499  1.02203
0.604937  1.27547  -0.262568
0.69806  1.04913  0.0932849
0.675344  1.14929  0.442344
0.487235  1.58885  1.03105
0.487235  1.58885  1.03105
0.487235  1.58885  1.03105
0.675344  1.14929  0.442344
0.487235  1.58885  1.02203
0.586597  1.3412  -0.46716
0.487235  1.58885  1.14423
0.487235  1.58885  1.03105
0.487235  1.58885  1.02203
0.487235  1.54706  1.03105
0.516021  1.48499  1.02203
0.487235  1.54706  1.03105
0.499962  1.58885  1.03105
0.69806  1.04913  0.0932849
0.675344  1.14929  0.442344
0.675344  1.14929  0.442344
0.602481  1.271  -0.311234
0.487235  1.54706  1.03105
0.675344  1.14929  0.442344
0.499962  1.58885  1.03105
0.487235  1.58885  1.02203
0.487235  1.58885  1.03105
0.487235  1.54706  1.03105
0.487235  1.58885  1.03105
0.487235  1.58885  1.14423
0.675344  1.14929  0.442344
0.446633  1.66613  0.907251
0.487235  1.58885  1.02203
0.487235  1.58885  1.02203
0.487235  1.58885  1.02203
0.487235  1.58885  1.03105
0.487235  1.58885  1.14423
0.69806  1.04913  0.0932849
0.487235  1.54706  1.03105
0.69806  1.04913  0.0932849
0.602481  1.271  -0.311234
0.487235  1.54706  1.03105
0.719655  0.969111  0.72356
0.516021  1.48499  1.02203
0.487235  1.58885  1.14423
0.446633  1.66613  0.907251
0.602481  1.271  -0.311234
0.487235  1.58885  1.03105
0.487235  1.58885  1.03105
0.516021  1.48499  1.02203
0.487235  1.54706  1.03105
0.487235  1.58885  1.02203
0.487235  1.58885  1.03105
0.487235  1.58885  1.03105
0.487235  1.58885  1.03105
0.487235  1.58885  1.14423
0.602481  1.271  -0.311234
0.487235  1.54706  1.03105
0.675344  1.14929  0.442344
0.602481  1.271  -0.311234
0.700771  1.10067  0.262241
0.719655  0.969111  0.72356
0.675344  1.14929  0.442344
0.487235  1.58885  1.02203
0.487235  1.58885  1.03105
0.487235  1.54706  1.03105
0.487235  1.58885  1.03105
0.487235  1.58885  1.02203
0.487235  1.58885  1.02203
0.602481  1.271  -0.311234
0.472198  1.58885  1.02203
0.487235  1.58885  1.03105
0.487235  1.58885  1.03105
0.69806  1.04913  0.0932849
0.487235  1.54706  1.03105
0.487235  1.58885  1.02203
0.675344  1.14929  0.442344
0.603831  1.27748  1.54166
0.625728  1.271  -0.124041
0.487235  1.54706  1.03105
0.487235  1.54706  1.03105
0.487235  1.54706  1.03105
0.675344  1.14929  0.442344
0.487235  1.58885  1.03105
0.675344  1.14929  0.442344
0.675344  1.14929  0.442344
0.487235  1.58885  1.14423
0.487235  1.58885  1.02203
0.487235  1.58885  1.02203
0.487235  1.58885  1.03105
0.487235  1.54706  1.03105
0.487235  1.54706  1.03105
0.487235  1.58885  1.02203
0.487235  1.58885  1.03263
0.487235  1.54706  1.03105
0.675344  1.14929  0.442344
0.487235  1.58885  1.02203
0.487235  1.54706  1.03105
0.586597  1.3412  -0.46716
0.487235  1.58885  1.03105
0.487235  1.58885  1.14423
0.487235  1.58885  1.02203
0.487235  1.54706  1.03105
0.69806  1.04913  0.0932849
0.487235  1.54706  1.03105
0.487235  1.58885  1.03105
0.487235  1.58885  1.03105
0.700771  1.08546  0.262241
0.487235  1.58885  1.03105
0.625728  1.271  -0.124041
0.69806  1.04913  0.0932849
0.487235  1.58885  1.03105
0.487235  1.58885  1.03105
0.487235  1.54706  1.03105
0.487235  1.58885  1.02203
0.602481  1.271  -0.311234
0.516021  1.48499  1.02203
0.516021  1.48499  1.02203
0.487235  1.58885  1.03105
0.487235  1.58885  1.02203
0.675344  1.14929  0.442344
0.487235  1.58885  1.03105
0.487235  1.58885  1.03105
0.487235  1.54706  1.03105
0.487235  1.58885  1.02203
0.700771  1.08546  0.262241
0.487235  1.58885  1.03105
0.487235  1.58885  1.03105
0.602481  1.271  -0.311234
0.516021  1.48499  1.02203
0.487235  1.58885  1.02203
0.487235  1.58885  1.02203
0.446633  1.66613  0.907251
0.604937  1.27547  -0.262568
0.675344  1.14929  0.442344
0.487235  1.54706  1.03105
0.487235  1.58885  1.02203
0.487235  1.58885  1.02203
0.602481  1.271  -0.311234
0.487235  1.54706  1.03105
0.487235  1.58885  1.03105
0.487235  1.58885  1.14423
0.487235  1.54706  1.03105
0.487235  1.58885  1.14423
0.487235  1.58885  1.03105
0.69806  1.04913  0.0932849
0.487235  1.54706  1.03105
0.487235  1.54706  1.03105
0.446633  1.66613  0.907251
0.675344  1.14929  0.442344
0.487235  1.58885  1.02203
0.487235  1.58885  1.02203
0.586597  1.28218  -0.796597
0.516021  1.48499  1.02203
0.69806  1.04913  0.0932849
0.700771  1.10067  0.262241
0.487235  1.58885  1.03105
0.487235  1.58885  1.03105
0.487235  1.58885  1.14423
0.675344  1.14929  0.442344
0.487235  1.58885  1.03105
0.487235  1.54706  1.03105
0.487235  1.58885  1.02203
0.675344  1.14929  0.442344
0.487235  1.54706  1.03105
0.487235  1.54706  1.03105
0.487235  1.58885  1.03105
0.516021  1.48499  1.02203
0.487235  1.58885  1.02203
0.516021  1.48499  1.02203
0.675344  1.14929  0.442344
0.487235  1.58885  1.03105
0.487235  1.58885  1.02203
0.487235  1.58885  1.14423
0.487235  1.58885  1.03105
0.675344  1.14929  0.442344
0.487235  1.58885  1.14423
0.487235  1.58885  1.02203
0.69806  1.04913  0.0932849
0.472198  1.58885  1.02203
0.602481  1.271  -0.311234
0.487235  1.58885  1.14423
0.69806  1.04913  0.0932849
0.602481  1.271  -0.311234
0.487235  1.54706  1.03105
0.487235  1.58885  1.03105
0.487235  1.58885  1.03105
0.487235  1.54706  1.03105
0.487235  1.58885  1.03105
0.487235  1.58885  1.02203
0.675344  1.14929  0.442344
0.719655  0.969111  1.0578
0.602481  1.271  -0.311234
0.487235  1.54706  1.03105
0.487235  1.58885  1.03105
0.487235  1.58885  1.02203
0.487235  1.58885  1.03105
0.604937  1.27547  -0.262568
0.487235  1.58885  1.03105
0.487235  1.54706  1.03105
0.487235  1.58885  1.03105
0.487235  1.54706  1.03105
0.487235  1.54706  1.03105
0.487235  1.58885  1.02203
0.700771  1.10067  0.262241
0.604937  1.27547  -0.262568
0.487235  1.58885  1.14423
0.487235  1.54706  1.03105
0.487235  1.58885  1.14423
0.487235  1.58885  1.02203
0.487235  1.58885  1.02203
0.487235  1.58885  1.03105
0.586597  1.3412  -0.46716
0.675344  1.14929  0.442344
0.487235  1.54706  1.03105
0.487235  1.58885  1.03105
0.516021  1.48499  1.02203
0.446633  1.66613  0.907251
0.472198  1.58885  1.02203
0.675344  1.14929  0.442344
0.69806  1.04913  0.0932849
0.516021  1.48499  1.02203
0.487235  1.58885  1.14423
0.516021  1.48499  1.02203
0.643739  0.878282  0.13203
0.69806  1.04913  0.0932849
0.675344  1.14929  0.442344
0.487235  1.58885  1.03105
0.487235  1.54706  1.03105
0.487235  1.58885  1.14423
0.69806  1.04913  0.0932849
0.487235  1.58885  1.03105
0.446633  1.66613  0.907251
0.675344  1.14929  0.442344
0.487235  1.58885  1.02203
0.487235  1.54706  1.03105
0.69806  1.04913  0.0932849
0.487235  1.58885  1.02203
0.586597  1.28218  -0.796597
0.487235  1.58885  1.14423
0.487235  1.58885  1.14423
0.446633  1.66613  0.907251
0.487235  1.58885  1.02203
0.487235  1.58885  1.14423
0.487235  1.54706  1.03105
0.675344  1.14929  0.442344
0.516021  1.48499  1.02203
0.719655  0.969111  1.0578
0.487235  1.58885  1.14423
0.487235  1.58885  1.02203
0.69806  1.04913  0.0932849
0.675344  1.14929  0.442344
0.586597  1.28218  -0.796597
0.487235  1.58885  1.02203
0.675344  1.14929  0.442344
0.487235  1.58885  1.03105
0.487235  1.58885  1.02203
0.487235  1.58885  1.03105
0.675344  1.14929  0.442344
0.719655  0.969111  1.0578
0.487235  1.58885  1.03105
0.69806  1.04913  0.0932849
0.603831  1.27748  1.54166
0.487235  1.58885  1.02203
0.675344  1.14929  0.442344
0.487235  1.54706  1.03105
0.487235  1.54706  1.03105
0.487235  1.58885  1.03105
0.675344  1.14929  0.442344
0.487235  1.58885  1.02203
0.487235  1.58885  1.03105
0.487235  1.58885  1.03105
0.516021  1.48499  1.02203
0.487235  1.54706  1.03105
0.487235  1.58885  1.03105
0.586597  1.3412  -0.46716
0.487235  1.58885  1.03105
0.602481  1.271  -0.311234
0.487235  1.58885  1.03105
0.487235  1.58885  1.02203
0.625728  1.271  -0.124041
0.487235  1.58885  1.14423
0.487235  1.58885  1.02203
0.487235  1.58885  1.14423
0.487235  1.58885  1.03105
0.69806  1.04913  0.0932849
0.487235  1.58885  1.02203
0.487235  1.58885  1.14423
0.487235  1.58885  1.03105
0.516021  1.48499  1.02203
0.516021  1.48499  1.02203
0.586597  1.3412  -0.46716
0.487235  1.58885  1.03105
0.719655  0.969111  1.0578
0.487235  1.58885  1.03105
0.487235  1.54706  1.03105
0.719655  0.969111  0.72356
0.602481  1.271  -0.311234
0.516021  1.48499  1.02203
0.487235  1.58885  1.03105
0.586597  1.3412  -0.46716
0.487235  1.58885  1.03263
0.675344  1.14929  0.442344
0.487235  1.54706  1.03105
0.586597  1.3412  -0.46716
0.487235  1.58885  1.03105
0.625728  1.271  -0.124041
0.602481  1.271  -0.311234
0.487235  1.58885  1.03105
0.487235  1.58885  1.03105
0.586597  1.3412  -0.46716
0.487235  1.58885  1.03105
0.487235  1.58885  1.03105
0.487235  1.58885  1.03105
0.69806  1.04913  0.0932849
0.446633  1.66613  0.907251
0.487235  1.58885  1.03105
0.700771  1.10067  0.262241
0.487235  1.58885  1.14423
0.675344  1.14929  0.442344
0.586597  1.28218  -0.796597
0.675344  1.14929  0.442344
0.487235  1.58885  1.03105
0.487235  1.58885  1.02203
0.499962  1.58885  1.03105
0.487235  1.58885  1.03105
0.487235  1.58885  1.02203
0.719655  0.969111  0.72356
0.487235  1.58885  1.03105
0.586597  1.3412  -0.46716
0.602481  1.271  -0.311234
0.487235  1.54706  1.03105
0.487235  1.58885  1.14423
0.675344  1.14929  0.442344
0.487235  1.58885  1.14423
0.487235  1.58885  1.14423
0.700771  1.10067  0.262241
0.69806  1.04913  0.0932849
0.675344  1.14929  0.442344
0.446633  1.66613  0.907251
0.487235  1.54706  1.03105
0.499962  1.58885  1.03105
0.472198  1.58885  1.02203
0.487235  1.58885  1.03105
0.586597  1.28218  -0.796597
0.487235  1.58885  1.14423
0.602481  1.271  -0.311234
0.487235  1.58885  1.14423
0.487235  1.58885  1.02203
0.499962  1.58885  1.03105
0.487235  1.58885  1.02203
0.487235  1.58885  1.03105
0.487235  1.58885  1.03105
0.675344  1.14929  0.442344
0.69806  1.04913  0.0932849
0.487235  1.58885  1.03105
0.487235  1.54706  1.03105
0.487235  1.54706  1.03105
0.487235  1.58885  1.03105
0.586597  1.3412  -0.46716
0.487235  1.58885  1.14423
0.487235  1.54706  1.03105
0.487235  1.58885  1.14423
0.487235  1.58885  1.02203
0.675344  1.14929  0.442344
0.487235  1.54706  1.03105
0.487235  1.58885  1.02203
0.487235  1.58885  1.03105
0.586597  1.28218  -0.796597
0.487235  1.58885  1.14423
0.602481  1.271  -0.311234
0.487235  1.54706  1.03105
0.487235  1.58885  1.14423
0.487235  1.58885  1.03105
0.487235  1.54706  1.03105
0.487235  1.58885  1.02203
0.487235  1.58885  1.03105
0.675344  1.14929  0.442344
0.69806  1.04913  0.0932849
0.69806  1.04913  0.0932849
0.487235  1.58885  1.03105
0.487235  1.58885  1.14423
0.487235  1.58885  1.03105
0.487235  1.54706  1.03105
0.487235  1.58885  1.02203
0.487235  1.58885  1.03105
0.487235  1.54706  1.03105
0.675344  1.14929  0.442344
0.586597  1.3412  -0.46716
0.487235  1.58885  1.03105
0.675344  1.14929  0.442344
0.487235  1.58885  1.02203
0.487235  1.58885  1.14423
0.487235  1.58885  1.14423
0.675344  1.14929  0.442344
0.516021  1.48499  1.02203
0.675344  1.14929  0.442344
0.487235  1.58885  1.02203
0.69806  1.04913  0.0932849
0.487235  1.58885  1.03105
0.487235  1.54706  1.03105
0.487235  1.58885  1.03105
0.516021  1.48499  1.02203
0.586597  1.3412  -0.46716
0.487235  1.54706  1.03105
0.516021  1.48499  1.02203
0.487235  1.58885  1.14423
0.446633  1.66613  0.907251
0.499962  1.58885  1.03105
0.586597  1.3412  -0.46716
0.69806  1.04913  0.0932849
0.602481  1.271  -0.311234
0.516021  1.48499  1.02203
0.675344  1.14929  0.442344
0.586597  1.3412  -0.46716
0.487235  1.58885  1.14423
0.675344  1.14929  0.442344
0.472198  1.58885  1.02203
0.487235  1.58885  1.03105
0.487235  1.58885  1.03105
0.487235  1.54706  1.03105
0.586597  1.3412  -0.46716
0.487235  1.58885  1.03105
0.675344  1.14929  0.442344
0.487235  1.58885  1.02203
0.675344  1.14929  0.442344
0.487235  1.54706  1.03105
0.487235  1.58885  1.03105
0.487235  1.58885  1.14423
0.487235  1.54706  1.03105
0.487235  1.54706  1.03105
0.487235  1.58885  1.14423
0.586597  1.3412  -0.46716
0.586597  1.3412  -0.46716
0.487235  1.54706  1.03105
0.487235  1.58885  1.02203
0.487235  1.58885  1.02203
0.487235  1.54706  1.03105
0.487235  1.58885  1.03105
0.487235  1.54706  1.03105
0.487235  1.58885  1.14423
0.675344  1.14929  0.442344
0.586597  1.3412  -0.46716
0.675344  1.14929  0.442344
0.700771  1.10067  0.262241
0.487235  1.58885  1.02203
0.675344  1.14929  0.442344
0.487235  1.58885  1.03105
0.675344  1.14929  0.442344
0.487235  1.58885  1.03105
0.516021  1.48499  1.02203
0.487235  1.54706  1.03105
0.499962  1.58885  1.03105
0.487235  1.58885  1.14423
0.625728  1.271  -0.124041
0.487235  1.58885  1.14423
0.487235  1.54706  1.03105
0.487235  1.58885  1.14423
0.586597  1.3412  -0.46716
0.586597  1.3412  -0.46716
0.643739  0.878282  0.13203
0.487235  1.58885  1.14423
0.487235  1.54706  1.03105
0.700771  1.08546  0.262241
0.487235  1.58885  1.14423
0.604937  1.27547  -0.262568
0.586597  1.28218  -0.796597
0.675344  1.14929  0.442344
0.487235  1.58885  1.14423
0.487235  1.58885  1.03105
0.586597  1.3412  -0.46716
0.516021  1.48499  1.02203
0.487235  1.54706  1.03105
0.516021  1.48499  1.02203
0.487235  1.58885  1.02203
0.487235  1.58885  1.02203
0.487235  1.58885  1.14423
0.487235  1.54706  1.03105
0.602481  1.271  -0.311234
0.487235  1.58885  1.03105
0.675344  1.14929  0.442344
0.487235  1.58885  1.03105
0.516021  1.48499  1.02203
0.487235  1.58885  1.02203
0.487235  1.58885  1.02203
0.487235  1.54706  1.03105
0.487235  1.58885  1.02203
0.487235  1.58885  1.02203
0.487235  1.58885  1.02203
0.487235  1.58885  1.02203
0.602481  1.271  -0.311234
0.487235  1.54706  1.03105
0.675344  1.14929  0.442344
0.487235  1.58885  1.03105
0.487235  1.58885  1.14423
0.487235  1.58885  1.14423
0.487235  1.54706  1.03105
0.487235  1.54706  1.03105
0.586597  1.3412  -0.46716
0.487235  1.58885  1.03105
0.487235  1.54706  1.03105
0.643739  0.878282  0.13203
0.487235  1.58885  1.03105
0.700771  1.08546  0.262241
0.487235  1.58885  1.14423
0.516021  1.48499  1.02203
0.69806  1.04913  0.0932849
0.487235  1.58885  1.03105
0.487235  1.58885  1.02203
0.487235  1.58885  1.14423
0.69806  1.04913  0.0932849
0.487235  1.58885  1.03105
0.487235  1.58885  1.03105
0.487235  1.54706  1.03105
0.604937  1.27547  -0.262568
0.516021  1.48499  1.02203
0.487235  1.58885  1.14423
0.719655  0.969111  1.0578
0.487235  1.58885  1.03105
0.700771  1.10067  0.262241
0.586597  1.3412  -0.46716
0.586597  1.28218  -0.796597
0.487235  1.58885  1.02203
0.586597  1.3412  -0.46716
0.487235  1.54706  1.03105
0.487235  1.54706  1.03105
0.487235  1.58885  1.02203
0.602481  1.271  -0.311234
0.586597  1.28218  -0.796597
0.586597  1.3412  -0.46716
0.487235  1.58885  1.02203
0.487235  1.58885  1.02203
0.487235  1.58885  1.03263
0.487235  1.58885  1.03263
0.675344  1.14929  0.442344
0.700771  1.08546  0.262241
0.586597  1.3412  -0.46716
0.487235  1.58885  1.03105
0.602481  1.271  -0.311234
0.487235  1.54706  1.03105
0.719655  0.969111  0.72356
0.487235  1.58885  1.02203
0.472198  1.58885  1.02203
0.516021  1.48499  1.02203
0.487235  1.58885  1.03105
0.487235  1.58885  1.03105
0.602481  1.271  -0.311234
0.487235  1.58885  1.02203
0.487235  1.58885  1.03105
0.487235  1.54706  1.03105
0.516021  1.48499  1.02203
0.602481  1.271  -0.311234
0.487235  1.54706  1.03105
0.516021  1.48499  1.02203
0.487235  1.58885  1.14423
0.487235  1.58885  1.03105
0.487235  1.58885  1.03105
0.487235  1.58885  1.02203
0.643739  1.21466  0.87227
0.516021  1.48499  1.02203
0.69806  1.04913  0.0932849
0.487235  1.58885  1.03105
0.487235  1.58885  1.14423
0.487235  1.58885  1.02203
0.69806  1.04913  0.0932849
0.487235  1.58885  1.03105
0.487235  1.54706  1.03105
0.487235  1.58885  1.02203
0.487235  1.58885  1.03105
0.487235  1.54706  1.03105
0.516021  1.48499  1.02203
0.516021  1.48499  1.02203
0.675344  1.14929  0.442344
0.487235  1.58885  1.02203
0.487235  1.54706  1.03105
0.675344  1.14929  0.442344
0.472198  1.58885  1.02203
0.487235  1.58885  1.03105
0.643739  1.21466  0.87227
0.69806  1.04913  0.0932849
0.675344  1.14929  0.442344
0.625728  1.271  -0.124041
0.487235  1.58885  1.14423
0.487235  1.58885  1.02203
0.487235  1.58885  1.14423
0.487235  1.58885  1.03105
0.487235  1.58885  1.03105
0.719655  0.969111  0.72356
0.675344  1.14929  0.442344
0.487235  1.58885  1.02203
0.69806  1.04913  0.0932849
0.446633  1.66613  0.907251
0.487235  1.54706  1.03105
0.516021  1.48499  1.02203
0.675344  1.14929  0.442344
0.487235  1.54706  1.03105
0.586597  1.28218  -0.796597
0.516021  1.48499  1.02203
0.602481  1.271  -0.311234
0.487235  1.58885  1.03105
0.516021  1.48499  1.02203
0.487235  1.58885  1.03263
0.487235  1.58885  1.03105
0.675344  1.14929  0.442344
0.487235  1.54706  1.03105
0.487235  1.58885  1.14423
0.625728  1.271  -0.124041
0.499962  1.58885  1.03105
0.487235  1.54706  1.03105
0.586597  1.3412  -0.46716
0.487235  1.58885  1.14423
0.487235  1.58885  1.02203
0.675344  1.14929  0.442344
0.487235  1.58885  1.14423
0.675344  1.14929  0.442344
0.487235  1.58885  1.03105
0.516021  1.48499  1.02203
0.586597  1.28218  -0.796597
0.586597  1.28218  -0.796597
0.487235  1.58885  1.02203
0.487235  1.58885  1.03105
0.719655  0.969111  1.0578
0.69806  1.04913  0.0932849
0.516021  1.48499  1.02203
0.700771  1.10067  0.262241
0.586597  1.3412  -0.46716
0.487235  1.58885  1.02203
0.487235  1.58885  1.03105
0.643739  0.878282  0.13203
0.472198  1.58885  1.02203
0.675344  1.14929  0.442344
0.516021  1.48499  1.02203
0.516021  1.48499  1.02203
0.487235  1.58885  1.03105
0.487235  1.54706  1.03105
0.487235  1.58885  1.03105
0.487235  1.58885  1.03105
0.603831  1.27748  1.54166
0.487235  1.54706  1.03105
0.487235  1.54706  1.03105
0.487235  1.58885  1.03105
0.675344  1.14929  0.442344
0.499962  1.58885  1.03105
0.487235  1.58885  1.03105
0.675344  1.14929  0.442344
0.487235  1.58885  1.14423
0.586597  1.3412  -0.46716
0.487235  1.58885  1.03105
0.516021  1.48499  1.02203
0.487235  1.58885  1.02203
0.487235  1.58885  1.03105
0.487235  1.58885  1.14423
0.675344  1.14929  0.442344
0.487235  1.58885  1.14423
0.487235  1.58885  1.03105
0.602481  1.271  -0.311234
0.487235  1.58885  1.03105
0.516021  1.48499  1.02203
0.487235  1.58885  1.02203
0.487235  1.58885  1.14423
0.487235  1.58885  1.14423
0.586597  1.3412  -0.46716
0.487235  1.58885  1.03105
0.487235  1.54706  1.03105
0.700771  1.08546  0.262241
0.487235  1.58885  1.03105
0.446633  1.66613  0.907251
0.719655  0.969111  0.72356
0.487235  1.58885  1.14423
0.487235  1.58885  1.03105
0.586597  1.28218  -0.796597
0.625728  1.271  -0.124041
0.643739  1.21466  0.87227
0.487235  1.54706  1.03105
0.487235  1.54706  1.03105
0.516021  1.48499  1.02203
0.487235  1.58885  1.03105
0.586597  1.3412  -0.46716
0.487235  1.58885  1.03105
0.719655  0.969111  1.0578
0.516021  1.48499  1.02203
0.487235  1.54706  1.03105
0.487235  1.58885  1.03105
0.700771  1.08546  0.262241
0.487235  1.54706  1.03105
0.602481  1.271  -0.311234
0.586597  1.28218  -0.796597
0.487235  1.58885  1.03105
0.586597  1.3412  -0.46716
0.487235  1.54706  1.03105
0.487235  1.54706  1.03105
0.487235  1.58885  1.14423
0.487235  1.58885  1.14423
0.586597  1.3412  -0.46716
0.487235  1.58885  1.03105
0.487235  1.58885  1.14423
0.487235  1.54706  1.03105
0.603831  1.27748  1.54166
0.675344  1.14929  0.442344
0.487235  1.58885  1.14423
0.487235  1.58885  1.03263
0.472198  1.58885  1.02203
0.675344  1.14929  0.442344
0.487235  1.58885  1.02203
0.586597  1.3412  -0.46716
0.446633  1.66613  0.907251
0.487235  1.58885  1.02203
0.586597  1.3412  -0.46716
0.472198  1.58885  1.02203
0.487235  1.58885  1.03105
0.487235  1.58885  1.03105
0.516021  1.48499  1.02203
0.516021  1.48499  1.02203
0.487235  1.58885  1.02203
0.487235  1.58885  1.14423
0.487235  1.58885  1.03105
0.487235  1.58885  1.14423
0.487235  1.58885  1.02203
0.487235  1.58885  1.14423
0.487235  1.54706  1.03105
0.487235  1.58885  1.14423
0.487235  1.58885  1.03105
0.603831  1.27748  1.54166
0.69806  1.04913  0.0932849
0.487235  1.58885  1.02203
0.487235  1.58885  1.03105
0.472198  1.58885  1.02203
0.602481  1.271  -0.311234
0.586597  1.3412  -0.46716
0.487235  1.58885  1.03105
0.487235  1.54706  1.03105
0.602481  1.271  -0.311234
0.487235  1.54706  1.03105
0.586597  1.28218  -0.796597
0.487235  1.54706  1.03105
0.586597  1.28218  -0.796597
0.675344  1.14929  0.442344
0.472198  1.58885  1.02203
0.487235  1.58885  1.14423
0.487235  1.58885  1.03105
0.602481  1.271  -0.311234
0.516021  1.48499  1.02203
0.472198  1.58885  1.02203
0.487235  1.58885  1.03105
0.487235  1.58885  1.02203
0.675344  1.14929  0.442344
0.487235  1.58885  1.14423
0.586597  1.28218  -0.796597
0.487235  1.54706  1.03105
0.487235  1.58885  1.03105
0.487235  1.58885  1.03105
0.487235  1.58885  1.03105
0.487235  1.58885  1.02203
0.487235  1.58885  1.03105
0.487235  1.58885  1.02203
0.487235  1.58885  1.02203
0.675344  1.14929  0.442344
0.602481  1.271  -0.311234
0.487235  1.54706  1.03105
0.487235  1.58885  1.03105
0.516021  1.48499  1.02203
0.487235  1.58885  1.02203
0.675344  1.14929  0.442344
0.586597  1.3412  -0.46716
0.602481  1.271  -0.311234
0.487235  1.58885  1.03105
0.487235  1.58885  1.03105
0.487235  1.54706  1.03105
0.487235  1.54706  1.03105
0.586597  1.3412  -0.46716
0.516021  1.48499  1.02203
0.516021  1.48499  1.02203
0.487235  1.58885  1.03105
0.625728  1.271  -0.124041
0.487235  1.58885  1.02203
0.675344  1.14929  0.442344
0.487235  1.58885  1.03263
0.643739  1.21466  0.87227
0.487235  1.58885  1.03105
0.487235  1.54706  1.03105
0.487235  1.58885  1.02203
0.487235  1.58885  1.03105
0.487235  1.54706  1.03105
0.487235  1.58885  1.02203
0.487235  1.54706  1.03105
0.487235  1.58885  1.03105
0.487235  1.54706  1.03105
0.487235  1.58885  1.03105
0.446633  1.66613  0.907251
0.487235  1.58885  1.02203
0.602481  1.271  -0.311234
0.487235  1.58885  1.02203
0.487235  1.58885  1.14423
0.675344  1.14929  0.442344
0.675344  1.14929  0.442344
0.675344  1.14929  0.442344
0.487235  1.58885  1.14423
0.487235  1.58885  1.14423
0.487235  1.58885  1.03105
0.487235  1.58885  1.03105
0.586597  1.3412  -0.46716
0.487235  1.54706  1.03105
0.516021  1.48499  1.02203
0.487235  1.58885  1.03105
0.487235  1.58885  1.02203
0.487235  1.58885  1.14423
0.602481  1.271  -0.311234
0.487235  1.58885  1.02203
0.487235  1.58885  1.03105
0.487235  1.54706  1.03105
0.487235  1.58885  1.03105
0.586597  1.3412  -0.46716
0.487235  1.58885  1.14423
0.487235  1.58885  1.03105
0.487235  1.58885  1.03105
0.675344  1.14929  0.442344
0.625728  1.271  -0.124041
0.675344  1.14929  0.442344
0.675344  1.14929  0.442344
0.719655  0.969111  1.0578
0.487235  1.54706  1.03105
0.487235  1.58885  1.03105
0.487235  1.58885  1.03105
0.516021  1.48499  1.02203
0.487235  1.58885  1.14423
0.69806  1.04913  0.0932849
0.516021  1.48499  1.02203
0.487235  1.54706  1.03105
0.516021  1.48499  1.02203
0.487235  1.58885  1.03105
0.69806  1.04913  0.0932849
0.487235  1.58885  1.14423
0.487235  1.58885  1.03105
0.487235  1.58885  1.03105
0.602481  1.271  -0.311234
0.487235  1.58885  1.02203
0.487235  1.54706  1.03105
0.487235  1.58885  1.14423
0.586597  1.3412  -0.46716
0.487235  1.54706  1.03105
0.487235  1.54706  1.03105
0.487235  1.58885  1.02203
0.602481  1.271  -0.311234
0.487235  1.58885  1.03105
0.602481  1.271  -0.311234
0.487235  1.58885  1.14423
0.487235  1.58885  1.02203
0.487235  1.58885  1.03105
0.586597  1.3412  -0.46716
0.602481  1.271  -0.311234
0.586597  1.3412  -0.46716
0.487235  1.58885  1.14423
0.487235  1.58885  1.03105
0.700771  1.10067  0.262241
0.487235  1.54706  1.03105
0.487235  1.58885  1.03105
0.487235  1.54706  1.03105
0.487235  1.58885  1.03105
0.643739  0.878282  0.13203
0.487235  1.58885  1.02203
0.487235  1.58885  1.02203
0.69806  1.04913  0.0932849
0.487235  1.54706  1.03105
0.625728  1.271  -0.124041
0.487235  1.58885  1.14423
0.487235  1.58885  1.03105
0.586597  1.3412  -0.46716
0.719655  0.969111  1.0578
0.487235  1.58885  1.03105
0.487235  1.58885  1.03105
0.487235  1.58885  1.03105
0.487235  1.54706  1.03105
0.487235  1.58885  1.14423
0.487235  1.58885  1.02203
0.487235  1.58885  1.03105
0.625728  1.271  -0.124041
0.487235  1.58885  1.03105
