t meta_n emi  mean_info  tr1  tr2  tr3  strategy
0  115593  0.100176  0.498997  0.899948  0.000726261  0.000105184  4
100  102841  0.107609  0.436545  0.855773  0.0784618  0.00162639  4
200  103685  0.154783  0.382988  0.794835  0.152679  0.00481352  4
300  103157  0.18385  0.329331  0.757999  0.21459  0.0168669  4
400  101828  0.207446  0.279479  0.732822  0.245211  0.0128897  4
500  103075  0.215502  0.262726  0.727917  0.267362  0.00870372  4
600  103559  0.224881  0.251319  0.727027  0.297909  0.000483272  4
700  102561  0.226614  0.243158  0.723062  0.308737  -0.000578129  4
800  103373  0.221594  0.23205  0.734132  0.32609  0.0111355  4
900  103093  0.221972  0.236758  0.740041  0.345116  0.0474989  4
1000  103108  0.21913  0.234031  0.742424  0.348728  0.0713399  4
1100  102991  0.225635  0.22871  0.748076  0.368314  0.0754443  4
1200  103622  0.223516  0.217523  0.754598  0.395137  0.0598466  4
1300  102936  0.224056  0.215045  0.76887  0.423865  0.0359797  4
1400  102892  0.217782  0.223866  0.77572  0.445321  0.0414009  4
1500  103113  0.218243  0.235279  0.781644  0.458808  0.00528049  4
1600  102371  0.218863  0.230123  0.784976  0.470618  -0.014937  4
1700  102885  0.217688  0.226133  0.785224  0.485275  -0.0264546  4
1800  103162  0.218094  0.222512  0.796491  0.515367  -0.015376  4
1900  102790  0.217482  0.223169  0.795313  0.519091  -0.0342053  4
2000  103429  0.220922  0.231688  0.812531  0.566241  -0.0259888  4
2100  103810  0.217655  0.235599  0.816878  0.572209  -0.0266966  4
2200  103265  0.22565  0.234071  0.824531  0.595861  -0.0412694  4
2300  103611  0.213588  0.237221  0.838954  0.616414  -0.0365281  4
2400  103610  0.216612  0.246858  0.844921  0.633873  -0.0398151  4
2500  104067  0.216088  0.240447  0.85087  0.649419  -0.0487154  4
2600  103831  0.212629  0.229598  0.854405  0.653536  -0.041918  4
2700  103985  0.217444  0.218932  0.858639  0.659376  -0.0128612  4
2800  103548  0.204096  0.222337  0.856839  0.649387  0.0120547  4
2900  103826  0.214238  0.215177  0.856213  0.64773  0.0199446  4
3000  103136  0.201706  0.217996  0.863665  0.658379  0.0356506  4
3100  104084  0.217131  0.216705  0.869562  0.68341  0.0370747  4
3200  103994  0.215676  0.214963  0.871254  0.685882  0.0677787  4
3300  103078  0.213354  0.216837  0.878675  0.705169  0.0775691  4
3400  103549  0.211001  0.224313  0.884813  0.713401  0.0866437  4
3500  104382  0.209897  0.224847  0.882128  0.700415  0.110011  4
3600  103738  0.204062  0.220339  0.884787  0.701712  0.149214  4
3700  103616  0.204171  0.221022  0.886373  0.70395  0.126373  4
3800  104031  0.203749  0.22377  0.893146  0.717962  0.138363  4
3900  103322  0.201664  0.22419  0.900225  0.731155  0.12974  4
4000  102230  0.203676  0.226082  0.904118  0.74767  0.141139  4
4100  103341  0.207405  0.218831  0.908034  0.75759  0.167697  4
4200  103421  0.209087  0.221713  0.909472  0.765021  0.178101  4
4300  104047  0.209934  0.215465  0.915165  0.774886  0.160801  4
4400  103345  0.205183  0.228108  0.922046  0.790469  0.180087  4
4500  103426  0.196845  0.228067  0.921811  0.786783  0.176684  4
4600  104039  0.202385  0.232628  0.930487  0.801426  0.134256  4
4700  104348  0.203439  0.223261  0.925553  0.790914  0.155578  4
4800  103630  0.197466  0.216841  0.926679  0.788265  0.182358  4
4900  104094  0.202023  0.224811  0.938758  0.81223  0.188384  4
5000  104007  0.191685  0.22788  0.935299  0.801861  0.169764  4
5100  104260  0.209468  0.236572  0.939571  0.816174  0.153228  4
5200  103721  0.197469  0.237234  0.944144  0.825829  0.133532  4
5300  104984  0.205695  0.231832  0.937164  0.811314  0.142726  4
5400  105035  0.202905  0.228897  0.932625  0.804658  0.165366  4
5500  103665  0.200209  0.223011  0.929439  0.790742  0.166132  4
5600  104475  0.206396  0.226757  0.929434  0.793956  0.152105  4
5700  103918  0.201841  0.233392  0.931806  0.793929  0.154057  4
5800  103765  0.20538  0.233862  0.934388  0.795666  0.152116  4
5900  103795  0.203507  0.231238  0.935958  0.79753  0.175025  4
6000  104955  0.206802  0.229732  0.934567  0.795617  0.180906  4
6100  104883  0.202105  0.226271  0.938876  0.804246  0.176879  4
6200  104830  0.202974  0.227198  0.941533  0.807892  0.168995  4
6300  103811  0.206083  0.220507  0.938338  0.80702  0.172203  4
6400  104380  0.201247  0.225374  0.942024  0.822316  0.159337  4
6500  104192  0.202411  0.234018  0.942318  0.82611  0.173404  4
6600  104803  0.207097  0.232706  0.942538  0.819593  0.194181  4
6700  104131  0.203679  0.227759  0.944546  0.830557  0.198344  4
6800  104456  0.214862  0.225917  0.945057  0.833068  0.203939  4
6900  103840  0.209082  0.231141  0.944325  0.838869  0.215315  4
7000  104476  0.209737  0.232007  0.944539  0.836295  0.217187  4
7100  103446  0.20409  0.236719  0.949277  0.847251  0.213779  4
7200  104054  0.206432  0.226155  0.947018  0.839481  0.230173  4
7300  103621  0.203042  0.226012  0.942332  0.822394  0.223458  4
7400  103522  0.195978  0.227632  0.943734  0.82991  0.238882  4
7500  104963  0.211863  0.227873  0.944368  0.834596  0.191172  4
7600  104146  0.196859  0.230132  0.945037  0.834685  0.163903  4
7700  104003  0.200321  0.235509  0.950397  0.846075  0.200374  4
7800  103596  0.196269  0.228511  0.951611  0.849447  0.178355  4
7900  104963  0.206438  0.225413  0.956965  0.863276  0.130151  4
8000  105041  0.207569  0.229272  0.957273  0.863453  0.111536  4
8100  104544  0.200617  0.2254  0.957269  0.859918  0.092128  4
8200  102792  0.201484  0.2228  0.954009  0.849037  0.0989153  4
8300  104354  0.207571  0.216573  0.952666  0.850608  0.0806761  4
8400  103657  0.208053  0.220075  0.950206  0.843614  0.0816501  4
8500  104289  0.210625  0.215081  0.948432  0.843204  0.104109  4
8600  104244  0.20126  0.215401  0.951204  0.8495  0.121461  4
8700  104050  0.206382  0.207479  0.945272  0.834191  0.112483  4
8800  104174  0.205277  0.213444  0.950711  0.845888  0.0987237  4
8900  103030  0.199095  0.220928  0.952362  0.852426  0.0844362  4
9000  104426  0.211744  0.216367  0.95426  0.86164  0.0534827  4
9100  104164  0.205726  0.216215  0.959098  0.870426  0.0487824  4
9200  103874  0.210671  0.224703  0.96794  0.897497  0.0843851  4
9300  103913  0.207633  0.220164  0.969985  0.899413  0.107046  4
9400  104198  0.206657  0.219911  0.97041  0.902587  0.11108  4
9500  104380  0.210908  0.206952  0.966177  0.888133  0.0865734  4
9600  104519  0.213736  0.212588  0.966271  0.887356  0.0648751  4
9700  103910  0.202678  0.21467  0.967719  0.888836  0.0962741  4
9800  104036  0.205739  0.22111  0.972219  0.901434  0.0772348  4
9900  104722  0.222887  0.221452  0.973153  0.905779  0.0305319  4
