t meta_n emi  mean_info  tr1  tr2  tr3  strategy
0  115629  0.099736  0.493916  0.899961  0.000837102  5.36179e-05  4
100  101888  0.106688  0.289547  0.847557  0.0726379  0.00724791  4
200  102981  0.155263  0.184294  0.782834  0.139531  -0.00109833  4
300  102420  0.191005  0.140469  0.727372  0.174473  -0.000618397  4
400  101506  0.208035  0.118902  0.706203  0.202069  -0.0174682  4
500  103332  0.213494  0.108333  0.706436  0.228226  -0.00982024  4
600  101916  0.217112  0.104158  0.706383  0.251421  -0.0177131  4
700  102959  0.219422  0.111676  0.710435  0.275014  -0.0100653  4
800  102243  0.227476  0.111967  0.710145  0.296747  0.000516446  4
900  101343  0.225225  0.108813  0.714474  0.304031  -0.00124131  4
1000  103039  0.227287  0.0989262  0.710001  0.303425  0.0093127  4
1100  102628  0.227279  0.0927198  0.70857  0.308564  0.00599639  4
1200  102703  0.236292  0.0965604  0.707295  0.319799  -0.00968045  4
1300  102207  0.231493  0.0917271  0.713465  0.319999  -0.03437  4
1400  102354  0.23165  0.0925569  0.714776  0.328853  -0.00938864  4
1500  102146  0.230709  0.0912312  0.718815  0.332955  -0.0066932  4
1600  102369  0.230355  0.0964964  0.71746  0.344816  -0.000767453  4
1700  101944  0.239455  0.0902963  0.709755  0.343283  -0.00433719  4
1800  102054  0.235298  0.0914942  0.720523  0.356967  -0.0174295  4
1900  103077  0.235884  0.0810161  0.717721  0.352069  0.0204522  4
2000  102516  0.230505  0.0788384  0.717703  0.341941  -0.0458363  4
2100  103038  0.234671  0.0788579  0.721082  0.367983  -0.010809  4
2200  102382  0.228433  0.0751924  0.726809  0.375132  -0.00843041  4
2300  102960  0.230231  0.0796984  0.728136  0.377902  -0.0455943  4
2400  102410  0.229956  0.080947  0.731171  0.386484  -0.0720012  4
2500  103505  0.238823  0.0749491  0.722366  0.382324  -0.0604682  4
2600  102235  0.233843  0.0774133  0.724609  0.374747  -0.0854018  4
2700  102525  0.226194  0.0767655  0.729343  0.367644  -0.0772468  4
2800  102760  0.222544  0.0809792  0.732481  0.359939  -0.0848961  4
2900  102696  0.226734  0.0767083  0.733598  0.36615  -0.108402  4
3000  102895  0.223914  0.0724954  0.735747  0.364462  -0.143713  4
3100  102007  0.219575  0.0701769  0.733254  0.350171  -0.143068  4
3200  102911  0.221025  0.0703799  0.730804  0.354137  -0.117028  4
3300  102871  0.223687  0.0648106  0.729238  0.353557  -0.0980044  4
3400  102947  0.225901  0.0629653  0.728633  0.35821  -0.132192  4
3500  103081  0.229288  0.0666449  0.726104  0.364939  -0.148126  4
3600  101641  0.228982  0.0643428  0.727643  0.367264  -0.156234  4
3700  103124  0.232573  0.0611168  0.720972  0.358612  -0.103361  4
3800  101484  0.225199  0.059927  0.71967  0.343702  -0.122667  4
3900  103239  0.226765  0.0590351  0.720585  0.335181  -0.10501  4
4000  102440  0.228852  0.058522  0.718386  0.342496  -0.119095  4
4100  102790  0.227284  0.0580024  0.725497  0.35699  -0.142918  4
4200  102002  0.230668  0.0589925  0.721129  0.340752  -0.105207  4
4300  103644  0.230414  0.0597092  0.720949  0.343654  -0.122406  4
4400  102798  0.222893  0.0588827  0.722189  0.341394  -0.138499  4
4500  102251  0.228175  0.0639299  0.723882  0.347264  -0.149092  4
4600  102257  0.226036  0.0584107  0.719694  0.346151  -0.163521  4
4700  103025  0.227496  0.0603568  0.717662  0.341857  -0.189906  4
4800  103138  0.234137  0.0640167  0.718368  0.337149  -0.224894  4
4900  102880  0.2248  0.0633098  0.714566  0.327257  -0.255825  4
5000  103594  0.230226  0.0641803  0.71626  0.329756  -0.263244  4
5100  102555  0.225168  0.0656525  0.725291  0.348454  -0.271653  4
5200  102088  0.224286  0.0618204  0.716926  0.328958  -0.271197  4
5300  102305  0.230649  0.0548945  0.707297  0.306489  -0.242957  4
5400  103743  0.230514  0.0532319  0.699907  0.286801  -0.234103  4
5500  102395  0.222291  0.0542945  0.700924  0.280432  -0.261737  4
5600  103234  0.224021  0.0605163  0.69788  0.276549  -0.262704  4
5700  103361  0.226725  0.0635199  0.704062  0.300237  -0.298367  4
5800  103819  0.229184  0.0600019  0.707229  0.302086  -0.307812  4
5900  103081  0.232018  0.0525806  0.697405  0.282984  -0.255335  4
6000  102852  0.224988  0.0492255  0.696643  0.280242  -0.27321  4
6100  102697  0.228912  0.0473963  0.698865  0.28766  -0.277014  4
6200  102556  0.227876  0.0522282  0.701444  0.306982  -0.268942  4
6300  102907  0.233503  0.0523056  0.701179  0.308609  -0.270481  4
6400  102935  0.234647  0.0580201  0.711377  0.343578  -0.293054  4
6500  102108  0.236202  0.0546388  0.705886  0.332029  -0.327329  4
6600  102606  0.228539  0.0513928  0.705418  0.319684  -0.333125  4
6700  102970  0.22764  0.0546263  0.708952  0.330015  -0.341858  4
6800  102894  0.228058  0.0620053  0.716787  0.344751  -0.354038  4
6900  103386  0.227446  0.060704  0.716891  0.349165  -0.361176  4
7000  102884  0.226197  0.056172  0.715781  0.341156  -0.369547  4
7100  102377  0.223693  0.0566359  0.714386  0.338844  -0.371425  4
7200  102232  0.227368  0.0567523  0.711778  0.335066  -0.401721  4
7300  102984  0.231571  0.0571524  0.711613  0.330904  -0.38838  4
7400  103511  0.226556  0.0548451  0.710879  0.328746  -0.33126  4
7500  102860  0.226877  0.0514019  0.711672  0.334402  -0.307407  4
7600  102534  0.227974  0.0511567  0.710952  0.329788  -0.306558  4
7700  103470  0.230978  0.0457613  0.709316  0.326715  -0.289081  4
7800  102812  0.227783  0.0474934  0.707065  0.317112  -0.256343  4
7900  103393  0.234132  0.045137  0.703289  0.311124  -0.247241  4
8000  102760  0.231727  0.0484864  0.703662  0.312922  -0.267608  4
8100  102325  0.230093  0.0496844  0.70033  0.295682  -0.2361  4
8200  102941  0.228971  0.0446391  0.697858  0.290072  -0.215403  4
8300  101703  0.22509  0.0407855  0.689945  0.270968  -0.211515  4
8400  102432  0.225011  0.0425104  0.69004  0.272286  -0.178621  4
8500  103174  0.226618  0.0440362  0.693703  0.27989  -0.170278  4
8600  102349  0.225845  0.0493672  0.700826  0.301323  -0.163608  4
8700  102884  0.229911  0.0484935  0.698521  0.286541  -0.153442  4
8800  103428  0.226931  0.0491738  0.70251  0.299527  -0.148099  4
8900  102662  0.230196  0.0495502  0.701838  0.298591  -0.160388  4
9000  104166  0.228405  0.0543234  0.70667  0.311372  -0.169489  4
9100  103683  0.228747  0.0526095  0.707653  0.313852  -0.168067  4
9200  102667  0.228356  0.0489149  0.703581  0.303125  -0.150094  4
9300  102427  0.222894  0.0541527  0.709195  0.317839  -0.187328  4
9400  102398  0.227572  0.0560964  0.708189  0.313442  -0.194857  4
9500  103594  0.228987  0.0573352  0.704468  0.300323  -0.211785  4
9600  103747  0.233707  0.0629063  0.709959  0.320289  -0.187699  4
9700  103658  0.226661  0.0557371  0.706337  0.31056  -0.205769  4
9800  103247  0.230553  0.0580325  0.706327  0.306291  -0.183785  4
9900  102362  0.227766  0.0478683  0.699111  0.287205  -0.165178  4
