t meta_n emi  mean_info  tr1  tr2  tr3  strategy
0  115403  0.099776  0.493441  0.900083  0.000796538  7.55734e-06  4
100  101892  0.0993962  0.247299  0.855524  0.0756515  0.00987497  4
200  101708  0.154737  0.141551  0.774258  0.14703  0.00382995  4
300  102100  0.191858  0.100642  0.735087  0.202506  -0.00156806  4
400  102508  0.212474  0.0886262  0.715289  0.23953  -0.0173244  4
500  101661  0.220869  0.0798554  0.701672  0.244993  -0.00505478  4
600  102090  0.230205  0.0746156  0.698265  0.263783  0.00054732  4
700  102778  0.230619  0.0674661  0.695307  0.27089  -0.0130645  4
800  102364  0.232505  0.0606051  0.692005  0.283152  -0.0120042  4
900  102374  0.240404  0.0612955  0.690391  0.282648  -0.00927984  4
1000  101229  0.229907  0.0626546  0.698151  0.284821  0.00304929  4
1100  102037  0.224971  0.0656018  0.710386  0.314114  0.00526522  4
1200  102247  0.234837  0.0572428  0.709568  0.321352  0.0205157  4
1300  102497  0.228354  0.0588969  0.712264  0.328705  0.0133627  4
1400  102174  0.22628  0.0616621  0.717701  0.336157  0.0238728  4
1500  102254  0.226639  0.0619654  0.711203  0.342319  0.0406218  4
1600  102779  0.234042  0.0611313  0.710606  0.345653  0.062357  4
1700  102617  0.231477  0.0531619  0.707363  0.323916  0.0784304  4
1800  103015  0.226614  0.0585342  0.708669  0.335493  0.0881096  4
1900  102859  0.229684  0.0584577  0.709403  0.343094  0.100942  4
2000  101999  0.225819  0.0545833  0.708434  0.34563  0.0870212  4
2100  102518  0.230894  0.0543099  0.708531  0.351234  0.0821044  4
2200  102010  0.223326  0.0530652  0.712327  0.344482  0.0415982  4
2300  101606  0.230267  0.0481804  0.703179  0.332868  0.10022  4
2400  102046  0.23566  0.0440528  0.703589  0.331093  0.113789  4
2500  102446  0.226766  0.0449541  0.701972  0.31663  0.0867571  4
2600  102786  0.226934  0.0399369  0.703337  0.315331  0.105335  4
2700  102774  0.230721  0.0381865  0.701776  0.312584  0.0903726  4
2800  102352  0.227269  0.0400047  0.697625  0.304727  0.0957111  4
2900  102078  0.234141  0.0363752  0.689185  0.291454  0.1546  4
3000  102291  0.234518  0.0401532  0.690187  0.305441  0.129125  4
3100  101767  0.231167  0.0386485  0.684521  0.291649  0.122596  4
3200  102345  0.235767  0.0377124  0.690774  0.308792  0.110616  4
3300  102340  0.232248  0.0374709  0.69077  0.301718  0.0521916  4
3400  102777  0.228837  0.0399209  0.693558  0.306719  0.107492  4
3500  101806  0.228522  0.0374807  0.690244  0.303634  0.117593  4
3600  102629  0.233583  0.0352112  0.689475  0.29915  0.0756489  4
3700  101693  0.231261  0.0367441  0.685844  0.293959  0.135139  4
3800  102510  0.232349  0.0332598  0.685394  0.288134  0.0824176  4
3900  102600  0.232626  0.0305694  0.684033  0.292876  0.0594971  4
4000  103360  0.227861  0.0279208  0.687014  0.288075  0.0651483  4
4100  103276  0.227919  0.0279355  0.691692  0.299144  0.0535022  4
4200  103318  0.224804  0.0263268  0.690951  0.297856  0.0224506  4
4300  102460  0.229428  0.0257824  0.687691  0.299718  0.0467591  4
4400  101927  0.227392  0.026005  0.685831  0.297451  0.0725163  4
4500  102697  0.230418  0.0240208  0.685686  0.301258  0.0332709  4
4600  102404  0.234238  0.0219576  0.683345  0.30126  0.110593  4
4700  102169  0.22917  0.0211528  0.686678  0.312268  0.128693  4
4800  102054  0.2305  0.0194378  0.683009  0.294153  0.0956642  4
4900  102918  0.234786  0.0188289  0.682443  0.296804  0.122928  4
5000  101859  0.229644  0.0186475  0.680391  0.296246  0.183034  4
5100  102594  0.228079  0.0174167  0.681329  0.288664  0.213275  4
5200  101557  0.229164  0.0183957  0.68187  0.292004  0.219469  4
5300  102578  0.228876  0.0171624  0.684822  0.296462  0.254641  4
5400  102406  0.231478  0.0153371  0.682652  0.301335  0.320853  4
5500  102253  0.228107  0.0164417  0.683191  0.293092  0.31714  4
5600  103087  0.224834  0.0167725  0.684817  0.296205  0.350886  4
5700  103013  0.229284  0.0183824  0.68552  0.305947  0.415578  4
5800  101689  0.225384  0.0170808  0.682727  0.300614  0.404042  4
5900  102474  0.229602  0.0156056  0.682504  0.299312  0.393893  4
6000  102103  0.228308  0.0162097  0.682953  0.290347  0.475016  4
6100  102578  0.229727  0.0171838  0.683037  0.286771  0.459565  4
6200  101925  0.226023  0.01505  0.68204  0.287296  0.501081  4
6300  102315  0.225995  0.0191343  0.678972  0.269677  0.512558  4
6400  102567  0.226307  0.0172186  0.677374  0.261011  0.51144  4
6500  102608  0.22641  0.0146182  0.672433  0.249687  0.516806  4
6600  102288  0.225358  0.0134627  0.67125  0.246881  0.503493  4
6700  103588  0.227291  0.0146761  0.669028  0.233071  0.487073  4
6800  103320  0.224516  0.0113769  0.669036  0.231262  0.42644  4
6900  102609  0.229845  0.0125989  0.667258  0.230709  0.407174  4
7000  103118  0.226611  0.0113464  0.667149  0.228306  0.407948  4
7100  102353  0.222201  0.00993972  0.668314  0.235742  0.428807  4
7200  103407  0.226761  0.00990855  0.669164  0.236177  0.418327  4
7300  101930  0.222765  0.0100012  0.670792  0.23951  0.43111  4
7400  102439  0.222078  0.00904048  0.671269  0.235814  0.416637  4
7500  102124  0.218737  0.00852544  0.669744  0.228273  0.419511  4
7600  102269  0.220633  0.00824847  0.668442  0.216311  0.380675  4
7700  102287  0.21892  0.00705703  0.668089  0.211819  0.394202  4
7800  103184  0.218141  0.00687361  0.667995  0.206722  0.380122  4
7900  102139  0.214779  0.00674653  0.667959  0.198322  0.403671  4
8000  102502  0.220123  0.00730431  0.66486  0.198705  0.407091  4
8100  102110  0.2207  0.00643721  0.667871  0.204435  0.388076  4
8200  102948  0.22064  0.00740279  0.664499  0.193717  0.372094  4
8300  102812  0.217857  0.00723918  0.662801  0.191454  0.355784  4
8400  102463  0.220377  0.00630722  0.661214  0.191199  0.371053  4
8500  102509  0.219958  0.00675253  0.661783  0.192467  0.301226  4
8600  102845  0.222734  0.00610543  0.660376  0.190585  0.238931  4
8700  103057  0.221832  0.00554775  0.661669  0.195577  0.274797  4
8800  103365  0.226876  0.00445583  0.659592  0.187626  0.258098  4
8900  102677  0.226108  0.00352284  0.659854  0.195265  0.264772  4
9000  102631  0.223139  0.00377964  0.65996  0.191471  0.252179  4
9100  102640  0.222692  0.00373291  0.659292  0.192946  0.262372  4
9200  101731  0.224027  0.00450222  0.659728  0.195842  0.25294  4
9300  102963  0.226255  0.00427389  0.660776  0.207754  0.251088  4
9400  102763  0.227996  0.00470106  0.659707  0.199785  0.235096  4
9500  103240  0.227339  0.00399312  0.66143  0.20315  0.228068  4
9600  103461  0.23187  0.00389849  0.661274  0.210103  0.238017  4
9700  102034  0.223649  0.00316632  0.661534  0.21143  0.225564  4
9800  103055  0.229145  0.00373385  0.665214  0.226809  0.204559  4
9900  102201  0.227241  0.00383864  0.665114  0.229927  0.215579  4
