t meta_n emi  mean_info  tr1  tr2  tr3  strategy
0  114878  0.10104  0.494055  0.899947  0.000779289  -6.58973e-07  4
100  101747  0.108141  0.28939  0.850139  0.0799291  0.00736532  4
200  102610  0.163946  0.19115  0.769658  0.140801  0.00593375  4
300  101664  0.199135  0.144291  0.723742  0.180269  0.00505988  4
400  102432  0.207029  0.114408  0.71019  0.211491  -0.00279981  4
500  102069  0.223675  0.097655  0.703657  0.245984  -0.0133612  4
600  102031  0.225008  0.093393  0.704024  0.26805  -0.00683211  4
700  103271  0.229763  0.0961578  0.702461  0.286516  -0.00691468  4
800  102845  0.234296  0.0909081  0.706846  0.302519  -0.0300373  4
900  101932  0.227802  0.0968729  0.71316  0.312703  -0.0232644  4
1000  101928  0.23267  0.0990888  0.714196  0.322299  -0.014424  4
1100  101628  0.227513  0.0958801  0.712715  0.326948  -0.000848136  4
1200  101903  0.235456  0.0854285  0.709907  0.323732  0.0160696  4
1300  102921  0.229773  0.0824103  0.708996  0.320607  -0.00158993  4
1400  102839  0.231434  0.0845186  0.709814  0.312488  -0.0184977  4
1500  101012  0.225242  0.0805467  0.707458  0.316654  -0.00918857  4
1600  101679  0.229379  0.0743708  0.705525  0.313346  0.00950166  4
1700  102360  0.238761  0.071119  0.699149  0.311463  -0.0481616  4
1800  101913  0.225666  0.0726245  0.700567  0.293812  -0.0732867  4
1900  102838  0.22889  0.0705361  0.704302  0.312515  -0.0433433  4
2000  102040  0.225339  0.0709343  0.709339  0.325773  -0.0830562  4
2100  101977  0.232267  0.0675328  0.699418  0.306431  -0.102911  4
2200  102147  0.230412  0.0697111  0.70466  0.321892  -0.0790303  4
2300  102744  0.230122  0.0674269  0.701912  0.306445  -0.120761  4
2400  102272  0.235584  0.0688044  0.695339  0.309422  -0.111087  4
2500  102702  0.226709  0.0677995  0.703106  0.307953  -0.120593  4
2600  102529  0.223497  0.0702095  0.70738  0.312361  -0.135207  4
2700  102872  0.222653  0.0693708  0.705482  0.302461  -0.174136  4
2800  103172  0.222421  0.0677876  0.708728  0.31027  -0.201309  4
2900  103282  0.225449  0.0677053  0.703026  0.304529  -0.202261  4
3000  103114  0.22375  0.0672172  0.703548  0.309746  -0.243858  4
3100  102438  0.226811  0.0697934  0.702718  0.314439  -0.275152  4
3200  102133  0.228863  0.0650207  0.701177  0.314045  -0.236709  4
3300  102148  0.229285  0.057431  0.699423  0.308647  -0.250667  4
3400  103149  0.223069  0.0580097  0.701931  0.315201  -0.251881  4
3500  102336  0.230836  0.058957  0.703776  0.320355  -0.26514  4
3600  102940  0.226191  0.056322  0.701844  0.31568  -0.275309  4
3700  102233  0.224132  0.0521489  0.699685  0.306716  -0.268489  4
3800  102483  0.228343  0.048797  0.694181  0.300147  -0.301205  4
3900  102109  0.216792  0.0522436  0.698404  0.295814  -0.277089  4
4000  103105  0.229361  0.0513184  0.695173  0.300676  -0.28498  4
4100  102505  0.22879  0.0486374  0.699954  0.30939  -0.265082  4
4200  103071  0.227112  0.0497055  0.699333  0.314927  -0.225458  4
4300  101855  0.225738  0.0493182  0.699503  0.309633  -0.219323  4
4400  102412  0.228991  0.0473287  0.695717  0.297317  -0.246424  4
4500  101778  0.225309  0.0464482  0.696994  0.295308  -0.23803  4
4600  102902  0.225806  0.0436163  0.692011  0.276076  -0.193736  4
4700  102959  0.225505  0.0459922  0.692635  0.281868  -0.174145  4
4800  103084  0.22227  0.0440961  0.691607  0.277498  -0.226024  4
4900  102491  0.224765  0.0434872  0.687851  0.26383  -0.205994  4
5000  102708  0.22979  0.0409555  0.686913  0.261061  -0.209025  4
5100  101984  0.225187  0.0386914  0.681954  0.250088  -0.257699  4
5200  103847  0.22993  0.0353302  0.682463  0.255897  -0.237795  4
5300  103860  0.224652  0.0379766  0.683525  0.257317  -0.227009  4
5400  103067  0.226866  0.0392939  0.68126  0.261436  -0.21571  4
5500  102193  0.230367  0.0408437  0.685985  0.275661  -0.190873  4
5600  102999  0.228619  0.0357841  0.68717  0.280352  -0.216877  4
5700  103159  0.229722  0.0292715  0.684213  0.275616  -0.234197  4
5800  102848  0.22581  0.0269947  0.682235  0.261172  -0.264346  4
5900  102741  0.22979  0.0268332  0.680055  0.24683  -0.201216  4
6000  102939  0.224591  0.0296283  0.676586  0.23925  -0.190984  4
6100  102410  0.225131  0.0272236  0.677233  0.23408  -0.209121  4
6200  102511  0.226252  0.0233771  0.67443  0.230578  -0.208071  4
6300  102872  0.224004  0.0243103  0.675759  0.222885  -0.214013  4
6400  103230  0.225088  0.0255579  0.676102  0.218261  -0.228109  4
6500  102941  0.223361  0.0293224  0.675465  0.221149  -0.232866  4
6600  102513  0.226533  0.0304277  0.675778  0.222789  -0.22842  4
6700  103428  0.227243  0.0338367  0.67318  0.213118  -0.175121  4
6800  102751  0.223721  0.0327113  0.674879  0.211966  -0.208802  4
6900  101669  0.222716  0.0360943  0.676201  0.22102  -0.186316  4
7000  103046  0.230269  0.0349792  0.676169  0.225527  -0.210705  4
7100  103081  0.228641  0.0410403  0.679154  0.237886  -0.219901  4
7200  102561  0.235036  0.0442064  0.679263  0.239397  -0.226556  4
7300  102321  0.234284  0.0415905  0.678256  0.240123  -0.305534  4
7400  102113  0.234458  0.045748  0.684501  0.248632  -0.291642  4
7500  103154  0.231336  0.0459259  0.684793  0.241928  -0.273108  4
7600  103415  0.233932  0.0409059  0.677497  0.225484  -0.336145  4
7700  103072  0.234141  0.0379379  0.676292  0.229731  -0.414521  4
7800  102070  0.226882  0.0374523  0.675175  0.223341  -0.459549  4
7900  102743  0.223627  0.0337722  0.672205  0.206649  -0.395643  4
8000  102274  0.222387  0.0298132  0.668006  0.192402  -0.41132  4
8100  102995  0.228551  0.0303143  0.664395  0.181947  -0.414022  4
8200  103270  0.232677  0.0271913  0.662055  0.174927  -0.435328  4
8300  103622  0.224325  0.0227894  0.658522  0.162597  -0.456117  4
8400  102727  0.225611  0.0243698  0.663288  0.17636  -0.498914  4
8500  101919  0.226439  0.028064  0.664866  0.187058  -0.523872  4
8600  103006  0.227343  0.0277191  0.665703  0.185502  -0.477093  4
8700  102066  0.227671  0.0346128  0.669608  0.191541  -0.472433  4
8800  103125  0.230958  0.0297069  0.668395  0.177595  -0.512663  4
8900  103372  0.222946  0.0249716  0.668179  0.179545  -0.611495  4
9000  103246  0.226373  0.025868  0.66784  0.174593  -0.609175  4
9100  102831  0.226989  0.0331553  0.673176  0.196282  -0.57868  4
9200  103093  0.228089  0.0322073  0.671311  0.186716  -0.53496  4
9300  103048  0.226998  0.0319529  0.668887  0.17895  -0.5507  4
9400  102408  0.227243  0.0300423  0.668791  0.177123  -0.539487  4
9500  101816  0.21954  0.0265673  0.669207  0.180115  -0.601139  4
9600  102340  0.224448  0.0219365  0.664449  0.168632  -0.580013  4
9700  103158  0.218027  0.0259547  0.666186  0.164908  -0.575018  4
9800  103121  0.228334  0.0333839  0.672419  0.187628  -0.582817  4
9900  103422  0.223903  0.0342185  0.674209  0.191306  -0.633079  4
