t meta_n emi  mean_info  tr1  tr2  tr3  strategy
0  114121  0.09928  0.493342  0.900002  0.000793083  -6.39509e-05  4
100  101879  0.0979149  0.169803  0.856307  0.0776849  -0.00713761  4
200  103067  0.154001  0.0995522  0.78265  0.138397  -0.00999625  4
300  101781  0.192337  0.0704996  0.727959  0.185295  0.0123916  4
400  102811  0.208699  0.0595924  0.715021  0.221278  0.0028024  4
500  102780  0.220651  0.0540718  0.711014  0.262015  0.0210144  4
600  102531  0.225016  0.0520751  0.707774  0.288954  -0.000571924  4
700  101606  0.229102  0.0480432  0.703795  0.289334  -0.00497615  4
800  102092  0.229293  0.0467951  0.700515  0.289718  -0.0200211  4
900  101935  0.23316  0.0462635  0.700747  0.304941  -0.0180762  4
1000  101649  0.228831  0.0444564  0.699767  0.307141  -0.0279426  4
1100  102227  0.235268  0.0443267  0.698732  0.301557  -0.0385803  4
1200  101548  0.233226  0.0434975  0.693862  0.298319  -0.0572445  4
1300  102014  0.23396  0.0394449  0.69351  0.300093  -0.0528575  4
1400  101686  0.231074  0.0413506  0.694293  0.291298  -0.0746085  4
1500  102155  0.230113  0.040786  0.691247  0.283995  -0.073294  4
1600  102256  0.232632  0.0379321  0.692044  0.291916  -0.0322535  4
1700  102727  0.229392  0.034526  0.691533  0.280237  -0.0505523  4
1800  102486  0.236587  0.0352151  0.686897  0.278957  -0.0798316  4
1900  102379  0.234692  0.0341599  0.685186  0.280482  -0.0836367  4
2000  101477  0.233749  0.0353832  0.680318  0.278481  -0.120623  4
2100  101645  0.234865  0.0339715  0.678819  0.266509  -0.176475  4
2200  102616  0.230366  0.0316072  0.685174  0.269303  -0.163694  4
2300  102831  0.235553  0.029138  0.685105  0.278738  -0.166403  4
2400  102913  0.231579  0.0302897  0.684053  0.269039  -0.167865  4
2500  103030  0.224905  0.0279816  0.690531  0.279736  -0.15228  4
2600  101782  0.228747  0.0267878  0.690908  0.287474  -0.134483  4
2700  102161  0.226025  0.0258837  0.689035  0.270007  -0.112413  4
2800  101542  0.223295  0.0210156  0.686693  0.266867  -0.146374  4
2900  102370  0.221704  0.0222951  0.687803  0.273947  -0.173764  4
3000  102845  0.226102  0.0213145  0.684339  0.265906  -0.181616  4
3100  102989  0.23616  0.0252908  0.686448  0.27775  -0.208967  4
3200  102639  0.23257  0.0255133  0.6827  0.280065  -0.189588  4
3300  102693  0.233949  0.0222958  0.679426  0.269858  -0.228767  4
3400  102121  0.240657  0.0215232  0.680302  0.280256  -0.254021  4
3500  103367  0.234336  0.0203315  0.681954  0.281661  -0.266084  4
3600  101746  0.2353  0.0204085  0.6835  0.283754  -0.273446  4
3700  102059  0.233483  0.0189117  0.685951  0.283679  -0.253111  4
3800  103742  0.240847  0.0190358  0.685425  0.283771  -0.25977  4
3900  101167  0.234822  0.019272  0.680314  0.275338  -0.221954  4
4000  101832  0.232907  0.0195244  0.680271  0.264756  -0.277392  4
4100  103148  0.236414  0.0159357  0.675825  0.262495  -0.266443  4
4200  101733  0.235483  0.0156573  0.6728  0.255214  -0.254846  4
4300  101821  0.233701  0.0153481  0.668264  0.251593  -0.235924  4
4400  102430  0.226432  0.0143259  0.675536  0.248462  -0.204556  4
4500  102534  0.232013  0.0143806  0.675317  0.244725  -0.253913  4
4600  102361  0.229098  0.0129745  0.67383  0.24683  -0.248897  4
4700  102772  0.232463  0.0150002  0.672437  0.236006  -0.220641  4
4800  103834  0.23284  0.0128467  0.669657  0.229437  -0.19571  4
4900  102868  0.229148  0.0147989  0.671632  0.234183  -0.175226  4
5000  102137  0.229878  0.0144167  0.671644  0.242798  -0.206192  4
5100  102877  0.233067  0.0114322  0.670986  0.23982  -0.174514  4
5200  103583  0.230391  0.0116257  0.674366  0.242866  -0.186339  4
5300  101945  0.227753  0.0107088  0.674102  0.237462  -0.197675  4
5400  102530  0.229086  0.0112366  0.671349  0.239889  -0.223396  4
5500  102988  0.228188  0.0103246  0.676259  0.248229  -0.210278  4
5600  102844  0.231961  0.0100376  0.671089  0.235213  -0.192316  4
5700  101399  0.223915  0.00964476  0.673327  0.237655  -0.170733  4
5800  102853  0.224585  0.00987579  0.673567  0.234594  -0.198261  4
5900  102194  0.227487  0.00918103  0.672578  0.239668  -0.168517  4
6000  102646  0.228619  0.00779464  0.676784  0.246507  -0.167504  4
6100  102738  0.227289  0.00748286  0.680921  0.253785  -0.191463  4
6200  103530  0.227089  0.00816784  0.680921  0.252074  -0.171639  4
6300  103702  0.227074  0.00855807  0.675716  0.24735  -0.171907  4
6400  102487  0.228767  0.00740911  0.673875  0.245827  -0.12861  4
6500  102570  0.230288  0.00745311  0.678818  0.257053  -0.154395  4
6600  102380  0.232093  0.00724955  0.683374  0.268973  -0.174057  4
6700  103027  0.235221  0.00532376  0.68093  0.265572  -0.154329  4
6800  102371  0.222092  0.005475  0.682417  0.257406  -0.146144  4
6900  102618  0.228792  0.00521906  0.67882  0.252729  -0.139772  4
7000  102517  0.226202  0.0042359  0.676892  0.240614  -0.0817842  4
7100  102347  0.226284  0.00407352  0.670889  0.227025  -0.0746777  4
7200  102489  0.223184  0.00434822  0.670779  0.228312  -0.062329  4
7300  102566  0.227483  0.00435404  0.671052  0.228248  -0.0501301  4
7400  102685  0.228362  0.00397891  0.667283  0.226008  -0.0658914  4
7500  103098  0.227181  0.00425134  0.66331  0.212783  -0.0235426  4
7600  103578  0.232181  0.0034633  0.661252  0.205489  -0.0126278  4
7700  102527  0.228533  0.00382911  0.662166  0.211557  -0.0387194  4
7800  101960  0.226914  0.00341853  0.663146  0.211427  -0.0266404  4
7900  102709  0.229926  0.00280434  0.660236  0.203581  -0.0321891  4
8000  103240  0.230777  0.00314874  0.658894  0.193971  -0.00277867  4
8100  103194  0.227665  0.00235565  0.657364  0.188043  0.003568  4
8200  102556  0.226422  0.00303457  0.658098  0.18767  -0.0212039  4
8300  101863  0.228044  0.00264355  0.653375  0.171489  -0.00592409  4
8400  102797  0.227636  0.00282225  0.650316  0.159806  0.0239386  4
8500  102386  0.234516  0.00233235  0.648036  0.161052  0.0291567  4
8600  103419  0.229289  0.0021201  0.648215  0.15692  0.00420432  4
8700  102851  0.228225  0.00233849  0.64744  0.162448  -0.00336739  4
8800  102639  0.22392  0.0019682  0.646985  0.150082  -0.0293252  4
8900  102878  0.22699  0.00260502  0.646092  0.149646  -0.0316858  4
9000  102490  0.228984  0.00312232  0.647463  0.157753  -0.0506272  4
9100  102819  0.229147  0.00290948  0.652685  0.169054  -0.0683792  4
9200  102433  0.224437  0.00281625  0.655178  0.175927  -0.0786829  4
9300  102628  0.227053  0.0026065  0.657929  0.173921  -0.110342  4
9400  102919  0.22448  0.00281929  0.656646  0.166131  -0.0669123  4
9500  102376  0.224114  0.00246886  0.655499  0.160893  -0.0981535  4
9600  102260  0.226235  0.00219406  0.657302  0.169256  -0.0993918  4
9700  102711  0.223912  0.00165226  0.655283  0.159135  -0.0840321  4
9800  102357  0.226835  0.00143102  0.655714  0.158441  -0.0751573  4
9900  103305  0.225954  0.00187864  0.656886  0.164541  -0.104874  4
