t meta_n emi  mean_info  tr1  tr2  tr3  strategy
0  115108  0.101288  0.495223  0.899896  0.000746711  2.1294e-05  4
100  101664  0.106018  0.285065  0.851138  0.0822959  -0.0038053  4
200  102781  0.156576  0.175501  0.779386  0.145238  -0.00726899  4
300  102636  0.18915  0.125384  0.734317  0.175029  -0.000183371  4
400  100754  0.211517  0.10787  0.710809  0.207806  0.0190311  4
500  102468  0.21618  0.0987578  0.702573  0.229561  0.0242859  4
600  102834  0.225401  0.0939451  0.700049  0.247982  0.0369986  4
700  102041  0.223455  0.0975481  0.699118  0.267846  0.0458617  4
800  103196  0.229446  0.0886921  0.699978  0.282738  0.0639654  4
900  102070  0.236705  0.085664  0.693394  0.285829  0.0661587  4
1000  102413  0.232516  0.0843892  0.702106  0.302235  0.0590661  4
1100  101712  0.233973  0.0850601  0.701575  0.308299  0.0848173  4
1200  103245  0.235482  0.0878682  0.703119  0.308266  0.129882  4
1300  102268  0.233686  0.0805931  0.701554  0.306296  0.14484  4
1400  102539  0.228475  0.0796209  0.702668  0.314496  0.153916  4
1500  101941  0.228889  0.0788872  0.710384  0.329035  0.135254  4
1600  103193  0.233695  0.0801135  0.70805  0.315924  0.169258  4
1700  102012  0.227101  0.0766215  0.707692  0.325392  0.123421  4
1800  102636  0.22918  0.0690349  0.709566  0.332866  0.12702  4
1900  102445  0.232064  0.0680795  0.700355  0.324844  0.182014  4
2000  102173  0.229392  0.0692694  0.702452  0.318547  0.178885  4
2100  102415  0.229366  0.067588  0.702514  0.313422  0.192291  4
2200  101925  0.231637  0.0681016  0.702783  0.320565  0.158155  4
2300  102437  0.23201  0.0665438  0.6959  0.312772  0.135509  4
2400  102252  0.232565  0.0637873  0.693507  0.310101  0.107102  4
2500  102727  0.235333  0.064039  0.693735  0.302516  0.109166  4
2600  102912  0.231618  0.0559473  0.690509  0.299691  0.103679  4
2700  102411  0.229292  0.0540007  0.691435  0.285436  0.0905651  4
2800  103812  0.234394  0.0545544  0.689535  0.27744  0.0975882  4
2900  102396  0.227512  0.0575764  0.689402  0.264624  0.132334  4
3000  102775  0.228189  0.0523746  0.689914  0.268207  0.1994  4
3100  101380  0.228395  0.0484438  0.68662  0.269751  0.225946  4
3200  102365  0.227987  0.0484656  0.686515  0.272586  0.228463  4
3300  102575  0.227569  0.0449931  0.687189  0.267477  0.257621  4
3400  102443  0.225151  0.0442799  0.686439  0.264056  0.238988  4
3500  102455  0.228896  0.0458019  0.686132  0.264927  0.246849  4
3600  102021  0.225382  0.0426312  0.686502  0.261551  0.236139  4
3700  103331  0.22828  0.0440153  0.688428  0.26442  0.2382  4
3800  102489  0.22773  0.0404001  0.683707  0.263813  0.219582  4
3900  103330  0.231215  0.0424318  0.682005  0.264262  0.238971  4
4000  102355  0.22998  0.0381689  0.681702  0.260363  0.26351  4
4100  102235  0.230067  0.0369974  0.679249  0.255221  0.268634  4
4200  102384  0.224005  0.0371681  0.674778  0.245224  0.346894  4
4300  102337  0.226251  0.034962  0.67465  0.244  0.375031  4
4400  102615  0.229316  0.0293563  0.67252  0.240258  0.392668  4
4500  102224  0.229122  0.0286109  0.670379  0.237483  0.39144  4
4600  102848  0.234465  0.0286924  0.664922  0.229964  0.420125  4
4700  101846  0.225458  0.0268534  0.669296  0.232028  0.417917  4
4800  103082  0.231014  0.0301149  0.669688  0.23117  0.406915  4
4900  102467  0.231576  0.0279056  0.667082  0.235132  0.396147  4
5000  103188  0.233785  0.0296713  0.667595  0.233762  0.3884  4
5100  102405  0.229614  0.025455  0.667454  0.229325  0.369978  4
5200  103228  0.225527  0.0239503  0.671986  0.239562  0.35155  4
5300  103032  0.227924  0.0244859  0.671866  0.236318  0.370903  4
5400  102567  0.222132  0.0237842  0.672225  0.230073  0.386699  4
5500  102906  0.220771  0.0221312  0.673212  0.235985  0.407502  4
5600  102620  0.228037  0.0200743  0.67371  0.242651  0.412685  4
5700  102375  0.224658  0.0205397  0.673942  0.246317  0.391435  4
5800  102258  0.222837  0.0200036  0.672277  0.237205  0.348335  4
5900  102775  0.226249  0.0203011  0.671345  0.23333  0.357846  4
6000  101992  0.226799  0.0184777  0.669255  0.236503  0.365307  4
6100  103347  0.234716  0.0162255  0.666757  0.230244  0.375239  4
6200  102352  0.227894  0.0159934  0.665743  0.227704  0.376072  4
6300  102371  0.231262  0.016771  0.665688  0.233448  0.369284  4
6400  102268  0.227362  0.0163932  0.663657  0.233337  0.388577  4
6500  102906  0.232898  0.0159134  0.663955  0.236034  0.435196  4
6600  102347  0.230442  0.015459  0.666604  0.244076  0.443309  4
6700  103456  0.233252  0.0138089  0.664793  0.233784  0.444407  4
6800  102580  0.230806  0.0143361  0.66026  0.223298  0.446309  4
6900  101513  0.227824  0.0134589  0.660954  0.21648  0.440708  4
7000  102557  0.224978  0.0142871  0.658282  0.209199  0.424073  4
7100  102539  0.231828  0.0106352  0.659838  0.217594  0.408287  4
7200  102209  0.22884  0.0133755  0.660552  0.21401  0.434405  4
7300  102424  0.224942  0.011899  0.659568  0.199779  0.456695  4
7400  103286  0.226787  0.0117172  0.660228  0.203835  0.425199  4
7500  103492  0.227074  0.0108717  0.661294  0.209618  0.395837  4
7600  103244  0.223114  0.0114181  0.664806  0.216064  0.431074  4
7700  103278  0.222674  0.0115672  0.66346  0.213399  0.390918  4
7800  104101  0.226986  0.0107051  0.666042  0.221471  0.371823  4
7900  102773  0.226774  0.00972007  0.662742  0.212686  0.357284  4
8000  102575  0.227667  0.00957122  0.664884  0.222475  0.346837  4
8100  102585  0.225736  0.0103229  0.661291  0.210585  0.356669  4
8200  103198  0.225004  0.00894354  0.66188  0.204215  0.336416  4
8300  102431  0.223717  0.01087  0.66075  0.205143  0.348851  4
8400  102995  0.223755  0.010611  0.664946  0.219242  0.334432  4
8500  102664  0.223087  0.0119706  0.665881  0.218748  0.351144  4
8600  102683  0.22778  0.00856727  0.663766  0.213448  0.377493  4
8700  102502  0.227402  0.00850462  0.661388  0.208499  0.381411  4
8800  102623  0.230424  0.0078563  0.66195  0.211963  0.419567  4
8900  102771  0.228651  0.00743555  0.663022  0.222618  0.426356  4
9000  101081  0.226243  0.00661414  0.662922  0.223428  0.453785  4
9100  102747  0.225168  0.00612302  0.660435  0.214413  0.417416  4
9200  102389  0.227247  0.00630364  0.658824  0.207553  0.359048  4
9300  102723  0.225333  0.00561518  0.659011  0.201245  0.359622  4
9400  102265  0.230312  0.00503339  0.659859  0.202807  0.35262  4
9500  102024  0.223485  0.00592442  0.657227  0.190107  0.38748  4
9600  102867  0.226086  0.0061209  0.657665  0.189929  0.425484  4
9700  102144  0.224249  0.00609992  0.654861  0.180562  0.438938  4
9800  103176  0.218457  0.00586479  0.654832  0.176297  0.461348  4
9900  103495  0.230393  0.00719672  0.652732  0.17064  0.458176  4
