t meta_n emi  mean_info  tr1  tr2  tr3  strategy
0  116868  0.101072  0.49753  0.900075  0.000778026  1.81697e-05  4
100  104485  0.112805  0.584149  0.862404  0.079085  -0.00178172  4
200  104026  0.154794  0.639694  0.817924  0.151085  0.00585708  4
300  105740  0.177603  0.665243  0.794768  0.19748  0.00257503  4
400  104463  0.194532  0.671791  0.782754  0.238571  0.00162579  4
500  104717  0.198942  0.670688  0.78407  0.270617  -0.017845  4
600  104463  0.200518  0.664812  0.789136  0.28837  0.00532254  4
700  104971  0.200195  0.673633  0.792629  0.30273  0.0246733  4
800  104904  0.19311  0.682234  0.792347  0.311644  0.0317571  4
900  104857  0.193244  0.675784  0.79984  0.33094  0.0438772  4
1000  104813  0.19255  0.666617  0.798821  0.325527  0.0492748  4
1100  105744  0.19233  0.654859  0.802301  0.340208  0.0740978  4
1200  105071  0.194234  0.660783  0.806077  0.344409  0.0728557  4
1300  104764  0.194701  0.658456  0.804255  0.355074  0.0912313  4
1400  104522  0.18532  0.661077  0.810811  0.362173  0.0753194  4
1500  105321  0.189616  0.655577  0.815348  0.349557  0.0582292  4
1600  105164  0.194248  0.649236  0.806619  0.359861  0.0421285  4
1700  105334  0.187198  0.643636  0.811468  0.363534  0.0288695  4
1800  104953  0.184237  0.654982  0.808796  0.356693  0.00131549  4
1900  104384  0.185652  0.638273  0.810582  0.365323  -0.00808045  4
2000  104506  0.190765  0.626122  0.808078  0.374912  0.0242767  4
2100  105855  0.191416  0.616428  0.807709  0.368777  0.0205388  4
2200  105057  0.186651  0.619818  0.805105  0.371045  0.0645822  4
2300  104401  0.189518  0.63365  0.805827  0.378289  0.133848  4
2400  104701  0.187255  0.634481  0.80588  0.382472  0.0811372  4
2500  105110  0.190256  0.622056  0.809816  0.398678  0.041773  4
2600  105641  0.187805  0.630028  0.808108  0.390215  0.0446269  4
2700  104883  0.190253  0.623502  0.802101  0.392254  0.0511493  4
2800  105417  0.189057  0.616427  0.804764  0.398659  0.0636673  4
2900  104855  0.19084  0.601488  0.802993  0.396275  0.11605  4
3000  104777  0.187245  0.599039  0.802403  0.398945  0.157034  4
3100  105780  0.196124  0.602888  0.800787  0.388139  0.162857  4
3200  105334  0.184441  0.605485  0.797627  0.374702  0.153356  4
3300  104341  0.182882  0.602865  0.801861  0.383798  0.0822293  4
3400  104953  0.186141  0.599885  0.797948  0.376265  0.122701  4
3500  105662  0.183469  0.611856  0.797991  0.374888  0.067439  4
3600  104927  0.189558  0.604505  0.80223  0.384772  0.0745687  4
3700  105409  0.188959  0.597641  0.806068  0.400433  0.0262345  4
3800  105354  0.191634  0.588497  0.809859  0.432152  0.00646177  4
3900  106008  0.19327  0.58342  0.814939  0.445041  0.0231605  4
4000  105639  0.194191  0.577547  0.816957  0.443397  0.0257354  4
4100  105612  0.192365  0.583897  0.820423  0.452397  -0.0169702  4
4200  104653  0.185359  0.5817  0.81926  0.455012  -0.0466339  4
4300  104465  0.182768  0.579019  0.821202  0.454117  -0.032914  4
4400  106120  0.191279  0.572058  0.818439  0.44743  -0.00755659  4
4500  106021  0.183449  0.5671  0.816311  0.444686  -0.0321321  4
4600  105268  0.187553  0.563747  0.820244  0.442967  -0.039509  4
4700  106095  0.189718  0.562112  0.819127  0.4486  -0.0515782  4
4800  105025  0.19023  0.560275  0.820914  0.454847  -0.0517582  4
4900  105900  0.181596  0.554685  0.827176  0.466094  -0.0880625  4
5000  104515  0.187564  0.555373  0.829275  0.47352  -0.158369  4
5100  105263  0.185889  0.541203  0.834477  0.480883  -0.20406  4
5200  105070  0.183842  0.524533  0.841723  0.511776  -0.222128  4
5300  105047  0.176706  0.525969  0.845681  0.528412  -0.211401  4
5400  105117  0.189213  0.527961  0.852448  0.55055  -0.254074  4
5500  105004  0.181369  0.525262  0.858047  0.562676  -0.292945  4
5600  105414  0.184876  0.520161  0.858533  0.571494  -0.305558  4
5700  105528  0.184172  0.513749  0.860139  0.57869  -0.285953  4
5800  105372  0.183132  0.510106  0.864975  0.596752  -0.28967  4
5900  105291  0.190763  0.51011  0.872314  0.616954  -0.249554  4
6000  105940  0.184015  0.503557  0.876305  0.62646  -0.262394  4
6100  105033  0.184452  0.509773  0.877657  0.633177  -0.254462  4
6200  105987  0.184055  0.511409  0.877392  0.636642  -0.215724  4
6300  104264  0.184364  0.511035  0.86935  0.619011  -0.175151  4
6400  105862  0.183035  0.504565  0.879353  0.641618  -0.168931  4
6500  105487  0.186517  0.50242  0.880149  0.642418  -0.167895  4
6600  105519  0.182842  0.502491  0.87814  0.63902  -0.206589  4
6700  104901  0.181175  0.505338  0.880695  0.640688  -0.186858  4
6800  106187  0.188895  0.502266  0.886151  0.655248  -0.217981  4
6900  105446  0.186681  0.498183  0.889274  0.66731  -0.270749  4
7000  105167  0.183792  0.492122  0.889825  0.666432  -0.25601  4
7100  104528  0.181693  0.488844  0.891186  0.678056  -0.23062  4
7200  105391  0.174787  0.490584  0.894908  0.68885  -0.226604  4
7300  105320  0.179388  0.491018  0.896901  0.687945  -0.20939  4
7400  104610  0.181116  0.492631  0.901296  0.701089  -0.278881  4
7500  105807  0.183325  0.484081  0.908284  0.715002  -0.355425  4
7600  104979  0.173365  0.487642  0.908428  0.715001  -0.283571  4
7700  105943  0.184712  0.483688  0.907361  0.707287  -0.284711  4
7800  105266  0.178347  0.481453  0.909687  0.71082  -0.283045  4
7900  105607  0.181083  0.487987  0.906655  0.706374  -0.239507  4
8000  106048  0.177755  0.477985  0.915516  0.728369  -0.290897  4
8100  105452  0.179016  0.474883  0.913774  0.724565  -0.302524  4
8200  105338  0.187244  0.468474  0.911401  0.729811  -0.285286  4
8300  105339  0.179241  0.465724  0.910902  0.725854  -0.286932  4
8400  105878  0.184705  0.46263  0.915424  0.736512  -0.308235  4
8500  105993  0.186042  0.459358  0.918766  0.744231  -0.328838  4
8600  106099  0.179872  0.462155  0.914837  0.736578  -0.281047  4
8700  104923  0.177879  0.460335  0.922509  0.750437  -0.309632  4
8800  105043  0.174639  0.452508  0.929094  0.769668  -0.359465  4
8900  106447  0.180307  0.456065  0.930629  0.775041  -0.387846  4
9000  105388  0.182963  0.459973  0.924876  0.760542  -0.330048  4
9100  105417  0.178869  0.460422  0.928088  0.761108  -0.280923  4
9200  105001  0.180799  0.461316  0.928032  0.758011  -0.284877  4
9300  105487  0.187275  0.45748  0.930808  0.767633  -0.286858  4
9400  105762  0.182865  0.458352  0.933998  0.777503  -0.343765  4
9500  105488  0.174654  0.457177  0.937509  0.781642  -0.333049  4
9600  105776  0.181445  0.457091  0.9367  0.782463  -0.358304  4
9700  104970  0.178811  0.452534  0.938376  0.786261  -0.380083  4
9800  106130  0.186838  0.443684  0.93908  0.791098  -0.395227  4
9900  105190  0.182022  0.438494  0.943099  0.79842  -0.416056  4
