t meta_n emi  mean_info  tr1  tr2  tr3  strategy
0  115302  0.100136  0.493992  0.89995  0.000767691  -4.18116e-05  4
100  101504  0.103168  0.253657  0.849929  0.0739866  0.000156797  4
200  102331  0.159804  0.150307  0.773089  0.139382  -0.0129824  4
300  102194  0.192628  0.107856  0.724469  0.191645  -0.0140002  4
400  101789  0.216481  0.0939551  0.704529  0.22107  -0.0136937  4
500  101933  0.224162  0.0847637  0.70406  0.249966  0.00836128  4
600  102235  0.230938  0.0859915  0.697596  0.266513  0.00281075  4
700  102641  0.22877  0.0839091  0.70183  0.287357  -0.00676861  4
800  102691  0.229184  0.0782697  0.698767  0.28893  -0.0370668  4
900  101932  0.228917  0.0724046  0.698671  0.28745  -0.033841  4
1000  101882  0.23283  0.0677597  0.698798  0.295168  -0.0317368  4
1100  102211  0.230882  0.0708621  0.698769  0.301165  -0.0251643  4
1200  102128  0.229695  0.0719521  0.70334  0.309732  0.00230408  4
1300  102265  0.228239  0.0653626  0.705476  0.315911  0.00974323  4
1400  102092  0.230312  0.064009  0.69855  0.308107  -0.00201567  4
1500  102413  0.228868  0.0640034  0.701612  0.307505  0.00988961  4
1600  102962  0.230111  0.0630834  0.705184  0.311128  -0.00117049  4
1700  101843  0.233539  0.0614383  0.697248  0.308552  0.0281435  4
1800  102112  0.234404  0.0623749  0.697994  0.299891  0.0225055  4
1900  102205  0.230296  0.0570657  0.699936  0.306304  0.0207504  4
2000  101857  0.236953  0.0585225  0.70165  0.328154  -0.0445365  4
2100  103448  0.238556  0.0607291  0.70412  0.329136  -0.0833789  4
2200  102148  0.235436  0.054149  0.702978  0.323503  -0.111034  4
2300  101423  0.223312  0.0516481  0.706852  0.321318  -0.156991  4
2400  102202  0.229309  0.0519045  0.706747  0.326809  -0.16843  4
2500  103141  0.233022  0.0456876  0.703212  0.331849  -0.182393  4
2600  101842  0.228517  0.0453183  0.702815  0.329602  -0.184228  4
2700  102569  0.232013  0.0466764  0.705559  0.333607  -0.17712  4
2800  102075  0.235577  0.0463143  0.701594  0.325918  -0.229974  4
2900  102178  0.233856  0.0450258  0.708632  0.334464  -0.248207  4
3000  103025  0.231581  0.0466405  0.703001  0.322276  -0.211612  4
3100  102019  0.229231  0.0493909  0.702352  0.314592  -0.221351  4
3200  103024  0.226014  0.04756  0.70162  0.302748  -0.261984  4
3300  102031  0.225119  0.0403893  0.698308  0.293616  -0.311373  4
3400  102997  0.227788  0.0436559  0.690559  0.280326  -0.348384  4
3500  102845  0.227026  0.0410382  0.690445  0.280307  -0.298332  4
3600  102737  0.228363  0.037772  0.68764  0.259162  -0.323516  4
3700  102770  0.225242  0.0350615  0.688176  0.26124  -0.318117  4
3800  102347  0.223956  0.0325013  0.68718  0.253563  -0.301995  4
3900  103036  0.224665  0.0311803  0.687247  0.249045  -0.314451  4
4000  102777  0.223164  0.0297272  0.681829  0.230441  -0.310773  4
4100  102600  0.222222  0.0328553  0.682698  0.23888  -0.271519  4
4200  102443  0.224069  0.0286693  0.6822  0.241646  -0.282865  4
4300  102469  0.220053  0.0301522  0.685451  0.248532  -0.230201  4
4400  102398  0.217138  0.0266355  0.683054  0.240758  -0.212673  4
4500  102733  0.220441  0.0261733  0.686005  0.237615  -0.160285  4
4600  102157  0.219574  0.0279787  0.682961  0.238666  -0.173951  4
4700  101465  0.22252  0.0279373  0.682206  0.237029  -0.180688  4
4800  102770  0.223365  0.0286127  0.674957  0.22229  -0.251287  4
4900  102877  0.228225  0.024023  0.674086  0.224917  -0.282433  4
5000  102989  0.225252  0.0221401  0.672301  0.214959  -0.299098  4
5100  103497  0.226209  0.0225657  0.67302  0.227195  -0.335633  4
5200  102620  0.224013  0.0213844  0.67014  0.215784  -0.331607  4
5300  102989  0.224422  0.0204952  0.66867  0.221015  -0.340835  4
5400  103021  0.231006  0.0188155  0.665767  0.205564  -0.331687  4
5500  102237  0.225901  0.0177236  0.667441  0.210413  -0.339752  4
5600  102720  0.228409  0.0171983  0.662013  0.205717  -0.394061  4
5700  102495  0.229838  0.0169498  0.662504  0.206161  -0.382822  4
5800  102815  0.226204  0.0182919  0.666259  0.212662  -0.319743  4
5900  102039  0.222153  0.017401  0.669835  0.216744  -0.365275  4
6000  102720  0.22248  0.0162649  0.670732  0.211772  -0.295775  4
6100  103363  0.225815  0.0154471  0.670098  0.20451  -0.280992  4
6200  102717  0.218157  0.0149599  0.670687  0.195465  -0.281971  4
6300  102576  0.218576  0.0147944  0.669608  0.19211  -0.245137  4
6400  103112  0.221556  0.0139626  0.669137  0.183698  -0.195003  4
6500  102843  0.221118  0.0153899  0.666101  0.172812  -0.245663  4
6600  102936  0.219725  0.0125598  0.668183  0.176839  -0.191993  4
6700  102963  0.218123  0.0127302  0.668081  0.176451  -0.218287  4
6800  103450  0.220825  0.0125051  0.667225  0.17941  -0.312212  4
6900  103186  0.21621  0.0113609  0.66973  0.184587  -0.294148  4
7000  103304  0.21655  0.0119588  0.671176  0.195049  -0.264368  4
7100  102473  0.222815  0.0121827  0.669983  0.197265  -0.31393  4
7200  103511  0.219485  0.0131435  0.66978  0.203875  -0.330194  4
7300  102636  0.224759  0.0118876  0.66936  0.209943  -0.342775  4
7400  103179  0.223179  0.0108414  0.663023  0.194518  -0.345473  4
7500  103378  0.22494  0.00885277  0.663463  0.193171  -0.306992  4
7600  103185  0.224299  0.0101838  0.663794  0.193419  -0.250798  4
7700  103056  0.222414  0.00847188  0.664901  0.200558  -0.222664  4
7800  102563  0.221589  0.00931723  0.663589  0.19258  -0.205993  4
7900  102536  0.22056  0.0105693  0.660352  0.182341  -0.174424  4
8000  102916  0.219461  0.00915094  0.661279  0.184479  -0.171601  4
8100  102690  0.2218  0.0082744  0.659162  0.176601  -0.149602  4
8200  102500  0.223493  0.00841863  0.658037  0.176905  -0.13299  4
8300  102056  0.221921  0.00858391  0.658072  0.186994  -0.115787  4
8400  103118  0.221394  0.00667089  0.659805  0.191123  -0.121024  4
8500  103266  0.228475  0.00636466  0.65976  0.195554  -0.127256  4
8600  102185  0.223755  0.00632732  0.65951  0.193766  -0.115215  4
8700  103433  0.224874  0.00735471  0.659929  0.205296  -0.152025  4
8800  103022  0.227607  0.00588491  0.659696  0.207655  -0.167398  4
8900  103181  0.223599  0.0052326  0.658944  0.214223  -0.206491  4
9000  103201  0.229119  0.004024  0.659938  0.210914  -0.199573  4
9100  102025  0.22181  0.00562534  0.662151  0.22199  -0.186845  4
9200  102803  0.22902  0.00635948  0.662299  0.225858  -0.217573  4
9300  102829  0.226059  0.00496222  0.661048  0.224297  -0.217913  4
9400  102046  0.222946  0.00540542  0.663721  0.236067  -0.300661  4
9500  102934  0.229614  0.00490557  0.662772  0.236971  -0.302894  4
9600  102466  0.227938  0.00550318  0.661518  0.229116  -0.287438  4
9700  102490  0.226439  0.005075  0.662026  0.233012  -0.236511  4
9800  101888  0.224112  0.00400625  0.662501  0.230676  -0.279774  4
9900  101816  0.219323  0.0043365  0.663112  0.229519  -0.29604  4
