t meta_n emi  mean_info  tr1  tr2  tr3  strategy
0  114245  0.098744  0.493217  0.900036  0.000788123  1.83257e-05  4
100  102692  0.102055  0.182888  0.853463  0.0791907  0.00859645  4
200  102714  0.15257  0.10008  0.776687  0.140704  0.00588145  4
300  103095  0.193187  0.0782587  0.727862  0.185757  0.0149701  4
400  101560  0.21509  0.0626293  0.700834  0.201689  0.035199  4
500  101750  0.225491  0.0632228  0.693141  0.23554  0.050544  4
600  102930  0.234917  0.057898  0.688565  0.251826  0.0519912  4
700  102245  0.23917  0.0526007  0.685298  0.261241  0.0715033  4
800  102147  0.2367  0.0534354  0.684648  0.267339  0.0759385  4
900  102530  0.245838  0.0498212  0.684877  0.283428  0.0689762  4
1000  102387  0.238619  0.0501841  0.68892  0.290501  0.0691456  4
1100  102135  0.236155  0.048351  0.690888  0.298128  0.0794649  4
1200  102732  0.243253  0.0440689  0.689624  0.303361  0.110225  4
1300  102084  0.236452  0.0473277  0.689061  0.29408  0.105248  4
1400  102541  0.238657  0.0444291  0.690617  0.295392  0.130111  4
1500  103006  0.235434  0.0413079  0.692266  0.301582  0.119387  4
1600  101813  0.237473  0.0404539  0.686628  0.298107  0.113576  4
1700  102047  0.236761  0.0425732  0.690298  0.282177  0.127574  4
1800  102164  0.231774  0.0392193  0.694233  0.290917  0.128686  4
1900  102751  0.236898  0.0403775  0.688077  0.287952  0.13097  4
2000  102794  0.229378  0.0402028  0.687397  0.275085  0.112299  4
2100  102546  0.230626  0.0365745  0.686037  0.270173  0.122346  4
2200  102381  0.232863  0.0368231  0.685303  0.270911  0.124698  4
2300  101913  0.229307  0.03567  0.688232  0.279596  0.176693  4
2400  102210  0.232982  0.0348054  0.688938  0.285363  0.13499  4
2500  102692  0.228467  0.0317189  0.692384  0.298362  0.137794  4
2600  102475  0.233169  0.0322249  0.692557  0.294572  0.144044  4
2700  103285  0.23309  0.0301128  0.6957  0.302654  0.155422  4
2800  102495  0.225606  0.0283212  0.703558  0.308151  0.167349  4
2900  101698  0.22519  0.0295241  0.697787  0.306449  0.153567  4
3000  101731  0.226243  0.0304685  0.69836  0.315535  0.193386  4
3100  101980  0.228708  0.0262226  0.692829  0.307924  0.178848  4
3200  102781  0.229985  0.0272285  0.694678  0.305341  0.20113  4
3300  102530  0.225559  0.0292061  0.695091  0.302641  0.182776  4
3400  102228  0.224248  0.0286712  0.697526  0.312767  0.18333  4
3500  102084  0.225302  0.0254184  0.693712  0.301245  0.189198  4
3600  102811  0.223286  0.0236194  0.690672  0.29155  0.253326  4
3700  101751  0.228728  0.0197042  0.684762  0.283313  0.24603  4
3800  102511  0.228119  0.0193747  0.68397  0.287106  0.24755  4
3900  102535  0.235762  0.020411  0.682576  0.291523  0.265227  4
4000  102160  0.232023  0.017318  0.67821  0.283741  0.262801  4
4100  103184  0.240062  0.0176548  0.675886  0.282215  0.263355  4
4200  102105  0.228677  0.0186521  0.678178  0.267263  0.302012  4
4300  102349  0.229304  0.018279  0.678172  0.269921  0.317569  4
4400  102640  0.229702  0.0178275  0.679749  0.283312  0.315182  4
4500  102693  0.228091  0.0167749  0.678736  0.286529  0.329657  4
4600  103856  0.231643  0.0170322  0.683308  0.283365  0.309874  4
4700  101794  0.222674  0.0143902  0.681611  0.275941  0.292848  4
4800  102722  0.228891  0.0148617  0.676591  0.267526  0.290577  4
4900  102929  0.227562  0.0144597  0.677195  0.273306  0.249059  4
5000  101756  0.225893  0.0158695  0.675435  0.270341  0.255209  4
5100  102547  0.229668  0.0151408  0.679446  0.286898  0.260939  4
5200  101860  0.235744  0.0154875  0.676448  0.28896  0.259844  4
5300  102569  0.229557  0.0137844  0.67809  0.287787  0.316013  4
5400  102535  0.234215  0.0134089  0.679088  0.294422  0.349187  4
5500  103355  0.231597  0.0115076  0.678602  0.297229  0.360115  4
5600  103843  0.231371  0.0119555  0.677451  0.294221  0.332258  4
5700  102338  0.229452  0.0101999  0.676886  0.288256  0.317724  4
5800  102050  0.233486  0.00924884  0.675623  0.286992  0.342096  4
5900  103279  0.230168  0.0110816  0.68006  0.286839  0.341421  4
6000  102293  0.228027  0.0101244  0.680825  0.290586  0.315995  4
6100  103470  0.229007  0.00884868  0.680985  0.291255  0.336085  4
6200  102978  0.225063  0.00895944  0.682924  0.288604  0.333352  4
6300  102175  0.225622  0.00922924  0.6837  0.292872  0.313037  4
6400  102732  0.222837  0.0088998  0.682942  0.289275  0.303418  4
6500  101753  0.229973  0.00865938  0.682149  0.291833  0.308225  4
6600  102349  0.224858  0.00791174  0.679078  0.27977  0.317949  4
6700  102976  0.231436  0.00843581  0.679603  0.286275  0.288851  4
6800  103058  0.226936  0.00886216  0.683129  0.289438  0.22134  4
6900  102069  0.225488  0.0075823  0.679996  0.276295  0.215441  4
7000  102025  0.230345  0.00700174  0.681775  0.279098  0.199275  4
7100  102547  0.225525  0.00751186  0.681313  0.271235  0.184695  4
7200  102736  0.225828  0.00630982  0.676177  0.254342  0.192321  4
7300  103622  0.225641  0.00526107  0.671349  0.236791  0.180044  4
7400  102395  0.224224  0.00514835  0.6692  0.231617  0.181413  4
7500  102641  0.225565  0.0047783  0.665614  0.222917  0.138994  4
7600  102824  0.227715  0.00499794  0.669453  0.229165  0.147998  4
7700  102458  0.223387  0.00514294  0.666764  0.22664  0.132317  4
7800  102947  0.227943  0.00487502  0.666758  0.230101  0.121902  4
7900  102487  0.22385  0.00407453  0.668398  0.235415  0.118076  4
8000  103061  0.223572  0.00484722  0.668398  0.23031  0.149664  4
8100  102538  0.221179  0.00478346  0.66569  0.224507  0.157474  4
8200  102816  0.226219  0.00352063  0.66368  0.226795  0.157541  4
8300  102678  0.224492  0.00413329  0.665418  0.224056  0.176834  4
8400  102849  0.223238  0.0035476  0.662811  0.215785  0.152507  4
8500  103169  0.224514  0.00383465  0.663237  0.2088  0.141202  4
8600  103376  0.222529  0.00446792  0.664013  0.211634  0.111595  4
8700  101982  0.226169  0.00411044  0.662376  0.192827  0.107716  4
8800  102549  0.216558  0.00343231  0.662205  0.186757  0.125136  4
8900  103427  0.222101  0.00322104  0.65815  0.18028  0.105464  4
9000  103761  0.21993  0.00246805  0.658656  0.175146  0.0865813  4
9100  102657  0.220116  0.00268984  0.65734  0.174367  0.0735141  4
9200  102748  0.220147  0.00314367  0.658197  0.18169  0.0665887  4
9300  101996  0.221893  0.00287755  0.657142  0.175648  0.0796702  4
9400  102901  0.217094  0.00313745  0.658035  0.178811  0.0658185  4
9500  103659  0.220857  0.00334473  0.65887  0.180678  0.0558906  4
9600  102727  0.222839  0.00290604  0.659729  0.17926  0.0502968  4
9700  103009  0.219289  0.00221087  0.659803  0.176745  0.0727284  4
9800  102630  0.220709  0.00211132  0.657061  0.169232  0.0724833  4
9900  102542  0.218767  0.00281796  0.658781  0.171647  0.0873261  4
