t meta_n emi  mean_info  tr1  tr2  tr3  strategy
0  116776  0.101088  0.498826  0.90006  0.000792605  -2.02836e-05  4
100  103730  0.109392  0.517688  0.857824  0.0801081  0.00612348  4
200  104094  0.160355  0.510725  0.793721  0.155922  0.00183024  4
300  104914  0.192519  0.507139  0.765415  0.211682  -0.00565885  4
400  103441  0.199266  0.491703  0.756176  0.243263  0.000303077  4
500  103732  0.204437  0.474551  0.761116  0.293874  0.0157377  4
600  103655  0.207763  0.454737  0.765109  0.330305  0.0452359  4
700  103676  0.209544  0.437054  0.768034  0.350377  0.052833  4
800  103081  0.206032  0.42472  0.77414  0.378405  0.055445  4
900  104339  0.216504  0.409539  0.779634  0.410603  0.0677725  4
1000  104065  0.208674  0.405789  0.785677  0.421122  0.0657387  4
1100  103956  0.209554  0.404619  0.788157  0.424586  0.0593018  4
1200  104373  0.215439  0.392583  0.79759  0.445451  0.0840632  4
1300  103594  0.206882  0.400036  0.802497  0.463741  0.0711096  4
1400  103015  0.201393  0.38436  0.801823  0.460943  0.083483  4
1500  104057  0.204284  0.378544  0.80185  0.467657  0.0698679  4
1600  103397  0.206088  0.382099  0.801747  0.473259  0.0998254  4
1700  104191  0.208198  0.394278  0.815774  0.508177  0.0937991  4
1800  104701  0.208308  0.383131  0.814622  0.507056  0.104731  4
1900  104590  0.208215  0.37249  0.817595  0.509372  0.161193  4
2000  103512  0.202554  0.365991  0.827266  0.539808  0.110672  4
2100  104091  0.203857  0.371941  0.828098  0.54831  0.105709  4
2200  103771  0.200664  0.369512  0.835562  0.562641  0.117399  4
2300  103592  0.205614  0.363394  0.83309  0.565603  0.1266  4
2400  104680  0.20268  0.363214  0.83638  0.570786  0.155518  4
2500  104190  0.211602  0.36297  0.835843  0.593606  0.127394  4
2600  103909  0.206572  0.360077  0.839921  0.59173  0.211242  4
2700  103918  0.205131  0.346934  0.847414  0.608402  0.179713  4
2800  104610  0.206425  0.344943  0.849656  0.609399  0.157622  4
2900  104478  0.195306  0.347821  0.861608  0.631361  0.194859  4
3000  105332  0.203149  0.339602  0.86685  0.643556  0.18689  4
3100  104046  0.197654  0.341043  0.865673  0.645695  0.206768  4
3200  104114  0.203948  0.341857  0.870825  0.661121  0.157385  4
3300  104347  0.203079  0.340826  0.870652  0.6552  0.209525  4
3400  104261  0.201324  0.334413  0.874414  0.665013  0.250105  4
3500  103968  0.194961  0.333208  0.87635  0.669764  0.296842  4
3600  103902  0.199268  0.329999  0.889316  0.703364  0.34981  4
3700  104368  0.197347  0.328094  0.898123  0.714669  0.332234  4
3800  103912  0.198057  0.322575  0.899128  0.713568  0.362148  4
3900  104400  0.194248  0.332643  0.911562  0.74318  0.32903  4
4000  104675  0.201148  0.328548  0.910444  0.750173  0.310072  4
4100  105220  0.206094  0.328151  0.91421  0.766926  0.276948  4
4200  104173  0.204091  0.332177  0.9225  0.783933  0.303241  4
4300  103909  0.202341  0.323661  0.922227  0.784164  0.313549  4
4400  104339  0.199152  0.323811  0.925556  0.790048  0.301377  4
4500  103738  0.201425  0.320215  0.928243  0.800426  0.266093  4
4600  104018  0.196279  0.320439  0.937519  0.81449  0.244944  4
4700  104589  0.195659  0.321081  0.938287  0.818514  0.281867  4
4800  103855  0.191362  0.325542  0.944969  0.830974  0.265539  4
4900  103777  0.189048  0.328881  0.952099  0.846536  0.248868  4
5000  104959  0.19612  0.323941  0.956284  0.855009  0.253751  4
5100  104266  0.185992  0.321668  0.960244  0.867369  0.25346  4
5200  103676  0.18663  0.316742  0.958985  0.864036  0.299506  4
5300  104260  0.196406  0.316868  0.965165  0.877779  0.330095  4
5400  104149  0.18763  0.320169  0.967905  0.882672  0.33314  4
5500  105030  0.194462  0.316849  0.972793  0.893124  0.340474  4
5600  104470  0.194742  0.315806  0.97615  0.89892  0.331642  4
5700  104323  0.194144  0.313401  0.980138  0.904373  0.342225  4
5800  104446  0.194923  0.313304  0.988168  0.92074  0.413415  4
5900  103952  0.192413  0.307989  0.986922  0.924657  0.403132  4
6000  105282  0.201572  0.298522  0.986508  0.923942  0.39285  4
6100  105294  0.199994  0.302955  0.993612  0.93708  0.423184  4
6200  104826  0.196169  0.303942  0.997584  0.944032  0.505134  4
6300  104214  0.191571  0.300436  0.995712  0.941532  0.51876  4
6400  104783  0.203817  0.29479  0.994378  0.939236  0.48116  4
6500  103261  0.190291  0.297482  0.998739  0.949841  0.527508  4
6600  104333  0.198806  0.294131  1.00233  0.957138  0.553558  4
6700  104080  0.188561  0.297079  1.00283  0.956829  0.580541  4
6800  105527  0.200719  0.29881  1.00577  0.965221  0.5771  4
6900  104470  0.192069  0.298508  1.00508  0.965892  0.575698  4
7000  105399  0.206252  0.297592  1.00087  0.964686  0.562681  4
7100  104533  0.19786  0.298355  1.00591  0.967907  0.576266  4
7200  104648  0.202913  0.296999  1.00543  0.966487  0.556422  4
7300  104122  0.191634  0.298918  1.01056  0.974652  0.477575  4
7400  104855  0.191222  0.297082  1.00904  0.974315  0.477011  4
7500  104460  0.193921  0.302733  1.00883  0.9733  0.499341  4
7600  105033  0.191937  0.298158  1.01325  0.978637  0.511768  4
7700  104704  0.189368  0.3002  1.01778  0.985483  0.498979  4
7800  104481  0.190244  0.302494  1.01924  0.984491  0.497877  4
7900  104791  0.19507  0.297535  1.02041  0.987496  0.47576  4
8000  104425  0.193031  0.294509  1.01899  0.988109  0.550439  4
8100  105344  0.199554  0.297673  1.01937  0.988113  0.510693  4
8200  104532  0.197715  0.295998  1.01901  0.987737  0.535729  4
8300  104372  0.182916  0.299647  1.0201  0.987013  0.502548  4
8400  104507  0.18341  0.301941  1.01965  0.986884  0.491226  4
8500  104969  0.194279  0.300512  1.02167  0.988018  0.479014  4
8600  104078  0.193423  0.304755  1.01982  0.989038  0.425497  4
8700  105514  0.205337  0.303014  1.01928  0.988472  0.445051  4
8800  106612  0.201628  0.303305  1.02053  0.989953  0.45786  4
8900  105424  0.194063  0.301247  1.02086  0.991479  0.462797  4
9000  104390  0.199538  0.300813  1.02064  0.99331  0.491535  4
9100  104577  0.194625  0.298643  1.01979  0.99313  0.470443  4
9200  103523  0.192575  0.297359  1.01842  0.993184  0.49554  4
9300  104272  0.193678  0.292787  1.0184  0.993312  0.449326  4
9400  103982  0.190727  0.295357  1.01919  0.993593  0.487336  4
9500  104674  0.202869  0.295192  1.01967  0.993207  0.500351  4
9600  105107  0.189636  0.289904  1.01966  0.993143  0.522719  4
9700  105645  0.194607  0.288541  1.01921  0.993608  0.472629  4
9800  104491  0.196831  0.288626  1.0204  0.993409  0.463079  4
9900  104532  0.194218  0.289579  1.02125  0.994239  0.47479  4
