t meta_n emi  mean_info  tr1  tr2  tr3  strategy
0  115883  0.099816  0.494591  0.899971  0.000762107  5.0692e-05  4
100  104267  0.109047  0.393352  0.850609  0.0785225  0.00888009  4
200  103285  0.15977  0.326329  0.781291  0.147012  0.0158117  4
300  102555  0.191073  0.282304  0.739678  0.192014  0.0171693  4
400  103066  0.208958  0.243865  0.725354  0.228732  0.0174162  4
500  104231  0.217299  0.223292  0.72651  0.262226  0.00495764  4
600  102362  0.218909  0.217605  0.728519  0.299029  0.001751  4
700  101520  0.220088  0.203752  0.728354  0.322709  -0.0134846  4
800  103475  0.228021  0.202733  0.726412  0.331212  -0.0415074  4
900  102771  0.221359  0.201671  0.731387  0.341924  -0.0839061  4
1000  103042  0.223635  0.196896  0.745468  0.373442  -0.0747925  4
1100  102627  0.229013  0.196054  0.74911  0.397717  -0.0602494  4
1200  103229  0.222043  0.187467  0.747608  0.3891  -0.0154478  4
1300  103727  0.229118  0.19308  0.749402  0.397675  0.0216139  4
1400  103383  0.217607  0.192815  0.763577  0.423167  0.0130224  4
1500  103364  0.221594  0.190837  0.760928  0.429742  0.0314286  4
1600  103125  0.222304  0.189901  0.771695  0.455238  0.0315142  4
1700  102781  0.221993  0.186435  0.785959  0.473829  0.0311817  4
1800  103806  0.217664  0.188223  0.794858  0.503329  0.0720848  4
1900  103149  0.227157  0.184457  0.792205  0.507225  0.13493  4
2000  103270  0.2143  0.189835  0.797106  0.508425  0.116064  4
2100  103567  0.216492  0.196928  0.809287  0.532226  0.115103  4
2200  103005  0.223587  0.192366  0.802869  0.535363  0.119777  4
2300  103621  0.225495  0.193585  0.803296  0.535228  0.115754  4
2400  103652  0.222033  0.184509  0.813115  0.554028  0.0881969  4
2500  103155  0.218936  0.178376  0.811686  0.557136  0.144048  4
2600  103269  0.219942  0.182804  0.813784  0.559847  0.122914  4
2700  103971  0.216611  0.179748  0.811808  0.550923  0.128293  4
2800  102286  0.22069  0.172603  0.811571  0.556018  0.102192  4
2900  103414  0.223691  0.177556  0.82532  0.580983  0.0439709  4
3000  103211  0.220354  0.182764  0.822737  0.574143  0.0609009  4
3100  103824  0.216562  0.189505  0.832433  0.604847  0.026355  4
3200  103759  0.218932  0.19402  0.834431  0.60623  -0.016858  4
3300  102830  0.213023  0.187259  0.834715  0.602488  0.00699269  4
3400  102716  0.209015  0.181377  0.837084  0.600013  -0.0579381  4
3500  103452  0.215864  0.17471  0.836415  0.606125  -0.0251203  4
3600  103230  0.220019  0.183896  0.84397  0.623087  0.0258305  4
3700  104322  0.220701  0.184578  0.839599  0.617093  0.0499426  4
3800  103097  0.208581  0.17466  0.840128  0.605417  0.0637866  4
3900  104234  0.211353  0.178365  0.840527  0.60343  0.0750365  4
4000  104083  0.21331  0.189744  0.848397  0.630422  0.0439427  4
4100  103490  0.224474  0.186534  0.848894  0.633304  0.0376118  4
4200  103290  0.220833  0.186388  0.851625  0.626562  0.00624713  4
4300  103536  0.217061  0.189646  0.8578  0.640611  0.0397321  4
4400  102950  0.211551  0.191023  0.864485  0.650826  0.00684844  4
4500  103595  0.214492  0.184858  0.86742  0.65808  -0.048384  4
4600  103637  0.206635  0.182653  0.870894  0.661813  -0.0403476  4
4700  103651  0.211485  0.184038  0.874436  0.668817  -0.0259431  4
4800  103819  0.216851  0.182698  0.868146  0.656636  0.0154314  4
4900  103988  0.214999  0.186257  0.877285  0.683221  0.016067  4
5000  102364  0.207655  0.180536  0.87669  0.677091  0.0466914  4
5100  103940  0.215591  0.180649  0.873553  0.669528  -0.0207978  4
5200  104231  0.224101  0.176074  0.872905  0.673325  -0.0498826  4
5300  104171  0.220742  0.183936  0.880079  0.692609  -0.0125804  4
5400  103547  0.210725  0.186362  0.881774  0.703812  0.0453535  4
5500  103453  0.224121  0.185663  0.876247  0.687357  0.0533501  4
5600  104440  0.219874  0.192609  0.881173  0.693909  0.0831526  4
5700  103332  0.213746  0.193445  0.879985  0.691386  0.114072  4
5800  103645  0.215288  0.190959  0.866281  0.65511  0.116211  4
5900  102920  0.215591  0.190195  0.870486  0.65892  0.19825  4
6000  103469  0.216881  0.186081  0.874551  0.66899  0.177064  4
6100  102979  0.212541  0.188484  0.866635  0.652526  0.204485  4
6200  104277  0.218437  0.188333  0.871691  0.659364  0.211829  4
6300  104091  0.213849  0.190799  0.873905  0.663977  0.262168  4
6400  103707  0.20918  0.18568  0.873544  0.665357  0.26263  4
6500  103338  0.211359  0.180364  0.872777  0.668652  0.264131  4
6600  104075  0.21709  0.178592  0.864346  0.649718  0.269188  4
6700  103826  0.218756  0.184838  0.865393  0.657097  0.274916  4
6800  102894  0.216628  0.189421  0.87104  0.67439  0.279274  4
6900  103839  0.217393  0.182165  0.873227  0.669953  0.279344  4
7000  102918  0.227163  0.1827  0.876079  0.679371  0.311265  4
7100  103027  0.214592  0.174636  0.869719  0.655594  0.390086  4
7200  103196  0.211228  0.176128  0.877991  0.678019  0.356972  4
7300  104622  0.219807  0.177901  0.879152  0.682149  0.340053  4
7400  102969  0.210087  0.175482  0.879395  0.686347  0.383837  4
7500  103276  0.217071  0.182074  0.888247  0.709492  0.406725  4
7600  104149  0.213598  0.187597  0.901856  0.740031  0.327974  4
7700  102703  0.212526  0.193913  0.907452  0.753581  0.351926  4
7800  103610  0.220747  0.194297  0.909828  0.761427  0.348664  4
7900  103109  0.209737  0.188295  0.903315  0.737219  0.402592  4
8000  104088  0.219065  0.189362  0.904449  0.737955  0.390176  4
8100  104215  0.211409  0.189847  0.901262  0.721604  0.351963  4
8200  103045  0.209234  0.191371  0.905227  0.730692  0.280196  4
8300  103853  0.213606  0.186582  0.902209  0.726135  0.312981  4
8400  103962  0.20718  0.190835  0.908258  0.746167  0.281107  4
8500  103542  0.210727  0.194818  0.90818  0.748281  0.320754  4
8600  103154  0.214989  0.195916  0.903067  0.728636  0.25264  4
8700  103632  0.213144  0.198492  0.90123  0.724536  0.210574  4
8800  104236  0.214444  0.198939  0.897709  0.715896  0.181304  4
8900  104136  0.203279  0.195869  0.894819  0.705168  0.176714  4
9000  103678  0.213416  0.190935  0.891964  0.694098  0.130773  4
9100  103932  0.21591  0.194227  0.899554  0.712297  0.116725  4
9200  104327  0.215882  0.191138  0.898547  0.709812  0.125788  4
9300  103565  0.209261  0.189871  0.896195  0.70023  0.123272  4
9400  103310  0.207514  0.18384  0.895172  0.698752  0.117642  4
9500  104133  0.201208  0.185636  0.900973  0.715423  0.12974  4
9600  104457  0.214549  0.191181  0.906408  0.730465  0.164294  4
9700  104130  0.209389  0.185485  0.906145  0.729607  0.136637  4
9800  104759  0.217518  0.18312  0.902562  0.72009  0.119163  4
9900  104576  0.222883  0.183792  0.900213  0.717087  0.136084  4
