t meta_n emi  mean_info  tr1  tr2  tr3  strategy
0  115683  0.100592  0.497172  0.900209  0.000837182  -1.83167e-05  4
100  103273  0.106248  0.479326  0.861897  0.0776956  0.00769521  4
200  104170  0.159959  0.476661  0.794238  0.152544  0.0161492  4
300  104068  0.189174  0.459865  0.762625  0.19906  0.0226867  4
400  104097  0.201471  0.436419  0.751012  0.239413  0.0372352  4
500  103320  0.212228  0.409573  0.748272  0.275106  0.0481461  4
600  103116  0.206871  0.397302  0.746086  0.291055  0.056322  4
700  104588  0.214672  0.390209  0.755733  0.318239  0.0651107  4
800  104097  0.209  0.37365  0.757087  0.342744  0.0801797  4
900  103406  0.215906  0.370951  0.765263  0.376314  0.0823862  4
1000  103752  0.215733  0.370754  0.769497  0.382624  0.0744894  4
1100  103671  0.210219  0.371245  0.774428  0.394761  0.0820833  4
1200  103159  0.216483  0.349807  0.77012  0.390602  0.0779406  4
1300  105295  0.215153  0.353143  0.786482  0.42406  0.0781953  4
1400  103924  0.210645  0.352441  0.790185  0.445023  0.0816921  4
1500  103248  0.207092  0.350311  0.801077  0.474748  0.0960265  4
1600  103834  0.209034  0.340483  0.803814  0.483928  0.0774963  4
1700  104403  0.2124  0.334065  0.811345  0.501255  0.104076  4
1800  103927  0.212709  0.324235  0.815837  0.525125  0.147892  4
1900  103460  0.204193  0.318826  0.824358  0.545801  0.151104  4
2000  103705  0.204455  0.326358  0.82893  0.558734  0.185154  4
2100  102990  0.211011  0.319126  0.834474  0.58104  0.193941  4
2200  103572  0.209689  0.318119  0.835502  0.574192  0.210051  4
2300  103988  0.21007  0.313285  0.836608  0.585824  0.186101  4
2400  103517  0.211565  0.31742  0.833662  0.577766  0.169916  4
2500  103941  0.210678  0.306254  0.834155  0.582278  0.156617  4
2600  103930  0.219026  0.3236  0.839129  0.601331  0.123543  4
2700  104410  0.207094  0.323549  0.847257  0.621403  0.089928  4
2800  103564  0.214894  0.318065  0.86083  0.643309  0.11415  4
2900  103863  0.200785  0.327522  0.867136  0.648184  0.0869666  4
3000  104200  0.206684  0.335699  0.866526  0.649723  0.0949394  4
3100  104380  0.206465  0.336982  0.87241  0.676922  0.107832  4
3200  103955  0.210117  0.331249  0.870788  0.677164  0.069252  4
3300  104155  0.202746  0.327316  0.875353  0.68812  0.0315731  4
3400  104554  0.202396  0.319553  0.879419  0.698502  0.0374894  4
3500  103763  0.204132  0.31625  0.886956  0.711054  0.0339238  4
3600  104250  0.204718  0.3052  0.900582  0.738846  0.00618929  4
3700  103551  0.198723  0.311577  0.906561  0.74579  0.00685229  4
3800  104124  0.200287  0.311732  0.913  0.758  0.0343943  4
3900  104947  0.201222  0.313471  0.925004  0.793752  0.0358663  4
4000  103973  0.200341  0.31993  0.935135  0.815349  0.0204255  4
4100  105022  0.199079  0.313237  0.940734  0.835406  -0.0320956  4
4200  103608  0.192771  0.311751  0.94624  0.840258  -0.0252192  4
4300  104762  0.196369  0.312975  0.945076  0.831857  -0.0110668  4
4400  104705  0.192556  0.310868  0.946773  0.837759  0.0166069  4
4500  104633  0.194299  0.303314  0.951748  0.85295  0.0360232  4
4600  104326  0.200977  0.307839  0.952074  0.859397  0.0257491  4
4700  104062  0.192189  0.297891  0.959338  0.873485  0.0667757  4
4800  104308  0.190631  0.304384  0.958621  0.868657  0.0247278  4
4900  104771  0.189829  0.31028  0.961692  0.873434  0.0276005  4
5000  104488  0.190726  0.29899  0.963462  0.879168  -0.00251628  4
5100  104568  0.202706  0.310238  0.961958  0.880303  -0.0185247  4
5200  104407  0.195249  0.308412  0.964508  0.884779  -0.0524397  4
5300  104760  0.194412  0.303446  0.962536  0.877173  -0.0680902  4
5400  103357  0.191931  0.308998  0.969798  0.892875  -0.0763077  4
5500  103408  0.191016  0.311028  0.970952  0.898376  -0.115194  4
5600  104156  0.187152  0.305345  0.974833  0.90669  -0.142306  4
5700  104228  0.194675  0.30667  0.976062  0.911535  -0.162284  4
5800  103490  0.187597  0.306869  0.976266  0.913852  -0.174806  4
5900  105129  0.19675  0.312718  0.97609  0.913792  -0.192383  4
6000  103655  0.189127  0.306715  0.979618  0.913785  -0.205407  4
6100  105136  0.190518  0.301525  0.979775  0.912951  -0.208314  4
6200  104267  0.181551  0.304282  0.982427  0.915408  -0.215766  4
6300  104073  0.185494  0.304576  0.9883  0.922713  -0.239038  4
6400  105045  0.184769  0.307304  0.985019  0.918064  -0.223451  4
6500  104995  0.187863  0.298915  0.986243  0.924177  -0.2109  4
6600  104328  0.191246  0.300398  0.986748  0.923574  -0.261345  4
6700  104216  0.186452  0.296511  0.987804  0.917325  -0.311408  4
6800  103887  0.18713  0.291812  0.99349  0.928754  -0.298106  4
6900  104245  0.195862  0.290165  0.994997  0.932073  -0.327984  4
7000  105384  0.189751  0.288852  0.995056  0.928876  -0.358147  4
7100  104676  0.189709  0.290861  0.998626  0.935371  -0.392722  4
7200  105038  0.19023  0.29317  1.00473  0.950195  -0.40898  4
7300  104733  0.189068  0.294441  1.00471  0.948061  -0.409712  4
7400  104380  0.188606  0.287538  1.0049  0.952427  -0.404944  4
7500  104417  0.197539  0.282862  1.01102  0.962453  -0.4749  4
7600  104393  0.195194  0.280068  1.01509  0.968755  -0.47023  4
7700  104813  0.189868  0.286705  1.01839  0.973241  -0.484401  4
7800  104329  0.188671  0.291236  1.01948  0.977353  -0.525609  4
7900  104354  0.181926  0.288881  1.02087  0.979558  -0.581316  4
8000  103953  0.191506  0.287373  1.02316  0.984172  -0.561956  4
8100  105215  0.200373  0.282386  1.02303  0.98598  -0.574704  4
8200  104559  0.185864  0.288824  1.02435  0.987222  -0.574588  4
8300  104121  0.184192  0.290204  1.02463  0.985176  -0.582546  4
8400  105029  0.188099  0.289167  1.02613  0.985788  -0.598185  4
8500  103826  0.181569  0.288475  1.02543  0.984723  -0.607538  4
8600  104265  0.187832  0.295672  1.02475  0.983317  -0.621258  4
8700  104348  0.178846  0.296455  1.02607  0.987012  -0.627059  4
8800  104943  0.195148  0.297139  1.02723  0.98772  -0.585643  4
8900  104611  0.190632  0.300975  1.02818  0.990849  -0.550628  4
9000  104974  0.184931  0.299353  1.02912  0.99175  -0.572738  4
9100  104676  0.181523  0.300057  1.03027  0.992633  -0.596199  4
9200  104763  0.185444  0.298903  1.03157  0.994053  -0.616857  4
9300  105360  0.182778  0.304885  1.03125  0.993334  -0.590367  4
9400  104963  0.179122  0.302835  1.03225  0.992754  -0.606949  4
9500  104440  0.180199  0.309324  1.03281  0.993279  -0.56387  4
9600  105605  0.183998  0.307871  1.03294  0.994059  -0.579644  4
9700  105160  0.186837  0.307817  1.03215  0.994369  -0.524977  4
9800  104624  0.184946  0.300515  1.03229  0.994859  -0.55492  4
9900  105031  0.178216  0.297737  1.03191  0.99458  -0.537585  4
