t meta_n emi  mean_info  tr1  tr2  tr3  strategy
0  114753  0.101104  0.495249  0.899981  0.000767777  -3.72294e-05  4
100  102131  0.098146  0.236367  0.857336  0.0739721  -0.00941312  4
200  102560  0.153701  0.13722  0.777872  0.135199  -0.0143614  4
300  102804  0.193983  0.100412  0.723279  0.185311  -0.00137901  4
400  102352  0.219301  0.0849182  0.701791  0.214663  0.0187198  4
500  102472  0.224509  0.0786991  0.701947  0.252833  0.018961  4
600  102550  0.22473  0.0698376  0.702767  0.270068  0.0425575  4
700  101845  0.223885  0.0672835  0.703155  0.276538  0.0664487  4
800  102989  0.234042  0.0688088  0.699796  0.292975  0.0761189  4
900  103017  0.228628  0.0619658  0.700363  0.301349  0.0575049  4
1000  103064  0.234786  0.0614592  0.69991  0.30523  0.0526847  4
1100  102564  0.232294  0.0625782  0.70558  0.313837  0.0860679  4
1200  102530  0.227239  0.0604718  0.704092  0.302358  0.0897805  4
1300  103550  0.227952  0.0595925  0.70324  0.296513  0.0997542  4
1400  102871  0.227865  0.0589107  0.699511  0.296806  0.0920762  4
1500  102669  0.227354  0.055701  0.700224  0.296934  0.0662405  4
1600  102046  0.220583  0.0550369  0.708628  0.310663  0.060527  4
1700  102142  0.22491  0.0515843  0.703542  0.304615  0.0186409  4
1800  103474  0.231549  0.0530274  0.70179  0.298256  0.0116415  4
1900  101894  0.231165  0.0498319  0.699943  0.308575  -0.0238104  4
2000  103028  0.233376  0.0484413  0.697989  0.318492  -0.103295  4
2100  102349  0.229241  0.0501267  0.699458  0.308389  -0.111023  4
2200  102063  0.232392  0.0454172  0.696359  0.318668  -0.0985688  4
2300  101545  0.230018  0.0436621  0.703224  0.321621  -0.0733857  4
2400  102574  0.224962  0.042183  0.703359  0.317349  -0.0405119  4
2500  102680  0.225538  0.0394305  0.700818  0.307634  -0.0701464  4
2600  101623  0.23131  0.0399929  0.703417  0.318319  -0.0871842  4
2700  102652  0.223532  0.0370185  0.7008  0.309305  -0.0605279  4
2800  102363  0.233495  0.0383266  0.69702  0.306728  -0.0586131  4
2900  101933  0.226056  0.0399819  0.700943  0.310261  -0.0517048  4
3000  101715  0.22722  0.0399428  0.695035  0.293943  -0.00885367  4
3100  102117  0.230811  0.0381266  0.696113  0.306016  -0.00320248  4
3200  102924  0.223395  0.0360725  0.698063  0.315744  -0.0366627  4
3300  103446  0.231771  0.0352946  0.695767  0.31464  -0.0400268  4
3400  102556  0.231891  0.0335311  0.695184  0.321129  -0.103298  4
3500  102498  0.232403  0.0323928  0.690495  0.31488  -0.110144  4
3600  102572  0.233  0.0329868  0.688864  0.309545  -0.0864182  4
3700  102126  0.233989  0.0280925  0.684619  0.302111  -0.0973028  4
3800  102595  0.229187  0.025764  0.68658  0.303572  -0.108435  4
3900  102472  0.227329  0.0266392  0.685436  0.297647  -0.128967  4
4000  102550  0.224281  0.0234912  0.689251  0.30014  -0.141745  4
4100  102487  0.228493  0.0235736  0.684453  0.288602  -0.169657  4
4200  102674  0.235024  0.0244952  0.684402  0.283622  -0.123294  4
4300  102681  0.23323  0.0243103  0.679036  0.275326  -0.164947  4
4400  101728  0.229891  0.0237486  0.679727  0.274822  -0.178305  4
4500  102300  0.232197  0.0231746  0.679223  0.277984  -0.264685  4
4600  102880  0.230512  0.0225718  0.681184  0.288086  -0.25325  4
4700  102585  0.22999  0.0223015  0.67713  0.28411  -0.260148  4
4800  102692  0.231844  0.0198519  0.680711  0.28673  -0.258151  4
4900  102036  0.230576  0.0175373  0.677572  0.275446  -0.241977  4
5000  102979  0.226337  0.0191374  0.67624  0.268394  -0.245632  4
5100  102009  0.227192  0.0203215  0.680651  0.2713  -0.188313  4
5200  102297  0.227057  0.017424  0.679558  0.262432  -0.197118  4
5300  103656  0.222215  0.0190194  0.679168  0.259834  -0.156711  4
5400  102130  0.222262  0.0191219  0.676497  0.250763  -0.143506  4
5500  101795  0.22564  0.0180778  0.677377  0.252489  -0.111011  4
5600  103218  0.227114  0.0170348  0.671926  0.242892  -0.109667  4
5700  103046  0.224849  0.016979  0.670007  0.229613  -0.101408  4
5800  103045  0.223257  0.0150073  0.672155  0.230836  -0.139624  4
5900  101962  0.220547  0.0144301  0.67716  0.238286  -0.117426  4
6000  102369  0.223329  0.0159548  0.672025  0.237301  -0.156727  4
6100  102927  0.224335  0.0149803  0.673643  0.238595  -0.137402  4
6200  103334  0.223336  0.0131438  0.67175  0.232326  -0.164691  4
6300  102704  0.219525  0.0134639  0.675269  0.233799  -0.174923  4
6400  101883  0.221901  0.0126933  0.676476  0.236753  -0.200679  4
6500  103227  0.226927  0.00942808  0.675621  0.23695  -0.280712  4
6600  102635  0.225911  0.0080321  0.674748  0.238746  -0.274129  4
6700  103159  0.22779  0.00990613  0.67043  0.246521  -0.2881  4
6800  102662  0.226613  0.00950173  0.671006  0.252357  -0.32384  4
6900  102653  0.227132  0.00912228  0.671915  0.256346  -0.297531  4
7000  102976  0.229528  0.00816228  0.671656  0.255428  -0.279077  4
7100  102275  0.236675  0.00813881  0.668031  0.254438  -0.255788  4
7200  102724  0.227776  0.00796397  0.668717  0.247771  -0.261049  4
7300  102151  0.226223  0.0090254  0.66838  0.239449  -0.302417  4
7400  102394  0.232861  0.00912077  0.662008  0.232031  -0.335603  4
7500  103221  0.227938  0.00885974  0.664415  0.229091  -0.381509  4
7600  102826  0.230709  0.00857508  0.666259  0.234361  -0.342323  4
7700  102409  0.223285  0.00809517  0.664186  0.22769  -0.3903  4
7800  103141  0.232961  0.00692735  0.662236  0.227019  -0.402794  4
7900  101727  0.231313  0.00770406  0.66317  0.22678  -0.393945  4
8000  102681  0.230862  0.00849739  0.661003  0.23032  -0.410875  4
8100  102489  0.2311  0.00657327  0.661868  0.230065  -0.403407  4
8200  102580  0.226831  0.00674039  0.663054  0.229826  -0.367509  4
8300  102389  0.228441  0.00534833  0.66355  0.230596  -0.29742  4
8400  102461  0.225593  0.00550676  0.662106  0.229494  -0.245998  4
8500  103188  0.230178  0.00580089  0.663468  0.222942  -0.265117  4
8600  102809  0.221676  0.00464739  0.662467  0.218551  -0.286757  4
8700  103446  0.225425  0.00544446  0.663584  0.227561  -0.252189  4
8800  102976  0.223857  0.00545288  0.665309  0.223487  -0.31706  4
8900  103368  0.223905  0.00584069  0.670693  0.23488  -0.328029  4
9000  102201  0.223375  0.00557932  0.671282  0.235703  -0.30025  4
9100  102475  0.223991  0.00537382  0.671184  0.23616  -0.323975  4
9200  102370  0.221762  0.00630669  0.672916  0.239619  -0.340692  4
9300  102324  0.215876  0.00589171  0.671607  0.234912  -0.32068  4
9400  102856  0.222296  0.00448319  0.672  0.235206  -0.365223  4
9500  102817  0.219044  0.00478969  0.669803  0.227782  -0.347551  4
9600  103544  0.223713  0.00451817  0.664131  0.214967  -0.410268  4
9700  102410  0.225299  0.00457178  0.663764  0.212969  -0.395954  4
9800  102475  0.220418  0.00308348  0.660465  0.201808  -0.430187  4
9900  101925  0.225477  0.00386096  0.658679  0.192411  -0.406531  4
