t meta_n emi  mean_info  tr1  tr2  tr3  strategy
0  115910  0.100056  0.498718  0.900101  0.000772311  -7.23095e-05  4
100  103546  0.107264  0.456726  0.856589  0.0832075  0.00266389  4
200  103456  0.152308  0.417171  0.794452  0.150843  0.00208238  4
300  103636  0.188912  0.382807  0.752922  0.19895  -0.012381  4
400  102465  0.198342  0.354301  0.740446  0.236778  -0.0131369  4
500  102466  0.209637  0.330544  0.733886  0.266249  -0.00116257  4
600  103540  0.21597  0.313087  0.737187  0.314262  0.0115926  4
700  104163  0.219487  0.293889  0.739198  0.313446  0.0189416  4
800  103852  0.217372  0.283123  0.746791  0.338609  0.0125866  4
900  103584  0.220175  0.26692  0.745188  0.353886  0.0208689  4
1000  102857  0.216667  0.274985  0.75246  0.375217  0.0152743  4
1100  102911  0.220868  0.280607  0.751696  0.39167  0.0577817  4
1200  102990  0.224752  0.265358  0.757674  0.396293  0.078398  4
1300  103851  0.221528  0.268526  0.761931  0.412351  0.0758937  4
1400  104099  0.225333  0.269751  0.768232  0.428085  0.0727573  4
1500  102894  0.218251  0.280309  0.778533  0.450107  0.036055  4
1600  103469  0.21433  0.272503  0.786664  0.471973  0.0422928  4
1700  104533  0.222379  0.270639  0.791631  0.487639  0.0212704  4
1800  103164  0.217176  0.276095  0.79976  0.503474  0.0133519  4
1900  103723  0.2175  0.276572  0.800608  0.517327  0.021565  4
2000  104030  0.212526  0.270001  0.803197  0.514055  0.0286746  4
2100  104022  0.21266  0.255848  0.805406  0.513628  0.0425293  4
2200  104000  0.214435  0.246684  0.805649  0.503686  0.0202168  4
2300  104213  0.213801  0.251527  0.809364  0.509132  0.0282721  4
2400  104091  0.210492  0.258084  0.813234  0.528166  -0.020265  4
2500  103501  0.209766  0.267046  0.81594  0.538038  -0.00132671  4
2600  104067  0.204784  0.264305  0.82214  0.548367  -0.0284356  4
2700  103303  0.205458  0.259383  0.834409  0.56704  -0.0304749  4
2800  104219  0.207201  0.25442  0.840765  0.595018  -0.0810938  4
2900  104413  0.211032  0.257402  0.847515  0.612787  -0.120853  4
3000  104351  0.207176  0.25935  0.852414  0.634398  -0.151427  4
3100  104356  0.212526  0.257079  0.854396  0.64024  -0.146373  4
3200  103080  0.209556  0.258151  0.859979  0.665356  -0.147163  4
3300  103599  0.210659  0.262638  0.861042  0.662941  -0.147225  4
3400  103857  0.210301  0.260775  0.874723  0.690787  -0.143656  4
3500  104459  0.21463  0.265608  0.877392  0.703476  -0.151531  4
3600  103987  0.205501  0.265514  0.894194  0.732328  -0.135644  4
3700  103917  0.202327  0.265756  0.90137  0.743998  -0.0901133  4
3800  103433  0.212864  0.260689  0.903374  0.755408  -0.0778635  4
3900  103614  0.205849  0.257866  0.899255  0.747617  -0.0758489  4
4000  103279  0.203774  0.261663  0.907951  0.767658  -0.109667  4
4100  104679  0.206586  0.255135  0.914309  0.777924  -0.0693944  4
4200  103924  0.204389  0.254148  0.915091  0.778731  -0.0585391  4
4300  103490  0.199098  0.255465  0.924972  0.788624  -0.097392  4
4400  104266  0.199534  0.255373  0.926988  0.794749  -0.109817  4
4500  104945  0.202239  0.25481  0.93566  0.818159  -0.131703  4
4600  103778  0.201243  0.253929  0.936978  0.820071  -0.115592  4
4700  104054  0.199422  0.255091  0.937219  0.821718  -0.124713  4
4800  104039  0.203833  0.256639  0.940576  0.83309  -0.139416  4
4900  103174  0.195077  0.253228  0.946472  0.845786  -0.141821  4
5000  103868  0.198187  0.25414  0.952705  0.856457  -0.138301  4
5100  104489  0.200606  0.261098  0.949235  0.857032  -0.172673  4
5200  104555  0.205096  0.256144  0.955354  0.865249  -0.181078  4
5300  104347  0.203205  0.259127  0.959422  0.872768  -0.161011  4
5400  104228  0.199119  0.252568  0.959745  0.872849  -0.155551  4
5500  103176  0.202735  0.254988  0.962872  0.888882  -0.162124  4
5600  105089  0.210507  0.259348  0.966506  0.892031  -0.151006  4
5700  103393  0.199088  0.256519  0.974841  0.907594  -0.187149  4
5800  104353  0.206071  0.25599  0.974151  0.899728  -0.162251  4
5900  104739  0.20559  0.255349  0.976211  0.908294  -0.197692  4
6000  104153  0.208424  0.255894  0.976263  0.913754  -0.192338  4
6100  104979  0.206745  0.259787  0.979604  0.92266  -0.210195  4
6200  103806  0.201589  0.252765  0.984616  0.929632  -0.179279  4
6300  104727  0.200048  0.254625  0.986177  0.932877  -0.139935  4
6400  104703  0.209337  0.250806  0.989085  0.945124  -0.119144  4
6500  104824  0.207234  0.264735  0.991267  0.94873  -0.149222  4
6600  104501  0.205406  0.251611  0.994392  0.947799  -0.143715  4
6700  104215  0.202635  0.251793  0.997793  0.953909  -0.0891156  4
6800  104036  0.204898  0.250938  1.00237  0.962988  -0.0697149  4
6900  104099  0.197218  0.254573  1.0001  0.961424  -0.0784107  4
7000  104332  0.195729  0.256516  1.00167  0.964424  -0.0856631  4
7100  104381  0.207252  0.256486  1.00335  0.964905  -0.0503071  4
7200  102849  0.198038  0.255141  1.0073  0.972639  -0.00941135  4
7300  104007  0.20094  0.24365  1.01002  0.971754  0.0061407  4
7400  103684  0.201137  0.250833  1.00923  0.973642  0.0276294  4
7500  104476  0.202064  0.244973  1.0086  0.97278  0.0522765  4
7600  104110  0.204987  0.254695  1.00785  0.970563  0.0668267  4
7700  104281  0.201449  0.257198  1.0089  0.972691  0.0383806  4
7800  104144  0.196813  0.255578  1.01079  0.978687  0.0219209  4
7900  103815  0.194999  0.256638  1.01194  0.977475  0.0374789  4
8000  104109  0.202244  0.259067  1.01234  0.976422  0.00710108  4
8100  105124  0.198329  0.251179  1.01257  0.969723  -0.0125116  4
8200  104696  0.199177  0.248734  1.01323  0.975627  0.00501806  4
8300  104542  0.200076  0.249955  1.01343  0.975306  -0.00372609  4
8400  104230  0.195029  0.248306  1.01522  0.981548  0.0247451  4
8500  103846  0.194489  0.243027  1.0146  0.978476  0.0142035  4
8600  103149  0.196199  0.244835  1.01684  0.98303  -0.0162007  4
8700  104764  0.199005  0.248433  1.01706  0.984773  -0.0298515  4
8800  103581  0.197152  0.243645  1.01885  0.984998  -0.0628711  4
8900  104427  0.197525  0.250743  1.0181  0.98759  -0.0717282  4
9000  104594  0.207356  0.252647  1.01677  0.985944  -0.0517701  4
9100  104568  0.202612  0.257423  1.01589  0.985854  -0.10159  4
9200  104151  0.200206  0.255004  1.01652  0.98712  -0.134621  4
9300  104868  0.204967  0.255776  1.01493  0.98636  -0.147871  4
9400  103993  0.205563  0.255232  1.01468  0.984783  -0.105116  4
9500  104106  0.201189  0.255883  1.01399  0.980088  -0.136908  4
9600  104027  0.203958  0.252766  1.01301  0.978169  -0.120631  4
9700  104931  0.205733  0.248006  1.01252  0.976629  -0.137112  4
9800  104462  0.198622  0.243852  1.01213  0.975402  -0.196959  4
9900  104371  0.198419  0.243159  1.01136  0.97501  -0.22074  4
