t meta_n emi  mean_info  tr1  tr2  tr3  strategy
0  116804  0.100304  0.503211  0.900017  0.00082578  1.27131e-05  4
100  105313  0.122736  0.645208  0.861469  0.0824992  -0.00317238  4
200  106210  0.161416  0.736965  0.825055  0.144416  -0.0070295  4
300  105909  0.180589  0.78278  0.804798  0.185736  -0.00825713  4
400  105675  0.186526  0.806937  0.798818  0.207305  -0.00735651  4
500  106408  0.194824  0.818451  0.800024  0.221968  -0.0310237  4
600  105644  0.190072  0.809803  0.803437  0.242404  -0.0242422  4
700  105771  0.192809  0.821507  0.806356  0.260941  -0.0131081  4
800  105909  0.194012  0.81087  0.809432  0.278423  -0.0129884  4
900  106159  0.184205  0.819762  0.812085  0.283911  -0.0187162  4
1000  106284  0.187301  0.818698  0.818609  0.292172  0.00200803  4
1100  106402  0.192271  0.824606  0.817009  0.298393  -0.000334579  4
1200  105779  0.185686  0.824307  0.822522  0.304941  -0.0203483  4
1300  106130  0.182405  0.823051  0.816524  0.281464  -0.0153987  4
1400  106134  0.184581  0.829543  0.818321  0.286653  -0.0089225  4
1500  106009  0.182574  0.839158  0.821325  0.293087  0.0021222  4
1600  106713  0.187838  0.83782  0.818712  0.295685  0.036493  4
1700  105952  0.183488  0.828167  0.817754  0.289935  0.0633199  4
1800  106493  0.191616  0.83475  0.812956  0.272634  0.10544  4
1900  106615  0.185025  0.831699  0.809751  0.276081  0.0850808  4
2000  106373  0.186656  0.82664  0.806235  0.266799  0.0616526  4
2100  106161  0.188339  0.828741  0.806375  0.263916  0.0805795  4
2200  106830  0.183534  0.825722  0.809366  0.263109  0.0665119  4
2300  105736  0.184528  0.820439  0.807448  0.270257  0.0675325  4
2400  106334  0.18528  0.840473  0.8057  0.251673  0.0356969  4
2500  106186  0.184513  0.847475  0.803996  0.242746  -0.00170653  4
2600  105668  0.18479  0.837624  0.80438  0.234216  0.0100249  4
2700  106885  0.184741  0.83701  0.806582  0.244648  -0.0183  4
2800  106279  0.181171  0.837881  0.802332  0.245085  -0.0389145  4
2900  105100  0.177168  0.841959  0.802396  0.238189  -0.0377972  4
3000  105930  0.183311  0.844645  0.800211  0.234204  -0.0140993  4
3100  105518  0.181054  0.837355  0.799977  0.227035  -0.0345853  4
3200  105985  0.176324  0.842155  0.803337  0.226398  -0.0297858  4
3300  106156  0.175958  0.841431  0.804498  0.224663  -0.016743  4
3400  106259  0.173093  0.848028  0.808292  0.226704  -0.0766347  4
3500  105838  0.173587  0.859433  0.807659  0.231885  -0.136843  4
3600  107332  0.183355  0.858203  0.805877  0.226934  -0.138988  4
3700  105704  0.174956  0.8569  0.807272  0.236192  -0.111065  4
3800  106248  0.180015  0.859353  0.806975  0.232787  -0.111081  4
3900  106706  0.180828  0.865962  0.804736  0.232835  -0.0632743  4
4000  107017  0.181747  0.869353  0.802348  0.233892  -0.101547  4
4100  105887  0.183752  0.876704  0.805972  0.232306  -0.0884258  4
4200  106203  0.176291  0.880589  0.80679  0.226115  -0.110761  4
4300  106749  0.177822  0.879363  0.805178  0.222274  -0.112979  4
4400  106306  0.181978  0.877619  0.802749  0.22808  -0.118552  4
4500  105562  0.175136  0.872365  0.805666  0.227569  -0.143501  4
4600  106030  0.174271  0.878613  0.809845  0.229304  -0.197644  4
4700  106579  0.180573  0.876671  0.807695  0.228647  -0.217439  4
4800  105930  0.167513  0.871821  0.808475  0.225849  -0.200873  4
4900  106100  0.169337  0.873847  0.808646  0.234292  -0.219565  4
5000  106891  0.173126  0.873391  0.809603  0.243366  -0.17379  4
5100  106600  0.173545  0.864387  0.812647  0.252545  -0.240573  4
5200  106218  0.169902  0.865029  0.811481  0.253611  -0.254397  4
5300  106092  0.172041  0.870951  0.81248  0.252893  -0.226613  4
5400  106115  0.174572  0.861868  0.809073  0.24905  -0.239348  4
5500  106494  0.172906  0.864668  0.810748  0.247381  -0.23402  4
5600  106532  0.179806  0.868612  0.80864  0.242734  -0.274042  4
5700  106734  0.178678  0.866386  0.80569  0.238462  -0.279176  4
5800  106348  0.175288  0.866674  0.803281  0.224122  -0.318426  4
5900  106320  0.174875  0.871314  0.803482  0.216696  -0.355416  4
6000  106237  0.16951  0.874921  0.808087  0.223843  -0.373096  4
6100  106820  0.167984  0.880577  0.804629  0.215443  -0.409784  4
6200  106348  0.171861  0.878388  0.805533  0.214204  -0.424183  4
6300  106872  0.176096  0.874158  0.805703  0.220363  -0.40832  4
6400  105916  0.168283  0.881991  0.806491  0.21753  -0.384739  4
6500  106250  0.16843  0.884158  0.808664  0.217373  -0.379843  4
6600  105460  0.167123  0.893104  0.807862  0.220755  -0.387003  4
6700  106613  0.169503  0.889461  0.808336  0.231916  -0.326518  4
6800  105811  0.168292  0.885903  0.806208  0.227609  -0.31988  4
6900  106455  0.169333  0.891711  0.808236  0.227519  -0.291168  4
7000  106467  0.168703  0.892971  0.804907  0.217105  -0.349833  4
7100  106316  0.169095  0.887819  0.804724  0.220861  -0.335876  4
7200  105748  0.165533  0.885303  0.804933  0.217502  -0.329314  4
7300  106715  0.167025  0.893051  0.804971  0.213872  -0.345016  4
7400  106801  0.167261  0.894865  0.80591  0.211868  -0.364128  4
7500  106032  0.169099  0.8932  0.807233  0.211507  -0.338856  4
7600  105808  0.168474  0.890922  0.807867  0.218135  -0.370572  4
7700  106508  0.173149  0.884919  0.80672  0.225885  -0.395861  4
7800  107007  0.168188  0.880166  0.810214  0.23389  -0.397644  4
7900  105900  0.169613  0.874384  0.80564  0.229858  -0.371047  4
8000  107532  0.172479  0.880349  0.804065  0.224631  -0.355047  4
8100  105627  0.169577  0.881926  0.804718  0.226214  -0.371937  4
8200  107112  0.174397  0.883667  0.80492  0.224156  -0.340148  4
8300  106242  0.171497  0.889236  0.804007  0.219618  -0.343046  4
8400  106246  0.16815  0.892096  0.804776  0.21211  -0.331109  4
8500  106007  0.170426  0.889256  0.801604  0.193187  -0.289476  4
8600  106117  0.165124  0.892331  0.802949  0.199189  -0.253535  4
8700  106974  0.171027  0.892916  0.803349  0.202892  -0.291162  4
8800  106969  0.165785  0.884522  0.804086  0.194321  -0.274995  4
8900  105756  0.165957  0.8883  0.800976  0.184034  -0.269102  4
9000  106536  0.167978  0.8847  0.798555  0.18576  -0.239445  4
9100  106148  0.167232  0.889259  0.800411  0.186146  -0.237992  4
9200  106527  0.166253  0.889157  0.798088  0.177235  -0.226516  4
9300  106608  0.167757  0.887494  0.799731  0.179649  -0.245501  4
9400  106836  0.170731  0.888901  0.798717  0.181306  -0.27264  4
9500  105754  0.169972  0.883994  0.799735  0.189927  -0.272624  4
9600  105996  0.166697  0.885678  0.800904  0.18709  -0.291494  4
9700  106484  0.165026  0.88082  0.800301  0.180748  -0.274647  4
9800  107303  0.17205  0.877765  0.800311  0.175975  -0.243341  4
9900  106970  0.167022  0.876741  0.799569  0.176837  -0.212516  4
