t meta_n emi  mean_info  tr1  tr2  tr3  strategy
0  113469  0.099264  0.492432  0.900047  0.000808006  -1.30779e-05  4
100  101841  0.102255  0.163513  0.851774  0.0785972  0.00297487  4
200  101562  0.161467  0.087218  0.767003  0.131758  -0.00681703  4
300  101180  0.201397  0.0660017  0.714162  0.172666  -0.021184  4
400  102053  0.213852  0.0554611  0.698138  0.192557  -0.0339222  4
500  102140  0.223656  0.0506863  0.687929  0.21359  -0.0220518  4
600  102823  0.227765  0.048092  0.683285  0.223002  -0.0333416  4
700  101918  0.239129  0.0484082  0.67914  0.241438  -0.0222447  4
800  102226  0.23338  0.0454453  0.68482  0.256483  -0.0372069  4
900  101509  0.233492  0.0458525  0.686484  0.26265  -0.0415813  4
1000  101770  0.237374  0.0436028  0.680811  0.269587  -0.0422552  4
1100  100961  0.2429  0.0446682  0.677355  0.272599  -0.0411492  4
1200  101360  0.237197  0.0375478  0.684141  0.293826  -0.0427431  4
1300  102858  0.241276  0.0368023  0.686213  0.280665  -0.0373854  4
1400  102486  0.234617  0.0383656  0.683584  0.270868  -0.0441379  4
1500  101090  0.233211  0.0368421  0.683172  0.26753  -0.0304962  4
1600  101955  0.23372  0.0378336  0.687833  0.276512  -0.0402277  4
1700  102698  0.235813  0.0357959  0.690651  0.288386  -0.0540545  4
1800  102279  0.23967  0.0336308  0.68415  0.279462  -0.0632982  4
1900  102629  0.236575  0.0294021  0.683969  0.285381  -0.0673564  4
2000  101483  0.238271  0.0337571  0.684169  0.292124  -0.0969051  4
2100  102408  0.243696  0.0336801  0.680416  0.293467  -0.0891102  4
2200  100809  0.239554  0.0316877  0.680103  0.274298  -0.0464074  4
2300  102495  0.239071  0.0291097  0.68005  0.266926  -0.045414  4
2400  102276  0.237168  0.0261735  0.677749  0.259379  -0.0835137  4
2500  102301  0.230606  0.0267463  0.685291  0.275542  -0.125122  4
2600  101948  0.227577  0.0237843  0.688641  0.275245  -0.108331  4
2700  101907  0.232408  0.0250133  0.683091  0.267872  -0.116303  4
2800  101870  0.229982  0.0248627  0.685634  0.26424  -0.157061  4
2900  103136  0.229617  0.0241148  0.681386  0.254733  -0.15283  4
3000  102599  0.231824  0.0219491  0.678021  0.255147  -0.166108  4
3100  101974  0.230938  0.0232935  0.680977  0.256062  -0.129741  4
3200  102234  0.230784  0.0230955  0.679003  0.264205  -0.169751  4
3300  102419  0.228176  0.0226675  0.681325  0.260554  -0.165536  4
3400  103181  0.230856  0.0200914  0.679111  0.264124  -0.206055  4
3500  103012  0.232482  0.0185849  0.68213  0.272218  -0.160367  4
3600  102992  0.230471  0.0184709  0.683886  0.26928  -0.195092  4
3700  101870  0.229101  0.018154  0.683403  0.263293  -0.161621  4
3800  101775  0.223971  0.0197905  0.679442  0.252751  -0.134857  4
3900  101689  0.225162  0.0182822  0.678214  0.254657  -0.137562  4
4000  102916  0.226567  0.0167727  0.679742  0.255842  -0.190715  4
4100  102312  0.232317  0.0183887  0.67722  0.254722  -0.174189  4
4200  102208  0.228467  0.014822  0.680986  0.249431  -0.162779  4
4300  102844  0.224244  0.0168877  0.682191  0.242159  -0.165126  4
4400  103468  0.227043  0.0149286  0.675927  0.229837  -0.130268  4
4500  103315  0.227313  0.0161544  0.681645  0.250253  -0.137541  4
4600  102965  0.222014  0.015912  0.683476  0.239161  -0.152359  4
4700  102943  0.218811  0.0142868  0.679318  0.220811  -0.150236  4
4800  102787  0.217502  0.0125369  0.678644  0.220542  -0.101506  4
4900  103645  0.226026  0.0128087  0.675767  0.226422  -0.0808173  4
5000  102673  0.223489  0.0110049  0.679847  0.230157  -0.0693504  4
5100  102885  0.224152  0.012643  0.674261  0.209582  -0.0357421  4
5200  102591  0.224805  0.0105779  0.669582  0.202629  -0.0800874  4
5300  101974  0.218942  0.00963898  0.668003  0.192844  -0.0560479  4
5400  103373  0.21936  0.00842507  0.667839  0.196364  -0.0645512  4
5500  102808  0.218247  0.00891584  0.66765  0.189401  -0.0423322  4
5600  102957  0.221202  0.00858505  0.669678  0.192082  -0.0504783  4
5700  102534  0.224309  0.00760312  0.669757  0.207339  -0.027611  4
5800  102602  0.221307  0.00801841  0.671276  0.208335  -0.0653358  4
5900  102859  0.221683  0.0095184  0.669832  0.204476  -0.0774996  4
6000  102111  0.22036  0.00803155  0.666792  0.197373  -0.0872038  4
6100  102881  0.221732  0.00781628  0.665143  0.18406  -0.0894225  4
6200  102253  0.217515  0.00839097  0.662372  0.176532  -0.131621  4
6300  101476  0.223236  0.00757516  0.658709  0.170185  -0.152166  4
6400  102752  0.226682  0.00615461  0.659325  0.179581  -0.152836  4
6500  102589  0.222237  0.00599215  0.658716  0.177116  -0.150603  4
6600  102501  0.223804  0.00609777  0.659083  0.174974  -0.168253  4
6700  102979  0.221269  0.007682  0.657307  0.172092  -0.215493  4
6800  103113  0.226084  0.00607978  0.658347  0.178667  -0.219879  4
6900  102515  0.222601  0.00594454  0.657737  0.173622  -0.194596  4
7000  103311  0.227847  0.0061481  0.658445  0.181838  -0.240548  4
7100  103686  0.223534  0.00734986  0.660936  0.187036  -0.289673  4
7200  102325  0.221162  0.00682092  0.663755  0.197541  -0.328752  4
7300  102979  0.224282  0.00544951  0.662303  0.196044  -0.351772  4
7400  103340  0.223514  0.00487563  0.660245  0.193873  -0.357414  4
7500  102882  0.226414  0.00463276  0.659799  0.201858  -0.338983  4
7600  103102  0.222566  0.00474948  0.659718  0.199504  -0.374944  4
7700  102753  0.227881  0.00404402  0.658469  0.203665  -0.365389  4
7800  102573  0.223151  0.00441367  0.660545  0.208255  -0.392601  4
7900  103535  0.229572  0.00383531  0.65856  0.199719  -0.373461  4
8000  102288  0.227609  0.00414933  0.656049  0.199563  -0.320745  4
8100  102475  0.225567  0.00425429  0.657794  0.200972  -0.318572  4
8200  102459  0.227709  0.00399813  0.658079  0.198214  -0.306055  4
8300  103063  0.228539  0.00472898  0.658744  0.197325  -0.33329  4
8400  102369  0.22656  0.00365856  0.656721  0.191465  -0.368032  4
8500  102900  0.228347  0.00352711  0.657505  0.193695  -0.378011  4
8600  103514  0.229118  0.00356178  0.660964  0.198345  -0.397284  4
8700  102248  0.220946  0.0038629  0.663768  0.202681  -0.373051  4
8800  103602  0.225424  0.00249398  0.66518  0.212429  -0.365235  4
8900  102063  0.22756  0.00291269  0.661666  0.209958  -0.364801  4
9000  102967  0.228935  0.00312406  0.658205  0.199346  -0.386992  4
9100  102866  0.2282  0.0031007  0.658463  0.202491  -0.377462  4
9200  103459  0.230041  0.00268498  0.656644  0.193962  -0.356407  4
9300  102468  0.229687  0.00271082  0.657594  0.202587  -0.350146  4
9400  102184  0.226943  0.00246826  0.659071  0.204285  -0.335266  4
9500  101309  0.227687  0.00199217  0.660915  0.213592  -0.304499  4
9600  102039  0.220021  0.00203737  0.660515  0.20677  -0.362259  4
9700  102083  0.225029  0.00193939  0.660126  0.203855  -0.352959  4
9800  103078  0.222621  0.00164643  0.659905  0.187914  -0.356797  4
9900  102460  0.222296  0.00146595  0.658692  0.179785  -0.399616  4
