t meta_n emi  mean_info  tr1  tr2  tr3  strategy
0  116964  0.099528  0.500309  0.899998  0.000775915  -4.75141e-05  4
100  106449  0.115812  0.62093  0.868268  0.0729886  -0.00391352  4
200  105698  0.154371  0.718429  0.821424  0.141859  -0.00714265  4
300  105994  0.180456  0.759427  0.805039  0.195256  -0.0127987  4
400  104506  0.187707  0.783612  0.801568  0.230583  0.000372222  4
500  105486  0.192994  0.791292  0.798137  0.241489  -0.00946879  4
600  105540  0.191429  0.79993  0.802233  0.265304  0.00898954  4
700  105912  0.193016  0.801616  0.808058  0.271945  0.0144788  4
800  105390  0.195244  0.790329  0.806599  0.297408  0.0180342  4
900  106269  0.198139  0.786533  0.807953  0.306439  0.034344  4
1000  105275  0.193524  0.783085  0.808388  0.308684  0.0514953  4
1100  105593  0.190045  0.793858  0.811028  0.302547  0.0745808  4
1200  105484  0.188153  0.793746  0.805929  0.29829  0.055428  4
1300  106251  0.196282  0.793935  0.808051  0.313785  0.0671544  4
1400  106125  0.198351  0.788887  0.810948  0.313555  0.0667967  4
1500  105327  0.187617  0.787219  0.811446  0.312099  0.0573591  4
1600  106221  0.18922  0.80187  0.811312  0.303417  0.0950231  4
1700  105229  0.185217  0.807402  0.819141  0.313567  0.0919661  4
1800  105630  0.185719  0.805917  0.81774  0.304702  0.0936101  4
1900  106865  0.188212  0.812367  0.813301  0.305003  0.111152  4
2000  106177  0.18382  0.821456  0.818161  0.305923  0.0862252  4
2100  105871  0.181284  0.822767  0.816243  0.299175  0.085132  4
2200  106319  0.185468  0.812422  0.817264  0.289728  0.125207  4
2300  105961  0.186286  0.818172  0.812506  0.284317  0.145539  4
2400  105502  0.182569  0.824553  0.811814  0.285806  0.133041  4
2500  105711  0.187167  0.827537  0.811332  0.290668  0.0980635  4
2600  105890  0.188046  0.823831  0.813299  0.297778  0.0559346  4
2700  105861  0.183021  0.820064  0.80938  0.287944  0.0336095  4
2800  106537  0.182818  0.81851  0.81085  0.285558  0.0722596  4
2900  105880  0.183599  0.817976  0.808209  0.279953  0.0462688  4
3000  106432  0.186031  0.826272  0.806933  0.269765  0.0962097  4
3100  106154  0.183471  0.824669  0.806063  0.276803  0.1079  4
3200  105960  0.184985  0.826567  0.800499  0.26403  0.113726  4
3300  106513  0.184423  0.821367  0.804917  0.262065  0.161892  4
3400  106632  0.18246  0.840839  0.80162  0.244955  0.179011  4
3500  105812  0.181921  0.836334  0.803074  0.259439  0.223182  4
3600  106336  0.186677  0.826829  0.802301  0.268605  0.235924  4
3700  107013  0.181758  0.824288  0.80248  0.26334  0.208339  4
3800  105099  0.179641  0.836403  0.802126  0.257757  0.233136  4
3900  105698  0.175761  0.831652  0.802843  0.249847  0.205169  4
4000  106236  0.174703  0.83129  0.80233  0.242718  0.242949  4
4100  106818  0.181951  0.837532  0.802346  0.24707  0.250507  4
4200  106938  0.172152  0.832917  0.80424  0.239095  0.196936  4
4300  105003  0.165681  0.835629  0.810021  0.25115  0.17801  4
4400  105709  0.171158  0.83254  0.807939  0.244438  0.151406  4
4500  105147  0.1716  0.825108  0.808283  0.248245  0.130761  4
4600  106387  0.175358  0.821381  0.806953  0.249131  0.105039  4
4700  106549  0.174908  0.827185  0.80685  0.244512  0.116532  4
4800  106777  0.172939  0.82381  0.807651  0.244109  0.0771151  4
4900  106517  0.174203  0.822183  0.808298  0.252061  0.0393933  4
5000  105038  0.167697  0.827821  0.805814  0.247358  0.0312846  4
5100  106127  0.175596  0.823151  0.803393  0.24378  0.0163081  4
5200  106393  0.174515  0.833987  0.801494  0.233104  0.0471437  4
5300  106192  0.175338  0.827265  0.80171  0.241587  -0.00518479  4
5400  105982  0.173241  0.82748  0.801397  0.245637  -0.00801009  4
5500  105778  0.182034  0.841278  0.799298  0.242859  0.0517924  4
5600  105998  0.178013  0.841389  0.799528  0.242059  0.0475697  4
5700  106631  0.177428  0.840587  0.796397  0.229354  0.0847972  4
5800  105366  0.173235  0.834025  0.799626  0.238983  0.0974344  4
5900  106161  0.175532  0.827546  0.800232  0.240725  0.0625539  4
6000  105710  0.17326  0.820478  0.799504  0.233057  0.0804645  4
6100  105854  0.173294  0.820329  0.796887  0.229189  0.137465  4
6200  105984  0.173276  0.827695  0.793768  0.215881  0.140362  4
6300  106047  0.171201  0.824305  0.796123  0.220777  0.132235  4
6400  106976  0.174049  0.828532  0.795686  0.216018  0.178571  4
6500  106429  0.179245  0.836188  0.79434  0.210664  0.226315  4
6600  105990  0.172236  0.83618  0.794432  0.205526  0.231066  4
6700  105817  0.174653  0.837297  0.794452  0.206837  0.229508  4
6800  105830  0.176433  0.824939  0.791444  0.20158  0.237881  4
6900  106833  0.177638  0.825871  0.795627  0.204099  0.226078  4
7000  106959  0.17539  0.824504  0.798675  0.203868  0.261831  4
7100  106559  0.173537  0.826088  0.796909  0.207741  0.236137  4
7200  105290  0.170234  0.829343  0.797888  0.216517  0.245728  4
7300  106261  0.173247  0.82665  0.796409  0.205222  0.280444  4
7400  106611  0.174974  0.825353  0.794726  0.203392  0.258377  4
7500  105485  0.171336  0.825802  0.79555  0.198678  0.280475  4
7600  105480  0.17226  0.825669  0.794081  0.200289  0.255569  4
7700  107429  0.167138  0.822711  0.792852  0.194519  0.288769  4
7800  106477  0.173305  0.820799  0.793256  0.192801  0.286831  4
7900  105926  0.166374  0.820969  0.793177  0.187078  0.312354  4
8000  106572  0.166245  0.818467  0.792713  0.182563  0.346871  4
8100  106248  0.170357  0.809735  0.78983  0.188675  0.333662  4
8200  105921  0.172132  0.814326  0.789629  0.180223  0.361877  4
8300  105779  0.162646  0.820929  0.790508  0.180458  0.360888  4
8400  105793  0.165711  0.820982  0.790188  0.182108  0.344386  4
8500  105601  0.165852  0.824073  0.791452  0.179889  0.325389  4
8600  106391  0.168659  0.822502  0.792732  0.18311  0.325763  4
8700  106447  0.169741  0.8245  0.793077  0.187322  0.297181  4
8800  105738  0.166983  0.826539  0.792851  0.187855  0.303576  4
8900  106529  0.170246  0.817733  0.791099  0.186698  0.300356  4
9000  106689  0.173127  0.815356  0.790574  0.1929  0.277786  4
9100  106012  0.172311  0.812343  0.790914  0.18889  0.297033  4
9200  106078  0.174605  0.816403  0.792223  0.187551  0.338951  4
9300  105946  0.169097  0.812943  0.791073  0.181061  0.370532  4
9400  105773  0.169071  0.816411  0.790536  0.181212  0.36593  4
9500  106235  0.169197  0.818868  0.790256  0.184092  0.338667  4
9600  106830  0.166076  0.824087  0.789724  0.179292  0.345273  4
9700  106691  0.167377  0.827654  0.792893  0.180865  0.329865  4
9800  107184  0.167781  0.826935  0.794734  0.1875  0.368545  4
9900  105861  0.167406  0.827433  0.794945  0.19123  0.369947  4
