t meta_n emi  mean_info  tr1  tr2  tr3  strategy
0  116630  0.099008  0.495656  0.900087  0.000804558  8.45367e-05  4
100  103063  0.103574  0.322821  0.854138  0.0735307  -0.0043169  4
200  102774  0.158735  0.2366  0.77371  0.138756  -0.0107055  4
300  102718  0.194536  0.183209  0.732656  0.184187  -0.00436441  4
400  102827  0.21072  0.159507  0.715201  0.217926  -0.0159435  4
500  102715  0.22419  0.144542  0.708278  0.253892  -0.0339585  4
600  102199  0.224003  0.142449  0.710421  0.283819  -0.0286466  4
700  102078  0.220382  0.145837  0.717177  0.304677  -0.0244574  4
800  102361  0.222138  0.130559  0.721035  0.321599  -0.0302741  4
900  102225  0.22998  0.128607  0.725114  0.347299  -0.0369187  4
1000  102399  0.228222  0.130034  0.725339  0.355955  0.00164845  4
1100  102647  0.228353  0.133211  0.734463  0.379479  0.00916815  4
1200  103206  0.233626  0.13484  0.72861  0.370892  -0.0205314  4
1300  101661  0.224708  0.132915  0.732863  0.370193  0.0130485  4
1400  103080  0.233696  0.12606  0.732865  0.377943  0.0222603  4
1500  103471  0.232329  0.127977  0.729668  0.377127  0.00797257  4
1600  101871  0.229536  0.122333  0.729545  0.382508  0.0210022  4
1700  103755  0.230132  0.116489  0.733493  0.389136  0.0559825  4
1800  102680  0.232207  0.111886  0.729724  0.377601  0.0869143  4
1900  102786  0.232508  0.11164  0.734749  0.378148  0.0980277  4
2000  102712  0.227627  0.108376  0.734066  0.373444  0.0980776  4
2100  102491  0.226359  0.11045  0.735957  0.381946  0.0735522  4
2200  101834  0.225714  0.114032  0.734412  0.391951  0.0762808  4
2300  102683  0.234238  0.12092  0.73066  0.392599  0.105467  4
2400  102036  0.231985  0.124416  0.738107  0.404773  0.0658109  4
2500  103320  0.229546  0.128392  0.745961  0.412916  0.062577  4
2600  102506  0.230675  0.125221  0.748852  0.422567  0.0845083  4
2700  102672  0.229586  0.121941  0.759586  0.454315  0.0275162  4
2800  102640  0.226979  0.11866  0.758309  0.445986  0.0187225  4
2900  102734  0.221641  0.115757  0.765758  0.450165  0.0183118  4
3000  103694  0.226297  0.117295  0.771776  0.46158  0.0243522  4
3100  102692  0.218008  0.121203  0.776415  0.469632  0.0204333  4
3200  102894  0.218816  0.120665  0.778605  0.474337  0.0167166  4
3300  103377  0.224373  0.111677  0.774707  0.46682  0.0234848  4
3400  102457  0.223414  0.102374  0.769591  0.460149  0.0175677  4
3500  103077  0.221446  0.105359  0.77129  0.458154  0.0401036  4
3600  103967  0.217458  0.0938189  0.762104  0.435109  0.0480043  4
3700  103332  0.218542  0.0949928  0.764822  0.454085  0.0689873  4
3800  102807  0.221794  0.0985334  0.766599  0.462722  0.0706242  4
3900  102511  0.218752  0.0963247  0.763995  0.455525  0.105841  4
4000  103477  0.22218  0.0955394  0.76588  0.470131  0.0761134  4
4100  103123  0.225868  0.105811  0.767987  0.478366  0.0825388  4
4200  103010  0.228555  0.106285  0.766534  0.488002  0.0741392  4
4300  103169  0.225092  0.0964883  0.760754  0.462991  0.0661603  4
4400  104321  0.226875  0.0994157  0.760935  0.449715  0.0556329  4
4500  103961  0.228378  0.105502  0.76146  0.454091  0.0944835  4
4600  102834  0.231404  0.105671  0.763252  0.460536  0.0555554  4
4700  102725  0.224633  0.101072  0.761021  0.45744  0.0258093  4
4800  103350  0.232483  0.10612  0.764908  0.4726  -0.0295329  4
4900  103125  0.227929  0.103421  0.758613  0.458774  0.000383583  4
5000  103826  0.228874  0.109595  0.767061  0.470882  -0.0271979  4
5100  102916  0.229248  0.115363  0.770062  0.478796  -0.0222012  4
5200  102609  0.222846  0.114634  0.768674  0.468903  -0.000521312  4
5300  104010  0.224062  0.121322  0.783945  0.496736  0.0160498  4
5400  103624  0.227559  0.115804  0.783792  0.498863  0.0583039  4
5500  103294  0.222134  0.116898  0.784184  0.497099  0.104002  4
5600  102757  0.223012  0.127799  0.788218  0.508885  0.101292  4
5700  102795  0.222355  0.124088  0.785468  0.497248  0.0920821  4
5800  103063  0.22303  0.118929  0.785625  0.499408  0.107157  4
5900  103844  0.228702  0.113206  0.783617  0.493262  0.115661  4
6000  102994  0.219192  0.111237  0.778556  0.472936  0.0956474  4
6100  102833  0.224816  0.110219  0.771668  0.454356  0.0903034  4
6200  102854  0.222558  0.115446  0.774875  0.47191  0.0632495  4
6300  102539  0.218927  0.113833  0.774936  0.474339  0.0411658  4
6400  103200  0.227731  0.112989  0.776131  0.477914  0.0423935  4
6500  102868  0.223779  0.106979  0.770502  0.452832  0.0719769  4
6600  103818  0.221117  0.10426  0.768588  0.444686  0.0414231  4
6700  103362  0.221446  0.1072  0.769511  0.448984  0.0733906  4
6800  102570  0.223606  0.103173  0.765419  0.437568  0.0799308  4
6900  102833  0.225308  0.105509  0.769502  0.448731  0.0592144  4
7000  102710  0.219485  0.107174  0.767826  0.440164  0.0830168  4
7100  103264  0.22192  0.10796  0.769954  0.450646  0.0841075  4
7200  102671  0.222091  0.106616  0.771388  0.448522  0.128806  4
7300  103869  0.226634  0.102727  0.76582  0.425751  0.0766507  4
7400  103086  0.216958  0.100626  0.765652  0.424941  0.0516415  4
7500  103306  0.224529  0.107172  0.772355  0.438328  0.0331044  4
7600  103076  0.213619  0.10867  0.777941  0.455063  0.0301349  4
7700  102703  0.218908  0.103158  0.770571  0.431601  0.029954  4
7800  102624  0.219473  0.102621  0.772618  0.439813  0.0323779  4
7900  104268  0.220451  0.107447  0.782174  0.463922  0.0855686  4
8000  103151  0.219772  0.11212  0.785841  0.470691  0.0758357  4
8100  103416  0.221895  0.113003  0.784153  0.470056  0.0642605  4
8200  103646  0.226775  0.11714  0.78798  0.485671  0.0582281  4
8300  103801  0.22102  0.118394  0.793683  0.502906  0.0401621  4
8400  103313  0.219615  0.119072  0.795208  0.507356  0.042142  4
8500  102822  0.220403  0.119695  0.789144  0.482839  0.0691843  4
8600  102625  0.216314  0.120762  0.79327  0.493256  0.0938556  4
8700  104699  0.224418  0.115531  0.793655  0.490184  0.0973653  4
8800  103205  0.220285  0.117652  0.792305  0.492621  0.0417858  4
8900  103231  0.219965  0.12507  0.795037  0.508519  0.0266331  4
9000  103622  0.218858  0.119811  0.789566  0.494229  0.00864928  4
9100  103288  0.220771  0.120941  0.791698  0.501394  -0.0278968  4
9200  103973  0.22404  0.122942  0.792185  0.498402  -0.0687966  4
9300  102953  0.219721  0.112972  0.784988  0.475802  -0.10188  4
9400  104034  0.215507  0.1152  0.787421  0.48146  -0.11444  4
9500  103072  0.222677  0.115525  0.787694  0.479123  -0.079363  4
9600  103010  0.218025  0.117053  0.792529  0.499354  -0.0996922  4
9700  103166  0.22485  0.11503  0.791941  0.495311  -0.0869173  4
9800  102900  0.214789  0.112044  0.792422  0.498282  -0.0813365  4
9900  103867  0.22013  0.111452  0.793035  0.495062  -0.0842801  4
