t meta_n emi  mean_info  tr1  tr2  tr3  strategy
0  116945  0.09968  0.500169  0.899945  0.000818826  -5.84144e-05  4
100  105834  0.118596  0.600539  0.862837  0.0760249  0.00651982  4
200  105476  0.156607  0.669889  0.812956  0.128553  0.013527  4
300  105115  0.18109  0.696855  0.790007  0.179183  0.0149627  4
400  104693  0.192505  0.712858  0.780854  0.215905  0.00261486  4
500  105285  0.191784  0.706727  0.781596  0.244458  0.0199803  4
600  105031  0.192363  0.697862  0.786192  0.270172  0.0125447  4
700  105348  0.200044  0.699136  0.786781  0.283786  -0.00574128  4
800  105946  0.201374  0.695855  0.790951  0.292916  0.00307409  4
900  105010  0.194506  0.71247  0.794916  0.293942  0.00636694  4
1000  104068  0.192981  0.714262  0.795735  0.306674  0.0206799  4
1100  104478  0.193149  0.711787  0.793729  0.313644  0.0202281  4
1200  104460  0.196923  0.716533  0.790867  0.313972  0.04003  4
1300  104742  0.198124  0.715642  0.79934  0.328496  0.0370465  4
1400  104998  0.187939  0.703235  0.801682  0.330075  0.0565909  4
1500  104408  0.185611  0.692873  0.801808  0.334286  0.0346125  4
1600  105172  0.191219  0.694428  0.801862  0.340502  0.0752324  4
1700  105095  0.195219  0.692452  0.801523  0.33295  0.0306986  4
1800  104849  0.188312  0.70127  0.79947  0.315755  0.0342885  4
1900  105384  0.194509  0.69552  0.800325  0.314634  0.0484832  4
2000  104527  0.187524  0.700829  0.79435  0.303347  0.0815932  4
2100  105076  0.194167  0.699413  0.792463  0.305986  0.078244  4
2200  104564  0.187745  0.694793  0.793355  0.301598  0.0971562  4
2300  105168  0.193744  0.700988  0.791515  0.303547  0.049391  4
2400  105415  0.192842  0.705357  0.794171  0.309452  0.0105805  4
2500  105015  0.185429  0.698983  0.802436  0.330059  0.0201485  4
2600  106633  0.187564  0.68842  0.800899  0.341579  0.0265556  4
2700  105052  0.186226  0.693355  0.803158  0.338404  0.034456  4
2800  106094  0.186992  0.684458  0.806325  0.34005  0.0693873  4
2900  106163  0.195978  0.677334  0.800473  0.340333  0.0452257  4
3000  105011  0.186916  0.673693  0.801256  0.349671  0.0578002  4
3100  105346  0.183313  0.666988  0.802909  0.355121  0.0749265  4
3200  105369  0.186277  0.657736  0.801919  0.365029  0.0668689  4
3300  105472  0.186426  0.669758  0.800196  0.357498  0.0675801  4
3400  105934  0.190606  0.659396  0.797709  0.36025  0.0990981  4
3500  105180  0.188238  0.659994  0.798216  0.359001  0.0418434  4
3600  105010  0.188781  0.650113  0.797056  0.365399  0.0208287  4
3700  105057  0.185902  0.651036  0.798618  0.362345  0.0161279  4
3800  105388  0.189377  0.648045  0.798504  0.372926  0.100917  4
3900  104904  0.184356  0.653739  0.800141  0.364545  0.143074  4
4000  105354  0.186255  0.657408  0.801118  0.37294  0.153878  4
4100  105230  0.17983  0.655541  0.801432  0.368197  0.151817  4
4200  105408  0.188441  0.650969  0.803411  0.378797  0.157024  4
4300  105142  0.179601  0.644742  0.806831  0.381409  0.20956  4
4400  105086  0.185371  0.642082  0.805173  0.384597  0.191873  4
4500  106484  0.184389  0.626741  0.806481  0.392974  0.208287  4
4600  106195  0.183111  0.629908  0.804508  0.392235  0.214602  4
4700  106470  0.182934  0.638064  0.805525  0.382493  0.235226  4
4800  104422  0.180592  0.629827  0.808298  0.385794  0.25315  4
4900  103849  0.172737  0.633176  0.805333  0.37189  0.279057  4
5000  106009  0.18384  0.623781  0.805097  0.375399  0.272793  4
5100  105754  0.180186  0.612114  0.805559  0.384055  0.307768  4
5200  106244  0.189227  0.616829  0.803682  0.392234  0.318522  4
5300  105440  0.181906  0.618411  0.805353  0.400514  0.283525  4
5400  105912  0.180357  0.618216  0.80497  0.406186  0.309359  4
5500  105220  0.184507  0.617459  0.808663  0.408698  0.31945  4
5600  104874  0.179253  0.619956  0.810848  0.424442  0.311814  4
5700  105951  0.18188  0.613993  0.81005  0.427397  0.312014  4
5800  106009  0.181882  0.606671  0.809826  0.419714  0.327649  4
5900  105518  0.178891  0.614951  0.810818  0.424692  0.325374  4
6000  105882  0.184387  0.605857  0.813731  0.431528  0.338314  4
6100  106164  0.182925  0.609702  0.812197  0.433173  0.353196  4
6200  105630  0.183187  0.59731  0.812054  0.434625  0.387582  4
6300  105019  0.174237  0.591952  0.814103  0.434571  0.372119  4
6400  106056  0.181295  0.591238  0.813139  0.433821  0.376131  4
6500  105219  0.185964  0.586001  0.814831  0.44847  0.362988  4
6600  104937  0.169626  0.586051  0.817214  0.456559  0.319439  4
6700  105953  0.18649  0.588904  0.813259  0.447116  0.282105  4
6800  104938  0.181294  0.585207  0.811184  0.449623  0.266537  4
6900  105971  0.180927  0.587474  0.813836  0.453626  0.207247  4
7000  105657  0.183271  0.58143  0.814021  0.452306  0.166788  4
7100  105575  0.186361  0.581807  0.818676  0.47324  0.143937  4
7200  105477  0.18596  0.576814  0.823967  0.495408  0.12488  4
7300  105141  0.180079  0.584433  0.826243  0.508917  0.0988819  4
7400  105683  0.186231  0.581892  0.825276  0.510563  0.0878605  4
7500  105914  0.187635  0.587336  0.825289  0.508951  0.102117  4
7600  104779  0.184261  0.590069  0.825577  0.513345  0.0946177  4
7700  105467  0.181758  0.583141  0.826014  0.507662  0.0980168  4
7800  105210  0.180364  0.585975  0.828021  0.51665  0.062836  4
7900  106088  0.179504  0.57937  0.832452  0.52467  0.047325  4
8000  105783  0.180516  0.577084  0.834956  0.532227  0.0434157  4
8100  106062  0.178288  0.571972  0.835426  0.542417  0.0302521  4
8200  105419  0.174837  0.57042  0.839852  0.554666  0.0304075  4
8300  105208  0.182622  0.563653  0.84198  0.566643  0.0554084  4
8400  106013  0.173468  0.5597  0.84376  0.573386  0.0383733  4
8500  105163  0.173255  0.555564  0.850505  0.600568  0.007015  4
8600  105445  0.170363  0.544581  0.851898  0.610384  0.0171407  4
8700  105326  0.174771  0.551859  0.853852  0.610607  0.0609435  4
8800  106632  0.181207  0.547552  0.855441  0.619055  0.10214  4
8900  106537  0.181327  0.541061  0.859936  0.63332  0.063424  4
9000  105618  0.182693  0.541289  0.860795  0.640053  0.0542819  4
9100  105319  0.170994  0.535172  0.862458  0.643755  0.021019  4
9200  105137  0.172467  0.530431  0.863551  0.650683  0.00288068  4
9300  106327  0.176354  0.529065  0.863708  0.653399  -0.0018815  4
9400  105399  0.176677  0.525172  0.8662  0.669618  0.0146353  4
9500  105474  0.175351  0.521196  0.868215  0.679685  0.00397236  4
9600  105276  0.17905  0.522684  0.8674  0.677772  0.00674659  4
9700  105077  0.176865  0.521292  0.87072  0.685206  -0.0154686  4
9800  106208  0.178337  0.516773  0.870132  0.689039  0.0103529  4
9900  105735  0.174008  0.511489  0.870499  0.685591  0.0195976  4
