t meta_n emi  mean_info  tr1  tr2  tr3  strategy
0  113465  0.098808  0.494905  0.900057  0.000724911  1.41794e-05  4
100  101526  0.101042  0.191089  0.852523  0.0783445  0.00924994  4
200  103438  0.158314  0.101736  0.775932  0.143693  0.00378518  4
300  102729  0.197002  0.0763964  0.721204  0.181826  0.00257115  4
400  101475  0.21455  0.0682976  0.703103  0.222026  0.0046288  4
500  102278  0.223063  0.0589558  0.694804  0.233456  0.022834  4
600  102168  0.227315  0.0626308  0.691933  0.234244  0.0181974  4
700  102509  0.237769  0.0575795  0.681542  0.246052  0.0155688  4
800  102976  0.244848  0.0545333  0.676269  0.252363  0.0174849  4
900  102450  0.236552  0.0506806  0.681708  0.259197  0.0436567  4
1000  102619  0.237083  0.0502406  0.687044  0.274938  0.0614143  4
1100  101381  0.242464  0.0471526  0.680416  0.281323  0.052089  4
1200  103026  0.24231  0.048121  0.687829  0.289003  0.0427825  4
1300  102277  0.236705  0.0443975  0.690598  0.296533  0.0600057  4
1400  102807  0.237316  0.0428108  0.690938  0.301339  0.0355211  4
1500  102865  0.236863  0.042561  0.693848  0.303374  0.0609149  4
1600  102596  0.231759  0.0429361  0.693604  0.306282  0.0487242  4
1700  102704  0.232956  0.0449876  0.69452  0.299367  0.0582774  4
1800  101520  0.238157  0.0391521  0.689047  0.306267  0.0696054  4
1900  102404  0.240439  0.0386269  0.692357  0.309017  0.0384705  4
2000  102341  0.237353  0.0374632  0.69061  0.306609  0.0213118  4
2100  102440  0.235075  0.0352785  0.68991  0.312331  0.0379351  4
2200  101381  0.240729  0.0361717  0.688217  0.310441  0.0420085  4
2300  101812  0.233843  0.0364109  0.686897  0.305311  0.0833747  4
2400  101839  0.236802  0.0330748  0.687733  0.30478  0.0651713  4
2500  101511  0.236649  0.0321857  0.683505  0.299118  0.0553005  4
2600  102518  0.237763  0.032178  0.688006  0.305429  0.0366889  4
2700  102561  0.22876  0.0292287  0.691116  0.296115  0.0364644  4
2800  102361  0.22627  0.0292835  0.689984  0.2872  -0.0324793  4
2900  102367  0.23299  0.0277955  0.687035  0.274016  0.0245214  4
3000  102299  0.227542  0.0259414  0.687457  0.266017  0.0573658  4
3100  103363  0.228433  0.025244  0.685141  0.266758  0.0734259  4
3200  102825  0.23304  0.0248119  0.680649  0.270424  0.0785543  4
3300  102178  0.229334  0.0231821  0.679937  0.259292  0.0503257  4
3400  102387  0.229397  0.0209624  0.679798  0.263024  0.0756913  4
3500  101608  0.228741  0.0236569  0.675701  0.252405  0.0292745  4
3600  101775  0.226099  0.0234458  0.675905  0.250772  0.0353133  4
3700  102627  0.229466  0.0228409  0.67339  0.256802  0.00578224  4
3800  102243  0.23296  0.0219209  0.673977  0.246357  -0.0145058  4
3900  102262  0.229558  0.0207554  0.673455  0.239452  -0.0375674  4
4000  101107  0.227751  0.0177621  0.670133  0.235102  0.0101424  4
4100  102845  0.228505  0.0184162  0.667361  0.222409  0.0138858  4
4200  102212  0.230102  0.017175  0.667074  0.22371  0.0173501  4
4300  102883  0.228196  0.0163655  0.67097  0.227424  -0.00190104  4
4400  102793  0.224128  0.0141353  0.67456  0.228985  0.000762499  4
4500  103184  0.224774  0.013568  0.672571  0.226102  0.0304242  4
4600  103138  0.225443  0.0135183  0.669473  0.222378  -0.00751884  4
4700  102567  0.229099  0.0133335  0.666856  0.218027  -0.00951198  4
4800  102015  0.226549  0.0141718  0.669868  0.222663  -0.0149122  4
4900  103115  0.227553  0.0131882  0.668577  0.219569  0.0130534  4
5000  103194  0.22096  0.0146091  0.67008  0.211828  0.0214325  4
5100  102819  0.225149  0.0133827  0.668712  0.206705  0.00816554  4
5200  102340  0.219806  0.0147555  0.671627  0.20891  0.0101006  4
5300  103205  0.228776  0.0158292  0.667443  0.202189  -0.00666868  4
5400  102847  0.224924  0.0137028  0.665447  0.197923  0.0350924  4
5500  102917  0.22041  0.0132544  0.666832  0.207128  -0.000169258  4
5600  102320  0.226036  0.0122738  0.665792  0.207779  0.0145991  4
5700  103009  0.224935  0.0109386  0.663818  0.200595  0.0278562  4
5800  102814  0.218152  0.0112775  0.664879  0.194231  0.0694445  4
5900  102542  0.220857  0.0105011  0.665774  0.196234  0.099102  4
6000  102440  0.224937  0.0103452  0.664584  0.196971  0.0760511  4
6100  103221  0.225263  0.00964495  0.665756  0.20136  0.0734621  4
6200  102614  0.220082  0.00981978  0.665114  0.197614  0.0578303  4
6300  103157  0.222279  0.00975767  0.664925  0.193792  0.0713419  4
6400  102699  0.222113  0.00835768  0.660007  0.182797  0.021922  4
6500  103181  0.227285  0.00840554  0.657751  0.18674  0.0423885  4
6600  102245  0.226398  0.00830225  0.659543  0.1934  0.0176663  4
6700  102605  0.22572  0.00803892  0.661963  0.19841  0.0237312  4
6800  102007  0.220594  0.00853818  0.662153  0.192778  0.0198936  4
6900  102670  0.222412  0.00782538  0.661344  0.192265  0.027695  4
7000  102683  0.220578  0.00830901  0.661975  0.186968  0.00187005  4
7100  102684  0.224595  0.00792368  0.659902  0.197692  -0.00607743  4
7200  101987  0.222387  0.00680564  0.659354  0.197624  -0.0152039  4
7300  102513  0.225883  0.00758959  0.660644  0.200078  -0.0332252  4
7400  102242  0.227051  0.00743046  0.656789  0.197687  -0.022513  4
7500  102691  0.224491  0.00674662  0.657179  0.198516  -0.0446206  4
7600  102353  0.226316  0.00715536  0.657439  0.192525  -0.0675584  4
7700  104272  0.219178  0.00694861  0.657458  0.185179  -0.039551  4
7800  102012  0.227314  0.00566736  0.653462  0.180785  -0.0846848  4
7900  103208  0.23149  0.00554501  0.652728  0.187374  -0.0966595  4
8000  101999  0.224246  0.00404595  0.654094  0.183952  -0.104448  4
8100  102984  0.229091  0.00478634  0.654025  0.182037  -0.170458  4
8200  103937  0.229562  0.00449296  0.654972  0.181164  -0.133629  4
8300  103388  0.22614  0.00392673  0.656366  0.184969  -0.15937  4
8400  102821  0.224597  0.0043532  0.657654  0.194048  -0.14602  4
8500  102957  0.225324  0.00408296  0.657771  0.194347  -0.202668  4
8600  103014  0.221513  0.00356356  0.658548  0.189702  -0.225635  4
8700  103144  0.223445  0.00343332  0.658883  0.194296  -0.20301  4
8800  103056  0.223827  0.00395965  0.660253  0.206657  -0.222612  4
8900  102903  0.225936  0.00396978  0.661561  0.215582  -0.208054  4
9000  102536  0.225245  0.00402097  0.660493  0.210948  -0.214318  4
9100  102334  0.221144  0.00322225  0.66176  0.207919  -0.233226  4
9200  101673  0.223655  0.00256413  0.660979  0.202423  -0.222651  4
9300  103286  0.222665  0.00258383  0.661141  0.198689  -0.259972  4
9400  103236  0.22158  0.00241706  0.659242  0.189548  -0.28854  4
9500  102980  0.215232  0.00273323  0.658447  0.182514  -0.3173  4
9600  101460  0.220235  0.00281915  0.657384  0.188624  -0.280891  4
9700  103043  0.223261  0.00293342  0.656616  0.190778  -0.263757  4
9800  102162  0.22087  0.00320918  0.654761  0.189285  -0.273719  4
9900  102779  0.222062  0.00244156  0.656389  0.18614  -0.303021  4
