t meta_n emi  mean_info  tr1  tr2  tr3  strategy
0  115350  0.100328  0.495781  0.900031  0.00081837  -3.37013e-07  4
100  102502  0.107118  0.31743  0.846013  0.0762682  -0.00188646  4
200  102407  0.158616  0.224965  0.780085  0.147886  0.0221578  4
300  102233  0.19096  0.183973  0.741238  0.204017  0.0340811  4
400  101890  0.210091  0.155972  0.722211  0.24144  0.0366016  4
500  102659  0.215316  0.141541  0.717523  0.272657  0.0334117  4
600  101870  0.223645  0.131472  0.715021  0.296798  0.0263762  4
700  102018  0.226309  0.11981  0.713767  0.305928  -0.0100756  4
800  103200  0.229752  0.120026  0.714915  0.313138  -0.0392553  4
900  102083  0.232923  0.119271  0.710604  0.31394  -0.0460449  4
1000  103349  0.229531  0.111497  0.71807  0.332848  -0.0495699  4
1100  103217  0.229355  0.115054  0.712971  0.32454  -0.0525171  4
1200  102863  0.230304  0.114433  0.711487  0.312564  -0.045837  4
1300  102012  0.228141  0.105165  0.713191  0.339222  -0.051612  4
1400  102968  0.234517  0.10944  0.709353  0.33311  -0.0438858  4
1500  102767  0.232653  0.10439  0.711799  0.330989  -0.0337721  4
1600  102995  0.232367  0.104775  0.710395  0.332075  -0.00611617  4
1700  103165  0.234692  0.0975898  0.713941  0.336893  0.0048231  4
1800  102609  0.2344  0.104116  0.714988  0.347363  0.0100479  4
1900  102683  0.229968  0.105358  0.717217  0.34915  0.0107809  4
2000  101909  0.224256  0.101404  0.722117  0.355188  -0.0109433  4
2100  102431  0.225201  0.103727  0.723604  0.367851  -0.0268835  4
2200  102177  0.229654  0.0994348  0.719384  0.366599  -0.0375346  4
2300  104133  0.225857  0.0943071  0.723155  0.361058  -0.0582989  4
2400  102816  0.224984  0.0934266  0.718951  0.352432  -0.0285414  4
2500  102997  0.228305  0.0875703  0.718281  0.360303  -0.0161842  4
2600  102133  0.229239  0.0929428  0.718152  0.355972  -0.0401437  4
2700  102916  0.23173  0.0977692  0.718279  0.355181  -0.0832425  4
2800  102502  0.226553  0.0948039  0.718165  0.347616  -0.0549615  4
2900  101821  0.224741  0.0987349  0.72275  0.359877  -0.071369  4
3000  102880  0.229142  0.0940152  0.724976  0.359878  -0.0974991  4
3100  102140  0.227727  0.0943869  0.722955  0.363174  -0.070048  4
3200  104094  0.231746  0.0877774  0.724478  0.36952  -0.0794006  4
3300  103388  0.229344  0.0853195  0.725726  0.366913  -0.0812014  4
3400  102874  0.222672  0.0873694  0.729506  0.374063  -0.0693957  4
3500  103840  0.224021  0.084661  0.735017  0.390943  -0.035101  4
3600  102385  0.229348  0.0884972  0.732696  0.402978  -0.0199251  4
3700  103019  0.227874  0.0958312  0.732864  0.394105  -0.00868542  4
3800  102472  0.225129  0.0909601  0.735594  0.387121  -0.0255114  4
3900  103334  0.229016  0.0956987  0.737402  0.39772  -0.0676208  4
4000  102841  0.227636  0.101238  0.744223  0.407152  -0.0354046  4
4100  102955  0.219974  0.102481  0.747274  0.407239  -0.033461  4
4200  102853  0.218359  0.0984673  0.744422  0.395588  -0.03187  4
4300  102006  0.227218  0.104211  0.746138  0.396473  -0.00302789  4
4400  103339  0.222154  0.102968  0.737839  0.378073  0.0282216  4
4500  102848  0.225767  0.108675  0.743514  0.395619  -0.0113692  4
4600  103592  0.227112  0.103767  0.744374  0.407323  0.0401455  4
4700  102523  0.229301  0.0918505  0.740185  0.399043  0.0231086  4
4800  102905  0.221737  0.0888127  0.738541  0.393987  0.0207457  4
4900  103047  0.227076  0.0922245  0.740662  0.393071  0.0362581  4
5000  102590  0.215191  0.0911041  0.747721  0.405087  0.0540224  4
5100  103063  0.215953  0.0928874  0.749233  0.40713  0.0384049  4
5200  103133  0.221665  0.0966255  0.751434  0.414242  0.00932402  4
5300  103282  0.224628  0.0978311  0.75656  0.425745  0.0447587  4
5400  103518  0.227963  0.101024  0.758399  0.431256  0.0605892  4
5500  102928  0.217144  0.104983  0.767522  0.446311  0.0707716  4
5600  103084  0.221434  0.0986761  0.764864  0.441382  0.0796968  4
5700  103080  0.219475  0.10194  0.770133  0.454743  0.0835636  4
5800  102728  0.224216  0.105096  0.769312  0.451565  0.142975  4
5900  102550  0.222261  0.10278  0.766521  0.444033  0.152609  4
6000  102559  0.22443  0.0964137  0.764352  0.440589  0.179057  4
6100  102102  0.219542  0.0937733  0.769156  0.449879  0.129918  4
6200  102974  0.224728  0.0967731  0.767031  0.447296  0.130718  4
6300  102749  0.223507  0.0973671  0.765228  0.442849  0.169172  4
6400  102857  0.221435  0.0976989  0.768676  0.450419  0.180048  4
6500  103467  0.228091  0.106966  0.777856  0.467732  0.196947  4
6600  102964  0.223146  0.0990674  0.767946  0.442944  0.191123  4
6700  103583  0.227229  0.105035  0.765648  0.436129  0.213717  4
6800  102686  0.2288  0.0990522  0.760573  0.424552  0.247931  4
6900  102970  0.223736  0.0931798  0.756238  0.415858  0.239657  4
7000  103664  0.223722  0.0959498  0.755329  0.40344  0.241221  4
7100  103766  0.217157  0.092891  0.758802  0.411247  0.24853  4
7200  102889  0.222027  0.0908084  0.756449  0.400914  0.301031  4
7300  103937  0.21902  0.09035  0.759048  0.405001  0.347661  4
7400  103766  0.218993  0.0928561  0.763894  0.420169  0.324583  4
7500  103532  0.217084  0.0945649  0.763439  0.417372  0.336603  4
7600  103018  0.220499  0.0942267  0.763912  0.419989  0.365302  4
7700  104425  0.231639  0.101844  0.764889  0.432403  0.364599  4
7800  103091  0.228214  0.102777  0.763395  0.430557  0.432578  4
7900  103818  0.222569  0.109552  0.765495  0.437845  0.449681  4
8000  103202  0.225872  0.104922  0.76363  0.42804  0.428493  4
8100  103091  0.217999  0.0955275  0.759731  0.414523  0.381974  4
8200  102768  0.225241  0.101032  0.760885  0.423714  0.373714  4
8300  103818  0.222095  0.100178  0.769496  0.441352  0.35223  4
8400  102826  0.222747  0.102907  0.771181  0.443892  0.396855  4
8500  102875  0.22048  0.106279  0.773153  0.452548  0.459198  4
8600  104080  0.222236  0.0985001  0.773227  0.447061  0.497371  4
8700  102530  0.220141  0.0988629  0.774494  0.450467  0.51125  4
8800  103977  0.225627  0.0972142  0.770449  0.43998  0.569624  4
8900  103831  0.217502  0.103766  0.775813  0.450398  0.574087  4
9000  103190  0.222574  0.106918  0.780414  0.464321  0.549215  4
9100  104327  0.224011  0.103056  0.77581  0.443661  0.495167  4
9200  104297  0.221962  0.101478  0.770553  0.43214  0.513525  4
9300  103363  0.221269  0.096605  0.768189  0.422915  0.495807  4
9400  102802  0.209759  0.0983231  0.770956  0.43257  0.46258  4
9500  102783  0.218596  0.091103  0.765249  0.41235  0.504572  4
9600  102994  0.217165  0.0951769  0.769013  0.423566  0.521522  4
9700  103032  0.218133  0.0956836  0.768305  0.423627  0.550626  4
9800  103108  0.215024  0.0963845  0.7687  0.42801  0.549551  4
9900  102565  0.220041  0.101187  0.774248  0.441171  0.559697  4
