t meta_n emi  mean_info  tr1  tr2  tr3  strategy
0  114140  0.10108  0.494053  0.900006  0.000817758  -0.000121859  4
100  101782  0.106354  0.184624  0.848847  0.0817087  -0.00119957  4
200  102388  0.161892  0.0971861  0.766281  0.140509  -0.00395092  4
300  103007  0.200538  0.0710316  0.718735  0.193171  -0.00114281  4
400  101744  0.218795  0.0603025  0.696306  0.211122  0.000459863  4
500  101819  0.225336  0.0558304  0.685857  0.212339  0.000984257  4
600  102615  0.23834  0.0544985  0.676876  0.218058  0.0332894  4
700  102381  0.236782  0.0543643  0.679882  0.229504  0.028914  4
800  102733  0.229769  0.0531871  0.681394  0.233263  0.0611618  4
900  101898  0.237923  0.0503962  0.676787  0.237972  0.0840576  4
1000  101931  0.240518  0.0488578  0.675996  0.247947  0.0750627  4
1100  102278  0.235987  0.0492314  0.685565  0.261736  0.077108  4
1200  102845  0.23818  0.0416513  0.682044  0.268137  0.0795162  4
1300  102011  0.235378  0.0425215  0.691802  0.282358  0.0714828  4
1400  102659  0.227268  0.0447013  0.695816  0.287526  0.102939  4
1500  102755  0.234338  0.0444415  0.696119  0.293804  0.0788295  4
1600  102516  0.233803  0.040348  0.694506  0.295506  0.0760081  4
1700  101765  0.233327  0.0423146  0.699438  0.309484  0.061346  4
1800  101838  0.232262  0.0418898  0.699863  0.316624  0.0272682  4
1900  102232  0.233186  0.0390146  0.692351  0.307347  0.0239116  4
2000  102500  0.232018  0.0365148  0.693482  0.31617  -0.0064078  4
2100  102716  0.239329  0.0363883  0.696733  0.332197  -0.0353581  4
2200  102273  0.232566  0.0339718  0.694449  0.31944  -0.0488565  4
2300  102568  0.238846  0.031746  0.689983  0.330273  -0.053538  4
2400  102257  0.23667  0.0291984  0.692877  0.334434  -0.0814741  4
2500  102964  0.234042  0.028419  0.692228  0.331061  -0.0600536  4
2600  101614  0.236643  0.027625  0.698074  0.342284  -0.0493645  4
2700  102463  0.238413  0.028689  0.693089  0.317719  -0.0550283  4
2800  101555  0.235252  0.0248933  0.688659  0.305993  -0.0820225  4
2900  101722  0.236793  0.0239871  0.689781  0.305853  -0.084962  4
3000  102651  0.237528  0.0231131  0.688224  0.307878  -0.05328  4
3100  103277  0.235347  0.0266245  0.68605  0.290907  -0.0722215  4
3200  103068  0.235255  0.026133  0.683324  0.28315  -0.0918711  4
3300  102658  0.235376  0.024639  0.682815  0.287538  -0.0921957  4
3400  102416  0.235468  0.0228123  0.680687  0.282799  -0.086602  4
3500  102577  0.234158  0.0215529  0.67883  0.282543  -0.0448982  4
3600  101623  0.23326  0.0194871  0.679307  0.281459  -0.0421707  4
3700  102307  0.234827  0.0194662  0.678679  0.273212  -0.031066  4
3800  102372  0.234195  0.0192942  0.683624  0.288035  -0.0208338  4
3900  102094  0.235598  0.0170793  0.688972  0.297971  -0.0218573  4
4000  102978  0.238488  0.0175201  0.689772  0.300329  -0.0220052  4
4100  102516  0.231565  0.0172344  0.684895  0.292417  -0.00612147  4
4200  102466  0.228656  0.0168006  0.689748  0.298792  0.0161545  4
4300  102416  0.225648  0.0173564  0.692433  0.299481  -0.0389989  4
4400  102862  0.234237  0.0159071  0.694531  0.309707  -0.0284926  4
4500  102305  0.229083  0.0163839  0.696295  0.319837  -0.0487891  4
4600  102679  0.233563  0.0170483  0.698224  0.332808  -0.0193713  4
4700  102786  0.233883  0.0150535  0.696523  0.325189  -0.0714362  4
4800  102202  0.229061  0.0157145  0.701235  0.32251  -0.0636834  4
4900  102362  0.235601  0.0155012  0.692912  0.312725  -0.0821002  4
5000  102145  0.231132  0.0162723  0.693422  0.307493  -0.0693152  4
5100  101993  0.231758  0.0156003  0.693357  0.301886  -0.0964669  4
5200  102189  0.23097  0.0128717  0.694651  0.299368  -0.126106  4
5300  103434  0.230052  0.0114669  0.696317  0.306749  -0.132902  4
5400  102324  0.228556  0.0113851  0.691025  0.306311  -0.177905  4
5500  102775  0.22837  0.0108372  0.691213  0.310178  -0.185017  4
5600  102765  0.228941  0.0104165  0.682823  0.281346  -0.172295  4
5700  102272  0.23474  0.0111575  0.678875  0.271974  -0.185757  4
5800  102100  0.229857  0.0111759  0.678795  0.270766  -0.142977  4
5900  102377  0.231692  0.0109954  0.677625  0.263374  -0.170274  4
6000  102524  0.229718  0.0103232  0.676498  0.255049  -0.244305  4
6100  102958  0.234706  0.0102794  0.669546  0.24481  -0.200105  4
6200  103454  0.231719  0.00874579  0.673614  0.255086  -0.213613  4
6300  102551  0.232226  0.00890958  0.673579  0.259462  -0.145235  4
6400  102159  0.23098  0.00856289  0.673893  0.25793  -0.113522  4
6500  103099  0.230429  0.00990299  0.673312  0.263438  -0.0964693  4
6600  102971  0.233486  0.00899172  0.674887  0.269102  -0.129233  4
6700  102688  0.231672  0.00787143  0.670915  0.259988  -0.137909  4
6800  102694  0.231768  0.00862241  0.667205  0.243076  -0.123419  4
6900  103541  0.235173  0.00758217  0.666629  0.241645  -0.106736  4
7000  102479  0.229204  0.00595663  0.664841  0.231855  -0.0872324  4
7100  102676  0.234936  0.00703962  0.667868  0.231101  -0.0893644  4
7200  102781  0.229503  0.00694012  0.669953  0.229873  -0.116334  4
7300  103623  0.232985  0.00632157  0.67125  0.237995  -0.145107  4
7400  102613  0.232742  0.00684974  0.677877  0.251404  -0.127818  4
7500  102999  0.22881  0.00646853  0.682127  0.258681  -0.12075  4
7600  102110  0.223134  0.0060292  0.684522  0.257185  -0.0767632  4
7700  102768  0.226449  0.00626013  0.694502  0.279026  -0.0576934  4
7800  102936  0.226935  0.00617728  0.702167  0.296465  -0.0594398  4
7900  102485  0.224981  0.00674603  0.708407  0.308047  0.0121166  4
8000  102494  0.22165  0.00673786  0.716165  0.329011  -0.00167588  4
8100  102555  0.223513  0.00587098  0.723699  0.341825  -0.00977969  4
8200  102971  0.228233  0.00590211  0.728795  0.352723  -0.0320047  4
8300  102930  0.227493  0.00670134  0.743978  0.38796  -0.0184558  4
8400  102964  0.227164  0.00814785  0.756534  0.417358  0.0546349  4
8500  103376  0.228303  0.00827779  0.770703  0.451591  0.160635  4
8600  102263  0.225417  0.00829312  0.780021  0.47051  0.20501  4
8700  102459  0.230576  0.00890564  0.784419  0.479064  0.242233  4
8800  101726  0.230778  0.00886965  0.787962  0.489341  0.319772  4
8900  102863  0.225579  0.00847565  0.794988  0.501422  0.338599  4
9000  102526  0.225042  0.00872441  0.81275  0.542387  0.349371  4
9100  103263  0.231753  0.00965175  0.818221  0.559489  0.365075  4
9200  102660  0.233758  0.0092423  0.817289  0.55623  0.400445  4
9300  103220  0.235708  0.00962371  0.826519  0.579884  0.422535  4
9400  103106  0.237631  0.009719  0.832486  0.598077  0.459865  4
9500  103063  0.228791  0.0107106  0.842079  0.621725  0.486283  4
9600  102444  0.233618  0.0107622  0.847422  0.63327  0.468981  4
9700  103137  0.235124  0.0107102  0.861282  0.664871  0.490944  4
9800  102473  0.233041  0.0105927  0.868835  0.682659  0.49135  4
9900  103484  0.231493  0.011119  0.871204  0.684215  0.508685  4
