t meta_n emi  mean_info  tr1  tr2  tr3  strategy
0  114738  0.100664  0.494158  0.899974  0.000763275  1.38615e-05  4
100  102320  0.108835  0.267647  0.844237  0.0841915  -0.00251943  4
200  102018  0.159393  0.18098  0.776714  0.161057  -0.00652101  4
300  102123  0.194796  0.133914  0.737898  0.224288  -0.00518543  4
400  102514  0.209298  0.108467  0.721201  0.252627  -0.0289185  4
500  102913  0.223591  0.0999648  0.713752  0.266614  -0.0398616  4
600  102560  0.234309  0.0939145  0.705755  0.291376  -0.00543514  4
700  102688  0.228024  0.089789  0.710416  0.306863  0.0093528  4
800  102045  0.230545  0.0838088  0.705419  0.3049  0.0160235  4
900  102970  0.240561  0.0778421  0.702859  0.316752  0.0463088  4
1000  101757  0.234791  0.078003  0.706142  0.332822  0.0324777  4
1100  102556  0.23388  0.079993  0.711756  0.343092  0.0420145  4
1200  102027  0.229134  0.0819498  0.720949  0.348196  0.0727047  4
1300  102366  0.228707  0.0774845  0.719745  0.346183  0.0989579  4
1400  102578  0.226868  0.077842  0.721675  0.344592  0.164342  4
1500  102429  0.229127  0.0768874  0.722519  0.348424  0.211293  4
1600  103260  0.234313  0.0731489  0.711979  0.33032  0.169625  4
1700  102667  0.234185  0.0722407  0.712843  0.334315  0.119108  4
1800  102073  0.22979  0.0697028  0.709331  0.331757  0.122634  4
1900  102046  0.23441  0.0653447  0.707742  0.33655  0.106851  4
2000  102217  0.233305  0.0622873  0.708139  0.343626  0.0904838  4
2100  102796  0.234946  0.0622274  0.708623  0.339444  0.118703  4
2200  103200  0.233381  0.0590714  0.714032  0.346325  0.100145  4
2300  102391  0.228461  0.0537133  0.715746  0.349093  0.10314  4
2400  101024  0.22595  0.0548165  0.716435  0.349157  0.126623  4
2500  102664  0.235597  0.0552315  0.709985  0.345645  0.137398  4
2600  102975  0.231587  0.0534379  0.713706  0.344371  0.145307  4
2700  102806  0.229225  0.0553468  0.718163  0.360795  0.165449  4
2800  102238  0.228861  0.0499406  0.711806  0.337431  0.222193  4
2900  103442  0.230338  0.0508081  0.711073  0.344403  0.190171  4
3000  102324  0.229255  0.0540806  0.717011  0.368398  0.220346  4
3100  102753  0.232176  0.0528851  0.714694  0.373558  0.238206  4
3200  101476  0.225766  0.0488733  0.717922  0.378338  0.24423  4
3300  101974  0.227264  0.0481512  0.718979  0.379257  0.240407  4
3400  103018  0.230593  0.0493673  0.721012  0.371264  0.216981  4
3500  103441  0.22783  0.0469328  0.720511  0.378096  0.144263  4
3600  102806  0.227784  0.0499684  0.715877  0.360268  0.157359  4
3700  103714  0.229329  0.0510539  0.710206  0.349479  0.181475  4
3800  102477  0.225539  0.0496623  0.708506  0.341743  0.212591  4
3900  101858  0.230889  0.0445026  0.701185  0.326351  0.231802  4
4000  101941  0.227917  0.0434984  0.707633  0.342081  0.230556  4
4100  101522  0.223983  0.0454993  0.703285  0.334001  0.253986  4
4200  102870  0.228369  0.0410903  0.700526  0.328897  0.278274  4
4300  102353  0.228511  0.0387647  0.69747  0.318672  0.278877  4
4400  102951  0.227336  0.0378479  0.702218  0.320716  0.310581  4
4500  102573  0.228604  0.0378232  0.70261  0.334231  0.304737  4
4600  103186  0.22388  0.0359659  0.706336  0.343478  0.357548  4
4700  102523  0.228716  0.0347802  0.708273  0.358405  0.343407  4
4800  101754  0.226777  0.032356  0.700937  0.350017  0.355692  4
4900  102677  0.234805  0.0303223  0.697866  0.340399  0.374317  4
5000  102766  0.232467  0.028554  0.703772  0.350025  0.415932  4
5100  101954  0.228134  0.0270739  0.69802  0.336852  0.418648  4
5200  101977  0.231803  0.025402  0.694669  0.317629  0.363456  4
5300  102431  0.227999  0.0240337  0.69093  0.306995  0.322125  4
5400  103121  0.22948  0.0261663  0.69389  0.31905  0.340877  4
5500  101843  0.228129  0.0273187  0.692842  0.318251  0.3376  4
5600  102331  0.237651  0.0257212  0.690598  0.321343  0.312334  4
5700  101785  0.228315  0.0204632  0.690275  0.31586  0.32795  4
5800  102009  0.233736  0.0204103  0.688027  0.30171  0.361252  4
5900  102592  0.228245  0.0214125  0.684668  0.297045  0.326028  4
6000  102615  0.237467  0.0214387  0.676584  0.276381  0.332269  4
6100  102113  0.231076  0.0211002  0.679084  0.280913  0.328133  4
6200  102908  0.234145  0.0213401  0.678692  0.283604  0.288435  4
6300  102413  0.235772  0.0177995  0.677984  0.282188  0.335237  4
6400  103423  0.23283  0.0164346  0.676569  0.267718  0.351587  4
6500  103239  0.229548  0.0166009  0.67563  0.268825  0.274003  4
6600  102571  0.232373  0.0163645  0.673134  0.270673  0.252593  4
6700  102884  0.236841  0.0150605  0.672859  0.271532  0.264342  4
6800  102040  0.235761  0.0154866  0.674143  0.27488  0.245245  4
6900  102696  0.233761  0.0156009  0.673861  0.271278  0.24673  4
7000  103024  0.231114  0.0138951  0.673615  0.275111  0.301267  4
7100  103214  0.23203  0.0149034  0.671159  0.262396  0.306704  4
7200  102824  0.231622  0.0138071  0.677402  0.278722  0.32314  4
7300  102990  0.228868  0.0136699  0.677502  0.278321  0.272345  4
7400  102321  0.230785  0.0115346  0.676834  0.281887  0.25833  4
7500  103281  0.236416  0.0100427  0.675186  0.27591  0.223056  4
7600  102746  0.234649  0.00935538  0.670965  0.269731  0.166857  4
7700  103112  0.231314  0.00794861  0.672149  0.27089  0.200306  4
7800  101991  0.226582  0.0090095  0.675899  0.275651  0.158124  4
7900  103119  0.231575  0.0104213  0.673702  0.269169  0.161624  4
8000  102816  0.228471  0.0102716  0.677626  0.282004  0.0977039  4
8100  102248  0.229474  0.00857693  0.678921  0.282824  0.142523  4
8200  103794  0.229877  0.00951837  0.679288  0.289931  0.0991742  4
8300  103419  0.232394  0.00835439  0.680146  0.291922  0.0969587  4
8400  103192  0.23098  0.00738868  0.679628  0.288663  0.116571  4
8500  102105  0.224243  0.00767144  0.682647  0.299362  0.069395  4
8600  102351  0.226261  0.00790171  0.684908  0.301279  0.0218643  4
8700  102405  0.229045  0.00819745  0.680892  0.286556  -0.015117  4
8800  102149  0.221311  0.00764716  0.678228  0.2716  -0.00223392  4
8900  103192  0.230491  0.00910552  0.677721  0.276081  0.0110594  4
9000  103182  0.231658  0.00636582  0.677908  0.277946  -0.00615969  4
9100  102719  0.227745  0.00662786  0.679014  0.286939  -0.00505987  4
9200  102090  0.228094  0.00668229  0.681586  0.294589  -0.00107669  4
9300  102762  0.231282  0.00563816  0.681069  0.29009  0.0573618  4
9400  102301  0.23061  0.00528295  0.679041  0.282462  0.0354101  4
9500  103141  0.234797  0.00497589  0.678445  0.281207  0.044344  4
9600  102529  0.228835  0.00512364  0.674796  0.262392  0.00284052  4
9700  102244  0.224537  0.00411341  0.677874  0.272039  -0.0426566  4
9800  102315  0.221832  0.00419816  0.676968  0.275605  -0.0382692  4
9900  102848  0.231834  0.00424091  0.676344  0.270433  -0.0265402  4
