t meta_n emi  mean_info  tr1  tr2  tr3  strategy
0  115738  0.101136  0.495493  0.900002  0.00077312  3.39243e-05  4
100  102120  0.103116  0.30228  0.855901  0.0778935  0.00297774  4
200  101598  0.15113  0.195804  0.78542  0.147117  -0.0054477  4
300  102519  0.186111  0.160162  0.744112  0.191203  -0.00579718  4
400  102451  0.207445  0.139452  0.726826  0.232843  -0.0110871  4
500  102159  0.214418  0.12513  0.718976  0.249637  -0.00933743  4
600  102483  0.224814  0.128966  0.713661  0.279504  -0.0240761  4
700  102338  0.224923  0.121382  0.713602  0.308448  -0.0249277  4
800  102290  0.228399  0.120556  0.716463  0.318208  -0.0254911  4
900  102308  0.231009  0.114878  0.718972  0.339372  -0.0379863  4
1000  103295  0.234675  0.10767  0.718432  0.341548  -0.0583955  4
1100  102777  0.230553  0.101372  0.717511  0.336546  -0.0930922  4
1200  102431  0.230443  0.102845  0.711448  0.332284  -0.105201  4
1300  101942  0.236247  0.0988635  0.711604  0.323276  -0.105539  4
1400  102301  0.226374  0.0918232  0.714878  0.325269  -0.132793  4
1500  102749  0.233991  0.0888088  0.711398  0.329375  -0.11677  4
1600  102563  0.233107  0.0848025  0.712641  0.324617  -0.0858955  4
1700  103053  0.229411  0.0888736  0.715029  0.331528  -0.0945807  4
1800  102331  0.236843  0.0889023  0.708971  0.326815  -0.100277  4
1900  103122  0.232826  0.087737  0.713328  0.322045  -0.126555  4
2000  102373  0.232653  0.0874909  0.714328  0.338044  -0.0635316  4
2100  102370  0.231147  0.0870782  0.71493  0.339356  -0.0498023  4
2200  102500  0.231401  0.0853059  0.707714  0.335524  -0.0466993  4
2300  102762  0.236775  0.082765  0.714733  0.352269  -0.0610704  4
2400  102347  0.23056  0.0791616  0.713572  0.35117  -0.088718  4
2500  103143  0.235153  0.0783965  0.707888  0.340292  -0.105417  4
2600  102644  0.232149  0.0728427  0.709975  0.341729  -0.0778934  4
2700  102258  0.229404  0.0741676  0.707922  0.334445  -0.0735641  4
2800  102572  0.231387  0.070572  0.703792  0.322927  -0.0488598  4
2900  102543  0.227136  0.0684242  0.703321  0.319635  -0.101457  4
3000  102308  0.230583  0.0646297  0.701119  0.308628  -0.0988471  4
3100  103307  0.224057  0.0699013  0.708404  0.323777  -0.0660282  4
3200  102525  0.224145  0.0713185  0.703842  0.314175  -0.079946  4
3300  102398  0.231739  0.0685128  0.702027  0.316119  -0.0857403  4
3400  102443  0.220994  0.067731  0.705507  0.316516  -0.0905982  4
3500  103472  0.226847  0.0683326  0.704498  0.326626  -0.092934  4
3600  102588  0.222621  0.0656475  0.704553  0.318839  -0.104734  4
3700  102792  0.228123  0.0612232  0.703717  0.335682  -0.0446777  4
3800  102275  0.229879  0.0551251  0.702426  0.334308  -0.0359377  4
3900  102820  0.226784  0.0549579  0.703513  0.331144  -0.0318406  4
4000  102870  0.224256  0.0571392  0.703  0.3219  -0.0122701  4
4100  102130  0.219333  0.0588938  0.708303  0.337773  -0.0445093  4
4200  102416  0.218756  0.0597374  0.712304  0.339244  -0.0201054  4
4300  101697  0.222164  0.0538237  0.707629  0.334301  -0.0492143  4
4400  102409  0.218147  0.0549598  0.713187  0.33453  -0.0475434  4
4500  103649  0.222492  0.0620419  0.712765  0.337627  -0.0530082  4
4600  103542  0.22158  0.0575876  0.711424  0.332726  -0.0575254  4
4700  102418  0.220677  0.0542781  0.711014  0.329176  -0.071142  4
4800  102409  0.218807  0.0591549  0.714121  0.338618  -0.0496878  4
4900  102810  0.218773  0.0595387  0.713632  0.333645  -0.06924  4
5000  102778  0.224093  0.0580241  0.710134  0.326274  -0.0874211  4
5100  102562  0.219013  0.0613029  0.71122  0.325145  -0.0432864  4
5200  103087  0.216563  0.0675551  0.711547  0.324787  -0.0223741  4
5300  103025  0.224681  0.063563  0.709667  0.328952  -0.0670732  4
5400  102939  0.224292  0.0672154  0.710114  0.331766  -0.0969665  4
5500  103533  0.229146  0.0663411  0.705151  0.318399  -0.0944668  4
5600  103836  0.228704  0.0727266  0.707074  0.319733  -0.0329712  4
5700  102868  0.229091  0.0662562  0.706523  0.316686  0.00155384  4
5800  102320  0.22021  0.0704678  0.711509  0.324035  0.0307708  4
5900  103109  0.222128  0.071435  0.713583  0.328089  0.0437747  4
6000  103447  0.227823  0.0639884  0.716142  0.335212  0.0253345  4
6100  102772  0.225404  0.0606958  0.71264  0.323804  0.0845342  4
6200  102705  0.225456  0.0617182  0.712003  0.316616  0.0873132  4
6300  102158  0.219539  0.0702315  0.720521  0.330699  0.0330671  4
6400  102572  0.223279  0.0724823  0.722386  0.333087  0.0475565  4
6500  102741  0.221255  0.0786113  0.722267  0.330353  0.0134613  4
6600  102859  0.228191  0.0834671  0.722651  0.327088  0.0307578  4
6700  104017  0.221777  0.0800859  0.723163  0.31815  0.0267265  4
6800  102525  0.219395  0.077001  0.719562  0.312401  0.0836422  4
6900  103372  0.222147  0.0773936  0.721706  0.314477  0.0623317  4
7000  102804  0.221431  0.0760273  0.723352  0.319825  0.0496696  4
7100  102093  0.224446  0.0725836  0.715988  0.303105  0.0727837  4
7200  102887  0.221193  0.0728301  0.71551  0.302854  0.0494702  4
7300  102974  0.221916  0.0775691  0.716725  0.312386  0.039815  4
7400  102734  0.227819  0.0696696  0.707962  0.29102  0.0182762  4
7500  102545  0.221654  0.0716432  0.712256  0.298067  -0.0410305  4
7600  103093  0.225609  0.0714271  0.710062  0.300248  -0.093571  4
7700  102360  0.221541  0.0704388  0.712113  0.297533  -0.118754  4
7800  103514  0.226781  0.0749598  0.71388  0.310155  -0.0687026  4
7900  103080  0.22354  0.0727636  0.711291  0.301109  -0.0170733  4
8000  103877  0.231701  0.0754445  0.709786  0.301395  -0.0659008  4
8100  102505  0.228426  0.0766251  0.710953  0.299756  -0.0862812  4
8200  103992  0.228573  0.0682579  0.704691  0.282164  -0.0727483  4
8300  102341  0.229973  0.0726455  0.705149  0.287217  -0.104183  4
8400  101904  0.230339  0.0720057  0.704128  0.283402  -0.160462  4
8500  103685  0.229653  0.0685132  0.699302  0.270493  -0.133119  4
8600  103685  0.230399  0.0671817  0.699257  0.265409  -0.102034  4
8700  103076  0.225864  0.0725248  0.70201  0.272993  -0.0411294  4
8800  102834  0.230398  0.0672447  0.696601  0.266677  0.0195399  4
8900  102754  0.229984  0.0589764  0.688288  0.25205  0.131604  4
9000  102941  0.230066  0.0578833  0.688961  0.256505  0.058217  4
9100  103542  0.233889  0.055963  0.688851  0.256695  0.0894398  4
9200  102915  0.230484  0.0570197  0.691267  0.261478  0.100197  4
9300  103993  0.22847  0.055456  0.692082  0.258354  0.104861  4
9400  103631  0.231808  0.0542115  0.691274  0.2488  0.148757  4
9500  102590  0.227851  0.0612464  0.696993  0.261803  0.115369  4
9600  102968  0.229643  0.0575943  0.692569  0.245695  0.154242  4
9700  102927  0.231764  0.0603286  0.694516  0.247077  0.158771  4
9800  103088  0.225644  0.0629885  0.696873  0.251867  0.142588  4
9900  103270  0.228063  0.0659423  0.699633  0.260007  0.149066  4
