t meta_n emi  mean_info  tr1  tr2  tr3  strategy
0  114415  0.100456  0.495351  0.899979  0.000804555  2.39719e-05  4
100  102016  0.0993129  0.264527  0.854106  0.0794354  0.00466785  4
200  102404  0.150979  0.162848  0.781845  0.130781  0.00707971  4
300  103457  0.188621  0.120435  0.731805  0.165627  0.0265471  4
400  101685  0.200805  0.0974171  0.718123  0.201075  0.0185159  4
500  101689  0.211148  0.0879183  0.700784  0.217456  0.0319338  4
600  102486  0.230759  0.0830678  0.696364  0.252643  0.028186  4
700  101854  0.229191  0.0812422  0.695178  0.255495  0.0288782  4
800  102008  0.231864  0.0781505  0.692858  0.260214  0.0183807  4
900  102584  0.240866  0.0749615  0.686847  0.2699  0.00281287  4
1000  102484  0.238538  0.0758706  0.689202  0.277917  0.0350725  4
1100  102159  0.237847  0.0740524  0.691361  0.287449  0.00976946  4
1200  102817  0.236997  0.0686815  0.69403  0.293018  -0.0204264  4
1300  102027  0.231712  0.0631413  0.692925  0.282686  -0.0297502  4
1400  102126  0.227551  0.0668823  0.694853  0.285064  -0.060569  4
1500  101590  0.228478  0.0655097  0.699405  0.306686  -0.024194  4
1600  102280  0.22629  0.0648585  0.700815  0.307288  -0.0247773  4
1700  101593  0.23081  0.0602779  0.700484  0.304564  -0.0548171  4
1800  102661  0.232132  0.061389  0.69449  0.298775  -0.10601  4
1900  103254  0.229594  0.0583763  0.699079  0.300703  -0.117264  4
2000  102735  0.230061  0.0610385  0.697862  0.299754  -0.0951665  4
2100  102281  0.230114  0.0601088  0.69674  0.301775  -0.0893739  4
2200  102404  0.23194  0.0585531  0.695797  0.304461  -0.081312  4
2300  101735  0.233385  0.0576011  0.692686  0.29771  -0.11142  4
2400  103185  0.230786  0.0567723  0.692646  0.282181  -0.0750979  4
2500  101816  0.236716  0.0550923  0.687759  0.280237  -0.110698  4
2600  102165  0.226967  0.0510441  0.682363  0.262422  -0.0899273  4
2700  102925  0.22924  0.0483641  0.683542  0.268536  -0.0795874  4
2800  101742  0.236484  0.0464076  0.678409  0.267142  -0.0592417  4
2900  102226  0.236351  0.0500409  0.67769  0.263424  -0.0132431  4
3000  102940  0.238143  0.0456912  0.674377  0.255363  -0.00705757  4
3100  102601  0.237983  0.0438174  0.673134  0.253454  0.00563943  4
3200  102587  0.234225  0.0411473  0.67213  0.23977  0.0391549  4
3300  101597  0.233278  0.045471  0.670802  0.25254  0.0309442  4
3400  102171  0.234068  0.0459163  0.670378  0.260235  -0.0295695  4
3500  101287  0.229699  0.0427789  0.672256  0.247214  0.00763585  4
3600  103419  0.237458  0.0404046  0.671028  0.244996  0.0294383  4
3700  102383  0.234669  0.0371765  0.671773  0.249207  0.0108673  4
3800  103371  0.236117  0.0369842  0.67334  0.254093  0.034389  4
3900  101769  0.239649  0.0372764  0.670491  0.24979  0.0172663  4
4000  103044  0.228817  0.0323304  0.67225  0.251791  0.00259793  4
4100  103323  0.231498  0.032778  0.669422  0.24603  -0.0267888  4
4200  103035  0.233036  0.0320384  0.671025  0.259618  -0.0523453  4
4300  102986  0.230285  0.0332553  0.670868  0.243432  -0.0528968  4
4400  103074  0.22747  0.0298204  0.67365  0.242927  -0.0681446  4
4500  102456  0.226396  0.0260712  0.672755  0.237173  -0.0894336  4
4600  101997  0.223004  0.0246287  0.670731  0.226859  -0.081124  4
4700  102529  0.227577  0.0232471  0.671638  0.239416  -0.0912018  4
4800  102615  0.229513  0.0247074  0.670776  0.229943  -0.123803  4
4900  101839  0.224565  0.0217144  0.669755  0.222385  -0.170729  4
5000  102585  0.223032  0.0211002  0.673478  0.229879  -0.237783  4
5100  101666  0.220591  0.0231005  0.673132  0.232121  -0.249216  4
5200  103242  0.228086  0.0196211  0.672331  0.232274  -0.250638  4
5300  103068  0.218378  0.0195235  0.677901  0.226268  -0.271219  4
5400  102913  0.22315  0.0188055  0.670913  0.225312  -0.248051  4
5500  103364  0.225733  0.0202302  0.671916  0.227092  -0.267578  4
5600  102968  0.221388  0.0208059  0.672601  0.214382  -0.294302  4
5700  103280  0.221062  0.0164471  0.673723  0.219212  -0.343928  4
5800  102237  0.221344  0.0153247  0.671231  0.220099  -0.381285  4
5900  103274  0.222068  0.0138989  0.669631  0.216225  -0.378062  4
6000  102250  0.227479  0.0152954  0.669067  0.21622  -0.337125  4
6100  103623  0.222118  0.0149382  0.667885  0.203218  -0.385737  4
6200  102924  0.220484  0.0123979  0.668584  0.204573  -0.400146  4
6300  103105  0.22357  0.0124193  0.669258  0.210095  -0.424427  4
6400  103066  0.22308  0.0134146  0.668081  0.215234  -0.414627  4
6500  103509  0.223776  0.013177  0.669083  0.218048  -0.383567  4
6600  102406  0.21863  0.0136746  0.66881  0.208829  -0.42694  4
6700  103265  0.22075  0.0127069  0.670339  0.220442  -0.411589  4
6800  102557  0.222864  0.011258  0.671094  0.218083  -0.416372  4
6900  103309  0.218022  0.0122558  0.670337  0.219876  -0.406381  4
7000  103030  0.221246  0.0125415  0.669445  0.218724  -0.373594  4
7100  103578  0.222794  0.0127124  0.668375  0.211617  -0.400519  4
7200  103313  0.22331  0.0137712  0.665109  0.204544  -0.391512  4
7300  102469  0.221656  0.0111895  0.665026  0.207764  -0.427102  4
7400  103362  0.222162  0.00973889  0.665694  0.203551  -0.395211  4
7500  102752  0.218147  0.00983124  0.665719  0.206175  -0.358835  4
7600  101399  0.22266  0.00894495  0.665766  0.222049  -0.352647  4
7700  102853  0.226276  0.0103115  0.661909  0.20078  -0.388842  4
7800  103871  0.225164  0.0110329  0.663439  0.20122  -0.384873  4
7900  102385  0.221458  0.00959666  0.665146  0.20728  -0.417437  4
8000  101884  0.223444  0.00813647  0.665338  0.20694  -0.380461  4
8100  103068  0.221232  0.00691882  0.664768  0.206823  -0.418677  4
8200  101761  0.222592  0.00627555  0.662588  0.1978  -0.443761  4
8300  102846  0.220613  0.00705506  0.663267  0.195088  -0.418744  4
8400  103087  0.221288  0.0059304  0.662071  0.192694  -0.400411  4
8500  102770  0.223989  0.00463517  0.661453  0.193854  -0.362437  4
8600  103317  0.219054  0.00463617  0.659174  0.182919  -0.356632  4
8700  103077  0.22237  0.00593499  0.662759  0.196269  -0.269506  4
8800  101632  0.22202  0.00548035  0.662312  0.196366  -0.302279  4
8900  101937  0.22212  0.00591393  0.665343  0.208021  -0.301375  4
9000  102367  0.219893  0.00612065  0.664736  0.206874  -0.348981  4
9100  102487  0.225983  0.0059492  0.662245  0.200871  -0.38056  4
9200  102913  0.223493  0.00508132  0.662992  0.201409  -0.399903  4
9300  102325  0.219668  0.00434444  0.664482  0.199781  -0.374585  4
9400  102140  0.228148  0.00453979  0.661964  0.198021  -0.41472  4
9500  101810  0.223752  0.00376638  0.66162  0.202355  -0.416983  4
9600  102879  0.227868  0.00470044  0.660761  0.203373  -0.404644  4
9700  103144  0.223456  0.0052005  0.665284  0.215266  -0.391291  4
9800  101993  0.225135  0.00459836  0.666715  0.221354  -0.375774  4
9900  103623  0.229236  0.00434183  0.665348  0.22458  -0.358159  4
