t meta_n emi  mean_info  tr1  tr2  tr3  strategy
0  114537  0.099776  0.490531  0.900047  0.000750743  -2.66629e-05  4
100  101727  0.0996362  0.154862  0.855484  0.0749039  0.00445093  4
200  102697  0.153054  0.0853759  0.780753  0.143274  0.00391391  4
300  102638  0.193014  0.0643827  0.727205  0.191439  0.00899625  4
400  101724  0.216286  0.0525244  0.705097  0.221514  -0.0120755  4
500  102102  0.22518  0.0484923  0.694295  0.23602  -0.00899679  4
600  102016  0.229994  0.0491288  0.689086  0.260801  -0.023141  4
700  101975  0.22884  0.050868  0.697667  0.278772  -0.014078  4
800  103080  0.233615  0.0467597  0.693894  0.268781  -0.0114274  4
900  101409  0.232816  0.0473793  0.692261  0.27721  0.00173252  4
1000  102890  0.237745  0.0444061  0.692644  0.288607  0.0310216  4
1100  101977  0.237797  0.0400687  0.691349  0.295676  0.00901688  4
1200  101821  0.240938  0.0381096  0.689571  0.305098  -0.028988  4
1300  101650  0.244857  0.0391611  0.686574  0.306614  -0.0178039  4
1400  101912  0.234225  0.0375857  0.691337  0.2983  -0.0227209  4
1500  101126  0.235124  0.0379601  0.693051  0.308327  -0.062395  4
1600  101971  0.241447  0.0335954  0.689296  0.313212  -0.0845787  4
1700  102725  0.236144  0.0347292  0.691816  0.317525  -0.0773261  4
1800  101799  0.238433  0.0349998  0.690072  0.312063  -0.115395  4
1900  102077  0.234233  0.0351142  0.689007  0.305179  -0.125667  4
2000  102165  0.23475  0.0331171  0.693125  0.311712  -0.133162  4
2100  102199  0.235207  0.0317798  0.692821  0.300868  -0.162133  4
2200  103108  0.237836  0.0301401  0.693952  0.295151  -0.170582  4
2300  102003  0.22839  0.0291885  0.694393  0.292683  -0.201037  4
2400  102180  0.232491  0.0291962  0.686414  0.271154  -0.231669  4
2500  102391  0.238387  0.026006  0.683118  0.274128  -0.203947  4
2600  103028  0.22811  0.0250567  0.6885  0.273388  -0.250886  4
2700  102996  0.230896  0.0254843  0.6953  0.284432  -0.260223  4
2800  102925  0.233257  0.0239841  0.68615  0.280473  -0.264563  4
2900  102580  0.234431  0.024336  0.683279  0.288127  -0.294165  4
3000  103008  0.232943  0.0225757  0.685661  0.292599  -0.283347  4
3100  102712  0.233849  0.0191458  0.682481  0.280602  -0.280548  4
3200  102938  0.232433  0.0197908  0.680402  0.264363  -0.334391  4
3300  103056  0.238442  0.0208395  0.679129  0.270294  -0.349628  4
3400  102624  0.233508  0.0211661  0.675959  0.26864  -0.339647  4
3500  103669  0.241791  0.0178328  0.673205  0.265533  -0.31854  4
3600  102309  0.231333  0.0167703  0.673599  0.244797  -0.298417  4
3700  102700  0.237535  0.0147498  0.66833  0.24001  -0.276933  4
3800  102034  0.235446  0.0157232  0.667743  0.23753  -0.25705  4
3900  101847  0.230007  0.0149539  0.669708  0.244958  -0.270249  4
4000  103244  0.23785  0.0171785  0.67067  0.251473  -0.210774  4
4100  102561  0.229504  0.0157868  0.675294  0.252386  -0.269649  4
4200  101362  0.232887  0.0149274  0.670004  0.247794  -0.231115  4
4300  103557  0.234882  0.0146317  0.672651  0.255855  -0.240048  4
4400  103511  0.240051  0.0131989  0.671856  0.263406  -0.208265  4
4500  102301  0.239732  0.0143935  0.665073  0.25818  -0.150013  4
4600  101153  0.232182  0.0132612  0.669456  0.258948  -0.118791  4
4700  101803  0.234063  0.0135319  0.671721  0.26211  -0.104675  4
4800  101530  0.231962  0.0117536  0.671299  0.263151  -0.123399  4
4900  102821  0.235531  0.0106792  0.667496  0.26512  -0.10921  4
5000  102500  0.236542  0.0108406  0.666055  0.258134  -0.0547634  4
5100  102103  0.235408  0.0108074  0.664005  0.260404  -0.0574371  4
5200  102765  0.234124  0.0102864  0.665816  0.255954  -0.0453491  4
5300  102939  0.235099  0.00954558  0.665912  0.248045  0.00872023  4
5400  102058  0.237992  0.008407  0.663913  0.232493  -0.00858253  4
5500  102386  0.233299  0.00999681  0.66736  0.239667  -0.0515827  4
5600  101915  0.231365  0.0101159  0.666189  0.238641  -0.0317583  4
5700  102660  0.232557  0.00842322  0.66492  0.227933  -0.00912984  4
5800  102336  0.2269  0.00776407  0.661845  0.219155  -0.00640484  4
5900  102193  0.225206  0.00719385  0.665437  0.221344  0.0587806  4
6000  102837  0.228409  0.00685762  0.665108  0.226682  0.042272  4
6100  102155  0.225125  0.00712299  0.670137  0.237717  0.0522282  4
6200  103051  0.232154  0.00765842  0.670122  0.245435  0.0306215  4
6300  103065  0.22818  0.00773738  0.670069  0.239395  0.017582  4
6400  101927  0.227521  0.00732699  0.672987  0.23958  0.0429859  4
6500  102527  0.231729  0.00668964  0.673448  0.241986  0.0871111  4
6600  102671  0.222844  0.00617127  0.673852  0.238058  0.133279  4
6700  102152  0.221117  0.00559839  0.674751  0.232026  0.143036  4
6800  102223  0.225181  0.00551976  0.670725  0.219655  0.11743  4
6900  102177  0.222069  0.00573823  0.672456  0.221577  0.0948712  4
7000  102473  0.224642  0.0053821  0.66932  0.221505  0.101045  4
7100  102538  0.220054  0.00485617  0.670662  0.219876  0.101246  4
7200  102735  0.222899  0.00579699  0.667533  0.212303  0.0902867  4
7300  103128  0.22571  0.00507141  0.669289  0.219347  0.0673894  4
7400  102871  0.22689  0.0053542  0.667093  0.219423  0.0521235  4
7500  102110  0.224349  0.00430148  0.668951  0.226106  0.0141097  4
7600  101868  0.223417  0.00411316  0.66993  0.228737  0.0357886  4
7700  102220  0.225835  0.00439891  0.6702  0.229494  0.0170363  4
7800  102705  0.226103  0.00431257  0.668748  0.222602  -0.0229832  4
7900  102886  0.226404  0.00389505  0.665095  0.209382  -0.0358121  4
8000  102952  0.220976  0.00312975  0.661669  0.202333  0.00950159  4
8100  102098  0.225895  0.00329172  0.6639  0.208405  0.0199267  4
8200  102965  0.226631  0.00357665  0.666495  0.219516  0.0403689  4
8300  103691  0.224078  0.00412873  0.666353  0.218726  0.0211424  4
8400  102892  0.223478  0.00359484  0.665925  0.20982  0.0897944  4
8500  102795  0.222837  0.00411758  0.668447  0.215528  0.14148  4
8600  102859  0.220645  0.00338185  0.668783  0.214942  0.10833  4
8700  102927  0.221394  0.00208722  0.674017  0.22961  0.129093  4
8800  103121  0.219057  0.00250659  0.669489  0.215188  0.0407565  4
8900  102056  0.218765  0.00248283  0.666319  0.205294  0.0641621  4
9000  103206  0.225811  0.00315551  0.664024  0.20006  0.0385705  4
9100  103342  0.227162  0.00272425  0.665656  0.204342  0.0164675  4
9200  102793  0.222335  0.00218564  0.666758  0.206564  -0.0344664  4
9300  102756  0.222201  0.00214973  0.669039  0.218197  0.0254622  4
9400  102014  0.227035  0.00240821  0.667394  0.224711  0.0445613  4
9500  102909  0.226416  0.00240837  0.669521  0.230866  -0.0169774  4
9600  102721  0.223241  0.0023203  0.671054  0.234187  0.0240444  4
9700  102397  0.224147  0.00233521  0.673757  0.242129  0.0432159  4
9800  102983  0.228092  0.00242758  0.669705  0.23804  0.0565293  4
9900  102431  0.223974  0.00224481  0.669481  0.239176  -0.00183863  4
