t meta_n emi  mean_info  tr1  tr2  tr3  strategy
0  114170  0.100528  0.490979  0.899848  0.000810051  -8.66045e-06  4
100  101950  0.102825  0.16954  0.850334  0.0849884  0.0038371  4
200  103597  0.156305  0.0899003  0.781608  0.157694  0.00260339  4
300  102555  0.19702  0.0697641  0.737511  0.211845  0.00218122  4
400  102208  0.217289  0.0573645  0.704707  0.235662  -0.0121583  4
500  102004  0.227055  0.0496941  0.694206  0.254274  -0.00763463  4
600  102018  0.232781  0.0506545  0.691815  0.26553  -0.0252354  4
700  102677  0.238347  0.0480725  0.690266  0.269592  -0.0595844  4
800  102120  0.239744  0.0427244  0.687302  0.276721  -0.0765459  4
900  101440  0.235891  0.0472133  0.689222  0.284428  -0.0705484  4
1000  101866  0.236217  0.0423839  0.689815  0.273393  -0.0760888  4
1100  101333  0.233459  0.0398058  0.69596  0.295667  -0.109964  4
1200  102782  0.233254  0.0420487  0.688568  0.275626  -0.151171  4
1300  102679  0.235105  0.042076  0.69061  0.29296  -0.130095  4
1400  103199  0.236157  0.0426423  0.695835  0.306922  -0.157758  4
1500  103386  0.234644  0.0390534  0.695638  0.297753  -0.152044  4
1600  103313  0.231185  0.0371834  0.698774  0.305793  -0.149006  4
1700  102681  0.231815  0.0379822  0.697045  0.315888  -0.101302  4
1800  102623  0.234569  0.035567  0.699678  0.323304  -0.133963  4
1900  101967  0.235885  0.0329951  0.689432  0.315687  -0.132291  4
2000  101701  0.238484  0.0342997  0.694374  0.318196  -0.140405  4
2100  102040  0.231027  0.0349301  0.689111  0.295511  -0.159124  4
2200  101733  0.236219  0.032207  0.685583  0.282271  -0.154945  4
2300  101890  0.232852  0.0313139  0.683922  0.29304  -0.147835  4
2400  103158  0.231941  0.0300465  0.687761  0.297101  -0.117257  4
2500  101964  0.233842  0.0292357  0.687082  0.294354  -0.141782  4
2600  102254  0.23591  0.0285705  0.688279  0.298581  -0.169353  4
2700  102604  0.230603  0.0288953  0.688551  0.297558  -0.165443  4
2800  102269  0.238662  0.025356  0.685681  0.303726  -0.158024  4
2900  102069  0.23437  0.026837  0.685619  0.298532  -0.123081  4
3000  101931  0.237654  0.024012  0.679038  0.288529  -0.102639  4
3100  102310  0.236636  0.0233394  0.679868  0.287719  -0.167445  4
3200  102870  0.236383  0.0218995  0.679835  0.282567  -0.16328  4
3300  102213  0.232133  0.0224736  0.678633  0.284267  -0.160502  4
3400  102074  0.234305  0.0226099  0.680317  0.294192  -0.149803  4
3500  102598  0.236944  0.0218994  0.679064  0.28711  -0.17957  4
3600  102640  0.237356  0.018319  0.672397  0.270976  -0.181091  4
3700  102302  0.235943  0.0194185  0.67275  0.268733  -0.206653  4
3800  103776  0.227862  0.0196763  0.675687  0.263868  -0.254592  4
3900  102250  0.2321  0.0176392  0.673723  0.274715  -0.215763  4
4000  102782  0.233155  0.0185672  0.677032  0.275127  -0.187587  4
4100  102932  0.236078  0.0162012  0.673872  0.267668  -0.189598  4
4200  102578  0.230121  0.0172747  0.674324  0.273486  -0.197654  4
4300  102687  0.231234  0.0153497  0.675392  0.269505  -0.141984  4
4400  102807  0.235123  0.0144425  0.671088  0.266668  -0.105859  4
4500  102579  0.230057  0.01538  0.678629  0.281269  -0.121167  4
4600  102666  0.228989  0.0153896  0.682346  0.279281  -0.151803  4
4700  102591  0.224322  0.0151173  0.68418  0.283377  -0.134345  4
4800  102249  0.230073  0.0149792  0.683621  0.288993  -0.128187  4
4900  102568  0.226049  0.0138415  0.681324  0.272637  -0.156872  4
5000  102310  0.22361  0.0134778  0.678288  0.26335  -0.165499  4
5100  102487  0.223089  0.0130761  0.678319  0.258949  -0.131336  4
5200  101954  0.222493  0.0107025  0.678472  0.251154  -0.136454  4
5300  101899  0.223666  0.0109149  0.678964  0.255506  -0.138868  4
5400  103217  0.225729  0.00979409  0.676588  0.24214  -0.195162  4
5500  101981  0.216663  0.00905322  0.677129  0.24074  -0.237246  4
5600  102810  0.224845  0.0089012  0.67574  0.244153  -0.204713  4
5700  102167  0.21837  0.0101231  0.674954  0.235548  -0.195237  4
5800  103029  0.227807  0.00853374  0.67348  0.237489  -0.1806  4
5900  102381  0.217433  0.00899602  0.675532  0.231965  -0.194263  4
6000  101954  0.22017  0.00819568  0.670759  0.231092  -0.244415  4
6100  102833  0.229201  0.00884829  0.670199  0.232265  -0.193192  4
6200  102490  0.222881  0.00825048  0.66939  0.230796  -0.179062  4
6300  102264  0.227289  0.00796163  0.669891  0.23911  -0.128705  4
6400  103602  0.22517  0.00727462  0.670535  0.230985  -0.135324  4
6500  102069  0.225788  0.00695659  0.667105  0.228597  -0.195638  4
6600  102207  0.228241  0.00785798  0.667732  0.227277  -0.166721  4
6700  102883  0.227032  0.00702595  0.665601  0.227945  -0.178358  4
6800  103029  0.22564  0.00734734  0.66836  0.230749  -0.17545  4
6900  102755  0.225278  0.00629811  0.670547  0.236241  -0.191086  4
7000  102852  0.224286  0.00468891  0.668634  0.224067  -0.179676  4
7100  102574  0.225246  0.00520603  0.667561  0.221594  -0.251474  4
7200  102322  0.219185  0.00523812  0.66964  0.215423  -0.294702  4
7300  102324  0.22182  0.00524631  0.66884  0.218435  -0.250946  4
7400  102913  0.224094  0.00480796  0.667812  0.221453  -0.316817  4
7500  104185  0.229381  0.00460527  0.668467  0.226014  -0.274305  4
7600  102019  0.22424  0.0041838  0.668385  0.223943  -0.281021  4
7700  103074  0.218489  0.00423091  0.667375  0.210408  -0.317824  4
7800  102721  0.227366  0.00397348  0.666981  0.214071  -0.368843  4
7900  102315  0.224059  0.00339872  0.667781  0.217861  -0.378703  4
8000  102465  0.221076  0.00496263  0.664817  0.206625  -0.373764  4
8100  103709  0.227555  0.00328162  0.664391  0.206847  -0.361568  4
8200  102606  0.222318  0.00337039  0.663765  0.209972  -0.416272  4
8300  102461  0.219355  0.00250704  0.665183  0.216356  -0.371622  4
8400  103191  0.221346  0.0033224  0.666366  0.22019  -0.382837  4
8500  102115  0.222575  0.00325839  0.664546  0.213032  -0.404003  4
8600  101791  0.225858  0.00376368  0.660651  0.207305  -0.391847  4
8700  103625  0.22617  0.00320777  0.665401  0.218364  -0.384339  4
8800  102975  0.22368  0.00263941  0.665318  0.216421  -0.416433  4
8900  102909  0.223166  0.00304131  0.664899  0.208552  -0.431364  4
9000  102390  0.218716  0.00217356  0.663084  0.192233  -0.490018  4
9100  102325  0.21862  0.0020456  0.660331  0.186208  -0.530558  4
9200  102634  0.221368  0.00250772  0.663408  0.192027  -0.518541  4
9300  103124  0.222667  0.00283284  0.663403  0.194374  -0.457434  4
9400  102547  0.217599  0.0023516  0.665102  0.200525  -0.463631  4
9500  102043  0.222521  0.00125429  0.666992  0.203429  -0.409216  4
9600  102761  0.218824  0.00185975  0.666327  0.200061  -0.398836  4
9700  101908  0.216733  0.00186691  0.665885  0.194432  -0.3747  4
9800  103497  0.22471  0.00158865  0.662554  0.191364  -0.381533  4
9900  101366  0.216758  0.00171253  0.662862  0.191484  -0.395139  4
