t meta_n emi  mean_info  tr1  tr2  tr3  strategy
0  114325  0.099272  0.492605  0.899919  0.000830602  3.26377e-06  4
100  101821  0.10089  0.23374  0.852436  0.0782636  -0.00360346  4
200  102557  0.159538  0.130911  0.776273  0.144196  0.00801352  4
300  102257  0.19031  0.0948357  0.730733  0.194485  0.010656  4
400  101990  0.212038  0.0822638  0.712016  0.232608  0.000962571  4
500  101829  0.226273  0.0808103  0.696184  0.245426  -0.00360117  4
600  102341  0.229565  0.0776472  0.697191  0.254789  0.00112557  4
700  102477  0.231139  0.0691847  0.694378  0.257792  -0.00688954  4
800  102662  0.235607  0.0640431  0.68862  0.262591  0.00933442  4
900  102403  0.234738  0.0642213  0.690688  0.269552  0.0267962  4
1000  102128  0.238912  0.0606431  0.687231  0.270928  0.0337992  4
1100  102561  0.232839  0.0574641  0.692306  0.290302  0.00610902  4
1200  102179  0.240549  0.0579093  0.695038  0.296771  -0.0339484  4
1300  102009  0.228778  0.0556914  0.701951  0.296718  -0.0149922  4
1400  102035  0.228525  0.056947  0.708922  0.312202  -0.0263302  4
1500  102705  0.230333  0.0541232  0.706989  0.326844  -0.0371169  4
1600  101538  0.229025  0.0522497  0.696987  0.307142  -0.0511105  4
1700  102013  0.231233  0.0510095  0.69778  0.305087  -0.0473265  4
1800  101847  0.236247  0.0571779  0.697523  0.310588  -0.0598027  4
1900  101919  0.237323  0.0498302  0.695063  0.301202  -0.0913189  4
2000  102676  0.236192  0.0476625  0.696862  0.300662  -0.110473  4
2100  102033  0.233336  0.044132  0.688415  0.297026  -0.106285  4
2200  101723  0.237569  0.0426951  0.689339  0.304696  -0.115442  4
2300  102139  0.236599  0.0437472  0.69187  0.299585  -0.0922918  4
2400  102644  0.238477  0.041641  0.696449  0.308713  -0.105015  4
2500  102783  0.231425  0.0410637  0.705152  0.320136  -0.123014  4
2600  102613  0.237196  0.0460828  0.704606  0.320634  -0.142039  4
2700  101715  0.236033  0.0424272  0.704693  0.332442  -0.195368  4
2800  102803  0.239088  0.0421705  0.698574  0.325489  -0.211644  4
2900  102479  0.239527  0.0381056  0.698309  0.322034  -0.208783  4
3000  102843  0.234493  0.037189  0.700599  0.323985  -0.205526  4
3100  102080  0.22921  0.0334809  0.709427  0.33672  -0.233794  4
3200  102061  0.227178  0.0363151  0.709713  0.335256  -0.217367  4
3300  102399  0.227032  0.0337649  0.715359  0.349251  -0.215535  4
3400  101811  0.229655  0.0340234  0.714333  0.338908  -0.238609  4
3500  102916  0.225296  0.0309734  0.705947  0.317435  -0.236504  4
3600  102345  0.22718  0.032619  0.701369  0.312986  -0.259914  4
3700  101798  0.227416  0.0291809  0.693137  0.303092  -0.235629  4
3800  102565  0.231232  0.0301604  0.690414  0.292176  -0.223235  4
3900  102665  0.23614  0.0321215  0.679326  0.267904  -0.198796  4
4000  103664  0.230015  0.0291176  0.676879  0.245997  -0.162043  4
4100  102766  0.231666  0.0294349  0.67377  0.240172  -0.183813  4
4200  102492  0.228039  0.0231229  0.675898  0.249541  -0.142806  4
4300  102269  0.223845  0.0233062  0.678449  0.247939  -0.132295  4
4400  102955  0.227582  0.0231034  0.68029  0.249732  -0.0967593  4
4500  103366  0.232741  0.0192906  0.676833  0.24669  -0.0882687  4
4600  102259  0.223052  0.0205327  0.676519  0.239775  -0.0991485  4
4700  103004  0.232304  0.0222941  0.674052  0.241576  -0.160516  4
4800  102082  0.2291  0.0211638  0.675046  0.244209  -0.160464  4
4900  102571  0.224191  0.0205786  0.672388  0.241929  -0.15067  4
5000  103088  0.229323  0.019026  0.673212  0.250026  -0.162586  4
5100  102139  0.230322  0.0188287  0.675005  0.255109  -0.207909  4
5200  102927  0.234032  0.0181486  0.678054  0.262386  -0.219373  4
5300  102803  0.228385  0.0184122  0.677287  0.255777  -0.204277  4
5400  102671  0.228191  0.0179357  0.674723  0.252629  -0.184235  4
5500  102981  0.228191  0.0164611  0.675227  0.24784  -0.192677  4
5600  102396  0.220133  0.0159606  0.675089  0.250275  -0.21017  4
5700  102169  0.223372  0.0112319  0.670426  0.227777  -0.18482  4
5800  102597  0.226794  0.0132853  0.668062  0.220176  -0.217411  4
5900  103342  0.225414  0.0119048  0.671456  0.232258  -0.193018  4
6000  102117  0.221572  0.0128173  0.673858  0.235256  -0.211041  4
6100  102468  0.221008  0.0119471  0.671479  0.22296  -0.242151  4
6200  102678  0.221671  0.0128717  0.672785  0.221873  -0.218998  4
6300  102725  0.218102  0.0123695  0.67192  0.214493  -0.182992  4
6400  102750  0.222341  0.0123581  0.668877  0.210463  -0.191962  4
6500  102150  0.219894  0.0100588  0.667432  0.203642  -0.21692  4
6600  101911  0.2209  0.010586  0.667252  0.208865  -0.237399  4
6700  102339  0.219692  0.00902071  0.667832  0.213633  -0.230296  4
6800  102414  0.217206  0.0108948  0.671013  0.205405  -0.243312  4
6900  103173  0.219503  0.0102642  0.66783  0.192747  -0.266082  4
7000  103152  0.220079  0.00965673  0.666684  0.195718  -0.205949  4
7100  102858  0.221972  0.0101349  0.667507  0.200806  -0.222477  4
7200  103489  0.221326  0.00881  0.66754  0.205005  -0.203775  4
7300  102581  0.22143  0.00857016  0.666023  0.199335  -0.232588  4
7400  102690  0.227415  0.00799239  0.663883  0.193047  -0.19126  4
7500  102150  0.219903  0.00815943  0.667577  0.201437  -0.255154  4
7600  103551  0.220254  0.0092829  0.666651  0.199214  -0.266948  4
7700  103016  0.221249  0.00885826  0.663587  0.195621  -0.314625  4
7800  103117  0.21967  0.00785383  0.664795  0.201868  -0.30573  4
7900  101996  0.219214  0.00720746  0.662513  0.201692  -0.2873  4
8000  102003  0.225033  0.00505987  0.662613  0.208818  -0.277595  4
8100  102542  0.222623  0.00550262  0.66508  0.215846  -0.229514  4
8200  102203  0.22365  0.0044786  0.664873  0.213626  -0.30913  4
8300  101673  0.220971  0.00504125  0.666584  0.209228  -0.328698  4
8400  102185  0.220557  0.00563554  0.665087  0.206472  -0.344645  4
8500  102530  0.222348  0.0044001  0.664258  0.203902  -0.306802  4
8600  102215  0.220202  0.00440037  0.66658  0.213088  -0.316486  4
8700  101759  0.223592  0.00370171  0.663597  0.201778  -0.324552  4
8800  102865  0.220671  0.00428795  0.665009  0.204845  -0.332574  4
8900  103818  0.221669  0.00389211  0.667641  0.211626  -0.367003  4
9000  102452  0.219325  0.00374968  0.665962  0.209701  -0.368448  4
9100  102604  0.21962  0.00401163  0.664398  0.203557  -0.37168  4
9200  102054  0.218588  0.00403119  0.665139  0.202993  -0.37757  4
9300  102938  0.222489  0.00411836  0.664796  0.197963  -0.340387  4
9400  102302  0.218168  0.00449119  0.662445  0.194195  -0.352521  4
9500  102457  0.219911  0.004618  0.663898  0.194212  -0.400342  4
9600  103292  0.223283  0.00356643  0.663068  0.191264  -0.392989  4
9700  102403  0.219481  0.00320775  0.662901  0.188738  -0.430778  4
9800  102410  0.21858  0.00301985  0.662456  0.185842  -0.425308  4
9900  103222  0.220678  0.00312273  0.661035  0.18284  -0.427448  4
