t meta_n emi  mean_info  tr1  tr2  tr3  strategy
0  115233  0.100888  0.494737  0.899947  0.000823818  -7.79221e-05  4
100  102590  0.103591  0.24739  0.851094  0.0727909  -0.00470835  4
200  101539  0.156565  0.156928  0.778239  0.141044  -0.00143094  4
300  101744  0.197408  0.109524  0.723404  0.179038  0.0157833  4
400  102446  0.217245  0.0942263  0.70116  0.207544  -0.0021924  4
500  102251  0.221991  0.084811  0.696506  0.222954  -0.0182904  4
600  102711  0.22568  0.0871872  0.700478  0.249727  -0.0205361  4
700  102785  0.230968  0.077959  0.694675  0.261702  -0.000927542  4
800  102003  0.235038  0.0754521  0.695131  0.276431  0.0138896  4
900  101817  0.232247  0.072808  0.697506  0.282782  0.0163407  4
1000  101827  0.222919  0.0759117  0.703362  0.291867  0.0198697  4
1100  102752  0.227263  0.0716524  0.70502  0.298203  0.0282537  4
1200  102820  0.233566  0.0686637  0.699644  0.303188  0.0226855  4
1300  102231  0.230149  0.0686427  0.703015  0.312558  -0.000342197  4
1400  102694  0.228054  0.0678184  0.708218  0.320258  -0.0139748  4
1500  102016  0.231181  0.063688  0.708594  0.332518  0.0534557  4
1600  102612  0.226856  0.0645962  0.710421  0.337207  0.0660543  4
1700  102395  0.231817  0.0617239  0.70509  0.329729  0.0792369  4
1800  102253  0.236959  0.0555562  0.704338  0.322214  0.0785385  4
1900  102232  0.226605  0.054632  0.707224  0.328255  0.0825764  4
2000  102412  0.220528  0.0575345  0.710299  0.314522  0.0333626  4
2100  102692  0.22967  0.0551582  0.706751  0.323502  0.0301817  4
2200  102147  0.235172  0.0474253  0.699575  0.313291  0.0488867  4
2300  102383  0.232368  0.0472981  0.69556  0.303542  0.0680874  4
2400  103070  0.233678  0.0473564  0.698747  0.316697  0.0656902  4
2500  102695  0.234685  0.045791  0.698206  0.318899  0.0930284  4
2600  103757  0.234929  0.0445216  0.692835  0.296908  0.115492  4
2700  102768  0.234656  0.0454884  0.696948  0.308521  0.10056  4
2800  101853  0.226686  0.043491  0.690508  0.288836  0.101876  4
2900  102863  0.22474  0.0424336  0.692195  0.281018  0.0656707  4
3000  102486  0.227112  0.0437178  0.693906  0.28152  0.0621897  4
3100  102370  0.223158  0.0435187  0.691473  0.269276  0.00269399  4
3200  102626  0.22899  0.0421563  0.689372  0.284477  0.0245544  4
3300  102322  0.232043  0.0409798  0.687954  0.282154  -0.00588757  4
3400  103094  0.226884  0.0376275  0.68911  0.27888  -0.0446391  4
3500  103526  0.229067  0.0346063  0.691366  0.289291  -0.0919267  4
3600  102738  0.230567  0.0356825  0.686391  0.283814  -0.147703  4
3700  102466  0.2284  0.0392844  0.68935  0.284051  -0.11834  4
3800  102628  0.223945  0.0370608  0.689311  0.279598  -0.126949  4
3900  102358  0.225614  0.0366274  0.690173  0.283738  -0.131853  4
4000  102825  0.232702  0.031681  0.687737  0.29107  -0.127079  4
4100  103094  0.230405  0.0316981  0.682771  0.275655  -0.157738  4
4200  102974  0.234501  0.0278674  0.683773  0.268235  -0.137566  4
4300  102267  0.225721  0.0276055  0.683665  0.270296  -0.110481  4
4400  102393  0.228305  0.0254105  0.681574  0.268075  -0.162869  4
4500  103318  0.229318  0.0244479  0.678823  0.254829  -0.178736  4
4600  102735  0.230584  0.0247715  0.672705  0.237764  -0.211168  4
4700  102987  0.231518  0.0245336  0.671528  0.235383  -0.262708  4
4800  102423  0.234952  0.0236648  0.663587  0.220467  -0.277755  4
4900  102688  0.237745  0.0237565  0.662312  0.217854  -0.275626  4
5000  102399  0.238132  0.0208278  0.65813  0.210263  -0.320625  4
5100  102414  0.235705  0.0236519  0.658197  0.206483  -0.291975  4
5200  103431  0.23401  0.0241162  0.661108  0.213958  -0.295964  4
5300  102452  0.231016  0.0221328  0.6607  0.215412  -0.264696  4
5400  103472  0.236916  0.0219123  0.656776  0.206299  -0.250258  4
5500  102984  0.231993  0.0223972  0.658591  0.197328  -0.215484  4
5600  103040  0.230886  0.0195519  0.655314  0.185615  -0.239818  4
5700  102407  0.231135  0.0195518  0.658476  0.183253  -0.225199  4
5800  102908  0.230997  0.0197273  0.6584  0.182779  -0.265499  4
5900  102390  0.229212  0.0213691  0.654561  0.174071  -0.253924  4
6000  102034  0.233656  0.0198005  0.651176  0.161238  -0.273483  4
6100  102784  0.231573  0.0172911  0.649999  0.161081  -0.237032  4
6200  102411  0.230882  0.0161666  0.648981  0.153356  -0.274747  4
6300  103451  0.232542  0.0162185  0.644547  0.149813  -0.292514  4
6400  103511  0.239255  0.0137431  0.640383  0.142057  -0.264776  4
6500  102669  0.236404  0.0122551  0.63615  0.140937  -0.250237  4
6600  102810  0.237827  0.0129368  0.636937  0.139952  -0.246066  4
6700  103619  0.236302  0.0145276  0.638531  0.142111  -0.241667  4
6800  102506  0.240224  0.0124866  0.638913  0.150493  -0.194515  4
6900  103354  0.234136  0.00916514  0.641102  0.152852  -0.108304  4
7000  102893  0.234992  0.0111913  0.642095  0.164039  -0.0825161  4
7100  103251  0.236271  0.012215  0.642551  0.162458  -0.110031  4
7200  102579  0.234663  0.0111226  0.642288  0.160052  -0.108495  4
7300  102064  0.22939  0.0107307  0.642089  0.161093  -0.12302  4
7400  103507  0.238113  0.0116798  0.644253  0.163052  -0.132042  4
7500  103409  0.237383  0.0098045  0.646021  0.172823  -0.0943758  4
7600  102009  0.236076  0.0101239  0.647328  0.181734  -0.0866238  4
7700  102425  0.231004  0.00865341  0.650524  0.195949  -0.0525785  4
7800  103568  0.235455  0.00776491  0.65004  0.193922  -0.0619897  4
7900  101884  0.233979  0.00867593  0.649727  0.197334  -0.0727696  4
8000  102432  0.23075  0.0075448  0.653707  0.19702  -0.0723689  4
8100  102788  0.236961  0.00663404  0.654031  0.195624  -0.0723232  4
8200  102521  0.232114  0.00647219  0.65781  0.203408  -0.0480979  4
8300  103469  0.233301  0.00747235  0.6628  0.209066  -0.0319985  4
8400  102516  0.231474  0.00905431  0.66953  0.224025  0.00538491  4
8500  102453  0.228743  0.00813994  0.674632  0.234855  0.0624255  4
8600  102759  0.233275  0.00740175  0.678896  0.248712  0.0507829  4
8700  103122  0.235607  0.00671957  0.689431  0.270551  0.0145271  4
8800  102304  0.231605  0.00683748  0.703064  0.306797  0.011398  4
8900  102210  0.231866  0.00763757  0.715116  0.331156  0.0107503  4
9000  102748  0.228499  0.00810064  0.733264  0.371665  -0.0372138  4
9100  102743  0.232363  0.0076313  0.744077  0.402925  -0.0457105  4
9200  102981  0.238062  0.00693306  0.759549  0.444479  -0.0847946  4
9300  102697  0.23409  0.00794869  0.778109  0.485413  -0.118033  4
9400  102984  0.228891  0.00778403  0.800951  0.535705  -0.18483  4
9500  101934  0.226331  0.00661579  0.8133  0.560366  -0.185907  4
9600  103341  0.236531  0.00617053  0.83848  0.617078  -0.247801  4
9700  102699  0.231548  0.00660636  0.855032  0.65063  -0.277615  4
9800  103103  0.23461  0.00644673  0.86768  0.677152  -0.251026  4
9900  102647  0.233461  0.0071611  0.882663  0.712772  -0.270827  4
