t meta_n emi  mean_info  tr1  tr2  tr3  strategy
0  116925  0.099088  0.500147  0.900014  0.000790478  -4.88809e-05  4
100  105663  0.11553  0.618638  0.862834  0.0725756  -0.00606466  4
200  105787  0.157587  0.712096  0.819232  0.144074  -0.010697  4
300  105882  0.177078  0.737806  0.801248  0.188991  -0.00231826  4
400  105310  0.18468  0.758935  0.798964  0.221742  -0.000828855  4
500  104755  0.188279  0.761773  0.795049  0.237534  -0.0261573  4
600  105514  0.188488  0.75083  0.794584  0.250704  -0.0252215  4
700  105402  0.198526  0.764728  0.795962  0.262472  -0.0234071  4
800  105609  0.191637  0.773113  0.797888  0.278562  -0.0300104  4
900  105221  0.186299  0.778869  0.798151  0.271034  -0.0147899  4
1000  106751  0.18534  0.776099  0.806829  0.283568  -0.0247837  4
1100  105120  0.184572  0.768874  0.805393  0.291815  -0.00236786  4
1200  104809  0.189864  0.769582  0.810462  0.299337  -0.00179565  4
1300  105416  0.190608  0.771678  0.809412  0.30237  -0.017489  4
1400  105386  0.183483  0.768166  0.812901  0.302554  -0.0162568  4
1500  105838  0.189542  0.767985  0.815642  0.315689  -0.0318318  4
1600  106408  0.19313  0.758235  0.811326  0.315079  -0.0197219  4
1700  105846  0.186605  0.766549  0.81488  0.319715  -0.00102878  4
1800  105923  0.186677  0.761917  0.808445  0.308968  -0.0697919  4
1900  105889  0.184917  0.760834  0.807587  0.303544  -0.0786325  4
2000  105227  0.186941  0.768435  0.802201  0.285499  -0.117453  4
2100  105618  0.190032  0.769108  0.79957  0.272729  -0.145333  4
2200  105127  0.178349  0.776038  0.806059  0.272332  -0.191558  4
2300  104868  0.183435  0.76826  0.805027  0.285231  -0.240037  4
2400  106076  0.186176  0.770391  0.808819  0.288505  -0.234807  4
2500  105960  0.184115  0.770223  0.80388  0.292628  -0.221966  4
2600  104478  0.181771  0.763918  0.802361  0.290977  -0.212424  4
2700  105927  0.184622  0.761535  0.798357  0.276281  -0.217141  4
2800  106044  0.181907  0.772474  0.804457  0.275385  -0.172802  4
2900  105389  0.184268  0.787154  0.806431  0.286115  -0.217625  4
3000  105768  0.181933  0.795388  0.806795  0.287593  -0.180091  4
3100  106251  0.182551  0.792728  0.806787  0.280409  -0.129199  4
3200  106019  0.177993  0.797411  0.806165  0.266084  -0.126638  4
3300  106043  0.180924  0.791951  0.805274  0.267077  -0.209069  4
3400  105877  0.183127  0.790069  0.80742  0.2761  -0.195556  4
3500  105529  0.170693  0.778104  0.809455  0.273322  -0.257816  4
3600  106185  0.176735  0.779265  0.80767  0.282551  -0.242626  4
3700  105708  0.188427  0.779619  0.800723  0.26494  -0.286465  4
3800  105671  0.181289  0.780104  0.797596  0.257811  -0.250496  4
3900  105233  0.17657  0.778978  0.79628  0.248419  -0.238338  4
4000  105556  0.174125  0.772089  0.798448  0.250888  -0.275556  4
4100  105235  0.174778  0.772423  0.7961  0.245719  -0.255451  4
4200  105696  0.179546  0.775491  0.796165  0.246469  -0.27531  4
4300  104765  0.17811  0.777739  0.793827  0.248853  -0.24403  4
4400  105891  0.181942  0.780385  0.793219  0.251654  -0.240302  4
4500  106104  0.184422  0.781112  0.788995  0.245207  -0.244474  4
4600  105871  0.183672  0.776441  0.789853  0.243564  -0.198666  4
4700  105860  0.17764  0.786742  0.791047  0.249894  -0.204794  4
4800  104665  0.18638  0.780733  0.789965  0.246579  -0.162099  4
4900  104928  0.18078  0.787449  0.787559  0.246432  -0.176178  4
5000  105818  0.182237  0.796158  0.786849  0.239035  -0.178079  4
5100  106396  0.177284  0.791096  0.789062  0.233401  -0.161209  4
5200  105884  0.179888  0.791221  0.787983  0.224008  -0.145192  4
5300  106345  0.177213  0.79168  0.78908  0.225753  -0.125895  4
5400  105012  0.178756  0.782889  0.78708  0.229572  -0.125631  4
5500  106059  0.174704  0.785506  0.787815  0.223215  -0.174149  4
5600  106559  0.180488  0.779171  0.79115  0.224416  -0.176414  4
5700  106467  0.177385  0.78056  0.789211  0.223454  -0.151378  4
5800  105155  0.173352  0.776719  0.790319  0.228827  -0.167374  4
5900  106090  0.177517  0.772871  0.791252  0.230656  -0.173799  4
6000  106060  0.178701  0.771422  0.789594  0.233543  -0.15669  4
6100  105913  0.174808  0.770587  0.789757  0.231855  -0.126047  4
6200  105176  0.172326  0.770565  0.788253  0.22403  -0.161803  4
6300  105109  0.171095  0.783132  0.788367  0.227134  -0.155781  4
6400  105197  0.173104  0.778737  0.790393  0.220727  -0.0986013  4
6500  105469  0.17331  0.77769  0.789209  0.223956  -0.0742421  4
6600  105699  0.171726  0.77773  0.790879  0.227201  -0.0961228  4
6700  105490  0.173504  0.777883  0.791186  0.232181  -0.122815  4
6800  105401  0.181863  0.773067  0.787095  0.22232  -0.174954  4
6900  105842  0.176072  0.771929  0.78558  0.212695  -0.156778  4
7000  106540  0.175441  0.771336  0.785135  0.21773  -0.151011  4
7100  105981  0.173621  0.769461  0.787408  0.231038  -0.105681  4
7200  106507  0.173572  0.770414  0.787  0.23342  -0.0771086  4
7300  106345  0.174189  0.77312  0.788309  0.230139  -0.119364  4
7400  105504  0.173605  0.765169  0.790238  0.23774  -0.158673  4
7500  106163  0.177584  0.762694  0.787859  0.231296  -0.150179  4
7600  105874  0.175083  0.758087  0.789807  0.240347  -0.134311  4
7700  105866  0.179426  0.756332  0.789643  0.246551  -0.19124  4
7800  106494  0.180362  0.750559  0.789284  0.251953  -0.193111  4
7900  105313  0.177646  0.752238  0.789886  0.250203  -0.156507  4
8000  105665  0.169136  0.751123  0.790813  0.256482  -0.148087  4
8100  106230  0.169623  0.748597  0.791323  0.248987  -0.164181  4
8200  105543  0.16818  0.753746  0.791784  0.249841  -0.153121  4
8300  106334  0.171586  0.758156  0.793029  0.249969  -0.147909  4
8400  106630  0.177243  0.761113  0.792456  0.251896  -0.13069  4
8500  106052  0.174023  0.756155  0.795006  0.262118  -0.0541082  4
8600  106656  0.178353  0.759385  0.796428  0.273053  -0.0740697  4
8700  104856  0.17352  0.750113  0.794809  0.270032  -0.0515199  4
8800  105943  0.17462  0.743904  0.794318  0.269368  -0.0358883  4
8900  106572  0.177476  0.743624  0.794898  0.272356  -0.0633597  4
9000  106012  0.171923  0.73295  0.796043  0.290253  -0.0397507  4
9100  106576  0.180522  0.732536  0.796953  0.292501  0.0445863  4
9200  105768  0.174604  0.737535  0.793871  0.27797  -0.00676408  4
9300  106477  0.180498  0.726075  0.795887  0.288242  0.000823112  4
9400  105481  0.175649  0.72321  0.797029  0.296586  0.0232087  4
9500  106306  0.17137  0.723143  0.797098  0.296975  -0.00525475  4
9600  106689  0.180279  0.715339  0.798156  0.310473  -0.0183507  4
9700  105942  0.179209  0.715023  0.799326  0.319562  0.00428353  4
9800  107015  0.174195  0.716583  0.798258  0.321829  0.0280146  4
9900  106145  0.178051  0.72296  0.798171  0.322592  0.0426804  4
