t meta_n emi  mean_info  tr1  tr2  tr3  strategy
0  114450  0.099248  0.490567  0.899897  0.000771499  4.75298e-05  4
100  101180  0.102095  0.181527  0.846993  0.0749056  -0.0093384  4
200  102257  0.15636  0.0951227  0.770944  0.132258  -0.0135715  4
300  101771  0.196834  0.07262  0.718695  0.171979  -0.0192326  4
400  102892  0.217929  0.0604786  0.699181  0.211102  -0.0203894  4
500  102542  0.221301  0.0554779  0.696972  0.232045  -0.0155666  4
600  101819  0.225686  0.0520796  0.687575  0.240079  -0.000565943  4
700  102000  0.233125  0.0518552  0.682333  0.249623  0.00250458  4
800  102660  0.239232  0.0510935  0.682994  0.263564  0.0290571  4
900  102222  0.23666  0.0520211  0.685915  0.271594  0.0123202  4
1000  102087  0.236979  0.0448537  0.685949  0.272945  0.014665  4
1100  101764  0.230522  0.0442763  0.687146  0.272926  0.0071771  4
1200  101976  0.239724  0.0450791  0.681209  0.272348  0.00460139  4
1300  102962  0.235382  0.0465487  0.681941  0.258288  0.0564804  4
1400  102119  0.232295  0.0450012  0.683585  0.267076  0.0482063  4
1500  101726  0.238915  0.0437359  0.676657  0.254255  0.042554  4
1600  102266  0.238647  0.0418537  0.675777  0.251006  0.0284224  4
1700  101740  0.234548  0.041113  0.674634  0.253878  -0.00356317  4
1800  102447  0.23737  0.0414675  0.674219  0.253873  0.0511411  4
1900  102448  0.238577  0.040469  0.67307  0.255444  0.0137182  4
2000  102252  0.236804  0.0335682  0.673776  0.243751  -0.0093553  4
2100  102233  0.233082  0.0297284  0.677194  0.247928  -0.0039907  4
2200  102358  0.234026  0.0338788  0.677507  0.239117  -0.0154692  4
2300  102110  0.231938  0.0314854  0.675996  0.246329  -0.00260268  4
2400  102893  0.232313  0.0308118  0.677598  0.251851  -0.0182867  4
2500  102659  0.233166  0.0336309  0.679211  0.260874  -0.0146589  4
2600  102798  0.238665  0.0308208  0.673232  0.253686  1.95916e-05  4
2700  102088  0.238365  0.0272749  0.675606  0.260673  -0.0437515  4
2800  102209  0.237326  0.0280672  0.674697  0.254049  -0.08321  4
2900  102765  0.226824  0.0256693  0.67906  0.247004  -0.0954899  4
3000  101982  0.236276  0.0241667  0.674948  0.254784  -0.0842862  4
3100  102438  0.233741  0.023586  0.675449  0.251219  -0.0969222  4
3200  101642  0.228856  0.0231663  0.675877  0.255592  -0.0970128  4
3300  102481  0.234218  0.0241685  0.675791  0.267197  -0.136832  4
3400  102676  0.227595  0.0221535  0.677056  0.257337  -0.152642  4
3500  102922  0.227826  0.0199851  0.676923  0.263951  -0.145346  4
3600  102549  0.232455  0.0207318  0.673283  0.256322  -0.162013  4
3700  101753  0.227218  0.0201613  0.678014  0.243584  -0.161839  4
3800  102042  0.229772  0.0220108  0.675705  0.243292  -0.161016  4
3900  103129  0.229173  0.0196642  0.676981  0.25016  -0.15687  4
4000  102675  0.22374  0.0190315  0.674824  0.240189  -0.192831  4
4100  102723  0.231664  0.0189654  0.674714  0.245096  -0.200045  4
4200  102335  0.229673  0.0165423  0.673957  0.239513  -0.18207  4
4300  102691  0.228351  0.0151812  0.674879  0.229384  -0.207416  4
4400  101535  0.218602  0.0136621  0.67459  0.216997  -0.214667  4
4500  102167  0.226358  0.0140573  0.670668  0.21416  -0.178054  4
4600  102559  0.22807  0.0155899  0.667077  0.208942  -0.0902453  4
4700  102348  0.230542  0.0146243  0.667863  0.220966  -0.0981253  4
4800  103871  0.230275  0.0152695  0.66518  0.211321  -0.0902822  4
4900  103181  0.220645  0.0149224  0.664802  0.201435  -0.0894337  4
5000  102689  0.228802  0.0143747  0.658655  0.186708  -0.093748  4
5100  102828  0.232157  0.014038  0.658902  0.193145  -0.114369  4
5200  102037  0.227248  0.0145034  0.660817  0.200243  -0.0993789  4
5300  102243  0.228124  0.0128687  0.656887  0.189657  -0.0968362  4
5400  102224  0.233035  0.0131394  0.655979  0.187525  -0.141992  4
5500  102080  0.226192  0.0124824  0.656673  0.19078  -0.166384  4
5600  103934  0.225727  0.0115461  0.65905  0.200422  -0.21335  4
5700  102938  0.230497  0.0113334  0.65905  0.191368  -0.196756  4
5800  103726  0.227098  0.00988883  0.659094  0.194423  -0.192331  4
5900  102110  0.221713  0.00818549  0.657575  0.180953  -0.143234  4
6000  102358  0.223982  0.00903271  0.657128  0.182993  -0.151205  4
6100  102464  0.223684  0.0101859  0.657061  0.178442  -0.139275  4
6200  103372  0.225763  0.00873848  0.65554  0.177916  -0.148343  4
6300  102112  0.225812  0.0078447  0.651276  0.165401  -0.115442  4
6400  102424  0.226328  0.00718715  0.654134  0.167906  -0.0817958  4
6500  103217  0.226557  0.00776168  0.654565  0.165832  -0.0744562  4
6600  102077  0.222941  0.00552515  0.654816  0.162683  -0.0580159  4
6700  102617  0.223076  0.00609091  0.653456  0.153101  -0.0559392  4
6800  102799  0.220518  0.00632196  0.652193  0.150544  -0.0252399  4
6900  103079  0.222618  0.00629578  0.648875  0.13804  -0.0187164  4
7000  103317  0.227702  0.00635554  0.646935  0.143205  0.00383731  4
7100  103464  0.230303  0.00553437  0.64344  0.137185  0.00118765  4
7200  102964  0.226973  0.00675348  0.645931  0.137234  0.00771452  4
7300  102652  0.230569  0.00542833  0.646407  0.145192  0.0413194  4
7400  102597  0.225291  0.00535335  0.647748  0.153191  0.00315332  4
7500  102429  0.227861  0.00490158  0.646594  0.149735  0.00763176  4
7600  102623  0.226129  0.00469033  0.645914  0.156295  0.0129455  4
7700  103179  0.230865  0.00474398  0.645344  0.153402  -0.00752377  4
7800  102193  0.22695  0.00462608  0.643241  0.147962  0.00457993  4
7900  101652  0.225881  0.00374771  0.642003  0.143042  -0.0290141  4
8000  102993  0.225839  0.00447315  0.639991  0.137949  -0.00441047  4
8100  102696  0.234206  0.00363584  0.64214  0.146875  0.0373295  4
8200  102338  0.226329  0.00469331  0.643799  0.156213  0.0666089  4
8300  102964  0.23402  0.00355263  0.642766  0.156726  0.0671894  4
8400  102757  0.230305  0.0035351  0.644016  0.152873  0.0571096  4
8500  102876  0.227808  0.00258365  0.642977  0.153205  0.0964372  4
8600  103136  0.230082  0.0035393  0.644583  0.153915  0.101977  4
8700  101908  0.232991  0.00295452  0.643141  0.146937  0.0813847  4
8800  102623  0.225825  0.00234438  0.642988  0.140927  0.0633561  4
8900  103175  0.229137  0.00263329  0.641691  0.137406  0.0325183  4
9000  102258  0.223776  0.00292246  0.640161  0.13043  0.034466  4
9100  102380  0.227537  0.00288901  0.64275  0.139995  0.0398821  4
9200  101976  0.227559  0.0024038  0.642541  0.131974  0.0874337  4
9300  102830  0.226668  0.00196661  0.640892  0.128794  0.0872064  4
9400  102241  0.230963  0.00272723  0.639693  0.127669  0.114925  4
9500  102718  0.2272  0.00256319  0.638669  0.121261  0.0879293  4
9600  102969  0.228451  0.00243853  0.636785  0.115558  0.0798302  4
9700  103139  0.231133  0.00321973  0.636676  0.116354  0.0564005  4
9800  102703  0.228453  0.00238422  0.636692  0.112345  0.0655991  4
9900  102210  0.224234  0.00129185  0.63901  0.122235  0.0656913  4
