t meta_n emi  mean_info  tr1  tr2  tr3  strategy
0  116080  0.100936  0.496966  0.900011  0.000762708  7.77269e-06  4
100  102652  0.107821  0.377577  0.850692  0.0800495  -0.00412037  4
200  103628  0.162569  0.294306  0.775614  0.1449  -0.0169293  4
300  103141  0.187342  0.24322  0.744408  0.199156  -0.0214517  4
400  102432  0.199065  0.211059  0.730777  0.23332  -0.0133039  4
500  103011  0.216392  0.196327  0.725785  0.266097  -0.00927561  4
600  102586  0.215798  0.181479  0.729646  0.292955  0.0108651  4
700  103151  0.22268  0.171781  0.735182  0.321625  0.033324  4
800  102599  0.22544  0.176296  0.73632  0.35417  0.0468882  4
900  102487  0.226352  0.170905  0.744078  0.376005  0.0189567  4
1000  102964  0.219487  0.172443  0.747548  0.386323  0.0209561  4
1100  103082  0.226054  0.161993  0.746297  0.392206  -0.0145684  4
1200  102347  0.223633  0.166809  0.745788  0.388955  -0.0583094  4
1300  102748  0.224889  0.166874  0.750542  0.413484  -0.0435528  4
1400  102755  0.223253  0.163706  0.752  0.409439  -0.00316745  4
1500  102434  0.216402  0.167496  0.76003  0.424823  -0.0149895  4
1600  102690  0.222159  0.156972  0.760833  0.42531  -0.0231453  4
1700  102500  0.220615  0.161042  0.769746  0.434441  0.0135805  4
1800  103502  0.224834  0.16684  0.762784  0.43353  0.00886446  4
1900  102899  0.225992  0.167423  0.759722  0.439042  0.00423383  4
2000  102393  0.22504  0.166444  0.765926  0.452416  0.014177  4
2100  102837  0.231478  0.160271  0.7698  0.457268  0.0139899  4
2200  102579  0.223449  0.150777  0.767863  0.451434  0.0750964  4
2300  102952  0.219577  0.148392  0.774754  0.467521  0.112489  4
2400  103083  0.213163  0.153759  0.773436  0.45893  0.0980472  4
2500  103195  0.214406  0.159201  0.780527  0.470802  0.0967875  4
2600  102665  0.21521  0.164867  0.786388  0.490177  0.0878123  4
2700  103236  0.217676  0.164148  0.781775  0.487536  0.0533435  4
2800  103300  0.225217  0.15958  0.780087  0.477667  0.0667224  4
2900  103928  0.224809  0.148102  0.783192  0.485596  0.0820464  4
3000  103093  0.222066  0.146315  0.777415  0.481219  0.0820269  4
3100  103306  0.219898  0.154117  0.790116  0.507241  0.0572183  4
3200  102167  0.211898  0.1607  0.792529  0.506382  0.108241  4
3300  102887  0.217516  0.165865  0.797136  0.511026  0.159197  4
3400  103482  0.21496  0.161251  0.803577  0.521946  0.118597  4
3500  103217  0.212848  0.161736  0.813552  0.540846  0.133574  4
3600  102459  0.214125  0.15881  0.807525  0.535672  0.122035  4
3700  103276  0.222354  0.152902  0.800407  0.52382  0.056716  4
3800  103401  0.21419  0.153579  0.810178  0.546937  0.0655985  4
3900  103356  0.216849  0.156343  0.815198  0.554751  0.101642  4
4000  103547  0.223626  0.160305  0.818214  0.561062  0.0931886  4
4100  103734  0.211801  0.167386  0.823389  0.557074  0.137759  4
4200  103407  0.206741  0.16483  0.827438  0.561215  0.157054  4
4300  103775  0.211467  0.167292  0.830495  0.571048  0.194903  4
4400  102254  0.214415  0.171926  0.834999  0.57626  0.222106  4
4500  104047  0.219473  0.165298  0.837486  0.588363  0.187439  4
4600  103153  0.216738  0.162513  0.836659  0.585316  0.152924  4
4700  101930  0.20019  0.158311  0.834277  0.576855  0.130146  4
4800  103459  0.211117  0.156677  0.839649  0.594365  0.168199  4
4900  103813  0.219014  0.15753  0.835043  0.599679  0.14037  4
5000  103184  0.223029  0.160152  0.842022  0.623527  0.104419  4
5100  103548  0.221433  0.162526  0.854385  0.650526  0.106893  4
5200  104881  0.223782  0.160536  0.853463  0.652645  0.108947  4
5300  103244  0.227723  0.167223  0.856328  0.655356  0.0964185  4
5400  103505  0.216427  0.1543  0.854329  0.639835  0.0742422  4
5500  103200  0.217889  0.154011  0.858449  0.643577  0.0892486  4
5600  103155  0.221836  0.153122  0.848175  0.621892  0.124343  4
5700  103012  0.213057  0.153753  0.852216  0.632133  0.0911231  4
5800  102788  0.216949  0.158421  0.850206  0.625362  0.145049  4
5900  104117  0.223835  0.163889  0.858233  0.641887  0.199437  4
6000  103533  0.214564  0.154314  0.848713  0.620755  0.155113  4
6100  103401  0.215374  0.164046  0.855722  0.63275  0.122992  4
6200  103585  0.214017  0.158344  0.8564  0.633524  0.100064  4
6300  103995  0.213862  0.154518  0.860594  0.64481  0.0997391  4
6400  103418  0.219102  0.158079  0.867308  0.660933  0.0749575  4
6500  103247  0.217306  0.162436  0.869839  0.669178  0.0523107  4
6600  103929  0.215516  0.157991  0.866772  0.662392  0.0167015  4
6700  103692  0.214711  0.161463  0.873458  0.67667  0.0464513  4
6800  104494  0.221494  0.168291  0.871455  0.679994  0.0388586  4
6900  103423  0.219532  0.159888  0.876355  0.691438  -0.00471371  4
7000  103708  0.224488  0.155569  0.875457  0.685819  0.0333585  4
7100  103231  0.219473  0.147446  0.873863  0.676091  0.00533742  4
7200  103322  0.21752  0.153015  0.874074  0.678482  -0.0467615  4
7300  103132  0.216234  0.153836  0.872483  0.661406  -0.0502151  4
7400  103652  0.212152  0.153926  0.875294  0.665747  -0.0615153  4
7500  103563  0.208462  0.145842  0.879249  0.671088  -0.106826  4
7600  103178  0.210043  0.152374  0.878734  0.670952  -0.0245771  4
7700  104338  0.20717  0.149665  0.877291  0.664784  -0.0803324  4
7800  103673  0.210482  0.150062  0.8821  0.677044  -0.0505631  4
7900  104238  0.218977  0.153337  0.878177  0.672255  -0.108931  4
8000  103700  0.219155  0.157509  0.882896  0.68941  -0.0859905  4
8100  102654  0.215506  0.160837  0.893332  0.71282  -0.054924  4
8200  103192  0.215917  0.156147  0.895711  0.718545  -0.0858897  4
8300  104205  0.217356  0.153737  0.890957  0.705274  -0.0675739  4
8400  104276  0.213779  0.157414  0.889998  0.699644  -0.0573155  4
8500  104026  0.215707  0.152117  0.889406  0.694399  -0.0436066  4
8600  103020  0.208492  0.153318  0.892888  0.705424  -0.11207  4
8700  103142  0.212969  0.154497  0.889607  0.701685  -0.115922  4
8800  103869  0.209943  0.157024  0.894807  0.716836  -0.157476  4
8900  103136  0.212967  0.154512  0.892875  0.710652  -0.196049  4
9000  103529  0.216511  0.152462  0.898962  0.721763  -0.255703  4
9100  103880  0.210716  0.143796  0.896059  0.708153  -0.235127  4
9200  103045  0.210391  0.147161  0.905269  0.724767  -0.27782  4
9300  103437  0.205242  0.150746  0.908831  0.731085  -0.238784  4
9400  103312  0.210064  0.144594  0.900099  0.704518  -0.140148  4
9500  102894  0.205909  0.140053  0.904242  0.711776  -0.132103  4
9600  103423  0.207637  0.137638  0.909308  0.725376  -0.159111  4
9700  103366  0.2108  0.143662  0.913715  0.731385  -0.1704  4
9800  103987  0.209014  0.148047  0.913723  0.740708  -0.180625  4
9900  103961  0.211196  0.152124  0.908533  0.724702  -0.131683  4
