t meta_n emi  mean_info  tr1  tr2  tr3  strategy
0  115543  0.100712  0.49387  0.900045  0.000802813  -2.05553e-05  4
100  102537  0.104015  0.332032  0.850174  0.0793745  -0.00825482  4
200  103024  0.157134  0.240679  0.783588  0.160925  -0.0026412  4
300  102101  0.18915  0.1797  0.737002  0.196432  0.0206836  4
400  102022  0.214796  0.156642  0.717473  0.242565  0.0206739  4
500  102921  0.218132  0.13938  0.709286  0.248188  0.00061284  4
600  102738  0.227011  0.128774  0.710357  0.282411  -0.0161127  4
700  102065  0.22627  0.121031  0.714511  0.306743  -0.0309991  4
800  102817  0.225214  0.123782  0.719601  0.318976  -0.0379784  4
900  102720  0.229258  0.12036  0.721023  0.336012  -0.0180396  4
1000  102976  0.223522  0.110633  0.725318  0.337234  -0.0471641  4
1100  102803  0.234235  0.111435  0.71575  0.331473  -0.0456226  4
1200  102825  0.23034  0.114371  0.714052  0.332756  -0.0770464  4
1300  102768  0.234327  0.106773  0.710355  0.31926  -0.082263  4
1400  102354  0.236186  0.103645  0.708456  0.321231  -0.0944013  4
1500  101833  0.229144  0.103696  0.714629  0.333127  -0.0851937  4
1600  102980  0.228787  0.104702  0.720156  0.337369  -0.0790952  4
1700  101827  0.222995  0.101704  0.718848  0.33813  -0.0914915  4
1800  102191  0.227283  0.0999149  0.719802  0.361061  -0.121794  4
1900  103086  0.229741  0.103685  0.715997  0.363492  -0.104724  4
2000  103064  0.230409  0.10062  0.715185  0.350156  -0.103507  4
2100  102799  0.230675  0.106512  0.715909  0.351054  -0.113073  4
2200  102782  0.232583  0.0949427  0.714074  0.352672  -0.126259  4
2300  102409  0.23327  0.0986032  0.720165  0.38006  -0.140078  4
2400  103126  0.227909  0.0925288  0.717815  0.354779  -0.132346  4
2500  102157  0.221075  0.0872232  0.72285  0.363646  -0.151799  4
2600  101997  0.224813  0.0900446  0.719033  0.366688  -0.17066  4
2700  103124  0.225208  0.0823957  0.723773  0.373737  -0.171832  4
2800  102486  0.226581  0.0888089  0.726302  0.382594  -0.192379  4
2900  103061  0.227574  0.0887176  0.724685  0.376433  -0.184954  4
3000  101852  0.227533  0.0953658  0.728171  0.394775  -0.170472  4
3100  103212  0.227676  0.0937213  0.730764  0.395438  -0.188982  4
3200  102967  0.22494  0.0956408  0.735445  0.399975  -0.18855  4
3300  102752  0.228427  0.0900688  0.730013  0.385789  -0.151512  4
3400  102674  0.231866  0.090193  0.725216  0.370012  -0.0937624  4
3500  102321  0.224032  0.0925116  0.726577  0.366796  -0.118777  4
3600  103192  0.228593  0.0908182  0.730005  0.373946  -0.172735  4
3700  102550  0.23177  0.0894173  0.728911  0.382039  -0.207126  4
3800  102311  0.228104  0.0820721  0.725649  0.37181  -0.21728  4
3900  103060  0.22511  0.091511  0.729459  0.3839  -0.199616  4
4000  102916  0.223799  0.0910899  0.733909  0.387825  -0.191933  4
4100  102390  0.222701  0.0926802  0.738968  0.399373  -0.200932  4
4200  102403  0.231263  0.0981333  0.744343  0.416981  -0.185501  4
4300  103575  0.23059  0.0986326  0.741224  0.402808  -0.206917  4
4400  103284  0.226915  0.0976209  0.739372  0.39797  -0.202738  4
4500  103127  0.227459  0.0990149  0.737592  0.386317  -0.240324  4
4600  102462  0.228198  0.101371  0.743681  0.400538  -0.222479  4
4700  102144  0.219979  0.11014  0.754698  0.426789  -0.207738  4
4800  102677  0.223256  0.108393  0.75346  0.425553  -0.190394  4
4900  103146  0.228492  0.111227  0.754458  0.421254  -0.215268  4
5000  104348  0.229353  0.104596  0.750822  0.397251  -0.251389  4
5100  103178  0.218689  0.0994816  0.746395  0.368625  -0.232734  4
5200  103000  0.224453  0.101152  0.747395  0.381986  -0.211716  4
5300  102104  0.219161  0.0974797  0.744989  0.36622  -0.179806  4
5400  102344  0.222384  0.0974114  0.745917  0.366535  -0.244483  4
5500  102949  0.215689  0.101698  0.747705  0.374104  -0.245357  4
5600  104157  0.225812  0.100972  0.749103  0.379811  -0.268487  4
5700  103743  0.219957  0.0967639  0.741954  0.368319  -0.256935  4
5800  104265  0.223658  0.0957236  0.745791  0.388873  -0.218031  4
5900  103036  0.224144  0.0959739  0.742318  0.379155  -0.216662  4
6000  102759  0.21691  0.0933943  0.742559  0.374483  -0.209365  4
6100  103078  0.218128  0.0989356  0.746524  0.380626  -0.152967  4
6200  103246  0.227015  0.0974218  0.74408  0.378464  -0.191316  4
6300  103520  0.222831  0.0986286  0.748408  0.387478  -0.190684  4
6400  102908  0.218331  0.0986064  0.749433  0.395071  -0.211964  4
6500  102348  0.226656  0.0966162  0.747301  0.390154  -0.219753  4
6600  102695  0.218708  0.0951813  0.745167  0.379116  -0.218606  4
6700  103308  0.223819  0.0914687  0.742211  0.367066  -0.233772  4
6800  103542  0.221416  0.0987517  0.748065  0.390051  -0.206524  4
6900  103247  0.223574  0.107185  0.75198  0.398653  -0.192824  4
7000  102809  0.218537  0.109167  0.752828  0.399726  -0.181512  4
7100  102383  0.213415  0.102428  0.751756  0.392747  -0.219559  4
7200  103060  0.219956  0.101849  0.754155  0.388021  -0.240809  4
7300  103986  0.214641  0.109527  0.757225  0.396263  -0.232027  4
7400  104067  0.218069  0.0984767  0.747666  0.368611  -0.234204  4
7500  103379  0.220362  0.0983592  0.747908  0.38159  -0.209063  4
7600  103445  0.222812  0.0993752  0.74341  0.370955  -0.172082  4
7700  103905  0.22283  0.0936416  0.742205  0.37022  -0.20757  4
7800  103731  0.226522  0.0932498  0.741714  0.363308  -0.227098  4
7900  103222  0.221257  0.0916194  0.742506  0.365002  -0.293353  4
8000  102425  0.2207  0.0955415  0.74613  0.37421  -0.312522  4
8100  103268  0.222339  0.0909531  0.743244  0.366311  -0.349037  4
8200  103135  0.225278  0.0896957  0.745352  0.37366  -0.343214  4
8300  103570  0.223196  0.0901916  0.746417  0.382936  -0.334033  4
8400  102669  0.228101  0.0951198  0.750319  0.395724  -0.316551  4
8500  103743  0.224588  0.0923898  0.748455  0.394179  -0.355585  4
8600  103701  0.223296  0.0857298  0.73945  0.371647  -0.37115  4
8700  104089  0.226815  0.0806773  0.735817  0.355199  -0.409409  4
8800  102645  0.223377  0.0806963  0.733892  0.345748  -0.419272  4
8900  103693  0.219325  0.0814473  0.73308  0.343563  -0.410236  4
9000  103123  0.225061  0.082814  0.734614  0.348854  -0.359593  4
9100  103298  0.222731  0.0785576  0.735107  0.350839  -0.370136  4
9200  102966  0.223263  0.0859813  0.741274  0.368892  -0.366622  4
9300  103996  0.227308  0.0867147  0.741013  0.364903  -0.387093  4
9400  103128  0.222201  0.08358  0.739832  0.356183  -0.380955  4
9500  104133  0.221587  0.0828584  0.736334  0.344749  -0.385597  4
9600  102642  0.215531  0.0844672  0.742072  0.35752  -0.360511  4
9700  103428  0.218047  0.0890894  0.743412  0.356912  -0.377121  4
9800  103888  0.220003  0.0875028  0.741802  0.351753  -0.376457  4
9900  102935  0.224041  0.0910482  0.743183  0.356795  -0.389718  4
