t meta_n emi  mean_info  tr1  tr2  tr3  strategy
0  115811  0.099392  0.495681  0.900015  0.000813689  -7.25729e-05  4
100  102524  0.101465  0.304861  0.857558  0.077091  -0.00275802  4
200  101984  0.160598  0.198272  0.779603  0.158359  0.00185126  4
300  103017  0.195444  0.144774  0.731349  0.201969  -0.00485373  4
400  103122  0.216388  0.123568  0.711363  0.238958  0.00806885  4
500  101952  0.223943  0.114103  0.705356  0.266385  0.0216979  4
600  102252  0.225876  0.108259  0.704769  0.278728  0.0232735  4
700  102511  0.230055  0.101428  0.708453  0.297699  0.0186018  4
800  102243  0.228176  0.102039  0.712014  0.30633  -0.00816811  4
900  102528  0.23228  0.097601  0.710722  0.330459  -0.0133715  4
1000  102491  0.236205  0.0981425  0.711048  0.331201  -0.03584  4
1100  102485  0.231913  0.100685  0.713501  0.336762  -0.0577065  4
1200  101789  0.235742  0.0938319  0.712689  0.346855  -0.0683521  4
1300  102083  0.235242  0.084989  0.712544  0.34222  -0.0831162  4
1400  102363  0.235104  0.0830294  0.712956  0.352793  -0.0791517  4
1500  102662  0.231222  0.0844815  0.713334  0.352102  -0.0530127  4
1600  102376  0.23557  0.0837287  0.716959  0.35429  -0.0516513  4
1700  102902  0.236709  0.0819875  0.713403  0.361826  -0.06226  4
1800  101872  0.235552  0.0844491  0.709495  0.342002  -0.0810697  4
1900  102885  0.226681  0.084606  0.710099  0.32639  -0.083594  4
2000  102746  0.231488  0.0863123  0.709288  0.335326  -0.0734543  4
2100  103058  0.229756  0.0841555  0.717906  0.349753  -0.0333498  4
2200  103594  0.235757  0.0815229  0.714326  0.348311  -0.0559862  4
2300  102415  0.228598  0.0774927  0.710658  0.336167  -0.0327864  4
2400  102280  0.230889  0.0780988  0.710135  0.339409  -0.0391716  4
2500  102643  0.232387  0.0758413  0.709512  0.334778  -0.0588181  4
2600  101353  0.229663  0.077754  0.70944  0.336149  -0.106723  4
2700  102685  0.230277  0.0707453  0.713247  0.339148  -0.0715887  4
2800  102401  0.230753  0.0637335  0.712587  0.343913  -0.047376  4
2900  101826  0.225964  0.0604101  0.71253  0.334137  -0.0727691  4
3000  102419  0.229679  0.0622777  0.710554  0.333356  -0.0834297  4
3100  103389  0.228949  0.0597892  0.707299  0.32423  -0.0296004  4
3200  102783  0.230432  0.0601716  0.704489  0.322007  -0.0743409  4
3300  102663  0.230081  0.0641001  0.707967  0.33236  -0.0800814  4
3400  102199  0.228184  0.0622783  0.710028  0.342879  -0.0591569  4
3500  103426  0.228937  0.0599303  0.709632  0.336675  -0.0341669  4
3600  102575  0.232829  0.0645445  0.707851  0.334021  -0.0430891  4
3700  102201  0.234537  0.0623767  0.70788  0.339257  -0.0561376  4
3800  102350  0.231695  0.0650141  0.713731  0.351418  -0.0585937  4
3900  102198  0.233445  0.0656802  0.712581  0.350848  -0.0432221  4
4000  102278  0.231318  0.0702277  0.71499  0.3461  -0.0348109  4
4100  103092  0.233536  0.0626821  0.708101  0.324376  -0.0497067  4
4200  103564  0.227432  0.0612396  0.704714  0.310725  -0.0273687  4
4300  102844  0.226634  0.0570059  0.704574  0.308385  -0.0503174  4
4400  103223  0.225303  0.0563361  0.699044  0.298067  -0.108931  4
4500  102782  0.224842  0.0572318  0.699309  0.30051  -0.10488  4
4600  102752  0.227426  0.0600419  0.704335  0.312163  -0.111136  4
4700  102312  0.227385  0.0539054  0.706222  0.314425  -0.0983551  4
4800  103070  0.227078  0.0551355  0.711424  0.323145  -0.0802422  4
4900  102644  0.225872  0.0597304  0.713898  0.338923  -0.0833123  4
5000  102638  0.226507  0.0576185  0.712113  0.338986  -0.0715422  4
5100  102849  0.226384  0.058772  0.717376  0.351271  -0.0792316  4
5200  102251  0.229026  0.0586847  0.715081  0.349768  -0.1029  4
5300  102853  0.222498  0.0570558  0.71456  0.337171  -0.108921  4
5400  102568  0.228753  0.056646  0.71295  0.336484  -0.124739  4
5500  103036  0.227766  0.0536855  0.711386  0.328899  -0.149047  4
5600  102833  0.224805  0.0527902  0.712832  0.329487  -0.120349  4
5700  102556  0.224623  0.0544866  0.715122  0.340715  -0.118575  4
5800  102706  0.222935  0.0507579  0.71524  0.343478  -0.127383  4
5900  102873  0.226134  0.0533181  0.716786  0.346975  -0.0854143  4
6000  103259  0.22859  0.0531138  0.712553  0.332125  -0.0773618  4
6100  102506  0.221089  0.050038  0.713701  0.327544  -0.0933669  4
6200  103097  0.222574  0.0541711  0.711414  0.329576  -0.118387  4
6300  103595  0.227764  0.0486718  0.706941  0.313321  -0.105615  4
6400  102867  0.223038  0.0489497  0.705648  0.305137  -0.140129  4
6500  102651  0.2266  0.0592091  0.715504  0.346299  -0.134377  4
6600  103917  0.232758  0.0552961  0.716202  0.348432  -0.131998  4
6700  103085  0.225321  0.051303  0.714407  0.334497  -0.114988  4
6800  102246  0.228158  0.0551237  0.715519  0.33248  -0.182108  4
6900  102697  0.223631  0.0536842  0.715654  0.32789  -0.162898  4
7000  102660  0.227022  0.0546364  0.712573  0.312081  -0.221176  4
7100  102316  0.226161  0.0520916  0.710598  0.305973  -0.259436  4
7200  101645  0.222203  0.0495537  0.712827  0.312671  -0.240299  4
7300  103081  0.227198  0.0421928  0.709639  0.300801  -0.199031  4
7400  102929  0.220419  0.050119  0.717165  0.321977  -0.191895  4
7500  102848  0.224557  0.0487337  0.714582  0.31847  -0.170934  4
7600  102449  0.221933  0.0521915  0.719782  0.330557  -0.170234  4
7700  102324  0.226474  0.0482964  0.715131  0.320193  -0.132794  4
7800  102893  0.221028  0.0429583  0.711066  0.305597  -0.122253  4
7900  102879  0.218172  0.0457591  0.711993  0.307382  -0.101133  4
8000  102819  0.219385  0.0429482  0.710281  0.303068  -0.0795255  4
8100  103247  0.226635  0.0450956  0.707652  0.297379  -0.129398  4
8200  103067  0.22652  0.0486172  0.710481  0.315608  -0.102716  4
8300  102903  0.220008  0.0470357  0.709722  0.310697  -0.125766  4
8400  103354  0.224814  0.0402444  0.702414  0.28858  -0.106606  4
8500  104566  0.225233  0.0450821  0.704973  0.288731  -0.147761  4
8600  103209  0.221072  0.0486791  0.70826  0.28985  -0.132525  4
8700  102827  0.222617  0.0487096  0.707902  0.280453  -0.145504  4
8800  102335  0.218093  0.0509599  0.710468  0.285196  -0.175618  4
8900  103046  0.219481  0.0544714  0.712467  0.290577  -0.184529  4
9000  102876  0.217733  0.0468049  0.709524  0.272058  -0.162039  4
9100  103583  0.223031  0.0530463  0.709985  0.278239  -0.131796  4
9200  102528  0.220579  0.0504457  0.708641  0.274969  -0.132378  4
9300  102729  0.222793  0.0548808  0.714181  0.293522  -0.101428  4
9400  102716  0.218441  0.0552708  0.714953  0.292382  -0.118263  4
9500  103062  0.220029  0.0576733  0.715427  0.303245  -0.0699806  4
9600  101948  0.218509  0.0569076  0.715404  0.30662  -0.073546  4
9700  102826  0.222861  0.0570347  0.714227  0.305805  -0.0420412  4
9800  101973  0.22068  0.0518122  0.71324  0.300549  -0.0513777  4
9900  102215  0.219156  0.0427893  0.705146  0.274355  -0.0881709  4
