t meta_n emi  mean_info  tr1  tr2  tr3  strategy
0  116496  0.100944  0.497729  0.900082  0.000830349  3.02438e-05  4
100  103333  0.115214  0.512903  0.85159  0.0791077  -0.000602659  4
200  103818  0.165808  0.52617  0.793837  0.150796  -0.00301929  4
300  104790  0.185451  0.519699  0.774643  0.209924  -0.000514289  4
400  104294  0.199031  0.503651  0.76267  0.250023  0.00155187  4
500  102414  0.195436  0.500821  0.765576  0.273115  0.0160921  4
600  103976  0.204252  0.487938  0.767124  0.304464  0.0339237  4
700  104031  0.204161  0.481876  0.77352  0.337652  0.0127098  4
800  103247  0.205606  0.484354  0.777963  0.353516  0.0169056  4
900  104538  0.208406  0.463914  0.773445  0.353888  0.0144552  4
1000  104231  0.209063  0.450337  0.775189  0.373485  0.0299004  4
1100  104765  0.208113  0.447494  0.777926  0.394096  0.0604246  4
1200  105174  0.20817  0.438697  0.789927  0.418126  0.0853397  4
1300  104679  0.209444  0.438536  0.79436  0.432491  0.0669667  4
1400  103697  0.203482  0.433067  0.804592  0.45304  0.0919764  4
1500  103790  0.204343  0.423282  0.804053  0.463813  0.105006  4
1600  104774  0.209218  0.418965  0.803633  0.46253  0.104072  4
1700  104275  0.207184  0.41589  0.803894  0.455968  0.10963  4
1800  105084  0.211868  0.41015  0.806659  0.464846  0.111097  4
1900  103630  0.20051  0.40386  0.820487  0.493006  0.130989  4
2000  104017  0.202558  0.399173  0.827088  0.51782  0.143953  4
2100  104270  0.203083  0.401635  0.825976  0.507661  0.158551  4
2200  103534  0.203464  0.380036  0.831902  0.533037  0.146626  4
2300  103823  0.200538  0.379842  0.833493  0.541919  0.110752  4
2400  103969  0.197014  0.387347  0.843529  0.55949  0.107951  4
2500  104030  0.205342  0.380967  0.842218  0.563172  0.114832  4
2600  104503  0.20503  0.376384  0.850822  0.591442  0.107483  4
2700  104393  0.198183  0.364629  0.857621  0.599498  0.138976  4
2800  104675  0.20147  0.3736  0.869083  0.625798  0.137328  4
2900  104204  0.201184  0.376596  0.872306  0.635305  0.121421  4
3000  103896  0.195694  0.376873  0.881158  0.654818  0.102958  4
3100  104961  0.200929  0.363325  0.886855  0.660255  0.134806  4
3200  104025  0.195804  0.360285  0.892204  0.676671  0.151321  4
3300  104390  0.197182  0.358391  0.88879  0.670257  0.103132  4
3400  104861  0.202123  0.351467  0.890624  0.67399  0.0738024  4
3500  105110  0.194154  0.356858  0.89685  0.684284  0.0949708  4
3600  104313  0.200259  0.353951  0.902179  0.699019  0.0845301  4
3700  104186  0.197899  0.356383  0.907184  0.726092  0.053001  4
3800  104837  0.195105  0.3458  0.919796  0.747381  0.0897402  4
3900  105246  0.199259  0.345528  0.928397  0.767573  0.0962591  4
4000  105441  0.197853  0.345885  0.931943  0.780981  0.114948  4
4100  103743  0.193777  0.342634  0.932449  0.78234  0.164525  4
4200  104782  0.190439  0.348481  0.934377  0.790514  0.193383  4
4300  104886  0.195241  0.346095  0.943209  0.810479  0.179563  4
4400  103928  0.193264  0.344285  0.945745  0.817611  0.149315  4
4500  104250  0.194911  0.337759  0.949883  0.828902  0.161911  4
4600  105039  0.198328  0.334545  0.954765  0.84844  0.198519  4
4700  105201  0.200044  0.333763  0.959921  0.860988  0.225498  4
4800  104325  0.193001  0.327392  0.959955  0.869659  0.23865  4
4900  104178  0.197917  0.333172  0.966785  0.884241  0.210484  4
5000  104039  0.195182  0.328361  0.973307  0.896306  0.201527  4
5100  104444  0.194983  0.330697  0.976924  0.901161  0.207316  4
5200  105490  0.200929  0.324379  0.983118  0.907775  0.219617  4
5300  104964  0.190952  0.319671  0.985616  0.90725  0.214185  4
5400  105466  0.198697  0.321852  0.986796  0.913587  0.191947  4
5500  103778  0.19354  0.32214  0.991121  0.924792  0.244034  4
5600  104329  0.19959  0.324374  0.995549  0.931795  0.258771  4
5700  103915  0.187983  0.321786  0.996457  0.933329  0.284974  4
5800  104514  0.193753  0.321034  0.994201  0.92705  0.288144  4
5900  105366  0.188156  0.322342  0.999004  0.930172  0.293867  4
6000  105067  0.1932  0.328486  1.0004  0.93423  0.306646  4
6100  104463  0.187823  0.330661  1.00244  0.940473  0.315792  4
6200  104756  0.188544  0.323085  1.00534  0.94541  0.331311  4
6300  104913  0.191571  0.323973  1.00587  0.947901  0.324631  4
6400  103818  0.190337  0.322725  1.00665  0.958015  0.332643  4
6500  104736  0.194389  0.317163  1.00995  0.962284  0.303773  4
6600  105672  0.192452  0.318429  1.01455  0.970382  0.258168  4
6700  104492  0.187613  0.311473  1.01593  0.972629  0.274161  4
6800  104318  0.193874  0.311316  1.01732  0.975073  0.294915  4
6900  104472  0.186662  0.316023  1.01752  0.976614  0.292851  4
7000  104420  0.191729  0.317054  1.01877  0.978138  0.316748  4
7100  105580  0.201394  0.324097  1.01876  0.978783  0.335249  4
7200  104995  0.191864  0.323812  1.02067  0.982384  0.323099  4
7300  104175  0.185559  0.317236  1.02281  0.985703  0.348449  4
7400  104330  0.190063  0.317094  1.02529  0.988226  0.378163  4
7500  105170  0.189058  0.313846  1.02472  0.990498  0.393524  4
7600  105553  0.18816  0.315006  1.02634  0.989646  0.374279  4
7700  105111  0.187353  0.313585  1.02706  0.990876  0.374701  4
7800  104562  0.189639  0.315536  1.02552  0.992438  0.386593  4
7900  105531  0.192563  0.317848  1.02579  0.99203  0.395695  4
8000  105152  0.183858  0.316102  1.02788  0.991592  0.356668  4
8100  104994  0.194359  0.312775  1.02813  0.992167  0.335256  4
8200  104772  0.181511  0.313495  1.02788  0.991918  0.387085  4
8300  105260  0.187578  0.30962  1.02671  0.992024  0.367958  4
8400  105088  0.193507  0.307292  1.02752  0.99224  0.353846  4
8500  105875  0.198816  0.309325  1.02734  0.992943  0.362045  4
8600  105152  0.188288  0.30702  1.02793  0.993729  0.392092  4
8700  104615  0.195091  0.306845  1.02823  0.994061  0.431981  4
8800  105289  0.185189  0.305086  1.02927  0.994049  0.455883  4
8900  104006  0.187101  0.30834  1.0297  0.993673  0.445293  4
9000  105421  0.186277  0.312687  1.02934  0.994867  0.441027  4
9100  103884  0.18036  0.313224  1.02958  0.995499  0.461228  4
9200  104781  0.193184  0.316028  1.02852  0.99509  0.435124  4
9300  106011  0.194729  0.318914  1.02879  0.994733  0.435797  4
9400  105422  0.190747  0.314567  1.0285  0.995399  0.391463  4
9500  104663  0.192087  0.313934  1.0275  0.994747  0.374684  4
9600  104568  0.187581  0.3179  1.02689  0.994436  0.38341  4
9700  104663  0.189484  0.313361  1.02709  0.993926  0.367332  4
9800  104756  0.192364  0.309752  1.02794  0.994426  0.352718  4
9900  105130  0.188989  0.311808  1.02748  0.994976  0.315676  4
