t meta_n emi  mean_info  tr1  tr2  tr3  strategy
0  114471  0.098368  0.494797  0.900014  0.000795458  5.30692e-05  4
100  102371  0.103774  0.270156  0.846093  0.0743408  -0.00674293  4
200  103069  0.1576  0.159483  0.77487  0.134334  -0.000447701  4
300  102162  0.189814  0.116339  0.731259  0.182284  0.0121694  4
400  101787  0.206246  0.0980239  0.710836  0.204348  0.00101719  4
500  101611  0.221885  0.0903947  0.701656  0.232278  -0.00279192  4
600  102241  0.223851  0.0795587  0.69714  0.247721  -0.000462033  4
700  102701  0.230509  0.078504  0.693257  0.248995  -0.0141439  4
800  102675  0.22933  0.0778459  0.691522  0.254839  -0.0184554  4
900  102175  0.231038  0.0699282  0.691796  0.26439  -0.0250379  4
1000  102674  0.228565  0.0669869  0.68757  0.25531  -0.022412  4
1100  102319  0.235373  0.0601897  0.689175  0.263209  0.00170146  4
1200  103267  0.232297  0.0668971  0.689679  0.260225  -0.00179783  4
1300  101709  0.228377  0.0722257  0.691221  0.264215  0.0105781  4
1400  102408  0.233211  0.0677156  0.689634  0.267019  0.0516431  4
1500  102301  0.22886  0.0639572  0.69386  0.279138  0.0495539  4
1600  102875  0.233973  0.063835  0.693154  0.291972  0.0439106  4
1700  102658  0.232372  0.0614212  0.695735  0.299603  0.050507  4
1800  101914  0.229693  0.0637785  0.694615  0.308963  0.0482201  4
1900  102465  0.235927  0.0617835  0.697182  0.314957  0.0430293  4
2000  101865  0.227543  0.0569538  0.700456  0.315655  0.0609152  4
2100  102534  0.236246  0.0586902  0.697257  0.309081  0.0560088  4
2200  102835  0.233696  0.0551692  0.695159  0.303542  0.0772406  4
2300  101880  0.225092  0.0563527  0.701919  0.306844  0.0317695  4
2400  103100  0.227804  0.0559022  0.699322  0.297843  0.0356907  4
2500  101849  0.233762  0.0541218  0.698293  0.301329  0.052979  4
2600  102000  0.23258  0.0498902  0.693976  0.29916  0.0648203  4
2700  103071  0.236895  0.0505913  0.697827  0.309114  0.0721532  4
2800  102431  0.229929  0.0474945  0.697969  0.312755  0.04358  4
2900  102475  0.228383  0.0440456  0.692785  0.29366  0.02376  4
3000  102360  0.22954  0.0448754  0.691703  0.296077  0.0442168  4
3100  102511  0.226194  0.0437934  0.694834  0.293689  0.0415007  4
3200  102846  0.229329  0.0421143  0.691562  0.290207  0.0077967  4
3300  102728  0.227885  0.0409102  0.688073  0.28039  0.0263143  4
3400  102429  0.230954  0.0396467  0.689561  0.285043  0.0551405  4
3500  102209  0.230651  0.0384938  0.685215  0.271313  0.0314136  4
3600  101781  0.228285  0.0367829  0.686487  0.274452  -0.0042639  4
3700  102013  0.229433  0.0352496  0.678365  0.256119  0.0659374  4
3800  102835  0.234729  0.0346822  0.680532  0.265884  0.0982317  4
3900  102061  0.231094  0.0334255  0.679787  0.272751  0.073395  4
4000  102383  0.238237  0.0324294  0.677013  0.277392  0.0330687  4
4100  103062  0.234053  0.0333177  0.679866  0.273142  0.0134475  4
4200  102474  0.235949  0.0288083  0.676795  0.264776  0.043482  4
4300  103461  0.23405  0.0306557  0.678661  0.259352  0.0124307  4
4400  102246  0.228037  0.029156  0.676817  0.252909  -0.0304871  4
4500  102456  0.231093  0.028114  0.672914  0.241581  -0.0225119  4
4600  102904  0.234393  0.0261933  0.672024  0.239301  -0.0304197  4
4700  103193  0.230096  0.0260157  0.674516  0.236839  0.00276944  4
4800  102656  0.228448  0.0241015  0.673954  0.236685  0.00210737  4
4900  102597  0.223855  0.0275219  0.671635  0.225026  0.013387  4
5000  102369  0.22631  0.025968  0.670231  0.22436  0.0208803  4
5100  102860  0.230531  0.0221425  0.670181  0.212475  -0.00365613  4
5200  102353  0.229287  0.0227439  0.667266  0.215793  -0.0407317  4
5300  103308  0.230955  0.0236696  0.669726  0.217454  -0.0178788  4
5400  103591  0.228283  0.0208364  0.669078  0.215423  -0.0250895  4
5500  103096  0.230926  0.0197953  0.667857  0.223546  0.015847  4
5600  102352  0.226653  0.0192155  0.667921  0.224374  -0.0208579  4
5700  102862  0.225292  0.0183489  0.669726  0.230703  -0.022298  4
5800  102911  0.231814  0.0168828  0.67366  0.248544  -0.00916207  4
5900  101643  0.222449  0.0174752  0.675129  0.2475  -0.00628719  4
6000  102836  0.226933  0.0187301  0.671441  0.239065  -0.0511186  4
6100  102308  0.2238  0.0156664  0.669689  0.229392  -0.0443719  4
6200  102410  0.223346  0.015169  0.667793  0.226897  -0.0813808  4
6300  102641  0.224345  0.0141508  0.664365  0.210958  -0.0946659  4
6400  102151  0.223328  0.01404  0.665415  0.206866  -0.138891  4
6500  102364  0.222364  0.0137681  0.663932  0.210363  -0.139202  4
6600  103380  0.220225  0.0119929  0.664571  0.199662  -0.138433  4
6700  101993  0.21982  0.0117317  0.666881  0.20432  -0.172364  4
6800  102798  0.223099  0.0103785  0.663891  0.188228  -0.175419  4
6900  102224  0.219541  0.0122347  0.665358  0.194754  -0.184603  4
7000  102666  0.226559  0.0107878  0.663406  0.199174  -0.201493  4
7100  101866  0.219265  0.0130242  0.663588  0.199028  -0.207503  4
7200  103517  0.221096  0.0142473  0.663192  0.188738  -0.226483  4
7300  102580  0.226962  0.012666  0.660827  0.181175  -0.202614  4
7400  103980  0.221958  0.0133515  0.658848  0.172734  -0.168782  4
7500  102064  0.217331  0.0120429  0.658583  0.165953  -0.172996  4
7600  103542  0.221579  0.0107998  0.660588  0.176172  -0.138552  4
7700  102209  0.224209  0.010039  0.658648  0.179702  -0.157479  4
7800  102962  0.225618  0.00961491  0.660041  0.183294  -0.194574  4
7900  103313  0.222497  0.010185  0.659629  0.173944  -0.157488  4
8000  102830  0.217909  0.0102547  0.659063  0.175201  -0.0671374  4
8100  102684  0.22565  0.0080271  0.656703  0.172075  -0.0478632  4
8200  102409  0.225053  0.00740701  0.657878  0.175586  -0.0192182  4
8300  101840  0.221657  0.00635464  0.655774  0.176784  -0.0400273  4
8400  102096  0.221846  0.00736316  0.655377  0.181583  0.0162312  4
8500  102057  0.227816  0.00716467  0.65287  0.176405  -0.00448339  4
8600  102778  0.230374  0.0073306  0.650528  0.169798  0.00229935  4
8700  101937  0.223401  0.00580044  0.649563  0.160915  0.00245382  4
8800  102473  0.229915  0.00585025  0.650061  0.161886  -0.0219346  4
8900  102680  0.226109  0.00602634  0.64847  0.159528  -0.0448009  4
9000  102179  0.222169  0.00693529  0.648801  0.15112  -0.0832366  4
9100  103766  0.222256  0.00843614  0.648739  0.141893  -0.141721  4
9200  103088  0.225941  0.00825866  0.647635  0.141464  -0.149648  4
9300  102559  0.221762  0.00810029  0.646926  0.134062  -0.146706  4
9400  103247  0.224596  0.00698073  0.646256  0.129088  -0.148838  4
9500  102488  0.224994  0.00680602  0.646112  0.125337  -0.183886  4
9600  102682  0.220871  0.00482725  0.649351  0.137849  -0.154895  4
9700  102527  0.221433  0.00478291  0.65012  0.134224  -0.189739  4
9800  102877  0.215099  0.00569012  0.650337  0.133079  -0.154297  4
9900  102731  0.220812  0.00447236  0.648075  0.127405  -0.171007  4
