t meta_n emi  mean_info  tr1  tr2  tr3  strategy
0  116008  0.099616  0.498609  0.900029  0.000805829  -0.000105328  4
100  103712  0.110857  0.526952  0.861692  0.0785026  0.00299304  4
200  104154  0.160881  0.560324  0.802473  0.157408  -0.00474416  4
300  103499  0.181718  0.566717  0.777801  0.208587  0.0107762  4
400  104468  0.191472  0.545945  0.77271  0.25232  0.0198206  4
500  104534  0.199885  0.522276  0.770661  0.277278  0.0243782  4
600  102843  0.206297  0.506406  0.767279  0.312038  0.0228204  4
700  103930  0.20457  0.50292  0.771746  0.327357  0.0468901  4
800  104448  0.209599  0.495037  0.77665  0.347481  0.0531438  4
900  104443  0.200915  0.4738  0.778601  0.358398  0.0573418  4
1000  103689  0.204949  0.475489  0.785701  0.393416  0.070258  4
1100  104792  0.201592  0.475651  0.795978  0.417876  0.0777227  4
1200  104787  0.199428  0.453751  0.801391  0.422831  0.0465653  4
1300  104164  0.203741  0.467368  0.804907  0.443156  0.0173987  4
1400  104716  0.203406  0.468569  0.807802  0.458003  -0.000280677  4
1500  104649  0.20422  0.455744  0.808749  0.470428  0.0183696  4
1600  104099  0.196425  0.435756  0.810784  0.488399  0.0201521  4
1700  104736  0.209909  0.430047  0.81262  0.502725  -0.00452219  4
1800  103777  0.200971  0.435139  0.815782  0.509606  -0.0363832  4
1900  104012  0.203654  0.447236  0.814318  0.505772  -0.0127635  4
2000  104678  0.210259  0.448339  0.823296  0.517775  -0.0623964  4
2100  104171  0.204323  0.439067  0.820423  0.514024  -0.0453264  4
2200  104941  0.209604  0.426297  0.823609  0.529098  -0.0234214  4
2300  104218  0.201437  0.416737  0.826741  0.54125  -0.00901032  4
2400  103901  0.203641  0.418097  0.835054  0.563928  -0.0189852  4
2500  103310  0.203128  0.420088  0.833986  0.553569  -0.0370224  4
2600  105149  0.207306  0.425228  0.833814  0.56538  -0.0370322  4
2700  104439  0.199601  0.412181  0.832447  0.554503  -0.0124613  4
2800  104129  0.201649  0.406225  0.834661  0.55629  0.00154417  4
2900  104743  0.198171  0.411852  0.837933  0.569822  -0.0521129  4
3000  104450  0.198044  0.423875  0.846251  0.584142  -0.0508654  4
3100  104495  0.197905  0.415012  0.853209  0.608716  -0.0694282  4
3200  105017  0.197296  0.41142  0.86073  0.61052  -0.107135  4
3300  104583  0.198629  0.399533  0.862333  0.617627  -0.115608  4
3400  104901  0.197833  0.40244  0.868283  0.63221  -0.0837364  4
3500  103735  0.189987  0.39593  0.872158  0.640563  -0.100739  4
3600  104439  0.191658  0.403179  0.883543  0.670521  -0.0859216  4
3700  104282  0.192208  0.398863  0.892897  0.697941  -0.0784414  4
3800  105099  0.197928  0.392336  0.890803  0.696385  -0.0856113  4
3900  105096  0.197949  0.380048  0.895761  0.709448  -0.0667428  4
4000  104087  0.191663  0.382365  0.893776  0.693416  -0.00326434  4
4100  105223  0.193226  0.387163  0.899598  0.71301  -0.00169463  4
4200  104649  0.197226  0.381178  0.904147  0.737945  -0.0417782  4
4300  104280  0.200849  0.385912  0.908445  0.75014  -0.10724  4
4400  105340  0.202744  0.385199  0.904509  0.742742  -0.10643  4
4500  104272  0.196468  0.382901  0.910024  0.745669  -0.0815855  4
4600  105059  0.196891  0.379684  0.914119  0.759373  -0.0565168  4
4700  104638  0.191882  0.381772  0.926752  0.783827  -0.0442344  4
4800  106340  0.199245  0.375883  0.92842  0.786252  -0.0106358  4
4900  105104  0.190214  0.370396  0.934364  0.804722  0.016038  4
5000  104709  0.192769  0.367326  0.943657  0.82946  0.0401096  4
5100  105083  0.190477  0.363355  0.955719  0.857349  0.0489665  4
5200  104712  0.184519  0.360909  0.964165  0.872106  0.0681881  4
5300  105265  0.18879  0.353506  0.966405  0.878685  0.0812335  4
5400  105827  0.199168  0.348837  0.969541  0.881987  0.145349  4
5500  105216  0.190016  0.353831  0.972372  0.89379  0.209636  4
5600  105841  0.191894  0.343433  0.974591  0.89546  0.238058  4
5700  104853  0.195311  0.336517  0.975481  0.900033  0.252137  4
5800  104740  0.193622  0.336314  0.980541  0.907838  0.250419  4
5900  105039  0.185803  0.331811  0.986395  0.923779  0.214946  4
6000  105243  0.193801  0.334646  0.982423  0.919162  0.27939  4
6100  104708  0.189498  0.332575  0.992143  0.930513  0.326196  4
6200  103765  0.185752  0.333059  0.990772  0.936071  0.372288  4
6300  105443  0.194823  0.333333  0.991284  0.939504  0.4156  4
6400  104939  0.190947  0.332268  0.999262  0.949487  0.463776  4
6500  103370  0.184404  0.328332  0.997697  0.948496  0.548943  4
6600  104902  0.196021  0.328129  0.997895  0.949481  0.601471  4
6700  104693  0.192699  0.329089  1.00122  0.95439  0.620378  4
6800  104923  0.195546  0.336081  1.00333  0.958192  0.585065  4
6900  104856  0.187854  0.32893  1.00755  0.963003  0.582193  4
7000  104588  0.189131  0.327873  1.00972  0.967011  0.643263  4
7100  104865  0.184855  0.32958  1.0108  0.966449  0.657337  4
7200  105378  0.191635  0.327672  1.01282  0.967835  0.639952  4
7300  104531  0.188524  0.323815  1.01007  0.968072  0.630495  4
7400  105019  0.199309  0.322525  1.01238  0.973474  0.535532  4
7500  104786  0.184577  0.32472  1.01375  0.977508  0.595371  4
7600  105244  0.196525  0.325374  1.01338  0.978612  0.59308  4
7700  105093  0.186942  0.324993  1.01551  0.979406  0.557793  4
7800  104921  0.195228  0.323076  1.01865  0.981087  0.550572  4
7900  105285  0.196651  0.322434  1.01814  0.983378  0.502628  4
8000  104202  0.187261  0.317459  1.02067  0.982617  0.542701  4
8100  104380  0.187209  0.320936  1.02136  0.985673  0.574033  4
8200  104708  0.197133  0.320526  1.02272  0.988117  0.631564  4
8300  104815  0.185193  0.320202  1.02386  0.988542  0.632213  4
8400  104395  0.185617  0.321809  1.024  0.989397  0.664061  4
8500  104909  0.194201  0.323577  1.0257  0.990842  0.661562  4
8600  104844  0.195915  0.320439  1.02535  0.991134  0.608092  4
8700  104657  0.190868  0.319397  1.02728  0.991361  0.591528  4
8800  105238  0.188082  0.319638  1.02781  0.991625  0.552159  4
8900  104361  0.184787  0.322118  1.02874  0.992233  0.59323  4
9000  105061  0.195118  0.317712  1.0281  0.992193  0.590162  4
9100  105481  0.192683  0.3162  1.02815  0.992154  0.551459  4
9200  105134  0.187836  0.312695  1.0277  0.992752  0.539303  4
9300  105656  0.195422  0.314706  1.02831  0.993274  0.560634  4
9400  105589  0.192819  0.31091  1.0288  0.993429  0.502315  4
9500  105141  0.184994  0.311641  1.02967  0.993635  0.529048  4
9600  104946  0.178758  0.311146  1.03104  0.994009  0.542166  4
9700  105284  0.186556  0.314997  1.03029  0.994726  0.525374  4
9800  104592  0.186577  0.31774  1.0311  0.995116  0.538171  4
9900  104659  0.187841  0.320848  1.03174  0.99558  0.552477  4
