t meta_n emi  mean_info  tr1  tr2  tr3  strategy
0  114791  0.100912  0.494735  0.899945  0.000836072  2.90594e-06  4
100  102312  0.103397  0.252742  0.852518  0.0787626  -4.52121e-05  4
200  102527  0.158283  0.147005  0.776501  0.146167  -0.0192994  4
300  103314  0.195877  0.112077  0.72652  0.188921  -0.0310147  4
400  102998  0.209296  0.0991393  0.713897  0.225675  -0.0365907  4
500  101595  0.216912  0.0850496  0.709113  0.250065  -0.021424  4
600  102804  0.226932  0.0843923  0.70346  0.270166  -0.0258951  4
700  102338  0.230766  0.0759026  0.694722  0.270604  -0.018009  4
800  101584  0.230415  0.081765  0.700241  0.289559  -0.00436344  4
900  101857  0.238754  0.0762039  0.697538  0.289764  0.0221273  4
1000  102205  0.229088  0.078732  0.702031  0.294612  0.0572116  4
1100  102225  0.232949  0.0706655  0.698171  0.294997  0.0490307  4
1200  102397  0.236966  0.0654338  0.693579  0.297356  0.0756467  4
1300  102526  0.240037  0.0626887  0.688866  0.294762  0.0547766  4
1400  102101  0.240382  0.0649771  0.686375  0.295875  0.0157408  4
1500  102287  0.2434  0.0608213  0.685922  0.300444  0.0176722  4
1600  102006  0.236866  0.0605716  0.688912  0.281856  -0.0216094  4
1700  102763  0.235423  0.0577802  0.687387  0.274848  -0.0302926  4
1800  101804  0.229094  0.0579747  0.691997  0.266624  -0.0244639  4
1900  101631  0.225097  0.0544429  0.694871  0.276792  -0.016948  4
2000  102922  0.229652  0.0533952  0.692405  0.276944  -0.00568751  4
2100  102175  0.227959  0.0514653  0.689794  0.260926  6.52933e-05  4
2200  103470  0.235104  0.0467249  0.682795  0.252579  -0.0195989  4
2300  101935  0.229494  0.0500126  0.682835  0.25163  -0.0219309  4
2400  102857  0.238315  0.0518833  0.679168  0.259822  -0.0298832  4
2500  102158  0.234976  0.0478597  0.674976  0.248844  -0.0277912  4
2600  102759  0.234753  0.0451115  0.673719  0.235668  -0.00438251  4
2700  102844  0.231489  0.0434698  0.671025  0.230621  0.00645707  4
2800  102692  0.235406  0.0432073  0.669346  0.232292  -0.00640475  4
2900  103017  0.240067  0.0406737  0.666261  0.232494  -0.00716232  4
3000  102600  0.239608  0.0408005  0.66873  0.243507  -0.0478703  4
3100  102238  0.235521  0.0393111  0.669247  0.232371  -0.067214  4
3200  102212  0.232179  0.0353862  0.669618  0.236558  -0.0632122  4
3300  101517  0.234203  0.0338656  0.664176  0.232387  -0.0454116  4
3400  101396  0.234194  0.0346137  0.670233  0.249024  -0.0154391  4
3500  102806  0.234994  0.0343243  0.671312  0.256237  -0.0544081  4
3600  101780  0.231306  0.0363282  0.672241  0.255566  -0.0672716  4
3700  102249  0.232605  0.0338363  0.670479  0.242542  -0.00486057  4
3800  102412  0.235078  0.0338582  0.672444  0.248586  -0.0166473  4
3900  102752  0.235336  0.0302414  0.665805  0.230404  -0.0242587  4
4000  101251  0.229712  0.0299563  0.66454  0.226106  -0.0322381  4
4100  102646  0.231675  0.0295096  0.666196  0.229929  -0.015914  4
4200  102817  0.232156  0.0293905  0.667378  0.226418  -0.00240134  4
4300  103036  0.230368  0.0252028  0.666424  0.2274  -0.0114021  4
4400  103012  0.231243  0.0249205  0.66753  0.221842  -0.0227789  4
4500  103144  0.228494  0.0242492  0.667533  0.219774  -0.0228954  4
4600  103598  0.227221  0.0254285  0.667346  0.221889  -0.0267857  4
4700  102626  0.229497  0.0262801  0.668402  0.228683  -0.0273267  4
4800  103525  0.231353  0.0247192  0.667553  0.227446  -0.0275827  4
4900  102552  0.223463  0.0244818  0.669277  0.233243  -0.0224746  4
5000  102392  0.227464  0.0201805  0.66686  0.225933  -0.023363  4
5100  102766  0.228014  0.019397  0.66858  0.234795  -0.0114185  4
5200  103008  0.22342  0.0199455  0.67141  0.234572  -0.00491524  4
5300  102112  0.225357  0.0178107  0.670451  0.23638  0.00410642  4
5400  102380  0.223896  0.0179185  0.671292  0.236766  -0.0104701  4
5500  101760  0.22185  0.0181416  0.670314  0.231069  -0.0334474  4
5600  102459  0.226538  0.016666  0.669806  0.238316  -0.00831576  4
5700  102127  0.230331  0.017339  0.667591  0.251906  -0.0192703  4
5800  102805  0.228578  0.0172398  0.670497  0.254772  0.00303732  4
5900  102813  0.227259  0.0173219  0.6728  0.25914  -0.0228584  4
6000  103551  0.220884  0.0191127  0.671718  0.248566  -0.0924526  4
6100  103009  0.228777  0.0168701  0.672898  0.254001  -0.101548  4
6200  102358  0.231444  0.0168166  0.674641  0.25487  -0.0664016  4
6300  102483  0.219727  0.0168029  0.678221  0.258807  -0.0530462  4
6400  102081  0.219924  0.0131765  0.679407  0.270122  -0.00697725  4
6500  103666  0.225403  0.0124249  0.675385  0.263295  -0.0105757  4
6600  101848  0.226688  0.0125892  0.676808  0.264405  -0.0113858  4
6700  102780  0.222246  0.0120037  0.679979  0.269885  -0.0363517  4
6800  103058  0.224115  0.014085  0.679411  0.258841  -0.0598874  4
6900  102845  0.22679  0.0139692  0.678037  0.258438  -0.0529172  4
7000  102453  0.220163  0.0128485  0.680467  0.261867  -0.0584819  4
7100  102291  0.22835  0.0104721  0.677248  0.254801  -0.10612  4
7200  102524  0.221381  0.0115588  0.675876  0.24841  -0.129693  4
7300  102072  0.221542  0.0110083  0.676749  0.248308  -0.139342  4
7400  102782  0.218397  0.00914167  0.677409  0.240647  -0.125297  4
7500  102627  0.217773  0.00737962  0.675512  0.235802  -0.0968727  4
7600  101931  0.223018  0.00898149  0.67256  0.225158  -0.0642414  4
7700  101848  0.21963  0.0090986  0.67337  0.227119  -0.0950398  4
7800  102548  0.21919  0.00879241  0.673415  0.227448  -0.116032  4
7900  102035  0.216069  0.00843615  0.672612  0.228265  -0.146563  4
8000  103030  0.220999  0.00911155  0.670557  0.215116  -0.162921  4
8100  102991  0.223231  0.00761864  0.667742  0.20979  -0.151375  4
8200  101853  0.222821  0.00876633  0.667524  0.214095  -0.182833  4
8300  103090  0.222475  0.0101882  0.670023  0.217618  -0.213019  4
8400  102770  0.217038  0.00923584  0.66892  0.214939  -0.192585  4
8500  103129  0.221662  0.00647052  0.66726  0.205114  -0.15976  4
8600  103481  0.221932  0.00672165  0.664863  0.200895  -0.197314  4
8700  103397  0.22239  0.00781345  0.663675  0.191586  -0.163863  4
8800  101558  0.218767  0.0073475  0.664638  0.194011  -0.153328  4
8900  102709  0.222514  0.00687329  0.662776  0.190453  -0.183985  4
9000  102819  0.220869  0.00603829  0.661957  0.184882  -0.165234  4
9100  102881  0.216921  0.0051215  0.662488  0.177973  -0.157878  4
9200  102619  0.218502  0.00435018  0.661727  0.177821  -0.169341  4
9300  101877  0.223478  0.00417811  0.661892  0.187013  -0.159836  4
9400  103052  0.217566  0.00497903  0.663178  0.186378  -0.179771  4
9500  102886  0.219879  0.00397272  0.666279  0.203842  -0.186349  4
9600  102785  0.220225  0.00420692  0.66404  0.195585  -0.175495  4
9700  102906  0.224167  0.00438865  0.663156  0.193126  -0.230203  4
9800  102970  0.218775  0.00388981  0.663232  0.192311  -0.263188  4
9900  103218  0.215044  0.00341019  0.664152  0.187776  -0.213728  4
