t meta_n emi  mean_info  tr1  tr2  tr3  strategy
0  113841  0.100672  0.494553  0.900043  0.000860699  3.14644e-06  4
100  102442  0.0994333  0.165088  0.857402  0.0857021  -0.00998216  4
200  102663  0.155803  0.0837091  0.777918  0.149493  -0.0100592  4
300  102811  0.192308  0.0645415  0.725765  0.191574  -0.0227926  4
400  102661  0.216637  0.0514421  0.700179  0.226004  -0.0290251  4
500  102854  0.226733  0.0496243  0.694194  0.241994  -0.0386703  4
600  102700  0.226682  0.0482574  0.694331  0.253393  -0.0223924  4
700  102432  0.232654  0.0465981  0.694392  0.258098  -0.0038956  4
800  101600  0.229469  0.0450518  0.696162  0.274611  -0.00539035  4
900  101259  0.236384  0.0444638  0.694397  0.296592  -0.0110924  4
1000  101435  0.24483  0.0455191  0.68542  0.293161  0.000119192  4
1100  103501  0.236644  0.0412696  0.689629  0.286797  0.0274642  4
1200  103100  0.24326  0.0387643  0.690412  0.30604  0.0330999  4
1300  102393  0.239346  0.0392076  0.684613  0.288042  0.00842788  4
1400  102607  0.238581  0.0372039  0.682062  0.283782  -0.0492804  4
1500  102127  0.234573  0.0351813  0.684225  0.286264  -0.0360322  4
1600  102133  0.235979  0.0331988  0.686373  0.279836  -0.0338543  4
1700  101660  0.234611  0.0352612  0.687297  0.286119  -0.0160879  4
1800  102825  0.233906  0.0333722  0.687336  0.275197  -0.0442074  4
1900  101228  0.23546  0.0357566  0.686104  0.281831  -0.0395351  4
2000  102500  0.237257  0.0341872  0.681795  0.278413  -0.0153327  4
2100  101913  0.238032  0.0323778  0.680606  0.274837  -0.0433008  4
2200  101848  0.231279  0.0288925  0.680843  0.273421  -0.0132985  4
2300  101448  0.233194  0.0267243  0.685563  0.274356  0.0229631  4
2400  102527  0.233027  0.0274442  0.686527  0.263961  -0.012225  4
2500  101847  0.223414  0.0301214  0.687152  0.257756  -0.0219413  4
2600  102425  0.230601  0.0249857  0.679249  0.251487  0.00925931  4
2700  102739  0.232663  0.0256621  0.676613  0.239641  0.0350993  4
2800  101991  0.228886  0.0245159  0.680626  0.240093  0.0022372  4
2900  102408  0.224539  0.0245031  0.678308  0.229133  -0.0118758  4
3000  103047  0.22837  0.0216985  0.674589  0.231458  -0.00956141  4
3100  102006  0.233746  0.0218803  0.673743  0.239468  -0.039827  4
3200  102453  0.231401  0.0222496  0.671476  0.225842  -0.0315197  4
3300  101481  0.234256  0.0197469  0.670918  0.226153  0.0216383  4
3400  102168  0.23051  0.0193736  0.670081  0.218259  0.0412756  4
3500  102671  0.231117  0.0201316  0.668493  0.204244  0.0768052  4
3600  102135  0.230735  0.0174508  0.668721  0.205092  0.0774922  4
3700  103181  0.230792  0.018947  0.669041  0.213962  0.102274  4
3800  101903  0.22626  0.0176932  0.674377  0.218656  0.122415  4
3900  102464  0.226161  0.0170238  0.675272  0.232275  0.131138  4
4000  102638  0.22788  0.0156253  0.671874  0.229811  0.143399  4
4100  101977  0.222908  0.0154303  0.672877  0.223424  0.137728  4
4200  102210  0.219095  0.0158311  0.675308  0.221491  0.129536  4
4300  101947  0.228758  0.0143566  0.669453  0.212797  0.106928  4
4400  102334  0.223842  0.01387  0.669827  0.211432  0.075541  4
4500  102168  0.222042  0.0146022  0.673264  0.21101  0.0995463  4
4600  102188  0.222412  0.0153707  0.67095  0.203245  0.114116  4
4700  102590  0.225854  0.012677  0.668817  0.21113  0.148858  4
4800  102325  0.226783  0.0111515  0.665075  0.210596  0.147237  4
4900  101975  0.228646  0.0102715  0.664737  0.213487  0.186652  4
5000  101632  0.226761  0.0111142  0.666089  0.21846  0.209029  4
5100  102887  0.230376  0.00984705  0.66148  0.213008  0.203684  4
5200  102387  0.227373  0.00901294  0.661732  0.217275  0.202982  4
5300  102852  0.232415  0.00997904  0.66191  0.219074  0.164623  4
5400  102965  0.227704  0.00885342  0.662352  0.207189  0.158206  4
5500  103437  0.230473  0.00856377  0.659808  0.206485  0.108272  4
5600  102866  0.231532  0.00882143  0.659015  0.209025  0.11674  4
5700  102305  0.2318  0.00967985  0.659949  0.21731  0.101859  4
5800  101848  0.234444  0.00749192  0.661056  0.223037  0.129735  4
5900  103164  0.239029  0.00788019  0.660086  0.220623  0.155255  4
6000  102152  0.232739  0.0071256  0.662576  0.229921  0.150067  4
6100  102180  0.229346  0.00693048  0.662603  0.225659  0.120328  4
6200  101825  0.228783  0.0076704  0.663994  0.217731  0.091681  4
6300  101948  0.223891  0.00655763  0.664647  0.220961  0.139248  4
6400  102207  0.22665  0.00736442  0.66005  0.207763  0.0503993  4
6500  101698  0.227205  0.00568926  0.661715  0.213864  0.0574781  4
6600  102748  0.2241  0.00442655  0.661051  0.209856  0.0970006  4
6700  102371  0.231652  0.00531384  0.660275  0.219613  0.136122  4
6800  102596  0.230098  0.00663142  0.662939  0.232939  0.163167  4
6900  102726  0.225863  0.00561646  0.659891  0.225124  0.14663  4
7000  101664  0.230842  0.00498992  0.657746  0.22317  0.196684  4
7100  102853  0.229088  0.00531883  0.658132  0.219575  0.1524  4
7200  102317  0.226288  0.00450383  0.661053  0.225951  0.150181  4
7300  102092  0.230657  0.00451142  0.66205  0.224866  0.186259  4
7400  102571  0.230646  0.00455202  0.660163  0.222364  0.207979  4
7500  101608  0.22774  0.00471875  0.662488  0.221792  0.181824  4
7600  103735  0.228919  0.00445366  0.663496  0.228227  0.193048  4
7700  101974  0.225289  0.00427465  0.663157  0.230072  0.177666  4
7800  102927  0.226391  0.00415851  0.666361  0.236818  0.201601  4
7900  103318  0.226953  0.00403646  0.667002  0.240918  0.18013  4
8000  103140  0.22394  0.00361535  0.666037  0.239405  0.201001  4
8100  102952  0.22368  0.00321875  0.669538  0.248227  0.151296  4
8200  102715  0.229365  0.00331313  0.665473  0.233858  0.156219  4
8300  102662  0.225149  0.0036408  0.668951  0.245058  0.213883  4
8400  101987  0.220476  0.00289363  0.671406  0.251119  0.213581  4
8500  102686  0.229017  0.00260806  0.667778  0.246484  0.217265  4
8600  102091  0.225387  0.00246783  0.668383  0.250405  0.188384  4
8700  102726  0.230237  0.00235098  0.66854  0.256176  0.215973  4
8800  103345  0.227893  0.00238539  0.667912  0.259752  0.226037  4
8900  102804  0.229719  0.00265982  0.664954  0.255629  0.212315  4
9000  103014  0.228326  0.00261612  0.664595  0.245592  0.241835  4
9100  103335  0.233097  0.00304932  0.663802  0.241236  0.241792  4
9200  101686  0.222725  0.00278137  0.666473  0.244346  0.211267  4
9300  103234  0.228633  0.00235191  0.663675  0.237978  0.188826  4
9400  103383  0.226068  0.00190635  0.661717  0.234921  0.231851  4
9500  103138  0.230631  0.00198589  0.662024  0.230156  0.239668  4
9600  104034  0.234502  0.00222282  0.662548  0.240025  0.222881  4
9700  102892  0.226894  0.00243595  0.663219  0.236173  0.218465  4
9800  103016  0.23032  0.00265537  0.662543  0.236932  0.173456  4
9900  103158  0.22782  0.00272894  0.661732  0.231012  0.155941  4
