t meta_n emi  mean_info  tr1  tr2  tr3  strategy
0  116720  0.099248  0.498586  0.900001  0.000851314  3.57287e-06  4
100  103812  0.108992  0.492331  0.854252  0.0792845  0.00336528  4
200  104514  0.155573  0.506065  0.795786  0.147279  0.00830664  4
300  103213  0.181803  0.478179  0.765032  0.206141  0.0036385  4
400  104641  0.204758  0.444105  0.754993  0.254987  -0.0175777  4
500  104003  0.210291  0.424811  0.756234  0.292929  -0.025955  4
600  103871  0.212618  0.411952  0.759443  0.311173  -0.0241646  4
700  104356  0.208778  0.394259  0.770047  0.347692  -0.0140032  4
800  103330  0.215806  0.377842  0.767709  0.360925  -0.0104314  4
900  103331  0.211975  0.368178  0.773191  0.386989  0.000720453  4
1000  103641  0.217727  0.353449  0.776954  0.407102  0.0205685  4
1100  103157  0.20982  0.353095  0.788215  0.428684  0.0193738  4
1200  104589  0.215691  0.343163  0.790739  0.439652  0.00703664  4
1300  103696  0.21138  0.344038  0.798845  0.463914  0.00455804  4
1400  103787  0.214402  0.335278  0.806859  0.495261  0.0212373  4
1500  104441  0.208873  0.332808  0.808611  0.496391  0.0755202  4
1600  104324  0.213372  0.326095  0.806598  0.499031  0.0228832  4
1700  104571  0.218046  0.334422  0.817586  0.526041  0.0353369  4
1800  103938  0.208468  0.332984  0.823907  0.530395  0.0366088  4
1900  104534  0.213869  0.338987  0.834984  0.565848  0.040565  4
2000  104154  0.205852  0.324918  0.840464  0.579584  0.0452182  4
2100  105093  0.20427  0.323531  0.850164  0.608169  0.0458085  4
2200  104153  0.202362  0.317808  0.863306  0.634209  0.0761097  4
2300  104197  0.203851  0.32442  0.873613  0.673476  0.0462528  4
2400  103404  0.200906  0.329948  0.877795  0.684311  0.0913685  4
2500  103713  0.201316  0.336305  0.883325  0.693425  0.112789  4
2600  104538  0.206345  0.335633  0.886442  0.697065  0.0931863  4
2700  103814  0.199009  0.333136  0.890695  0.709503  0.109648  4
2800  104196  0.19941  0.331669  0.899228  0.730882  0.151084  4
2900  104026  0.199161  0.323009  0.894917  0.714329  0.119391  4
3000  103756  0.190664  0.313782  0.902507  0.72789  0.157359  4
3100  103940  0.198336  0.322414  0.912934  0.757636  0.171333  4
3200  104493  0.1968  0.316719  0.917865  0.766902  0.20581  4
3300  104828  0.196297  0.313642  0.921967  0.775545  0.275622  4
3400  104508  0.198162  0.31509  0.927497  0.794051  0.334935  4
3500  103803  0.19193  0.322378  0.931779  0.793584  0.326067  4
3600  104181  0.199552  0.324078  0.932845  0.803503  0.381912  4
3700  104953  0.203198  0.312573  0.93799  0.811425  0.360507  4
3800  104194  0.198541  0.310018  0.938296  0.814582  0.359223  4
3900  104100  0.198868  0.300013  0.947929  0.835938  0.317911  4
4000  105032  0.207169  0.302574  0.951605  0.848377  0.359057  4
4100  104263  0.201606  0.30922  0.955095  0.861444  0.371322  4
4200  103772  0.19643  0.306849  0.961916  0.864688  0.348162  4
4300  104535  0.196148  0.303071  0.963049  0.874935  0.343117  4
4400  104419  0.195717  0.309597  0.967251  0.884297  0.381328  4
4500  103983  0.189655  0.295952  0.969135  0.890103  0.453541  4
4600  104869  0.199962  0.297536  0.975432  0.904969  0.432709  4
4700  104272  0.195427  0.29854  0.979853  0.908176  0.384253  4
4800  104510  0.190768  0.295624  0.977403  0.901969  0.359895  4
4900  104882  0.196952  0.294259  0.976075  0.900546  0.351125  4
5000  103855  0.200723  0.298004  0.982213  0.91193  0.380753  4
5100  103439  0.193171  0.296837  0.983543  0.916534  0.373551  4
5200  104871  0.193787  0.291714  0.988964  0.926767  0.348388  4
5300  103481  0.188361  0.291015  0.990275  0.928668  0.375374  4
5400  104083  0.193619  0.286685  0.994759  0.935441  0.350978  4
5500  104460  0.192957  0.290707  0.999642  0.942935  0.291672  4
5600  105216  0.19139  0.296104  1.00261  0.948321  0.27468  4
5700  104703  0.190755  0.297602  1.00412  0.951674  0.285632  4
5800  104311  0.194347  0.293111  1.00238  0.953856  0.313792  4
5900  104918  0.189977  0.292423  1.00268  0.952205  0.361478  4
6000  104824  0.196236  0.292452  1.00379  0.950946  0.386179  4
6100  104836  0.193095  0.297559  1.00652  0.96048  0.419659  4
6200  105100  0.200247  0.296098  1.00909  0.964616  0.439093  4
6300  105289  0.189176  0.29578  1.01028  0.967714  0.407877  4
6400  104638  0.193762  0.297398  1.01226  0.968399  0.401251  4
6500  104234  0.189557  0.296456  1.01248  0.971201  0.40544  4
6600  104869  0.192584  0.295511  1.01043  0.968159  0.455148  4
6700  104741  0.189758  0.292059  1.00997  0.969343  0.406732  4
6800  104859  0.188753  0.294184  1.01353  0.974108  0.372914  4
6900  105075  0.188955  0.299521  1.01233  0.977256  0.338088  4
7000  104491  0.190408  0.298717  1.01251  0.975136  0.353663  4
7100  104819  0.191894  0.302224  1.01498  0.975631  0.371925  4
7200  104598  0.192151  0.297899  1.01453  0.977618  0.36553  4
7300  105478  0.203977  0.292671  1.01255  0.981788  0.389434  4
7400  103937  0.192951  0.291671  1.01333  0.982106  0.409257  4
7500  104557  0.193962  0.291543  1.0144  0.983502  0.432546  4
7600  103705  0.197091  0.290143  1.01612  0.983958  0.445816  4
7700  104329  0.193216  0.297279  1.01876  0.985828  0.395581  4
7800  105228  0.200032  0.299224  1.01786  0.988002  0.433321  4
7900  104659  0.193595  0.298621  1.01686  0.988453  0.383833  4
8000  105022  0.19507  0.296322  1.02029  0.988914  0.374633  4
8100  104083  0.188169  0.292606  1.0205  0.988945  0.371891  4
8200  104774  0.189582  0.297577  1.02093  0.990213  0.419958  4
8300  105277  0.19528  0.297841  1.01945  0.986815  0.376735  4
8400  104515  0.198821  0.297015  1.01813  0.984918  0.375458  4
8500  105418  0.205665  0.30117  1.01844  0.986905  0.382488  4
8600  104642  0.196598  0.301346  1.01741  0.986918  0.367371  4
8700  103713  0.188819  0.295889  1.02034  0.988273  0.38828  4
8800  104571  0.200739  0.29544  1.02115  0.989764  0.398324  4
8900  105248  0.190569  0.294148  1.02128  0.988184  0.390264  4
9000  105035  0.192266  0.292319  1.02113  0.986784  0.409643  4
9100  104262  0.183939  0.292401  1.02269  0.989074  0.400906  4
9200  105941  0.200765  0.293018  1.02134  0.989449  0.364817  4
9300  103517  0.190008  0.298512  1.02277  0.991665  0.378712  4
9400  104404  0.195772  0.295947  1.02303  0.991036  0.369325  4
9500  105392  0.193453  0.297307  1.02326  0.992554  0.432996  4
9600  104126  0.19938  0.299261  1.02304  0.992068  0.428447  4
9700  105186  0.196947  0.294184  1.02241  0.991375  0.426374  4
9800  104357  0.196335  0.295316  1.02354  0.99279  0.381659  4
9900  104627  0.19079  0.295239  1.02541  0.993888  0.447332  4
