t meta_n emi  mean_info  tr1  tr2  tr3  strategy
0  116141  0.100024  0.497445  0.900025  0.000855921  -2.1106e-05  4
100  104339  0.112817  0.548027  0.85917  0.0758666  -0.00336242  4
200  104908  0.159567  0.630944  0.806878  0.146808  -0.00520321  4
300  105511  0.185623  0.637879  0.783898  0.208374  0.0134284  4
400  104552  0.194076  0.629589  0.778751  0.242771  0.0197589  4
500  104449  0.202668  0.619986  0.778463  0.278422  0.0088116  4
600  104790  0.207337  0.600897  0.77325  0.290196  0.0157422  4
700  103739  0.202445  0.585169  0.772429  0.317558  0.023005  4
800  104438  0.210701  0.569056  0.776076  0.335613  0.00520628  4
900  104435  0.205092  0.558309  0.780372  0.343505  -0.00561734  4
1000  105149  0.206352  0.548832  0.786051  0.350356  -0.00216861  4
1100  104861  0.206991  0.525525  0.784267  0.360245  -0.0525855  4
1200  105160  0.198856  0.527093  0.795384  0.377876  -0.0797367  4
1300  104267  0.203776  0.527376  0.785809  0.376858  -0.0951297  4
1400  105535  0.202947  0.532921  0.792842  0.387998  -0.126204  4
1500  104263  0.203326  0.549545  0.796665  0.397931  -0.127912  4
1600  104880  0.202834  0.544787  0.790831  0.396746  -0.147398  4
1700  104005  0.20551  0.539926  0.795847  0.417092  -0.133891  4
1800  105400  0.203743  0.539501  0.800486  0.422646  -0.0955913  4
1900  103960  0.205754  0.530039  0.799867  0.428039  -0.0937518  4
2000  104868  0.205426  0.52193  0.800398  0.432912  -0.14486  4
2100  104505  0.20196  0.515401  0.798097  0.425958  -0.120989  4
2200  105332  0.201844  0.513842  0.799549  0.422355  -0.0669341  4
2300  104522  0.19631  0.516031  0.797905  0.411519  -0.0834355  4
2400  105148  0.203943  0.534101  0.79433  0.398264  -0.115251  4
2500  104803  0.202187  0.543046  0.79793  0.413195  -0.102167  4
2600  104533  0.198507  0.549374  0.803391  0.418917  -0.0718219  4
2700  103606  0.192015  0.54184  0.80413  0.428746  -0.110767  4
2800  105372  0.195332  0.530587  0.804272  0.431213  -0.112427  4
2900  104541  0.195075  0.520546  0.805507  0.447445  -0.0859359  4
3000  104645  0.198264  0.522711  0.802684  0.441296  -0.117867  4
3100  105272  0.197597  0.514703  0.799408  0.429913  -0.110258  4
3200  104816  0.196708  0.52048  0.803052  0.440396  -0.0962908  4
3300  105243  0.200332  0.515811  0.812489  0.466299  -0.0675909  4
3400  104737  0.18781  0.509693  0.813297  0.477924  -0.088092  4
3500  105084  0.19725  0.499406  0.810051  0.463566  -0.0913281  4
3600  104649  0.195446  0.49455  0.811082  0.45773  -0.0736583  4
3700  105675  0.193435  0.481435  0.812595  0.461299  -0.080161  4
3800  105712  0.195844  0.482019  0.813032  0.466668  -0.0868731  4
3900  104605  0.189043  0.479651  0.824146  0.506562  -0.0249926  4
4000  104240  0.193648  0.477255  0.828227  0.529671  0.00976686  4
4100  104799  0.200736  0.487721  0.82718  0.524493  0.0254006  4
4200  105304  0.193718  0.489379  0.837213  0.546412  0.0337889  4
4300  104780  0.191946  0.495607  0.841153  0.543313  0.0135233  4
4400  104779  0.187678  0.490237  0.847623  0.558444  0.0357324  4
4500  104171  0.192935  0.483956  0.848054  0.565666  0.0638767  4
4600  105674  0.188568  0.479764  0.851255  0.578232  0.0600925  4
4700  105864  0.191523  0.481761  0.853666  0.588197  0.0662308  4
4800  104705  0.193476  0.482154  0.856359  0.599296  0.0738507  4
4900  105856  0.194588  0.486149  0.854788  0.602096  0.102605  4
5000  105253  0.193828  0.474803  0.857829  0.603199  0.138445  4
5100  105120  0.182932  0.464412  0.860938  0.623708  0.147277  4
5200  105911  0.191464  0.463688  0.860699  0.620945  0.144368  4
5300  105265  0.187871  0.456886  0.862702  0.619685  0.131601  4
5400  105073  0.192039  0.459252  0.86149  0.626175  0.151222  4
5500  105870  0.189217  0.457013  0.866224  0.628905  0.20056  4
5600  105936  0.193082  0.451442  0.87101  0.638644  0.196614  4
5700  104052  0.190161  0.455348  0.872159  0.648556  0.158214  4
5800  105152  0.190881  0.452945  0.882963  0.677908  0.187488  4
5900  106109  0.195969  0.449839  0.888058  0.692364  0.16386  4
6000  105255  0.19124  0.444228  0.887606  0.694022  0.192422  4
6100  105512  0.196606  0.447944  0.89037  0.707833  0.186736  4
6200  104840  0.182868  0.443603  0.893403  0.717933  0.178062  4
6300  105149  0.190431  0.432831  0.899107  0.738632  0.179423  4
6400  104644  0.190396  0.436013  0.900713  0.742642  0.152643  4
6500  106122  0.189479  0.436299  0.906597  0.75147  0.144363  4
6600  104836  0.191439  0.428187  0.90695  0.760189  0.139268  4
6700  104890  0.181596  0.428102  0.909063  0.765  0.133033  4
6800  104879  0.186975  0.423651  0.913596  0.771796  0.181997  4
6900  106367  0.19014  0.415783  0.922587  0.7991  0.147892  4
7000  104955  0.187545  0.412971  0.919768  0.791543  0.137858  4
7100  104826  0.184944  0.408141  0.926498  0.8078  0.174043  4
7200  104658  0.189216  0.4055  0.93088  0.814841  0.175787  4
7300  105940  0.188842  0.402184  0.933182  0.825001  0.181301  4
7400  104811  0.181468  0.40255  0.932871  0.832262  0.171667  4
7500  103995  0.191444  0.402239  0.931133  0.831308  0.18393  4
7600  105467  0.191392  0.400812  0.939154  0.849374  0.192664  4
7700  104946  0.188202  0.394443  0.940537  0.851988  0.167956  4
7800  104937  0.188085  0.392846  0.947875  0.863438  0.207905  4
7900  105335  0.19082  0.388024  0.951454  0.865712  0.216456  4
8000  104629  0.18253  0.384442  0.954678  0.872474  0.219415  4
8100  104788  0.182736  0.374139  0.958975  0.879432  0.276127  4
8200  105472  0.189224  0.377977  0.958615  0.879833  0.253371  4
8300  106039  0.191577  0.377598  0.963363  0.887311  0.270613  4
8400  105525  0.187132  0.374896  0.964466  0.888227  0.272027  4
8500  104461  0.182753  0.371888  0.968744  0.892146  0.266343  4
8600  105681  0.180458  0.366753  0.974143  0.902264  0.313371  4
8700  104994  0.17932  0.370064  0.974889  0.911547  0.319491  4
8800  105565  0.187267  0.371038  0.974091  0.914004  0.308312  4
8900  105698  0.183598  0.369763  0.978646  0.921804  0.289973  4
9000  105150  0.185383  0.36846  0.979274  0.921543  0.269773  4
9100  105723  0.175848  0.375142  0.978982  0.919496  0.29037  4
9200  105154  0.184153  0.378631  0.977113  0.924663  0.301412  4
9300  105215  0.178854  0.382313  0.974775  0.921365  0.270526  4
9400  104995  0.180115  0.380305  0.976079  0.92281  0.253487  4
9500  105143  0.182468  0.380506  0.975488  0.921324  0.22102  4
9600  104503  0.175865  0.379028  0.978768  0.924556  0.242509  4
9700  104700  0.17965  0.375993  0.979679  0.927787  0.243099  4
9800  104836  0.179125  0.373487  0.982237  0.932513  0.273222  4
9900  105277  0.181918  0.37297  0.982479  0.932858  0.279036  4
