t meta_n emi  mean_info  tr1  tr2  tr3  strategy
0  114901  0.099816  0.496268  0.900031  0.000820065  -5.83148e-06  4
100  102282  0.106896  0.362107  0.850788  0.0830516  -0.00450158  4
200  103159  0.157985  0.268152  0.779309  0.154176  0.000812993  4
300  102635  0.19254  0.212526  0.737926  0.197878  0.00117509  4
400  102325  0.204052  0.184893  0.722663  0.220232  0.0151918  4
500  102152  0.213912  0.169999  0.720378  0.262716  0.0224065  4
600  102947  0.216751  0.16112  0.723133  0.279052  0.0232885  4
700  103310  0.225841  0.154442  0.722842  0.296948  0.0289983  4
800  103173  0.227945  0.157892  0.723062  0.325929  0.0635592  4
900  102700  0.232376  0.158622  0.722795  0.330974  0.0506481  4
1000  102684  0.225621  0.153001  0.731374  0.339367  0.0843316  4
1100  102245  0.217294  0.154402  0.743294  0.370078  0.0996831  4
1200  102703  0.217137  0.154705  0.743044  0.363565  0.0944289  4
1300  101890  0.224254  0.142715  0.736768  0.35709  0.0841332  4
1400  102536  0.22288  0.143183  0.739786  0.368691  0.0489395  4
1500  102098  0.221773  0.136218  0.731947  0.363186  0.0239496  4
1600  102533  0.227086  0.137491  0.735156  0.378456  0.0393031  4
1700  103048  0.227363  0.135554  0.746612  0.38943  0.0360984  4
1800  102967  0.228384  0.135116  0.748942  0.399929  0.0393768  4
1900  103123  0.225223  0.137817  0.753242  0.408939  0.0172575  4
2000  103042  0.232677  0.142674  0.749756  0.421314  0.0130563  4
2100  104137  0.229963  0.137792  0.74624  0.406296  0.033119  4
2200  102600  0.224074  0.137914  0.747938  0.405237  0.0340986  4
2300  103799  0.228604  0.140347  0.750517  0.415913  0.0459403  4
2400  103589  0.226778  0.142193  0.754585  0.422455  0.0389269  4
2500  102660  0.224347  0.130013  0.752924  0.410177  0.00203128  4
2600  102820  0.220866  0.131143  0.758991  0.421048  0.0299334  4
2700  103976  0.227704  0.143132  0.761029  0.433781  0.00849048  4
2800  103463  0.224046  0.148308  0.764117  0.440297  0.0328687  4
2900  103145  0.221905  0.14798  0.761329  0.44817  0.0230491  4
3000  103268  0.230206  0.14755  0.771764  0.477484  0.0730637  4
3100  102919  0.225303  0.149403  0.773152  0.475626  0.0766335  4
3200  103644  0.236374  0.149607  0.769538  0.469352  0.0935983  4
3300  103413  0.232617  0.151928  0.772828  0.475941  0.0446755  4
3400  102638  0.22516  0.139626  0.772965  0.468138  0.0878536  4
3500  102898  0.226255  0.143273  0.76885  0.459023  0.0705816  4
3600  103493  0.227334  0.147977  0.778022  0.475132  0.0797931  4
3700  104368  0.224481  0.140836  0.778591  0.478691  0.0682095  4
3800  103813  0.220792  0.14496  0.784966  0.484635  0.0768818  4
3900  103660  0.224797  0.141057  0.77636  0.469945  0.00664854  4
4000  102675  0.222442  0.130674  0.77407  0.458407  -0.0234145  4
4100  102973  0.22615  0.137559  0.780816  0.473589  0.00607211  4
4200  103770  0.218158  0.124396  0.778184  0.460335  0.00591567  4
4300  102182  0.217537  0.132367  0.781626  0.469335  -0.0014463  4
4400  103296  0.218859  0.12877  0.781235  0.459091  0.0246234  4
4500  102719  0.220068  0.140927  0.787016  0.480501  -0.00254885  4
4600  102289  0.222086  0.138561  0.78378  0.475703  -0.0143599  4
4700  103236  0.22043  0.140563  0.784597  0.469149  0.040374  4
4800  103004  0.219024  0.134772  0.782728  0.460866  0.021536  4
4900  103459  0.221536  0.132902  0.778874  0.459282  0.00587334  4
5000  104084  0.226097  0.140755  0.786934  0.471916  -0.00254206  4
5100  103690  0.223244  0.134444  0.7852  0.468941  0.00084601  4
5200  103396  0.223945  0.135599  0.785318  0.477675  0.0112627  4
5300  103014  0.227378  0.142228  0.792914  0.503489  -0.0124903  4
5400  102770  0.218421  0.144498  0.799493  0.517166  -0.0402741  4
5500  104150  0.230272  0.14988  0.802623  0.528705  -0.0248028  4
5600  102783  0.220509  0.151546  0.812745  0.547667  -0.0555021  4
5700  102014  0.219725  0.151554  0.816653  0.557759  -0.0900756  4
5800  103225  0.225447  0.155187  0.818256  0.567685  -0.103446  4
5900  103879  0.219811  0.153105  0.815336  0.554572  -0.0879558  4
6000  103418  0.218178  0.145107  0.81714  0.556159  -0.0807986  4
6100  103599  0.222784  0.150773  0.816107  0.557474  -0.0460382  4
6200  103035  0.211256  0.144375  0.813413  0.552554  0.002222  4
6300  103776  0.219671  0.146522  0.812503  0.550342  0.0732037  4
6400  102732  0.215253  0.133656  0.805018  0.53279  0.11572  4
6500  103471  0.219769  0.141244  0.813327  0.556303  0.115814  4
6600  102968  0.224334  0.150422  0.825239  0.582343  0.0968734  4
6700  103640  0.219207  0.151614  0.829951  0.598575  0.144239  4
6800  103271  0.21831  0.145224  0.822069  0.577508  0.122381  4
6900  103286  0.227989  0.146417  0.825162  0.583175  0.105655  4
7000  103112  0.21815  0.141623  0.820112  0.569436  0.109857  4
7100  102860  0.220593  0.144161  0.823764  0.584896  0.096867  4
7200  103762  0.220742  0.144226  0.819849  0.57663  0.0745783  4
7300  103068  0.225383  0.140183  0.829084  0.593275  0.0168776  4
7400  104093  0.227295  0.139726  0.833613  0.606177  -0.0191268  4
7500  103776  0.220808  0.142951  0.832946  0.602329  0.0103886  4
7600  104549  0.222971  0.144615  0.830588  0.596886  0.0265069  4
7700  103823  0.228128  0.140214  0.826985  0.59198  0.0390686  4
7800  102947  0.221683  0.143373  0.829444  0.603708  0.0283127  4
7900  102725  0.218158  0.139946  0.819871  0.577328  0.0989952  4
8000  103782  0.223711  0.135748  0.820698  0.581969  0.0785584  4
8100  103859  0.222508  0.134971  0.820123  0.583792  0.108391  4
8200  102787  0.221474  0.13944  0.829496  0.609574  0.0818692  4
8300  103091  0.223125  0.14699  0.833277  0.623683  0.127971  4
8400  103072  0.226694  0.143714  0.832349  0.620731  0.158947  4
8500  102918  0.222875  0.135612  0.823926  0.59465  0.15854  4
8600  104323  0.22201  0.131703  0.82157  0.592154  0.143492  4
8700  103926  0.222625  0.134592  0.818988  0.587806  0.151765  4
8800  102887  0.219206  0.138265  0.821348  0.597268  0.153574  4
8900  104597  0.224133  0.133503  0.818654  0.587302  0.11414  4
9000  104166  0.226757  0.139705  0.823328  0.596679  0.154929  4
9100  103785  0.220617  0.141574  0.82177  0.595958  0.169885  4
9200  103226  0.222675  0.132693  0.810747  0.568377  0.183192  4
9300  102979  0.219862  0.130251  0.807938  0.558716  0.197219  4
9400  102839  0.221238  0.132391  0.806552  0.552889  0.215558  4
9500  103367  0.220547  0.127419  0.803147  0.5403  0.197977  4
9600  102734  0.220926  0.124316  0.800712  0.53462  0.21746  4
9700  104305  0.225576  0.127652  0.800937  0.536637  0.231366  4
9800  102922  0.225132  0.131239  0.800497  0.53221  0.276036  4
9900  104032  0.225116  0.132647  0.802455  0.535392  0.238538  4
