t meta_n emi  mean_info  tr1  tr2  tr3  strategy
0  115864  0.100984  0.498631  0.899953  0.000793675  -2.0509e-05  4
100  103938  0.109474  0.497222  0.859423  0.0839966  0.00148431  4
200  103970  0.15641  0.504256  0.798805  0.153844  0.00501767  4
300  103683  0.182034  0.477074  0.768772  0.203031  -0.012146  4
400  104379  0.200343  0.443465  0.758736  0.247249  -0.0232921  4
500  104336  0.203198  0.420616  0.760833  0.298363  -0.0054912  4
600  103886  0.203499  0.415881  0.75918  0.310971  -0.0224525  4
700  103372  0.206637  0.419381  0.768926  0.355047  0.00160566  4
800  103980  0.206213  0.409892  0.778489  0.385321  -0.000902653  4
900  103640  0.207733  0.403684  0.776838  0.400257  0.0182334  4
1000  103405  0.205687  0.395145  0.781932  0.424561  0.0347702  4
1100  103914  0.203134  0.385797  0.793425  0.436197  0.0704764  4
1200  105261  0.208023  0.376801  0.79253  0.448276  0.0576848  4
1300  104809  0.209044  0.371839  0.800703  0.462282  0.0549656  4
1400  103838  0.208417  0.37719  0.804686  0.476304  0.0621773  4
1500  103807  0.210884  0.36835  0.806607  0.486833  0.063406  4
1600  104827  0.210398  0.36062  0.812456  0.500161  0.0263298  4
1700  103951  0.207802  0.351954  0.813093  0.510399  0.036286  4
1800  103726  0.200501  0.355902  0.81661  0.514703  0.0395044  4
1900  103735  0.211584  0.346389  0.820148  0.530106  0.0925725  4
2000  103975  0.207868  0.351828  0.827123  0.552401  0.0998293  4
2100  103885  0.214287  0.349586  0.829809  0.567329  0.10031  4
2200  104359  0.209189  0.351411  0.833329  0.565349  0.110463  4
2300  104335  0.206828  0.358731  0.837507  0.578197  0.13122  4
2400  104281  0.209796  0.355658  0.842104  0.59789  0.153328  4
2500  104331  0.203949  0.354819  0.854369  0.626561  0.145724  4
2600  104003  0.202618  0.354476  0.864485  0.651043  0.166817  4
2700  103216  0.196906  0.361503  0.872261  0.657883  0.188094  4
2800  105109  0.205  0.357457  0.876383  0.668046  0.131196  4
2900  103846  0.200355  0.355433  0.886361  0.692604  0.140722  4
3000  104435  0.195897  0.356902  0.900652  0.728074  0.12859  4
3100  105109  0.201845  0.35128  0.903036  0.727176  0.12399  4
3200  103566  0.201867  0.348858  0.907184  0.739409  0.162488  4
3300  104229  0.193529  0.341549  0.908082  0.735682  0.13898  4
3400  105426  0.19916  0.351436  0.913208  0.756931  0.123008  4
3500  105262  0.194863  0.343311  0.923907  0.775867  0.105729  4
3600  103651  0.190617  0.347648  0.931264  0.791253  0.0966902  4
3700  104239  0.186304  0.339855  0.934248  0.793674  0.0803742  4
3800  104361  0.1892  0.333485  0.938359  0.810143  0.0183462  4
3900  104991  0.185783  0.32285  0.945235  0.824382  -0.00804641  4
4000  105097  0.193063  0.325495  0.950013  0.835539  -0.0176831  4
4100  103791  0.191013  0.318837  0.950467  0.837346  -0.0385795  4
4200  103772  0.188673  0.313104  0.952068  0.844189  -0.0301767  4
4300  104654  0.200388  0.319671  0.94919  0.841357  0.00196123  4
4400  104031  0.19108  0.315259  0.961826  0.865391  -0.00471713  4
4500  104791  0.195489  0.318167  0.968286  0.881627  -0.026173  4
4600  104027  0.194674  0.319458  0.977283  0.893  -0.0343659  4
4700  104480  0.193837  0.314881  0.981969  0.912121  -0.0354977  4
4800  105996  0.201512  0.310656  0.983087  0.910021  -0.00766477  4
4900  104637  0.19497  0.309969  0.989005  0.919315  -0.0424269  4
5000  104982  0.192717  0.308949  0.992186  0.924214  -0.0773978  4
5100  105070  0.191008  0.307124  0.99205  0.92624  -0.0726063  4
5200  103882  0.195261  0.306257  0.995313  0.933604  -0.0619308  4
5300  104895  0.201594  0.305911  0.9978  0.938086  -0.0664836  4
5400  104537  0.199949  0.309225  1.00373  0.944902  -0.0835321  4
5500  104576  0.190022  0.314679  1.00878  0.952266  -0.0681851  4
5600  104411  0.189816  0.315053  1.00806  0.953149  -0.0485123  4
5700  105273  0.189661  0.315989  1.00684  0.955148  -0.0796329  4
5800  104556  0.192183  0.312142  1.00914  0.961454  -0.0921307  4
5900  104307  0.184862  0.311967  1.01233  0.965847  -0.0635839  4
6000  104969  0.189936  0.3117  1.01186  0.966502  -0.0456616  4
6100  105688  0.19889  0.305436  1.01549  0.971506  -0.078657  4
6200  104816  0.19336  0.306464  1.01554  0.970088  -0.0600508  4
6300  105503  0.198199  0.302042  1.0169  0.970178  -0.0351665  4
6400  104128  0.187554  0.300872  1.01637  0.971321  -0.0852527  4
6500  104898  0.195132  0.301311  1.01728  0.975484  -0.0467467  4
6600  104519  0.195383  0.301582  1.01763  0.979362  -0.041996  4
6700  104807  0.204436  0.303011  1.01837  0.97887  -0.070173  4
6800  104994  0.196966  0.297406  1.02211  0.982869  -0.104583  4
6900  104423  0.198195  0.292566  1.01945  0.981131  -0.101796  4
7000  103580  0.185947  0.299655  1.01968  0.982201  -0.109955  4
7100  104901  0.191439  0.303941  1.01918  0.984999  -0.113097  4
7200  104588  0.193001  0.305941  1.02017  0.985679  -0.096886  4
7300  104480  0.194477  0.301941  1.02303  0.987289  -0.119903  4
7400  104876  0.189849  0.303656  1.02281  0.9891  -0.112568  4
7500  104169  0.188974  0.307392  1.02169  0.98857  -0.100297  4
7600  104951  0.191059  0.306498  1.02209  0.989182  -0.120311  4
7700  104778  0.197246  0.303843  1.02245  0.989794  -0.1597  4
7800  104848  0.190448  0.306105  1.02271  0.990727  -0.132665  4
7900  104612  0.198285  0.303061  1.02222  0.990434  -0.161238  4
8000  105156  0.185825  0.301131  1.02454  0.991307  -0.154302  4
8100  105261  0.205315  0.299447  1.02336  0.991257  -0.169592  4
8200  104404  0.195577  0.302117  1.02507  0.993398  -0.14056  4
8300  104356  0.19705  0.298255  1.02564  0.994237  -0.129971  4
8400  105110  0.191901  0.298244  1.02414  0.993772  -0.114031  4
8500  105133  0.194955  0.294919  1.02646  0.993966  -0.125549  4
8600  104569  0.191248  0.295991  1.02485  0.993623  -0.117722  4
8700  104603  0.198345  0.294752  1.02595  0.994906  -0.108759  4
8800  104301  0.196716  0.294725  1.02424  0.994493  -0.055785  4
8900  104642  0.193522  0.294657  1.02471  0.994995  -0.0804269  4
9000  104748  0.19289  0.294634  1.02485  0.996012  -0.0444016  4
9100  104812  0.190342  0.29388  1.0261  0.996365  -0.0396629  4
9200  104040  0.191019  0.293521  1.02752  0.996506  -0.0280444  4
9300  106307  0.198983  0.296827  1.02719  0.996484  -0.022355  4
9400  104780  0.192896  0.29736  1.02739  0.996677  -0.0332675  4
9500  104471  0.187617  0.295712  1.02881  0.997619  -0.0530692  4
9600  104961  0.191977  0.299  1.02893  0.997605  -0.0911428  4
9700  104671  0.188737  0.299555  1.02964  0.99785  -0.111543  4
9800  103716  0.194585  0.299678  1.03009  0.997635  -0.139523  4
9900  105165  0.192109  0.295268  1.03029  0.997938  -0.133263  4
