t meta_n emi  mean_info  tr1  tr2  tr3  strategy
0  117501  0.098368  0.499914  0.900008  0.000830161  -4.06704e-06  4
100  105757  0.117641  0.630859  0.865607  0.0805921  -0.00179828  4
200  106157  0.160112  0.707157  0.820282  0.142684  -0.00958269  4
300  105465  0.18243  0.750147  0.797267  0.179963  -0.000887473  4
400  106050  0.190773  0.774206  0.789389  0.214333  -0.0103955  4
500  105082  0.188195  0.769278  0.794704  0.234722  -0.0139426  4
600  104977  0.192571  0.776807  0.79872  0.253984  -0.0186695  4
700  105417  0.192634  0.786373  0.797739  0.252867  -0.0352542  4
800  105989  0.187805  0.782544  0.800122  0.247523  -0.0541368  4
900  105183  0.18443  0.779481  0.803763  0.262507  -0.0140869  4
1000  105458  0.184374  0.773977  0.807274  0.272513  -0.0187971  4
1100  105728  0.18826  0.774945  0.808086  0.284337  -0.0263029  4
1200  106558  0.187033  0.780333  0.813571  0.294029  -0.0382745  4
1300  105322  0.189276  0.783586  0.809772  0.302062  -0.00316941  4
1400  106282  0.182082  0.785719  0.81199  0.290281  -0.0197822  4
1500  106727  0.184946  0.783446  0.809023  0.273453  0.00348861  4
1600  105363  0.185411  0.783429  0.80636  0.27585  -0.014815  4
1700  105731  0.198235  0.789022  0.800996  0.281268  -0.0361188  4
1800  105338  0.183045  0.780956  0.805351  0.289338  -0.0295221  4
1900  105120  0.180108  0.778246  0.810375  0.279304  -0.024057  4
2000  105486  0.177226  0.780562  0.808945  0.277627  -0.00920596  4
2100  105283  0.188338  0.778989  0.805039  0.278998  0.00999948  4
2200  105299  0.185041  0.782538  0.807671  0.294073  0.00638384  4
2300  105530  0.18289  0.78262  0.80537  0.287373  -0.0198237  4
2400  105594  0.185386  0.773849  0.803679  0.275103  -0.0617155  4
2500  104730  0.180615  0.773497  0.805997  0.288023  -0.0315238  4
2600  105151  0.185472  0.769464  0.810823  0.295158  -0.00241056  4
2700  104897  0.17822  0.759107  0.809349  0.298132  -0.0202365  4
2800  105938  0.177349  0.759817  0.810206  0.304561  0.0819305  4
2900  105195  0.186279  0.759567  0.807256  0.303443  0.0791007  4
3000  105958  0.181448  0.762432  0.807633  0.298304  0.0828071  4
3100  105379  0.183609  0.765516  0.807148  0.306599  0.0790277  4
3200  106206  0.183012  0.769781  0.808505  0.308586  0.106934  4
3300  106005  0.181134  0.779403  0.805809  0.296533  0.0781502  4
3400  105255  0.182866  0.767608  0.80407  0.297012  0.0566364  4
3500  106133  0.1821  0.774327  0.801129  0.28009  0.0569298  4
3600  105475  0.181569  0.782424  0.808344  0.303298  0.0660297  4
3700  105883  0.176511  0.780972  0.80978  0.296481  0.00684984  4
3800  106625  0.180902  0.783013  0.809644  0.304299  -0.00111129  4
3900  106806  0.184177  0.781441  0.810841  0.311574  0.00689221  4
4000  105998  0.175744  0.77434  0.811626  0.314713  -0.016356  4
4100  105559  0.183569  0.77487  0.806148  0.300825  0.0197767  4
4200  106074  0.182745  0.77902  0.804006  0.288066  0.0272064  4
4300  105722  0.17748  0.768922  0.800718  0.279084  0.0496438  4
4400  105833  0.180639  0.766478  0.798229  0.288623  0.0583868  4
4500  105995  0.178711  0.76321  0.801303  0.272963  0.0349412  4
4600  104888  0.172385  0.770688  0.801267  0.260919  0.0392519  4
4700  105507  0.170889  0.773463  0.79953  0.263796  0.0238316  4
4800  105764  0.174603  0.772547  0.799857  0.266402  0.00154151  4
4900  106214  0.173657  0.767532  0.800177  0.278218  0.0133353  4
5000  105710  0.176016  0.778359  0.797417  0.260709  -0.0502346  4
5100  105920  0.176534  0.77984  0.792226  0.245291  -0.0685868  4
5200  105239  0.17775  0.779291  0.794286  0.244728  -0.113913  4
5300  107013  0.172466  0.774665  0.793711  0.236481  -0.0934936  4
5400  106259  0.175778  0.773453  0.791049  0.233999  -0.0756843  4
5500  106623  0.182729  0.773983  0.788535  0.220457  -0.11796  4
5600  106254  0.178206  0.771914  0.788206  0.226919  -0.192709  4
5700  105384  0.177452  0.774186  0.786641  0.227166  -0.21116  4
5800  105500  0.177671  0.772705  0.789521  0.245372  -0.179797  4
5900  105687  0.172587  0.766532  0.790328  0.243801  -0.175585  4
6000  105126  0.177467  0.760417  0.793013  0.250631  -0.131948  4
6100  104105  0.172879  0.771846  0.791716  0.251571  -0.155032  4
6200  106312  0.182375  0.77113  0.788532  0.248387  -0.200058  4
6300  106170  0.179416  0.773838  0.788043  0.242843  -0.232601  4
6400  105976  0.178605  0.769468  0.78765  0.242086  -0.237722  4
6500  106864  0.182207  0.769047  0.786899  0.237232  -0.30474  4
6600  105587  0.181607  0.75833  0.786494  0.241012  -0.26258  4
6700  105503  0.182608  0.758497  0.784068  0.250276  -0.227207  4
6800  106703  0.189117  0.75975  0.783487  0.253319  -0.192459  4
6900  106369  0.185948  0.749897  0.783553  0.251813  -0.223631  4
7000  106317  0.178567  0.74826  0.783832  0.243603  -0.209177  4
7100  105451  0.179828  0.754776  0.782711  0.235625  -0.29923  4
7200  105731  0.17389  0.753344  0.785852  0.245249  -0.291788  4
7300  105823  0.180369  0.757732  0.785131  0.238749  -0.303959  4
7400  105936  0.181095  0.755788  0.784796  0.244462  -0.261084  4
7500  105882  0.178445  0.75183  0.787645  0.252282  -0.219613  4
7600  106462  0.180943  0.747487  0.786754  0.258585  -0.210617  4
7700  106435  0.179417  0.745105  0.786731  0.262391  -0.224415  4
7800  106407  0.177469  0.743093  0.785803  0.265273  -0.259623  4
7900  106631  0.182097  0.739118  0.784374  0.256617  -0.241775  4
8000  105628  0.180926  0.738636  0.787891  0.268662  -0.23977  4
8100  106091  0.172174  0.734763  0.787839  0.263689  -0.258327  4
8200  106456  0.178776  0.733845  0.787442  0.264233  -0.307513  4
8300  105593  0.17338  0.7289  0.78756  0.256225  -0.330411  4
8400  107070  0.172251  0.728095  0.790845  0.267873  -0.34674  4
8500  104825  0.170544  0.728259  0.788874  0.263807  -0.367525  4
8600  106990  0.180292  0.740085  0.787719  0.254808  -0.364414  4
8700  106298  0.17604  0.741962  0.79077  0.258283  -0.428902  4
8800  106317  0.180891  0.743595  0.791844  0.260244  -0.417877  4
8900  106039  0.172486  0.741346  0.793457  0.268773  -0.436233  4
9000  105836  0.1732  0.752703  0.795516  0.276119  -0.446516  4
9100  105634  0.17275  0.746584  0.796756  0.291906  -0.47583  4
9200  105511  0.168764  0.741755  0.797445  0.297473  -0.477869  4
9300  106119  0.172674  0.738819  0.799219  0.302923  -0.465769  4
9400  105576  0.170778  0.737933  0.800605  0.305198  -0.446545  4
9500  106106  0.177245  0.74011  0.798491  0.294744  -0.457343  4
9600  105969  0.170784  0.739892  0.796619  0.29225  -0.463883  4
9700  106185  0.169883  0.734415  0.797045  0.288154  -0.495352  4
9800  105998  0.17184  0.729452  0.799313  0.296479  -0.509204  4
9900  106809  0.169217  0.725094  0.799961  0.299182  -0.532546  4
