t meta_n emi  mean_info  tr1  tr2  tr3  strategy
0  114486  0.1004  0.494671  0.900092  0.000746283  -0.000130521  4
100  102578  0.105172  0.299281  0.850813  0.0750798  0.00650975  4
200  102117  0.156041  0.204201  0.776876  0.142202  -0.000830415  4
300  102389  0.18612  0.159161  0.739495  0.182456  -0.0138886  4
400  102392  0.21085  0.132904  0.714696  0.21825  -0.0278071  4
500  102964  0.223562  0.116306  0.703562  0.237901  -0.0617434  4
600  102046  0.226168  0.111565  0.703039  0.267096  -0.0820831  4
700  102472  0.23155  0.106787  0.704123  0.295119  -0.0747534  4
800  102711  0.229794  0.104192  0.712663  0.307656  -0.103765  4
900  102281  0.22616  0.109062  0.715749  0.317121  -0.0786214  4
1000  102570  0.225137  0.102043  0.717992  0.319691  -0.0907395  4
1100  102480  0.220922  0.104189  0.7278  0.333669  -0.0836143  4
1200  102244  0.228196  0.104306  0.718847  0.336607  -0.0979858  4
1300  102533  0.228039  0.10193  0.713392  0.322789  -0.0969659  4
1400  102882  0.229949  0.0943309  0.710573  0.324241  -0.11077  4
1500  102418  0.230446  0.0859958  0.709226  0.33653  -0.106021  4
1600  102240  0.234  0.0850365  0.710063  0.325811  -0.0653989  4
1700  102544  0.228615  0.0856827  0.710594  0.325995  -0.056557  4
1800  102495  0.223925  0.0851161  0.713409  0.327809  -0.0523099  4
1900  101518  0.224691  0.0801026  0.716212  0.339293  -0.0577985  4
2000  103236  0.225593  0.0810514  0.713186  0.325839  -0.101203  4
2100  103505  0.228547  0.0818787  0.709523  0.32769  -0.111111  4
2200  101808  0.224539  0.0740541  0.711178  0.332335  -0.126371  4
2300  102268  0.231023  0.0766524  0.709758  0.346775  -0.218112  4
2400  102009  0.225292  0.0756777  0.715303  0.35178  -0.198742  4
2500  102903  0.222342  0.0741125  0.714358  0.357806  -0.173375  4
2600  102028  0.222465  0.0724752  0.719835  0.364536  -0.182655  4
2700  102867  0.22846  0.0698278  0.710562  0.34489  -0.200655  4
2800  102641  0.227064  0.0756991  0.710296  0.343254  -0.23993  4
2900  102817  0.224218  0.0725402  0.72037  0.370968  -0.216929  4
3000  103287  0.227258  0.0668169  0.717354  0.358777  -0.206162  4
3100  102278  0.228922  0.0674635  0.71171  0.35498  -0.22497  4
3200  102567  0.223281  0.0644353  0.712523  0.33868  -0.220433  4
3300  102579  0.225142  0.0626695  0.713927  0.343558  -0.236441  4
3400  102270  0.23091  0.05552  0.701818  0.32537  -0.219657  4
3500  103181  0.226415  0.0524472  0.698292  0.309416  -0.175829  4
3600  102524  0.222912  0.0570243  0.702447  0.316426  -0.168534  4
3700  102615  0.225514  0.0555591  0.701913  0.321736  -0.166938  4
3800  103197  0.233257  0.0542192  0.695617  0.3189  -0.152548  4
3900  102722  0.231587  0.0559133  0.693189  0.312196  -0.194441  4
4000  102376  0.227957  0.0583499  0.689944  0.297135  -0.205224  4
4100  102366  0.229685  0.0581787  0.692181  0.290807  -0.265093  4
4200  102027  0.223409  0.0532236  0.694491  0.279919  -0.303214  4
4300  102803  0.22406  0.04997  0.695435  0.288713  -0.269364  4
4400  103181  0.227954  0.0450163  0.691857  0.274967  -0.313986  4
4500  102598  0.219814  0.0432424  0.693094  0.281581  -0.302726  4
4600  103540  0.223014  0.0460945  0.691908  0.272685  -0.286352  4
4700  102072  0.219968  0.0450841  0.690682  0.262548  -0.351183  4
4800  102235  0.218073  0.0411219  0.691832  0.273651  -0.343105  4
4900  102466  0.222753  0.0428255  0.688507  0.273366  -0.342729  4
5000  102814  0.22306  0.0389304  0.68648  0.259501  -0.379492  4
5100  102620  0.224691  0.0342544  0.68457  0.259162  -0.375405  4
5200  102535  0.228597  0.0339856  0.686004  0.268645  -0.387658  4
5300  103452  0.232176  0.0300609  0.679402  0.251674  -0.363327  4
5400  102624  0.223873  0.0357555  0.681432  0.243445  -0.357408  4
5500  102827  0.222085  0.0363933  0.68107  0.250332  -0.396726  4
5600  102962  0.220568  0.0320322  0.679061  0.245244  -0.400752  4
5700  102036  0.220456  0.0286192  0.681294  0.245282  -0.371169  4
5800  103120  0.224116  0.0307164  0.677684  0.226925  -0.370365  4
5900  102912  0.220531  0.0287671  0.675558  0.223833  -0.341015  4
6000  103069  0.220791  0.0258483  0.674447  0.221229  -0.344709  4
6100  102773  0.224475  0.0268286  0.670528  0.214923  -0.334085  4
6200  102430  0.224384  0.0251472  0.670198  0.221224  -0.302202  4
6300  101995  0.220312  0.023437  0.67348  0.227122  -0.327395  4
6400  102718  0.218016  0.0232361  0.677809  0.238768  -0.336307  4
6500  103090  0.221047  0.0220091  0.680383  0.245578  -0.313095  4
6600  102287  0.222918  0.0208846  0.679015  0.242579  -0.300011  4
6700  102008  0.214884  0.0206901  0.679852  0.237584  -0.346746  4
6800  102933  0.217943  0.0200072  0.677147  0.23259  -0.313741  4
6900  102436  0.215226  0.0213797  0.676526  0.224647  -0.323961  4
7000  102306  0.220529  0.0218124  0.676239  0.225972  -0.346038  4
7100  102922  0.220416  0.0223555  0.678547  0.225963  -0.320409  4
7200  102555  0.217856  0.0210836  0.678118  0.227008  -0.29697  4
7300  101814  0.217289  0.0198273  0.67613  0.227295  -0.300028  4
7400  103186  0.221091  0.0219514  0.675938  0.227925  -0.296851  4
7500  103573  0.21953  0.0233082  0.677207  0.235122  -0.332916  4
7600  102130  0.221477  0.0204047  0.677063  0.227957  -0.335627  4
7700  102356  0.216247  0.0188043  0.678295  0.227337  -0.316982  4
7800  103533  0.218813  0.0180996  0.6756  0.215761  -0.322906  4
7900  102015  0.217376  0.0162776  0.67224  0.20198  -0.358357  4
8000  102184  0.218868  0.0192003  0.673068  0.206812  -0.353389  4
8100  102908  0.220217  0.0165722  0.671894  0.195861  -0.333394  4
8200  103110  0.218387  0.0152262  0.667643  0.192098  -0.298529  4
8300  102752  0.22257  0.0160429  0.666371  0.185771  -0.279454  4
8400  102478  0.227188  0.0193406  0.666772  0.184145  -0.293586  4
8500  103027  0.226114  0.0208135  0.667105  0.194651  -0.279035  4
8600  101770  0.224715  0.0248667  0.673452  0.210292  -0.3024  4
8700  103029  0.227832  0.0268927  0.669331  0.205714  -0.298107  4
8800  102305  0.22548  0.0271838  0.672638  0.207028  -0.276317  4
8900  102596  0.230451  0.0286628  0.673826  0.210274  -0.329711  4
9000  102633  0.227382  0.0316045  0.676801  0.215246  -0.382479  4
9100  103343  0.23141  0.0272177  0.673974  0.209146  -0.394108  4
9200  102259  0.22196  0.0273905  0.677377  0.216791  -0.391862  4
9300  102746  0.22609  0.0268758  0.676188  0.222807  -0.379149  4
9400  103557  0.228909  0.0254651  0.674744  0.224259  -0.37387  4
9500  102795  0.228748  0.026701  0.676402  0.228912  -0.405191  4
9600  102599  0.22783  0.0281286  0.680744  0.239583  -0.396514  4
9700  102383  0.229844  0.025907  0.679189  0.236335  -0.407868  4
9800  103117  0.22658  0.0286906  0.680611  0.242642  -0.443247  4
9900  102865  0.224538  0.0276868  0.67929  0.239391  -0.404086  4
