t meta_n emi  mean_info  tr1  tr2  tr3  strategy
0  114110  0.100736  0.492269  0.899934  0.000821618  3.21236e-05  4
100  102080  0.104796  0.231295  0.849728  0.0874698  -0.000427115  4
200  103026  0.163851  0.128763  0.768858  0.157046  -0.0215957  4
300  101939  0.193218  0.0991324  0.729706  0.193981  -0.0369566  4
400  101829  0.213788  0.0818678  0.705246  0.22276  -0.0302714  4
500  102501  0.225945  0.0687263  0.698873  0.256428  -0.0181862  4
600  102738  0.233647  0.071094  0.699028  0.279335  -0.0362536  4
700  102161  0.234411  0.0699056  0.703776  0.295997  -0.0153605  4
800  102672  0.2299  0.0696079  0.706454  0.295678  -0.0055019  4
900  103273  0.228475  0.067425  0.706467  0.297461  -0.0173863  4
1000  102499  0.22867  0.0657781  0.705705  0.299625  -0.0229401  4
1100  101644  0.23124  0.0658349  0.701774  0.293186  -0.0408012  4
1200  102242  0.230803  0.06098  0.701381  0.293848  -0.0431575  4
1300  102664  0.231971  0.0592528  0.697911  0.291889  -0.0356888  4
1400  102455  0.23078  0.0587218  0.697797  0.295074  -0.0228503  4
1500  102825  0.2347  0.056153  0.691301  0.284171  -0.0139384  4
1600  100674  0.232809  0.0578191  0.6896  0.269926  -0.0184635  4
1700  102406  0.232316  0.057513  0.689921  0.277628  -0.0296928  4
1800  102256  0.234315  0.0510212  0.685866  0.274248  -0.0576796  4
1900  102262  0.230125  0.0530176  0.689364  0.273936  -0.0378647  4
2000  102094  0.227418  0.0490409  0.695423  0.27824  -0.0537786  4
2100  103126  0.228034  0.0421278  0.689759  0.255574  -0.0504445  4
2200  102716  0.229241  0.0438195  0.683837  0.243323  -0.0647261  4
2300  102626  0.229424  0.0440363  0.685093  0.252104  -0.0651999  4
2400  101232  0.235827  0.0418757  0.680197  0.254045  -0.0641057  4
2500  102106  0.234452  0.0443372  0.682694  0.2526  -0.0669727  4
2600  102142  0.231823  0.0407554  0.683208  0.258875  -0.0644117  4
2700  102054  0.230458  0.0424083  0.683881  0.259574  -0.0942067  4
2800  102854  0.235103  0.0401916  0.68162  0.265329  -0.0644319  4
2900  103101  0.228605  0.0375985  0.683508  0.251847  -0.0313726  4
3000  101499  0.226358  0.0356975  0.682001  0.247115  -0.0279899  4
3100  102034  0.21924  0.0327955  0.683471  0.248465  -0.0258262  4
3200  101883  0.22729  0.0306859  0.681362  0.24965  -0.0258798  4
3300  101782  0.227287  0.0304457  0.68141  0.262518  -0.0615116  4
3400  102531  0.225904  0.0286554  0.683824  0.260369  -0.00363723  4
3500  102373  0.225531  0.0281928  0.681131  0.246579  -0.0197774  4
3600  102998  0.225537  0.0299635  0.680842  0.249943  -0.0345643  4
3700  102606  0.222318  0.0304137  0.684135  0.25016  -0.0655615  4
3800  102092  0.222484  0.0303257  0.681847  0.247178  -0.0781764  4
3900  102760  0.226317  0.0276625  0.680423  0.247151  -0.074163  4
4000  102007  0.230516  0.0270851  0.676414  0.245196  -0.0591069  4
4100  103252  0.229495  0.0286486  0.676371  0.239414  -0.0421099  4
4200  101717  0.222609  0.0261172  0.673316  0.231246  -0.0577483  4
4300  101967  0.22218  0.0282953  0.674356  0.23049  -0.0842854  4
4400  102104  0.219281  0.0255716  0.680074  0.233666  -0.0419298  4
4500  102967  0.21783  0.0239921  0.684793  0.238427  -0.0481137  4
4600  102763  0.221204  0.0221899  0.682987  0.242285  -0.0240227  4
4700  102850  0.225011  0.0210827  0.684423  0.254546  -0.0233916  4
4800  102128  0.226601  0.0205874  0.678975  0.250546  -0.0368378  4
4900  102576  0.229089  0.0196712  0.675905  0.241531  -0.0486156  4
5000  102627  0.225407  0.0180387  0.676624  0.249044  -0.0373343  4
5100  102377  0.224065  0.0157412  0.672966  0.230114  -0.0323776  4
5200  102117  0.225184  0.0179362  0.668178  0.218225  -0.0465791  4
5300  103515  0.230824  0.0144402  0.668949  0.221057  0.00157888  4
5400  102678  0.228681  0.0157654  0.665696  0.219017  -0.0373444  4
5500  101493  0.229538  0.0162754  0.66357  0.207743  -0.0596617  4
5600  102937  0.226291  0.0131078  0.662191  0.196583  -0.0604105  4
5700  103020  0.227102  0.014918  0.665613  0.189929  -0.0858391  4
5800  102770  0.225142  0.0138414  0.664011  0.18537  -0.0519102  4
5900  102247  0.223803  0.0112895  0.664377  0.182977  -0.0125896  4
6000  104059  0.226649  0.011808  0.664031  0.1869  -0.0310645  4
6100  102204  0.221673  0.0134379  0.666238  0.187017  -0.083327  4
6200  103160  0.223922  0.0134936  0.667895  0.195631  -0.0638315  4
6300  102244  0.226273  0.011967  0.669932  0.210443  -0.0349407  4
6400  103046  0.22619  0.012187  0.671375  0.216048  -0.0195001  4
6500  103530  0.224922  0.00983677  0.671152  0.20531  -0.0425403  4
6600  103029  0.221498  0.0103922  0.673454  0.208648  -0.0438578  4
6700  102340  0.221043  0.0116383  0.677163  0.212691  -0.0476107  4
6800  103038  0.222069  0.0103415  0.675189  0.205016  -0.0634561  4
6900  103392  0.218665  0.0100853  0.672588  0.201265  -0.129738  4
7000  102656  0.218445  0.010194  0.672812  0.209626  -0.104025  4
7100  102606  0.215713  0.0105931  0.671687  0.20522  -0.117939  4
7200  102422  0.217286  0.0101308  0.674382  0.205825  -0.154178  4
7300  102339  0.220559  0.00896308  0.678955  0.222802  -0.149216  4
7400  102022  0.217381  0.00789963  0.676117  0.21651  -0.153556  4
7500  102594  0.219176  0.00659708  0.672578  0.203352  -0.127205  4
7600  102135  0.218647  0.00705785  0.666464  0.186315  -0.133373  4
7700  102700  0.222585  0.00619621  0.660449  0.173121  -0.0751936  4
7800  102716  0.219577  0.00856394  0.664892  0.180944  -0.0930647  4
7900  103298  0.213899  0.0075133  0.667025  0.183177  -0.0955231  4
8000  102749  0.223523  0.00701784  0.663725  0.183155  -0.0869706  4
8100  102694  0.220783  0.00683482  0.662366  0.1711  -0.121316  4
8200  102340  0.219116  0.00417248  0.659607  0.165943  -0.124174  4
8300  102644  0.221904  0.00505507  0.659242  0.157872  -0.153776  4
8400  102633  0.216932  0.00456141  0.65788  0.162075  -0.0972843  4
8500  102192  0.21818  0.00539127  0.660788  0.15908  -0.0973789  4
8600  103256  0.222166  0.00491237  0.658158  0.157377  -0.114619  4
8700  102493  0.218408  0.00558544  0.654967  0.153641  -0.100444  4
8800  102861  0.21715  0.00552846  0.654783  0.149595  -0.0508366  4
8900  102979  0.220442  0.00544647  0.655883  0.14865  -0.0408579  4
9000  103033  0.217071  0.00372805  0.655168  0.144267  -0.0759246  4
9100  102701  0.214981  0.00378056  0.65407  0.140201  -0.0301737  4
9200  102316  0.222099  0.00298255  0.651845  0.133779  -0.0373741  4
9300  103474  0.222641  0.00360227  0.650348  0.127903  -0.0300367  4
9400  103198  0.216189  0.0043613  0.651215  0.127201  -0.0246818  4
9500  103188  0.219562  0.0036238  0.651364  0.127227  -0.00868311  4
9600  103093  0.21958  0.00408724  0.652526  0.129027  -0.00674285  4
9700  103211  0.218148  0.00309391  0.650166  0.127642  -0.0215246  4
9800  103542  0.220364  0.00267069  0.648085  0.120222  -0.0435765  4
9900  103632  0.220118  0.0025881  0.650404  0.130063  -0.015861  4
