t meta_n emi  mean_info  tr1  tr2  tr3  strategy
0  116705  0.099552  0.499486  0.899992  0.000770952  -9.41479e-05  4
100  105192  0.115974  0.646275  0.861455  0.0760338  0.00324563  4
200  105424  0.15685  0.747913  0.824228  0.146455  8.41938e-06  4
300  105577  0.182191  0.768531  0.805239  0.204726  -0.0135709  4
400  105681  0.183355  0.786026  0.805079  0.23141  0.000903614  4
500  105710  0.191789  0.795777  0.80574  0.250459  -0.00545614  4
600  106842  0.198111  0.811874  0.802374  0.249946  -0.0244807  4
700  106250  0.196696  0.815235  0.805633  0.268074  -0.00926952  4
800  105434  0.187551  0.802906  0.813137  0.289551  0.0017449  4
900  105861  0.190603  0.799632  0.813366  0.294405  0.0228974  4
1000  105516  0.183502  0.79656  0.82101  0.300912  0.0259697  4
1100  106075  0.189309  0.79941  0.815621  0.288069  0.0466406  4
1200  106848  0.189736  0.81118  0.817873  0.283003  0.0859155  4
1300  106223  0.187777  0.822617  0.816956  0.287957  0.105178  4
1400  105786  0.183763  0.820574  0.821089  0.286874  0.120417  4
1500  105937  0.182057  0.82779  0.817289  0.291495  0.126243  4
1600  106757  0.189678  0.837513  0.816272  0.284795  0.138601  4
1700  106134  0.188935  0.840594  0.814774  0.287256  0.166683  4
1800  107038  0.185457  0.840618  0.812504  0.290343  0.189381  4
1900  106448  0.194914  0.838924  0.812733  0.286489  0.208197  4
2000  106197  0.191826  0.836829  0.803555  0.271392  0.198498  4
2100  106107  0.190701  0.830931  0.809821  0.276129  0.220932  4
2200  105959  0.185814  0.83374  0.813574  0.275607  0.239437  4
2300  105804  0.183888  0.841656  0.813204  0.270394  0.234703  4
2400  106283  0.187325  0.83879  0.805023  0.256756  0.22937  4
2500  106305  0.183961  0.83937  0.80734  0.261776  0.264532  4
2600  105636  0.180014  0.849621  0.804433  0.262192  0.277989  4
2700  105804  0.182012  0.855212  0.809616  0.269914  0.23032  4
2800  106038  0.186456  0.86599  0.812142  0.273463  0.21999  4
2900  105758  0.181502  0.859698  0.81696  0.275377  0.213121  4
3000  106600  0.18409  0.854154  0.819319  0.28884  0.21769  4
3100  106331  0.17731  0.862342  0.820397  0.282998  0.232359  4
3200  105837  0.17889  0.863619  0.813264  0.273963  0.271924  4
3300  106615  0.18324  0.867002  0.813774  0.267188  0.207237  4
3400  105783  0.16961  0.87188  0.813514  0.26831  0.175021  4
3500  106301  0.178931  0.864205  0.816984  0.276051  0.178688  4
3600  106520  0.179446  0.859817  0.815753  0.273935  0.197442  4
3700  105493  0.174104  0.862743  0.810891  0.266807  0.153336  4
3800  106205  0.177384  0.859106  0.810838  0.257247  0.195639  4
3900  107734  0.184186  0.858371  0.810697  0.252077  0.170759  4
4000  106601  0.177698  0.857193  0.807469  0.239168  0.209582  4
4100  106204  0.175203  0.861263  0.808477  0.234468  0.18036  4
4200  106647  0.175116  0.865718  0.807301  0.223475  0.17473  4
4300  105930  0.180131  0.870969  0.804137  0.218345  0.147842  4
4400  105724  0.172721  0.870022  0.80509  0.222168  0.147504  4
4500  106902  0.177265  0.871641  0.80506  0.210729  0.154901  4
4600  106679  0.179034  0.874213  0.803387  0.209343  0.164519  4
4700  106444  0.170261  0.871385  0.800641  0.198577  0.148846  4
4800  106232  0.174545  0.871028  0.797786  0.197431  0.151331  4
4900  106024  0.173803  0.874423  0.802545  0.193476  0.143495  4
5000  105178  0.167538  0.882452  0.802933  0.195984  0.1307  4
5100  106309  0.172664  0.886695  0.802175  0.191927  0.0998658  4
5200  106556  0.173967  0.887962  0.801182  0.187785  0.125191  4
5300  106888  0.174937  0.88717  0.803695  0.196238  0.102012  4
5400  105768  0.175865  0.882181  0.801421  0.184874  0.0975272  4
5500  106361  0.178745  0.880864  0.798178  0.192403  0.107874  4
5600  106512  0.177351  0.886509  0.799587  0.189275  0.186767  4
5700  107030  0.181795  0.894482  0.79706  0.187065  0.206073  4
5800  106754  0.180756  0.891699  0.795742  0.184809  0.214919  4
5900  106777  0.171654  0.89215  0.798196  0.178661  0.212619  4
6000  105787  0.171354  0.885565  0.796901  0.178569  0.240131  4
6100  106351  0.168975  0.882075  0.796393  0.176019  0.231518  4
6200  106945  0.176962  0.877531  0.796901  0.177217  0.234937  4
6300  107090  0.174476  0.878653  0.797526  0.175086  0.21138  4
6400  105577  0.172035  0.881699  0.795691  0.169874  0.209676  4
6500  106926  0.176297  0.883002  0.795586  0.171279  0.197453  4
6600  105933  0.175979  0.880606  0.793728  0.166047  0.221151  4
6700  105429  0.171129  0.880562  0.790409  0.156121  0.244383  4
6800  107233  0.175026  0.887533  0.791147  0.156554  0.278998  4
6900  106085  0.176573  0.886731  0.792696  0.172051  0.226187  4
7000  106141  0.173955  0.885031  0.794377  0.177209  0.203221  4
7100  107060  0.171812  0.884783  0.796102  0.170578  0.251088  4
7200  106240  0.16993  0.88301  0.794187  0.161848  0.216153  4
7300  105792  0.171388  0.888236  0.794436  0.161945  0.233733  4
7400  105222  0.171282  0.895153  0.792856  0.164848  0.167633  4
7500  105942  0.176123  0.895525  0.795245  0.168335  0.13341  4
7600  106707  0.168947  0.896481  0.793771  0.167725  0.117706  4
7700  105732  0.176  0.897098  0.792364  0.165167  0.105761  4
7800  106162  0.167398  0.89276  0.794311  0.162081  0.0525266  4
7900  107186  0.173555  0.893109  0.792394  0.167923  0.0633623  4
8000  106954  0.174783  0.897456  0.791356  0.156824  0.0558609  4
8100  106195  0.174017  0.89753  0.789111  0.153709  0.0410521  4
8200  107468  0.175316  0.897177  0.788016  0.149568  0.0639665  4
8300  107585  0.170978  0.899902  0.788191  0.146441  0.0397013  4
8400  106546  0.178377  0.89919  0.78727  0.14905  0.0489591  4
8500  105781  0.17645  0.899381  0.787387  0.149204  0.0809409  4
8600  107350  0.175879  0.896772  0.788445  0.154028  0.0676289  4
8700  106875  0.174913  0.902016  0.789616  0.154741  -0.00478243  4
8800  106711  0.172841  0.897138  0.790977  0.1585  -0.0134591  4
8900  105598  0.170421  0.89939  0.789091  0.157941  0.00748948  4
9000  106598  0.176477  0.89689  0.788391  0.15663  0.018521  4
9100  106693  0.17512  0.899156  0.788932  0.152431  0.0765078  4
9200  106594  0.177805  0.898664  0.788958  0.151926  0.0728179  4
9300  106366  0.167669  0.902465  0.790114  0.145072  0.0998871  4
9400  105953  0.165446  0.90705  0.791735  0.144768  0.107022  4
9500  106426  0.171275  0.90889  0.793033  0.147742  0.103589  4
9600  105934  0.164582  0.90923  0.792995  0.151602  0.165223  4
9700  106955  0.170281  0.909174  0.793565  0.151307  0.148526  4
9800  105803  0.169032  0.913476  0.794851  0.158576  0.117133  4
9900  106389  0.175027  0.912502  0.790956  0.15106  0.0895964  4
