t meta_n emi  mean_info  tr1  tr2  tr3  strategy
0  114474  0.101464  0.492639  0.900017  0.000827597  3.88839e-05  4
100  102054  0.10496  0.23557  0.845202  0.0726685  0.00169794  4
200  101764  0.159514  0.143233  0.775332  0.145379  0.0113324  4
300  102706  0.187924  0.108957  0.732596  0.188391  -0.00328643  4
400  103127  0.210244  0.0914754  0.713745  0.216766  0.00742288  4
500  101931  0.221298  0.0840647  0.705586  0.239022  0.01626  4
600  102578  0.219788  0.0816752  0.70822  0.258806  0.0253305  4
700  102762  0.227492  0.07919  0.698875  0.255105  0.00957793  4
800  102025  0.227163  0.0745088  0.698213  0.260494  -0.0169849  4
900  101714  0.224552  0.0722609  0.694831  0.2569  -0.0346279  4
1000  102159  0.227572  0.0698671  0.70097  0.277484  -0.0548857  4
1100  102766  0.234847  0.0691376  0.695817  0.288917  -0.0776524  4
1200  102063  0.234685  0.0700221  0.694186  0.286054  -0.0787334  4
1300  103088  0.233075  0.0634293  0.694806  0.285043  -0.111174  4
1400  102205  0.232141  0.0682851  0.692013  0.285875  -0.0655549  4
1500  101525  0.234576  0.0633759  0.695925  0.290968  -0.0762047  4
1600  102982  0.242917  0.0556772  0.6919  0.301674  -0.0677713  4
1700  103135  0.236424  0.0566355  0.695256  0.299103  -0.0889784  4
1800  102495  0.231465  0.0554713  0.700304  0.307618  -0.0849212  4
1900  103142  0.238297  0.0523733  0.69949  0.308571  -0.0645237  4
2000  103147  0.235457  0.0556529  0.700015  0.310655  -0.0568784  4
2100  102320  0.228294  0.0528787  0.698986  0.308753  -0.0557799  4
2200  102426  0.234447  0.0478395  0.700138  0.298809  -0.0490665  4
2300  103100  0.234037  0.0464508  0.69802  0.297701  -0.065627  4
2400  102857  0.234213  0.0458626  0.694357  0.291419  -0.102825  4
2500  102180  0.229594  0.0430702  0.693044  0.284141  -0.0970039  4
2600  102931  0.238633  0.0456238  0.693854  0.293332  -0.126994  4
2700  103284  0.233957  0.0467481  0.694162  0.302623  -0.152755  4
2800  102296  0.232875  0.0475784  0.696886  0.299562  -0.12359  4
2900  102200  0.232248  0.0487587  0.697074  0.296072  -0.126263  4
3000  102311  0.231378  0.0442428  0.693254  0.291451  -0.140482  4
3100  102677  0.230156  0.0422132  0.69109  0.274815  -0.147882  4
3200  102618  0.224357  0.0379439  0.690491  0.270755  -0.181984  4
3300  102973  0.227432  0.0420114  0.696611  0.286548  -0.178927  4
3400  102430  0.227224  0.0378202  0.692672  0.284387  -0.175833  4
3500  102197  0.229549  0.0377537  0.691407  0.288332  -0.195019  4
3600  102247  0.23071  0.0387068  0.690104  0.279578  -0.218031  4
3700  102953  0.229727  0.0401855  0.690733  0.28211  -0.219251  4
3800  102608  0.230445  0.0372499  0.691645  0.29646  -0.170551  4
3900  102196  0.226768  0.0345811  0.689049  0.286605  -0.155323  4
4000  103159  0.22855  0.0340451  0.694015  0.286777  -0.16836  4
4100  102698  0.225604  0.0336803  0.691716  0.278564  -0.180039  4
4200  102922  0.222391  0.0310458  0.693011  0.272743  -0.174509  4
4300  102972  0.218763  0.030268  0.692129  0.266547  -0.155776  4
4400  102391  0.22105  0.0256235  0.68046  0.252239  -0.117328  4
4500  103072  0.22437  0.0239704  0.682502  0.246707  -0.121115  4
4600  103167  0.225517  0.020223  0.686572  0.253236  -0.138981  4
4700  102754  0.217495  0.0219696  0.69142  0.253153  -0.117841  4
4800  103515  0.218308  0.0217243  0.69159  0.259334  -0.0960999  4
4900  103184  0.214367  0.0217242  0.692424  0.265453  -0.122429  4
5000  101561  0.217352  0.020307  0.69245  0.274849  -0.0681679  4
5100  102290  0.221864  0.0235114  0.689957  0.278773  -0.113461  4
5200  102016  0.219049  0.0231381  0.687421  0.270722  -0.147245  4
5300  103044  0.225711  0.0216255  0.685907  0.27875  -0.141261  4
5400  101889  0.226795  0.0217318  0.680736  0.274979  -0.155608  4
5500  102849  0.222284  0.0190971  0.6843  0.274982  -0.129072  4
5600  102504  0.21767  0.0196942  0.692267  0.29838  -0.112939  4
5700  102757  0.223945  0.0198402  0.69087  0.298553  -0.104069  4
5800  102616  0.223906  0.019621  0.690259  0.292944  -0.113104  4
5900  102493  0.220506  0.0194475  0.692988  0.297236  -0.147658  4
6000  102980  0.222953  0.0189524  0.692822  0.297361  -0.143262  4
6100  103666  0.223527  0.0145033  0.688992  0.293116  -0.179007  4
6200  102297  0.225145  0.0154375  0.687347  0.287451  -0.163023  4
6300  102753  0.221808  0.0154492  0.685821  0.284969  -0.136181  4
6400  102549  0.228654  0.0159395  0.686543  0.284578  -0.161952  4
6500  102163  0.21847  0.0132002  0.686962  0.292551  -0.167362  4
6600  103203  0.226033  0.0143128  0.685099  0.294837  -0.136615  4
6700  102728  0.227419  0.0135209  0.680932  0.282909  -0.147944  4
6800  103044  0.226722  0.013764  0.677528  0.276089  -0.133725  4
6900  102320  0.232048  0.0141762  0.676237  0.286441  -0.159923  4
7000  102601  0.229513  0.012986  0.677154  0.287031  -0.196456  4
7100  102755  0.22736  0.0112512  0.680048  0.302052  -0.202856  4
7200  102540  0.223998  0.0101907  0.681809  0.306584  -0.17096  4
7300  101672  0.225811  0.00809193  0.679402  0.294226  -0.141119  4
7400  102481  0.226335  0.00986534  0.678816  0.290598  -0.13965  4
7500  102195  0.228189  0.00922879  0.675609  0.287831  -0.139267  4
7600  102642  0.22463  0.00792738  0.675636  0.292798  -0.146239  4
7700  102483  0.232249  0.00683642  0.676336  0.287312  -0.128361  4
7800  102650  0.23001  0.00646566  0.676182  0.282631  -0.169444  4
7900  102778  0.227496  0.00593884  0.676883  0.281862  -0.154671  4
8000  102940  0.230669  0.00767275  0.676776  0.281238  -0.142294  4
8100  102446  0.227976  0.00760246  0.675934  0.276377  -0.13873  4
8200  102717  0.223641  0.00712648  0.67582  0.263654  -0.115065  4
8300  104226  0.22203  0.00595631  0.676866  0.258931  -0.138711  4
8400  103017  0.223784  0.00760707  0.674736  0.248144  -0.133894  4
8500  103264  0.223324  0.00674552  0.678256  0.264203  -0.143256  4
8600  101971  0.22522  0.00587876  0.674787  0.263904  -0.145062  4
8700  102733  0.224309  0.00620212  0.679678  0.277468  -0.167135  4
8800  103224  0.222387  0.00672322  0.680054  0.267636  -0.145092  4
8900  102858  0.217883  0.00545257  0.678658  0.270784  -0.138288  4
9000  102466  0.21906  0.00518477  0.676525  0.264048  -0.120525  4
9100  103802  0.22442  0.0057137  0.675015  0.262533  -0.077908  4
9200  102329  0.222072  0.00432608  0.677096  0.269982  -0.0656671  4
9300  103738  0.229304  0.00354294  0.680567  0.283669  -0.0862304  4
9400  102901  0.219952  0.0036007  0.680223  0.281027  -0.113698  4
9500  102526  0.221999  0.003165  0.677982  0.268533  -0.0857926  4
9600  102684  0.223151  0.00385014  0.677641  0.266497  -0.0932547  4
9700  102423  0.220886  0.00490044  0.68113  0.273738  -0.142009  4
9800  102872  0.223718  0.00363353  0.682117  0.276769  -0.151844  4
9900  103173  0.219714  0.00476246  0.683661  0.277628  -0.149287  4
