t meta_n emi  mean_info  tr1  tr2  tr3  strategy
0  115529  0.098608  0.493603  0.900008  0.00073055  -3.86876e-05  4
100  102376  0.100248  0.254611  0.854456  0.0782103  0.00549632  4
200  102881  0.155373  0.151295  0.782093  0.153221  0.00851269  4
300  102899  0.186325  0.109355  0.743202  0.208266  0.0234126  4
400  102266  0.21  0.0940795  0.720701  0.24391  0.0326491  4
500  102080  0.220299  0.0836367  0.708844  0.267498  0.0416057  4
600  102640  0.230684  0.0810097  0.699805  0.276643  0.0267592  4
700  102771  0.230097  0.0758747  0.697557  0.269306  0.0370125  4
800  102404  0.233951  0.0724742  0.693916  0.271541  0.0228708  4
900  102687  0.235803  0.0708972  0.694723  0.267192  0.0361415  4
1000  102632  0.239288  0.0687295  0.68905  0.267647  0.0325146  4
1100  101960  0.241582  0.0632621  0.675245  0.253858  0.0184466  4
1200  101886  0.241431  0.0628592  0.678079  0.255408  0.0261355  4
1300  103505  0.238833  0.0605013  0.682128  0.260883  0.0275346  4
1400  102211  0.238669  0.064812  0.678926  0.259322  0.00331841  4
1500  102457  0.239626  0.061005  0.680757  0.262274  0.0191335  4
1600  102084  0.227957  0.062946  0.686817  0.257104  0.0151108  4
1700  102727  0.234234  0.0635781  0.687683  0.272135  0.0422765  4
1800  102453  0.238554  0.0605052  0.688992  0.279689  0.0434832  4
1900  102539  0.231394  0.0601783  0.695389  0.279779  0.0661132  4
2000  102339  0.23394  0.0573428  0.694601  0.283211  0.0627245  4
2100  102221  0.234039  0.0511988  0.696822  0.30593  0.0756765  4
2200  102479  0.229624  0.0510429  0.695722  0.304901  0.0611209  4
2300  102631  0.232702  0.0507211  0.692194  0.29951  0.0344012  4
2400  102922  0.234679  0.0498149  0.69334  0.294696  0.0410052  4
2500  103014  0.233032  0.0482956  0.686909  0.284855  0.0345456  4
2600  102586  0.230309  0.0472119  0.683374  0.273685  0.0327207  4
2700  101964  0.230842  0.0435677  0.681114  0.268056  -0.00227232  4
2800  102135  0.233849  0.0427142  0.682044  0.276681  -0.0035437  4
2900  101980  0.229426  0.0389785  0.683395  0.278195  -0.0119164  4
3000  102971  0.228881  0.0398895  0.687493  0.281397  0.0381411  4
3100  102671  0.235572  0.0372334  0.684129  0.282078  0.0709204  4
3200  103039  0.237625  0.0373706  0.6786  0.275407  0.0811663  4
3300  102305  0.229832  0.0387896  0.68368  0.276424  0.082312  4
3400  102062  0.232729  0.037065  0.680293  0.27224  0.0835524  4
3500  102578  0.229151  0.0347313  0.681928  0.274426  0.0614564  4
3600  102382  0.233738  0.036199  0.677773  0.278078  0.052376  4
3700  102658  0.236115  0.0369301  0.675227  0.274439  0.0580411  4
3800  103228  0.229887  0.0323639  0.68243  0.2779  0.0554732  4
3900  103365  0.237902  0.0321302  0.677683  0.273132  0.0298356  4
4000  102952  0.235534  0.0314084  0.678739  0.273537  0.0361193  4
4100  103494  0.23476  0.0312473  0.677858  0.267063  0.00823667  4
4200  102310  0.230852  0.0289828  0.678822  0.266496  0.0119558  4
4300  102577  0.229958  0.0261936  0.676677  0.261172  0.0126999  4
4400  102364  0.23156  0.0247598  0.677308  0.257351  -0.0166199  4
4500  103031  0.230866  0.0261323  0.678817  0.265265  0.00106009  4
4600  102473  0.227506  0.0221392  0.679609  0.267632  0.0706767  4
4700  102612  0.231048  0.0224932  0.673338  0.258826  0.076059  4
4800  102578  0.231692  0.0222761  0.674425  0.25457  0.043454  4
4900  102844  0.228104  0.0203574  0.675796  0.26253  0.00876578  4
5000  101675  0.229967  0.0226355  0.672693  0.26007  -0.0324085  4
5100  103243  0.233481  0.0215723  0.67149  0.250392  0.00163616  4
5200  102863  0.227164  0.0200186  0.673608  0.253178  0.00756243  4
5300  103208  0.236592  0.0199475  0.671984  0.25416  -0.0546349  4
5400  102707  0.22989  0.0174997  0.671383  0.262239  -0.089048  4
5500  102383  0.22953  0.0185799  0.668986  0.257582  -0.109839  4
5600  102664  0.234268  0.01877  0.669564  0.266208  -0.103494  4
5700  102680  0.230349  0.0178905  0.66882  0.263144  -0.102387  4
5800  103592  0.233475  0.0176376  0.669544  0.258795  -0.129836  4
5900  103076  0.234696  0.0178982  0.673973  0.268931  -0.122507  4
6000  102229  0.229583  0.0157108  0.672452  0.269006  -0.131596  4
6100  103151  0.231625  0.0158362  0.673438  0.275855  -0.125386  4
6200  103181  0.232519  0.0156095  0.670915  0.268074  -0.0880834  4
6300  102434  0.228496  0.0148978  0.670244  0.259633  -0.0688387  4
6400  103040  0.230886  0.0155043  0.668419  0.255695  -0.0266863  4
6500  101741  0.232488  0.0149686  0.666479  0.256937  -0.00619311  4
6600  102646  0.226883  0.0118607  0.667952  0.254467  0.0152534  4
6700  102572  0.234142  0.0122475  0.667396  0.262845  0.0342754  4
6800  103056  0.237071  0.0120804  0.668138  0.267631  0.0432119  4
6900  103097  0.23677  0.0108717  0.668974  0.272712  0.0690046  4
7000  102868  0.231222  0.0108005  0.67479  0.284757  0.0916635  4
7100  102818  0.225822  0.0104813  0.678101  0.285767  0.119692  4
7200  102045  0.228949  0.00904027  0.673345  0.272653  0.12243  4
7300  102844  0.224936  0.00783208  0.672001  0.261699  0.116652  4
7400  102588  0.230794  0.0081185  0.671684  0.257431  0.104043  4
7500  102702  0.227823  0.00833399  0.672898  0.259702  0.0832169  4
7600  102763  0.228376  0.00870787  0.670714  0.256474  0.0955842  4
7700  103298  0.22619  0.00919538  0.672041  0.255077  0.111926  4
7800  102526  0.224109  0.00645171  0.674434  0.260885  0.114239  4
7900  103101  0.226503  0.00823367  0.672864  0.254691  0.0909877  4
8000  102690  0.220219  0.00772842  0.673123  0.24899  0.0419635  4
8100  103417  0.225517  0.00783333  0.670771  0.253062  0.0535301  4
8200  102417  0.222568  0.0092165  0.670997  0.24153  0.0163649  4
8300  102103  0.223366  0.00736631  0.67301  0.239718  0.0803762  4
8400  103200  0.223072  0.00578061  0.67282  0.231646  0.0665248  4
8500  101765  0.217854  0.00601867  0.669454  0.219619  0.0696015  4
8600  102325  0.220143  0.00878437  0.670219  0.224454  0.0803484  4
8700  102740  0.219386  0.00891171  0.67501  0.243438  0.121988  4
8800  102271  0.217696  0.00793724  0.677412  0.254612  0.149318  4
8900  102253  0.229101  0.00748733  0.674455  0.246313  0.145933  4
9000  103954  0.223298  0.00882855  0.675405  0.243821  0.130039  4
9100  103480  0.221375  0.00955664  0.676204  0.250626  0.124758  4
9200  103029  0.221627  0.00824176  0.67516  0.257971  0.14546  4
9300  102246  0.220776  0.00832622  0.676774  0.257018  0.081781  4
9400  103629  0.221084  0.00653831  0.674218  0.246386  0.0867451  4
9500  102894  0.219501  0.00678546  0.672377  0.241071  0.0572164  4
9600  102265  0.219525  0.00608879  0.671056  0.232547  0.0228069  4
9700  102668  0.220926  0.0065312  0.666216  0.225701  0.0558666  4
9800  103565  0.230682  0.0070878  0.664718  0.228426  0.0319877  4
9900  102653  0.22942  0.00704102  0.664068  0.225194  0.0904311  4
