t meta_n emi  mean_info  tr1  tr2  tr3  strategy
0  116826  0.101472  0.498155  0.899954  0.000818951  2.46284e-05  4
100  104185  0.11285  0.509131  0.854391  0.0792532  0.00533563  4
200  103713  0.159521  0.528491  0.796002  0.142261  -0.00312283  4
300  104976  0.19012  0.538805  0.765146  0.195131  -0.00903675  4
400  104000  0.200211  0.524228  0.762939  0.23984  -0.0207729  4
500  103387  0.206503  0.513148  0.76052  0.25782  -0.0435315  4
600  103505  0.205596  0.491433  0.753307  0.261086  -0.027303  4
700  103917  0.204285  0.473041  0.761673  0.299597  -0.0497792  4
800  104274  0.209263  0.469062  0.765463  0.323741  -0.0563126  4
900  104691  0.206941  0.458502  0.767848  0.33845  -0.0461346  4
1000  103143  0.202599  0.464142  0.772829  0.361092  -0.060474  4
1100  104335  0.207249  0.466669  0.773235  0.358899  -0.0664914  4
1200  104107  0.205597  0.46373  0.776777  0.371196  -0.0657054  4
1300  104470  0.210267  0.458794  0.786331  0.404026  -0.0472707  4
1400  104332  0.206921  0.441095  0.787487  0.415988  -0.0705059  4
1500  103354  0.202379  0.432123  0.790556  0.414155  -0.0549412  4
1600  103737  0.209521  0.430243  0.793847  0.424383  -0.100109  4
1700  105073  0.212218  0.421425  0.800047  0.462093  -0.119897  4
1800  104200  0.209646  0.409663  0.795006  0.453257  -0.131155  4
1900  103656  0.202744  0.401033  0.806698  0.470724  -0.0985684  4
2000  104707  0.21129  0.397984  0.812946  0.488934  -0.0960881  4
2100  104226  0.209547  0.400232  0.820757  0.509231  -0.0833763  4
2200  104479  0.204239  0.399979  0.81827  0.504149  -0.0816569  4
2300  103011  0.199744  0.400758  0.820456  0.509842  -0.0824379  4
2400  103515  0.206024  0.391824  0.822048  0.519723  -0.0557477  4
2500  104688  0.209192  0.390851  0.831329  0.552724  -0.0366277  4
2600  104235  0.208331  0.375035  0.841019  0.578934  -0.00872902  4
2700  104252  0.198942  0.363393  0.847085  0.587265  0.0130834  4
2800  104297  0.19896  0.360044  0.849289  0.602776  0.0183864  4
2900  103976  0.207587  0.367179  0.852503  0.615257  -0.0117656  4
3000  104751  0.205199  0.362586  0.858791  0.6283  -0.0512093  4
3100  103963  0.200398  0.367794  0.866017  0.636889  -0.014934  4
3200  105329  0.201221  0.362642  0.868679  0.652573  0.0227841  4
3300  104697  0.198072  0.363124  0.879124  0.668622  0.0354648  4
3400  103764  0.194997  0.360106  0.886644  0.686917  0.0298457  4
3500  104361  0.195834  0.357834  0.898474  0.715223  0.0571281  4
3600  105206  0.195867  0.370109  0.906841  0.73114  0.0551556  4
3700  104116  0.189535  0.375471  0.915673  0.749307  0.0712765  4
3800  105405  0.19813  0.373595  0.921012  0.764097  0.127988  4
3900  104575  0.194294  0.372129  0.926326  0.776316  0.120484  4
4000  104914  0.193862  0.360941  0.928669  0.788518  0.13586  4
4100  104370  0.196088  0.35962  0.933766  0.80091  0.0922948  4
4200  105120  0.20349  0.354788  0.938653  0.818788  0.0767477  4
4300  103590  0.18812  0.341939  0.952214  0.836285  0.0482596  4
4400  104594  0.199536  0.342499  0.954458  0.837552  0.0811506  4
4500  104035  0.184497  0.333713  0.955231  0.842332  0.0479219  4
4600  104056  0.186468  0.34293  0.955674  0.841551  0.0426166  4
4700  105056  0.189188  0.345505  0.964129  0.866318  0.034483  4
4800  104427  0.189962  0.349506  0.968132  0.874963  0.000676491  4
4900  105341  0.191332  0.343605  0.972869  0.883543  0.00517208  4
5000  105822  0.202674  0.340537  0.975206  0.891844  0.00235791  4
5100  104314  0.186266  0.33754  0.979676  0.900752  0.0232631  4
5200  104566  0.195564  0.324867  0.979689  0.900198  0.0686065  4
5300  104534  0.192236  0.325397  0.981865  0.904555  0.0535446  4
5400  103968  0.194402  0.318945  0.986353  0.911962  0.0791429  4
5500  104282  0.189956  0.319946  0.988441  0.912784  0.0546278  4
5600  104293  0.187327  0.319292  0.991312  0.922168  0.0749845  4
5700  104619  0.19155  0.327062  0.991271  0.923089  0.0753151  4
5800  104023  0.192228  0.327482  0.990858  0.927724  -0.00420982  4
5900  105399  0.191252  0.331907  0.997082  0.932137  -0.0343631  4
6000  104124  0.184182  0.325565  1.00307  0.946497  -0.0812173  4
6100  103913  0.188069  0.32186  1.00343  0.950233  -0.0676509  4
6200  104840  0.188992  0.317577  1.00789  0.957015  -0.0833282  4
6300  104669  0.196961  0.320373  1.00372  0.952622  -0.058469  4
6400  105741  0.194943  0.32119  1.00361  0.951915  -0.092096  4
6500  105201  0.195862  0.320744  1.0051  0.954025  -0.089139  4
6600  105585  0.190191  0.321136  1.00923  0.960182  -0.0867099  4
6700  105031  0.18857  0.323554  1.01201  0.966369  -0.0837608  4
6800  104820  0.191257  0.314543  1.01394  0.970936  -0.11651  4
6900  104403  0.194002  0.315841  1.01402  0.973263  -0.0879868  4
7000  104360  0.184258  0.322539  1.01691  0.975883  -0.0333767  4
7100  104202  0.190258  0.322553  1.01565  0.973194  -0.0336314  4
7200  104548  0.191762  0.315194  1.01627  0.973118  -0.0497969  4
7300  105529  0.189524  0.316213  1.01649  0.970994  -0.0549678  4
7400  104556  0.183697  0.314776  1.01683  0.973176  -0.0758207  4
7500  105407  0.190272  0.322183  1.01885  0.975476  -0.00421265  4
7600  104408  0.180688  0.324752  1.02048  0.979673  -0.00940186  4
7700  105417  0.193906  0.323098  1.02304  0.983261  0.00923657  4
7800  104722  0.186971  0.325435  1.02508  0.98307  0.0649826  4
7900  105664  0.1865  0.32292  1.02651  0.98504  0.0781071  4
8000  105191  0.188296  0.324494  1.02671  0.98533  0.100315  4
8100  104932  0.184768  0.325649  1.02516  0.98502  0.128166  4
8200  104434  0.176859  0.324044  1.0248  0.985357  0.110305  4
8300  105233  0.187688  0.320382  1.02564  0.986564  0.127876  4
8400  104935  0.1861  0.317243  1.026  0.990596  0.19624  4
8500  105220  0.188107  0.316592  1.02681  0.990274  0.168179  4
8600  104157  0.183646  0.320154  1.02783  0.992551  0.160736  4
8700  104899  0.189757  0.320883  1.0282  0.99294  0.155525  4
8800  104500  0.191778  0.317299  1.02811  0.993546  0.153804  4
8900  105102  0.189326  0.315152  1.02759  0.99314  0.161979  4
9000  104835  0.186707  0.314373  1.02781  0.993129  0.212848  4
9100  104993  0.190061  0.312447  1.02686  0.992605  0.272747  4
9200  104981  0.191365  0.31237  1.02902  0.994803  0.266389  4
9300  104286  0.188831  0.310995  1.0276  0.993706  0.250324  4
9400  104597  0.185152  0.311961  1.02756  0.9935  0.209218  4
9500  105398  0.183818  0.310891  1.02823  0.994561  0.230457  4
9600  104735  0.18987  0.315636  1.02746  0.994255  0.266129  4
9700  103979  0.190147  0.315085  1.02808  0.995205  0.295947  4
9800  105538  0.18844  0.31305  1.02982  0.995673  0.280161  4
9900  105551  0.190317  0.309062  1.02964  0.996247  0.240867  4
