t meta_n emi  mean_info  tr1  tr2  tr3  strategy
0  114919  0.099696  0.491347  0.900092  0.000821203  -3.65042e-05  4
100  101845  0.10457  0.183417  0.848717  0.0780708  -0.00158875  4
200  101955  0.156595  0.0983652  0.774937  0.146079  -0.000783691  4
300  103170  0.190496  0.0748471  0.732682  0.19293  -0.00498606  4
400  102809  0.213403  0.06104  0.709415  0.221139  0.0169474  4
500  102447  0.219803  0.0549658  0.697006  0.224991  0.0121789  4
600  102029  0.229813  0.059108  0.688001  0.236029  0.0137597  4
700  102196  0.234473  0.0521576  0.686414  0.257161  0.0152809  4
800  103059  0.244864  0.0529634  0.678069  0.25112  -0.000416526  4
900  102035  0.239844  0.050004  0.678598  0.255529  -0.00682375  4
1000  102405  0.242765  0.0475677  0.68046  0.256708  -0.0367254  4
1100  101661  0.239817  0.0457196  0.682116  0.264333  -0.0171049  4
1200  103073  0.235579  0.0464858  0.688626  0.266595  -0.000212453  4
1300  103141  0.234711  0.0435973  0.685871  0.266462  0.0145079  4
1400  102761  0.233177  0.043049  0.686264  0.269569  0.0419216  4
1500  102150  0.23823  0.0441571  0.68552  0.276427  0.0161954  4
1600  101614  0.228958  0.0381105  0.692187  0.273645  0.0382848  4
1700  102703  0.235362  0.0388852  0.691542  0.284967  0.0398419  4
1800  102562  0.230968  0.0389067  0.694314  0.290044  0.050891  4
1900  102191  0.235521  0.0388129  0.688487  0.286901  0.0431354  4
2000  102631  0.231807  0.0334272  0.687543  0.281882  -0.00226826  4
2100  102529  0.228701  0.033958  0.689917  0.269175  -0.00612342  4
2200  101725  0.225751  0.0348848  0.690872  0.285075  0.0249229  4
2300  102234  0.229556  0.0331487  0.691605  0.285333  -0.0116112  4
2400  102533  0.234224  0.030801  0.688477  0.282422  0.00414906  4
2500  102653  0.232617  0.0313723  0.688059  0.293017  -0.00143708  4
2600  102150  0.234306  0.0299445  0.685201  0.289378  -0.0205866  4
2700  102877  0.234671  0.0281939  0.686208  0.281993  -0.0745528  4
2800  102533  0.229032  0.0258294  0.687166  0.278399  -0.107094  4
2900  103775  0.229681  0.027427  0.685882  0.270964  -0.0931011  4
3000  102142  0.230928  0.0272509  0.68228  0.275903  -0.113666  4
3100  103082  0.23216  0.0274917  0.683907  0.292304  -0.106443  4
3200  101582  0.234093  0.0237041  0.681372  0.287881  -0.101317  4
3300  102163  0.228984  0.0214579  0.684149  0.291299  -0.0923606  4
3400  101741  0.237401  0.0232626  0.68458  0.298239  -0.133675  4
3500  102592  0.233751  0.0215258  0.680865  0.2896  -0.0735169  4
3600  102377  0.232807  0.0208725  0.680918  0.288348  -0.0653736  4
3700  102586  0.234845  0.0218851  0.67985  0.285176  -0.0493842  4
3800  102948  0.23453  0.0215645  0.67851  0.276213  -0.0345729  4
3900  103467  0.237205  0.018878  0.677836  0.27688  -0.0170207  4
4000  102849  0.232385  0.0179937  0.674371  0.265241  -0.022547  4
4100  102445  0.23466  0.0184314  0.673329  0.255742  0.0175007  4
4200  102380  0.235744  0.0182258  0.668764  0.254744  0.0160202  4
4300  102127  0.23036  0.0190742  0.665986  0.24496  0.0516978  4
4400  102514  0.230677  0.0170627  0.667644  0.23967  0.0712205  4
4500  101996  0.235782  0.016987  0.665517  0.243387  0.0595962  4
4600  102944  0.235142  0.0157488  0.667365  0.252753  0.0402336  4
4700  101583  0.231324  0.0147222  0.663339  0.24156  -0.00775317  4
4800  102406  0.239595  0.0150962  0.661004  0.235808  -0.00222472  4
4900  102272  0.236336  0.0142861  0.664909  0.236606  0.0354222  4
5000  103232  0.235347  0.0129781  0.661392  0.227427  0.0600667  4
5100  102456  0.233917  0.0112462  0.66498  0.232959  0.0818102  4
5200  102069  0.23639  0.0115202  0.666827  0.237083  0.0940487  4
5300  102695  0.227985  0.0131841  0.665888  0.227139  0.102884  4
5400  102906  0.227035  0.0121973  0.666536  0.222996  0.105959  4
5500  102677  0.224198  0.0111419  0.668972  0.228213  0.107206  4
5600  102146  0.226336  0.011232  0.66809  0.225655  0.101861  4
5700  102977  0.227753  0.0102898  0.667366  0.225878  0.106959  4
5800  102540  0.227001  0.00866223  0.669296  0.23354  0.0867432  4
5900  102657  0.224649  0.00950528  0.669674  0.220134  0.0567491  4
6000  101918  0.224185  0.00933378  0.664665  0.208269  0.0820038  4
6100  102671  0.230791  0.00990384  0.662939  0.205077  0.065889  4
6200  101776  0.225665  0.00869163  0.661297  0.213212  0.0688764  4
6300  103817  0.227973  0.00837044  0.658649  0.19659  0.107752  4
6400  102715  0.225036  0.00914513  0.658722  0.197855  0.0956752  4
6500  102463  0.227514  0.00860923  0.660207  0.207257  0.127014  4
6600  103152  0.227128  0.008313  0.658348  0.198272  0.149482  4
6700  102904  0.225094  0.00852234  0.656375  0.180765  0.168173  4
6800  103098  0.227549  0.00736804  0.658196  0.185232  0.19929  4
6900  102314  0.219663  0.00794868  0.657707  0.181449  0.214528  4
7000  102508  0.225913  0.00798047  0.657795  0.173258  0.200896  4
7100  102712  0.221832  0.00713277  0.657843  0.169117  0.183976  4
7200  102910  0.223583  0.00746065  0.657166  0.160254  0.187813  4
7300  102836  0.22153  0.00636431  0.6557  0.160585  0.19741  4
7400  102097  0.220847  0.00656729  0.657093  0.159181  0.241164  4
7500  102707  0.224511  0.00622268  0.656004  0.163678  0.249318  4
7600  102982  0.221348  0.00460019  0.653709  0.159909  0.287034  4
7700  103319  0.222176  0.00601101  0.656265  0.164316  0.280798  4
7800  102436  0.224419  0.00473139  0.655063  0.16377  0.279589  4
7900  103034  0.228077  0.00458966  0.653014  0.169065  0.327165  4
8000  102354  0.222947  0.00517266  0.653751  0.173016  0.323173  4
8100  103826  0.227664  0.00404556  0.653797  0.172807  0.342982  4
8200  102769  0.222276  0.0039832  0.654049  0.167517  0.354379  4
8300  102335  0.225431  0.00341369  0.651835  0.160998  0.370516  4
8400  102739  0.223603  0.00370235  0.650972  0.156205  0.36913  4
8500  102931  0.225166  0.00418886  0.647815  0.145228  0.369911  4
8600  103165  0.222733  0.00416667  0.645121  0.136075  0.367086  4
8700  103443  0.222223  0.00365405  0.645926  0.13458  0.390274  4
8800  102797  0.220827  0.0028446  0.646173  0.12544  0.382156  4
8900  102396  0.22563  0.0026698  0.646539  0.125377  0.426695  4
9000  103036  0.222624  0.00314418  0.646665  0.124757  0.434231  4
9100  101948  0.219213  0.00370477  0.648099  0.121141  0.385364  4
9200  103241  0.219199  0.0035949  0.64756  0.122291  0.413881  4
9300  102227  0.221004  0.00322403  0.648076  0.125128  0.410557  4
9400  102159  0.218318  0.00334789  0.650013  0.128062  0.417481  4
9500  102963  0.222945  0.0027538  0.648139  0.123309  0.444268  4
9600  102998  0.22381  0.00282293  0.647851  0.123874  0.433392  4
9700  102005  0.217626  0.00298767  0.649281  0.124029  0.425626  4
9800  103608  0.21778  0.00409767  0.649064  0.126823  0.452597  4
9900  101680  0.217087  0.00373099  0.649415  0.126836  0.443693  4
