t meta_n emi  mean_info  tr1  tr2  tr3  strategy
0  115406  0.10104  0.496367  0.899995  0.000820434  -1.1509e-05  4
100  102269  0.102425  0.317861  0.853552  0.0777925  -0.00719847  4
200  102681  0.157015  0.219905  0.779365  0.144323  0.00934949  4
300  102422  0.189607  0.172237  0.739762  0.1863  0.0230903  4
400  102039  0.201265  0.145969  0.721669  0.218396  0.0157248  4
500  101748  0.21989  0.125765  0.707177  0.24105  0.0561978  4
600  102868  0.225506  0.114236  0.706005  0.266489  0.0613976  4
700  101702  0.225029  0.112398  0.709602  0.285413  0.0670675  4
800  101636  0.230171  0.113628  0.708577  0.294164  0.10992  4
900  101917  0.236428  0.109608  0.711032  0.319074  0.0766144  4
1000  102820  0.230343  0.111859  0.715903  0.320428  0.0903459  4
1100  102727  0.229472  0.110455  0.718198  0.320156  0.0776126  4
1200  101190  0.231557  0.111185  0.71734  0.322345  0.0625973  4
1300  102881  0.230857  0.107675  0.725609  0.34629  0.0568397  4
1400  104224  0.22853  0.110376  0.729848  0.358507  0.0352762  4
1500  102507  0.230149  0.101491  0.724748  0.365822  0.0487462  4
1600  103014  0.232646  0.100387  0.726273  0.3577  0.0660251  4
1700  102409  0.232196  0.0983876  0.719222  0.345388  0.0825276  4
1800  102737  0.228088  0.102348  0.72421  0.343645  0.0891504  4
1900  102791  0.230478  0.0994  0.72436  0.354604  0.100894  4
2000  103096  0.235034  0.101647  0.727392  0.371389  0.0943134  4
2100  103098  0.228169  0.101441  0.72578  0.366953  0.122296  4
2200  103490  0.229181  0.0991625  0.7289  0.378817  0.120596  4
2300  102057  0.229484  0.099595  0.729689  0.374535  0.0964755  4
2400  103065  0.233996  0.0965707  0.722185  0.369796  0.090497  4
2500  102620  0.227597  0.0957401  0.718309  0.356228  0.0590287  4
2600  102642  0.230857  0.09044  0.719804  0.355299  0.0809712  4
2700  103108  0.226779  0.0877589  0.723326  0.359554  0.103725  4
2800  103062  0.224748  0.0841081  0.717022  0.339586  0.0596398  4
2900  103132  0.230429  0.0847905  0.723728  0.356913  0.10986  4
3000  102192  0.222121  0.0863933  0.726464  0.352993  0.111305  4
3100  103322  0.226176  0.083518  0.728907  0.352382  0.115018  4
3200  102102  0.223036  0.0849246  0.72252  0.343028  0.076219  4
3300  102838  0.219448  0.0767603  0.723267  0.341494  0.0772137  4
3400  102683  0.227685  0.0802135  0.720857  0.349659  0.0818826  4
3500  103014  0.222214  0.0803107  0.723347  0.34595  0.0764561  4
3600  103949  0.225381  0.0814882  0.727775  0.357919  0.10415  4
3700  102599  0.218621  0.0846587  0.737748  0.372488  0.100202  4
3800  102486  0.217194  0.0829081  0.731819  0.361091  0.0408486  4
3900  102802  0.216609  0.0830113  0.733624  0.369813  0.0402137  4
4000  102180  0.219009  0.0747847  0.734012  0.375994  0.0184363  4
4100  103518  0.223421  0.0725476  0.729117  0.375315  -0.035696  4
4200  102595  0.223497  0.0713431  0.732007  0.380379  -0.0096537  4
4300  103189  0.219935  0.0668187  0.730696  0.382255  -0.0329526  4
4400  102538  0.225181  0.0715941  0.731388  0.387797  -0.0168484  4
4500  102743  0.231956  0.0697236  0.732932  0.394478  0.0219783  4
4600  103430  0.22512  0.0709595  0.73757  0.405898  0.00571446  4
4700  102841  0.224727  0.0697029  0.739913  0.416078  0.0261761  4
4800  103253  0.226942  0.0712215  0.746672  0.426265  -0.0122142  4
4900  101979  0.221383  0.0683572  0.747102  0.420101  0.0167782  4
5000  102723  0.224388  0.0707347  0.747744  0.421631  0.00357652  4
5100  102355  0.220022  0.0737397  0.74722  0.417078  0.0122523  4
5200  102529  0.220248  0.075342  0.752507  0.430489  -0.0374899  4
5300  102640  0.218146  0.077533  0.748822  0.423367  -0.0580535  4
5400  103005  0.225446  0.0827647  0.754312  0.428606  -0.0633667  4
5500  102797  0.220747  0.0809501  0.752888  0.425477  -0.0576812  4
5600  103778  0.219522  0.0825731  0.752866  0.422397  -0.0624936  4
5700  103561  0.215453  0.0812676  0.749276  0.408723  -0.121332  4
5800  102974  0.224428  0.0828782  0.74668  0.406005  -0.133902  4
5900  102522  0.215807  0.0791327  0.747393  0.407364  -0.0878538  4
6000  103116  0.216667  0.0781488  0.75012  0.418017  -0.101511  4
6100  103441  0.226724  0.0829241  0.751606  0.422843  -0.0904609  4
6200  102989  0.214586  0.0886867  0.754655  0.436945  -0.12509  4
6300  104358  0.223738  0.0892814  0.753742  0.431719  -0.117446  4
6400  103568  0.22373  0.0857548  0.756062  0.433274  -0.147033  4
6500  102986  0.22042  0.0854957  0.757559  0.433886  -0.126608  4
6600  102932  0.216349  0.0786633  0.754  0.421907  -0.124154  4
6700  102713  0.217327  0.0806979  0.755874  0.427295  -0.111406  4
6800  103345  0.22194  0.0780335  0.74838  0.405936  -0.0860278  4
6900  102548  0.224788  0.0789363  0.75186  0.415387  -0.10231  4
7000  102840  0.21798  0.0784181  0.754088  0.426766  -0.0649606  4
7100  103767  0.229156  0.0856254  0.755443  0.438792  -0.0801532  4
7200  104112  0.224426  0.0847273  0.758931  0.449152  -0.0719276  4
7300  102834  0.221464  0.0861415  0.765217  0.462091  -0.0768378  4
7400  102628  0.216739  0.0856366  0.770271  0.472128  -0.0630818  4
7500  103378  0.218866  0.0869656  0.769301  0.467788  -0.12377  4
7600  103889  0.224875  0.084397  0.766412  0.458033  -0.130476  4
7700  102993  0.223563  0.0814859  0.764176  0.459563  -0.132341  4
7800  103116  0.219539  0.0844511  0.764506  0.467009  -0.115928  4
7900  103314  0.22051  0.0789325  0.761274  0.45433  -0.16339  4
8000  103843  0.222336  0.0786707  0.76277  0.457958  -0.17415  4
8100  103467  0.220478  0.0751659  0.761882  0.457491  -0.186229  4
8200  102848  0.222821  0.0809556  0.763009  0.4599  -0.177611  4
8300  103002  0.219251  0.0829207  0.766182  0.466639  -0.196671  4
8400  103617  0.223846  0.0836899  0.769771  0.474532  -0.191226  4
8500  102831  0.222091  0.0790598  0.767763  0.465772  -0.208433  4
8600  103063  0.218961  0.0854474  0.77282  0.482092  -0.19808  4
8700  102426  0.221151  0.0881529  0.773458  0.483878  -0.177548  4
8800  103322  0.222648  0.0869269  0.773613  0.482796  -0.159409  4
8900  103573  0.223578  0.0780334  0.766327  0.456111  -0.185288  4
9000  104196  0.224  0.0793347  0.765209  0.4498  -0.183652  4
9100  102792  0.219582  0.0877466  0.775372  0.468286  -0.157107  4
9200  103050  0.221372  0.0865854  0.767176  0.450399  -0.170447  4
9300  102978  0.215853  0.087097  0.767514  0.456176  -0.171617  4
9400  103110  0.224818  0.0852491  0.766167  0.457567  -0.195348  4
9500  102843  0.219887  0.0953584  0.77406  0.474578  -0.160507  4
9600  104733  0.225863  0.0861875  0.76521  0.452229  -0.178285  4
9700  104062  0.22443  0.0841325  0.763292  0.446539  -0.176969  4
9800  102615  0.221295  0.0825004  0.758301  0.435111  -0.194033  4
9900  103184  0.220255  0.0788243  0.757002  0.433731  -0.199715  4
