t meta_n emi  mean_info  tr1  tr2  tr3  strategy
0  114860  0.099416  0.497539  0.900023  0.000813913  -2.7872e-05  4
100  103205  0.106891  0.33926  0.858356  0.0889709  0.00216181  4
200  102727  0.155803  0.251297  0.786153  0.1683  -0.0191244  4
300  102602  0.194153  0.198105  0.742398  0.225552  -0.00890345  4
400  102077  0.207416  0.16629  0.72534  0.251111  -0.0163717  4
500  102567  0.212734  0.151949  0.720399  0.268749  -0.0449083  4
600  103043  0.225343  0.143008  0.713256  0.287223  -0.018123  4
700  100969  0.224612  0.132536  0.714967  0.302941  -0.0304089  4
800  102469  0.232842  0.127523  0.716487  0.323827  -0.0179803  4
900  103510  0.228415  0.125477  0.727798  0.336299  0.0128345  4
1000  101880  0.224515  0.125966  0.726702  0.344089  0.0094893  4
1100  102857  0.224638  0.121075  0.725098  0.338963  0.0257084  4
1200  103617  0.223907  0.12265  0.734845  0.349908  -0.00115611  4
1300  103365  0.227842  0.122811  0.731188  0.367295  0.0105239  4
1400  103457  0.228528  0.12386  0.731894  0.356304  -0.0191817  4
1500  102366  0.229458  0.116252  0.727688  0.3577  -0.0191615  4
1600  103673  0.231255  0.116621  0.732893  0.385773  -0.0171231  4
1700  103196  0.226645  0.113132  0.736138  0.377436  0.0146373  4
1800  102285  0.226973  0.121188  0.73558  0.38986  0.0217737  4
1900  103054  0.23096  0.120227  0.73276  0.379739  0.0405508  4
2000  102289  0.226108  0.116152  0.732439  0.378077  0.0682196  4
2100  102830  0.229092  0.110696  0.73442  0.389542  0.0323119  4
2200  102457  0.230113  0.115688  0.736682  0.392595  0.0450208  4
2300  103830  0.232329  0.112809  0.732743  0.392871  0.064331  4
2400  103623  0.237545  0.112364  0.731918  0.395815  0.0524372  4
2500  102799  0.229928  0.116101  0.741912  0.414103  0.0488829  4
2600  102493  0.22636  0.114039  0.750294  0.431126  0.0376898  4
2700  102096  0.229061  0.114735  0.754821  0.444848  0.0468891  4
2800  103155  0.228353  0.116654  0.7522  0.441859  0.0397667  4
2900  102974  0.22333  0.122911  0.753818  0.451414  0.00115005  4
3000  103355  0.236052  0.128286  0.75307  0.452146  -0.0101863  4
3100  102721  0.230191  0.11879  0.746331  0.436013  -0.0178687  4
3200  102755  0.22922  0.115309  0.748011  0.433693  0.0384305  4
3300  103294  0.229268  0.117993  0.746336  0.418016  0.0797865  4
3400  103072  0.219229  0.111614  0.745978  0.414453  0.122436  4
3500  103287  0.229174  0.11749  0.751642  0.428123  0.0917022  4
3600  103361  0.223098  0.119741  0.750953  0.420729  0.0789575  4
3700  101975  0.227887  0.111457  0.742552  0.407558  0.0944822  4
3800  102371  0.225302  0.111792  0.746136  0.407111  0.0853228  4
3900  102668  0.226018  0.10697  0.74186  0.387214  0.0929046  4
4000  102617  0.224734  0.111798  0.738739  0.383988  0.0814089  4
4100  103357  0.227655  0.11193  0.745883  0.395596  0.0635634  4
4200  101780  0.221924  0.115822  0.747434  0.395328  0.0287883  4
4300  102767  0.22514  0.117926  0.750518  0.402302  0.0507383  4
4400  103861  0.226029  0.117406  0.752048  0.412838  0.0988118  4
4500  102965  0.223678  0.120145  0.75655  0.419465  0.0835293  4
4600  102674  0.220848  0.118053  0.758262  0.419385  0.0744937  4
4700  104011  0.223641  0.10847  0.752592  0.401569  0.0741368  4
4800  102778  0.222937  0.116017  0.758233  0.416081  0.098814  4
4900  103230  0.225045  0.116637  0.762126  0.429866  0.106877  4
5000  102536  0.229558  0.118368  0.763924  0.444606  0.134292  4
5100  102090  0.223393  0.11784  0.765238  0.450561  0.182029  4
5200  103147  0.227297  0.113395  0.765283  0.451238  0.218121  4
5300  102814  0.222173  0.108694  0.765778  0.45562  0.253621  4
5400  102230  0.21628  0.0986248  0.767503  0.453093  0.248615  4
5500  103761  0.22307  0.108871  0.773384  0.469236  0.22107  4
5600  103573  0.228147  0.107976  0.767924  0.453035  0.262213  4
5700  103004  0.223604  0.113716  0.778481  0.482742  0.179317  4
5800  102585  0.228796  0.111106  0.775987  0.474186  0.123864  4
5900  103287  0.22608  0.100441  0.770636  0.457018  0.143645  4
6000  102105  0.223002  0.105998  0.775336  0.475271  0.157792  4
6100  103318  0.220888  0.104128  0.78001  0.481558  0.144108  4
6200  103263  0.220644  0.10451  0.775511  0.466194  0.160015  4
6300  102739  0.224271  0.10176  0.773952  0.458378  0.163222  4
6400  103329  0.2281  0.104426  0.780416  0.476533  0.158867  4
6500  103580  0.228703  0.0994606  0.776925  0.465191  0.174779  4
6600  102658  0.220111  0.102101  0.777886  0.46002  0.152819  4
6700  103421  0.22557  0.112111  0.789635  0.494181  0.0884808  4
6800  103079  0.225667  0.114739  0.792807  0.500528  0.0764771  4
6900  102896  0.216021  0.112432  0.791429  0.499131  0.0544854  4
7000  102199  0.224117  0.11476  0.788209  0.491827  -0.0134842  4
7100  102601  0.227402  0.110686  0.785019  0.483776  -0.0253915  4
7200  103353  0.22538  0.104842  0.78323  0.479621  -0.0632087  4
7300  103367  0.224981  0.113165  0.780636  0.46975  -0.0716198  4
7400  102741  0.227215  0.113103  0.78541  0.478899  -0.0805855  4
7500  103083  0.220994  0.11178  0.78  0.461541  -0.0734556  4
7600  103043  0.223401  0.109453  0.783021  0.471904  -0.0613359  4
7700  102817  0.227182  0.108444  0.785711  0.483166  -0.0890005  4
7800  102909  0.224377  0.111297  0.782275  0.473211  -0.100514  4
7900  103970  0.229479  0.110119  0.776456  0.455046  -0.152631  4
8000  103553  0.229546  0.109855  0.778629  0.463074  -0.168731  4
8100  102895  0.228687  0.108224  0.777178  0.454777  -0.183522  4
8200  103065  0.225628  0.117747  0.781615  0.468913  -0.113344  4
8300  103734  0.224254  0.113035  0.782012  0.471389  -0.11228  4
8400  103186  0.228861  0.114475  0.78315  0.470511  -0.149331  4
8500  102882  0.226947  0.110951  0.780706  0.465089  -0.0910564  4
8600  103637  0.226605  0.115866  0.785112  0.478374  -0.155378  4
8700  102946  0.227509  0.113188  0.782355  0.470626  -0.163992  4
8800  103237  0.22376  0.113603  0.779662  0.461761  -0.141166  4
8900  102891  0.226254  0.117641  0.77458  0.445777  -0.172249  4
9000  102758  0.220907  0.107444  0.771603  0.43253  -0.116865  4
9100  103229  0.224559  0.114928  0.781394  0.461422  -0.136134  4
9200  104090  0.22759  0.115415  0.788622  0.480468  -0.137016  4
9300  103768  0.225777  0.119226  0.789619  0.487191  -0.111804  4
9400  103695  0.227585  0.116612  0.786599  0.481097  -0.153077  4
9500  103611  0.225014  0.110502  0.781736  0.460008  -0.114478  4
9600  103809  0.2266  0.115731  0.786203  0.468799  -0.1125  4
9700  103316  0.222541  0.103685  0.776939  0.444929  -0.0516903  4
9800  103530  0.220052  0.106416  0.778331  0.451671  -0.055179  4
9900  104019  0.229784  0.111675  0.781581  0.460123  -0.074471  4
