t meta_n emi  mean_info  tr1  tr2  tr3  strategy
0  117065  0.100736  0.500965  0.900165  0.000773877  -9.68055e-05  4
100  105528  0.119053  0.644144  0.863276  0.082293  -0.00962893  4
200  105890  0.160768  0.742647  0.822951  0.158669  -0.0155203  4
300  106377  0.175313  0.779707  0.807467  0.194915  -0.0219885  4
400  106428  0.191105  0.801713  0.799633  0.226155  -0.0147657  4
500  106149  0.190919  0.801391  0.803212  0.248442  -0.0195737  4
600  105906  0.200049  0.795735  0.798592  0.267128  0.00193898  4
700  105513  0.192757  0.789796  0.804588  0.276656  -0.0175483  4
800  104424  0.192522  0.800466  0.805371  0.283866  -0.0228172  4
900  104902  0.194317  0.805643  0.80181  0.279378  0.0106164  4
1000  105702  0.189173  0.795879  0.806142  0.279445  -0.000691188  4
1100  106043  0.189035  0.792872  0.804434  0.280588  -0.00726157  4
1200  106357  0.187417  0.807003  0.816626  0.298472  -0.016008  4
1300  105995  0.18974  0.801263  0.815585  0.308018  -0.0286819  4
1400  105441  0.188682  0.810926  0.811153  0.288671  -0.0391463  4
1500  105746  0.182342  0.809082  0.80964  0.271328  -0.00651614  4
1600  105679  0.183992  0.822136  0.813117  0.278632  -0.00997863  4
1700  107401  0.19063  0.822164  0.814397  0.288814  -0.0238883  4
1800  105874  0.18014  0.81863  0.815493  0.283856  -0.0113751  4
1900  105746  0.188187  0.814349  0.819169  0.291849  -0.0215272  4
2000  105693  0.184095  0.821139  0.81653  0.28015  0.0208173  4
2100  105839  0.179556  0.815805  0.814168  0.273582  0.0324125  4
2200  105448  0.188514  0.811278  0.809761  0.278941  0.0489975  4
2300  105875  0.181857  0.823369  0.808901  0.271677  0.0352059  4
2400  105378  0.176988  0.828154  0.807776  0.267458  0.0244181  4
2500  106027  0.186779  0.828217  0.811819  0.282547  0.045246  4
2600  105693  0.181491  0.814316  0.810237  0.28304  0.0397433  4
2700  106033  0.179388  0.820892  0.81084  0.280929  0.0602102  4
2800  106326  0.177673  0.815494  0.815575  0.283686  0.0646192  4
2900  106111  0.180295  0.816055  0.815838  0.287171  0.0503616  4
3000  106308  0.176715  0.81625  0.810844  0.279101  0.0385503  4
3100  105691  0.179189  0.812191  0.808092  0.272759  0.0351092  4
3200  105965  0.179293  0.818955  0.810632  0.277826  -0.00705576  4
3300  106507  0.184338  0.808431  0.805653  0.27555  -0.0172193  4
3400  106225  0.184803  0.809083  0.806266  0.27786  -0.0137865  4
3500  105205  0.178723  0.801718  0.806333  0.268971  -0.0351744  4
3600  105934  0.179581  0.80868  0.806725  0.264619  -0.0295324  4
3700  105979  0.177817  0.812208  0.805627  0.254537  -0.0136543  4
3800  105631  0.180618  0.817063  0.807964  0.265502  0.00481886  4
3900  105499  0.172708  0.821624  0.80522  0.259649  0.0158953  4
4000  105505  0.173119  0.824672  0.804254  0.267431  -0.00589476  4
4100  106243  0.184548  0.837563  0.801876  0.260235  -0.00587944  4
4200  105781  0.177362  0.844988  0.803611  0.259792  -0.0359397  4
4300  105792  0.179325  0.844973  0.804145  0.257925  -0.0619463  4
4400  106362  0.183443  0.851382  0.8058  0.261737  -0.0546213  4
4500  105993  0.177192  0.850896  0.803317  0.256756  -0.0131485  4
4600  106003  0.176575  0.851613  0.804311  0.249512  0.00145776  4
4700  106025  0.176775  0.85096  0.802844  0.245899  -0.00349572  4
4800  106340  0.177196  0.849191  0.807678  0.261745  0.0106308  4
4900  105769  0.175131  0.847152  0.804485  0.259343  -0.0139992  4
5000  105993  0.181335  0.846697  0.800742  0.25731  -0.0140672  4
5100  106572  0.180183  0.845921  0.801627  0.259981  0.00645504  4
5200  106365  0.180088  0.848737  0.800732  0.257239  -0.0257868  4
5300  105592  0.176987  0.846048  0.801423  0.25328  -0.0285511  4
5400  105886  0.179589  0.844347  0.80164  0.251952  -0.00471101  4
5500  106843  0.178544  0.844495  0.802175  0.257152  -0.00906824  4
5600  105855  0.172883  0.85138  0.803494  0.262022  0.00993379  4
5700  107374  0.178138  0.849323  0.803323  0.253128  0.0413237  4
5800  106282  0.174665  0.847846  0.804366  0.250832  0.0649653  4
5900  106241  0.174491  0.842881  0.799658  0.235545  0.0954144  4
6000  105564  0.177545  0.840246  0.800318  0.227704  0.12385  4
6100  105722  0.171181  0.850218  0.800917  0.228218  0.115196  4
6200  105599  0.172338  0.851812  0.80002  0.227811  0.133368  4
6300  106122  0.180151  0.847168  0.798789  0.235486  0.144037  4
6400  106408  0.178055  0.847309  0.799548  0.242737  0.163505  4
6500  106285  0.178052  0.851845  0.794979  0.242774  0.138024  4
6600  105520  0.176165  0.841956  0.794572  0.231266  0.140079  4
6700  106365  0.172951  0.839849  0.796953  0.227467  0.130909  4
6800  106281  0.176339  0.838332  0.795161  0.226647  0.0910806  4
6900  106450  0.175103  0.839403  0.795055  0.220187  0.081468  4
7000  106063  0.175027  0.834194  0.793386  0.216957  0.0730837  4
7100  106588  0.176234  0.840479  0.79154  0.21147  0.0960545  4
7200  105716  0.179895  0.839061  0.790401  0.209776  0.115661  4
7300  106452  0.177252  0.840755  0.790975  0.212931  0.072759  4
7400  107045  0.176084  0.84676  0.791539  0.217588  0.0502072  4
7500  106385  0.17147  0.837055  0.794686  0.221006  0.0629349  4
7600  107127  0.1813  0.838321  0.795141  0.230427  0.0420838  4
7700  105809  0.174499  0.832037  0.79675  0.227918  0.0193549  4
7800  106022  0.175494  0.829118  0.795574  0.225023  -0.0233862  4
7900  106513  0.173234  0.829871  0.796169  0.229163  -0.0166783  4
8000  106801  0.172734  0.825656  0.798017  0.229083  -0.010303  4
8100  106218  0.174793  0.823923  0.795971  0.228392  -0.0240115  4
8200  106897  0.171848  0.82316  0.79724  0.220003  -0.0528153  4
8300  106242  0.171544  0.825195  0.798176  0.221836  -0.0161961  4
8400  106189  0.17112  0.814216  0.797871  0.231529  -0.0154522  4
8500  105667  0.173415  0.808697  0.797447  0.23544  -0.020146  4
8600  105698  0.168144  0.804679  0.798855  0.240464  -0.0215617  4
8700  106203  0.172683  0.801218  0.800768  0.240596  0.00160375  4
8800  106287  0.168354  0.80582  0.799239  0.239345  0.0359623  4
8900  106882  0.172511  0.81247  0.801228  0.243193  0.0777994  4
9000  105631  0.167477  0.811737  0.79995  0.24687  0.0357513  4
9100  106618  0.177942  0.810615  0.800621  0.250809  0.0478084  4
9200  106091  0.171892  0.809705  0.802421  0.249958  0.0860175  4
9300  107179  0.17154  0.808277  0.800563  0.238533  0.0685427  4
9400  106567  0.164489  0.802261  0.799356  0.239996  0.0641173  4
9500  107008  0.172034  0.794495  0.800269  0.240349  0.0765866  4
9600  105858  0.16585  0.789752  0.801324  0.24085  0.0802611  4
9700  106539  0.169689  0.789519  0.800252  0.237615  0.0718719  4
9800  105832  0.164581  0.798052  0.799404  0.23081  0.0781523  4
9900  106263  0.168059  0.798774  0.799968  0.229165  0.119481  4
