t meta_n emi  mean_info  tr1  tr2  tr3  strategy
0  113448  0.09892  0.491035  0.900053  0.000803717  9.46364e-05  4
100  102281  0.105611  0.155017  0.848189  0.0724608  -0.0008203  4
200  103555  0.164904  0.079238  0.760815  0.13591  -0.0104703  4
300  102511  0.206129  0.0604195  0.709401  0.189248  -0.0263899  4
400  101991  0.225389  0.05351  0.691912  0.217968  -0.032868  4
500  102608  0.231978  0.0548261  0.69395  0.243022  -0.053558  4
600  102549  0.231916  0.0491585  0.693514  0.260534  -0.0408201  4
700  102398  0.231731  0.0463654  0.689283  0.265418  -0.0216128  4
800  102382  0.235131  0.0490105  0.687944  0.26598  0.0055789  4
900  102026  0.236933  0.0497437  0.68484  0.273211  0.0332338  4
1000  102279  0.232491  0.0447851  0.695078  0.279843  0.109182  4
1100  102321  0.236134  0.0465851  0.692083  0.287524  0.12139  4
1200  102052  0.245982  0.043055  0.687014  0.291174  0.112548  4
1300  101830  0.237777  0.0398028  0.694667  0.296767  0.163615  4
1400  103114  0.240032  0.0389725  0.696317  0.303949  0.125411  4
1500  101505  0.23178  0.0340858  0.695118  0.294418  0.17314  4
1600  101854  0.231945  0.0366586  0.6969  0.29212  0.190709  4
1700  101955  0.229119  0.0354161  0.693532  0.284187  0.205854  4
1800  101943  0.229821  0.0339016  0.694679  0.290355  0.216907  4
1900  102561  0.235622  0.0308864  0.688307  0.291029  0.202076  4
2000  102771  0.242733  0.0316026  0.678452  0.28361  0.227012  4
2100  102530  0.236937  0.030979  0.688552  0.284341  0.243274  4
2200  101810  0.236454  0.0285909  0.685207  0.275024  0.236686  4
2300  103052  0.236224  0.0260304  0.682678  0.272486  0.237485  4
2400  102317  0.233893  0.0273154  0.68146  0.272913  0.244526  4
2500  102380  0.234048  0.026533  0.683439  0.261432  0.287304  4
2600  101919  0.232526  0.0278589  0.677445  0.24938  0.341467  4
2700  102018  0.23657  0.0256083  0.673037  0.247048  0.335239  4
2800  103104  0.24043  0.0229068  0.66796  0.245343  0.320787  4
2900  102882  0.241499  0.0240426  0.668376  0.245022  0.343516  4
3000  102098  0.239573  0.0222002  0.666628  0.234147  0.397619  4
3100  102868  0.236189  0.0223592  0.665336  0.219302  0.438767  4
3200  101679  0.238145  0.0215263  0.66434  0.226181  0.437358  4
3300  101731  0.230742  0.0213482  0.665953  0.223862  0.422842  4
3400  102391  0.233715  0.0182127  0.670757  0.243296  0.446522  4
3500  102778  0.23176  0.0195556  0.670481  0.245827  0.456022  4
3600  102336  0.234626  0.0178191  0.670485  0.244092  0.431265  4
3700  102746  0.229747  0.0167241  0.676763  0.247776  0.427545  4
3800  102366  0.227969  0.0167683  0.674707  0.236242  0.414248  4
3900  101506  0.227203  0.0151158  0.67333  0.233521  0.411395  4
4000  102475  0.225473  0.0177623  0.672554  0.233212  0.383365  4
4100  101793  0.224325  0.0161013  0.670608  0.235796  0.376074  4
4200  103301  0.230016  0.014688  0.668412  0.232731  0.359866  4
4300  102110  0.229209  0.0128783  0.670548  0.237206  0.354564  4
4400  103058  0.231069  0.0142259  0.665485  0.228787  0.342882  4
4500  102344  0.226109  0.0119296  0.673654  0.240779  0.30363  4
4600  102704  0.227433  0.0132108  0.670463  0.23174  0.301616  4
4700  102534  0.227841  0.0112833  0.671733  0.241662  0.31742  4
4800  103036  0.225965  0.0121352  0.67077  0.237782  0.321566  4
4900  102298  0.228479  0.0124804  0.671144  0.239939  0.315427  4
5000  103402  0.231123  0.0109455  0.67512  0.244087  0.318408  4
5100  103580  0.226587  0.0122204  0.678944  0.257439  0.317848  4
5200  103293  0.228928  0.0110871  0.678962  0.254545  0.347975  4
5300  101721  0.226336  0.00881403  0.677635  0.250637  0.321705  4
5400  102035  0.226165  0.00824488  0.677194  0.248117  0.321997  4
5500  101960  0.222243  0.00979648  0.678467  0.248261  0.297963  4
5600  102526  0.224055  0.00908289  0.677587  0.243974  0.300902  4
5700  102909  0.225206  0.00959913  0.674832  0.248818  0.308573  4
5800  102332  0.222696  0.0105483  0.676857  0.248436  0.319441  4
5900  102356  0.220189  0.00912643  0.676909  0.246803  0.339929  4
6000  102701  0.221256  0.00912098  0.677084  0.238537  0.37609  4
6100  102406  0.224378  0.00864877  0.676878  0.244281  0.379646  4
6200  102725  0.224025  0.00663274  0.677469  0.253055  0.407339  4
6300  102660  0.223708  0.00702795  0.676648  0.246191  0.361473  4
6400  102652  0.222158  0.00734449  0.674492  0.2426  0.399715  4
6500  102055  0.225772  0.00602784  0.673195  0.243984  0.379706  4
6600  103439  0.225077  0.00660067  0.672591  0.249294  0.404651  4
6700  102766  0.226617  0.0057097  0.669139  0.2421  0.36889  4
6800  102749  0.223932  0.00393812  0.666119  0.229757  0.386062  4
6900  102784  0.226586  0.00538898  0.66527  0.218863  0.371016  4
7000  102695  0.228994  0.00512633  0.66468  0.21328  0.368182  4
7100  101626  0.222194  0.00447931  0.664247  0.216587  0.38222  4
7200  102032  0.223579  0.00522918  0.666213  0.218995  0.356256  4
7300  102804  0.220914  0.00597395  0.66504  0.213009  0.35946  4
7400  102793  0.222216  0.00539818  0.668848  0.223397  0.368745  4
7500  102575  0.225525  0.00631257  0.670254  0.229781  0.329591  4
7600  103281  0.223176  0.00611656  0.668882  0.219674  0.265747  4
7700  102983  0.221522  0.00458504  0.66496  0.21437  0.242661  4
7800  102531  0.223964  0.00420168  0.665425  0.210591  0.20699  4
7900  103043  0.224921  0.00318687  0.666286  0.219587  0.167689  4
8000  103297  0.224276  0.00338688  0.665681  0.215001  0.179967  4
8100  103318  0.225606  0.00422272  0.667502  0.232906  0.1735  4
8200  102375  0.22407  0.00415934  0.668732  0.23497  0.128238  4
8300  102410  0.22504  0.00342286  0.670187  0.241751  0.125249  4
8400  100970  0.217074  0.00318553  0.670476  0.2327  0.106498  4
8500  102041  0.222225  0.00273022  0.666079  0.215743  0.0508873  4
8600  102566  0.224118  0.00340726  0.664526  0.216797  0.0631626  4
8700  102421  0.221658  0.00260894  0.666006  0.221659  0.0589121  4
8800  102728  0.222563  0.0023649  0.667175  0.232683  0.0559325  4
8900  102449  0.222876  0.00250683  0.66568  0.224886  0.0670042  4
9000  103376  0.226932  0.00198045  0.666012  0.22941  0.0825211  4
9100  102186  0.228468  0.00254047  0.667195  0.232075  0.108579  4
9200  101933  0.221472  0.00186163  0.668504  0.234771  0.137293  4
9300  103220  0.228091  0.00204278  0.667525  0.236542  0.172709  4
9400  102163  0.225637  0.00259029  0.668704  0.245471  0.195387  4
9500  102771  0.225134  0.0030614  0.669611  0.249614  0.194281  4
9600  102165  0.222055  0.00220013  0.670979  0.253398  0.129443  4
9700  103597  0.225193  0.00280307  0.673649  0.25723  0.110196  4
9800  102817  0.225369  0.00253455  0.674214  0.255518  0.102382  4
9900  102121  0.221603  0.00223616  0.67329  0.247507  0.145393  4
