t meta_n emi  mean_info  tr1  tr2  tr3  strategy
0  114907  0.10032  0.497631  0.900105  0.000742452  4.63224e-06  4
100  102127  0.10537  0.359563  0.85651  0.0788178  0.00118706  4
200  103014  0.157379  0.282665  0.789579  0.154858  -0.00758516  4
300  103272  0.19367  0.226415  0.742429  0.215756  -0.0056904  4
400  102532  0.206098  0.189518  0.729802  0.247713  -0.0188615  4
500  102609  0.211687  0.164477  0.72311  0.262775  -0.0189835  4
600  102631  0.216607  0.154056  0.721915  0.27723  -0.0162803  4
700  103492  0.222202  0.15036  0.722834  0.300322  -0.028034  4
800  102174  0.222425  0.147406  0.71973  0.306731  -7.2801e-06  4
900  101613  0.222681  0.145326  0.724644  0.328298  -0.000949563  4
1000  101650  0.224207  0.148977  0.728302  0.34509  0.0111116  4
1100  103152  0.225449  0.148288  0.730019  0.349484  -0.019544  4
1200  102468  0.227518  0.152705  0.734504  0.367776  -0.0112495  4
1300  102644  0.23266  0.143895  0.734761  0.382741  -0.00360248  4
1400  103845  0.231215  0.153281  0.735367  0.388907  -0.0141519  4
1500  103071  0.223207  0.150188  0.741204  0.380742  -0.0535353  4
1600  101635  0.223375  0.147793  0.738332  0.383207  -0.0178315  4
1700  102305  0.221569  0.155989  0.74872  0.413021  -0.0317426  4
1800  102702  0.221286  0.158279  0.752943  0.429328  -0.0606055  4
1900  103161  0.225919  0.159329  0.755287  0.424729  -0.0608292  4
2000  103041  0.22272  0.149274  0.757111  0.42251  -0.051161  4
2100  103506  0.224642  0.141592  0.759018  0.422383  -0.0913703  4
2200  103333  0.22014  0.140492  0.759951  0.419259  -0.0304434  4
2300  102290  0.219391  0.139942  0.765529  0.441037  0.0109542  4
2400  102803  0.225654  0.134455  0.769151  0.450877  0.0243563  4
2500  101929  0.22164  0.136936  0.765854  0.449677  0.0385012  4
2600  102797  0.221308  0.136637  0.769453  0.459912  0.0332662  4
2700  103571  0.228227  0.141581  0.768644  0.470044  0.0152524  4
2800  102912  0.228263  0.136838  0.768428  0.457277  0.0100463  4
2900  103375  0.226422  0.125166  0.765082  0.456715  0.0119404  4
3000  102889  0.227277  0.132766  0.773417  0.471352  -0.0375241  4
3100  102761  0.22559  0.143398  0.781552  0.486187  0.0198107  4
3200  102859  0.222643  0.146204  0.790309  0.500843  0.0420988  4
3300  102675  0.216583  0.150628  0.797098  0.516454  0.0599188  4
3400  102740  0.218845  0.147149  0.800585  0.520316  0.0786823  4
3500  102759  0.216231  0.14404  0.803653  0.53216  0.0574711  4
3600  104067  0.220519  0.150904  0.812675  0.563876  0.0833693  4
3700  103882  0.224936  0.153646  0.818237  0.575418  -0.00140489  4
3800  104505  0.220786  0.148075  0.813486  0.558721  0.0111684  4
3900  104466  0.220578  0.149271  0.812516  0.553208  0.00959456  4
4000  102116  0.218495  0.148936  0.818923  0.565749  0.0146341  4
4100  103273  0.221049  0.145509  0.823828  0.578521  0.0526215  4
4200  103027  0.22298  0.142446  0.834824  0.608347  0.0332225  4
4300  102953  0.218015  0.145307  0.84161  0.624192  0.0383242  4
4400  103629  0.224313  0.151728  0.849682  0.64313  0.0331888  4
4500  103337  0.22075  0.14923  0.85437  0.656768  0.0131817  4
4600  103012  0.219983  0.151744  0.864697  0.670245  0.0255029  4
4700  103512  0.219446  0.156482  0.868304  0.672702  0.0792003  4
4800  103037  0.208162  0.157166  0.87484  0.697757  0.0650179  4
4900  103568  0.221826  0.151509  0.869322  0.68181  0.0536018  4
5000  103418  0.210106  0.141712  0.862895  0.660785  0.0537722  4
5100  103108  0.213689  0.148998  0.860307  0.657899  0.0396078  4
5200  102921  0.216905  0.153253  0.861927  0.655054  0.082558  4
5300  103573  0.216409  0.146554  0.857451  0.639767  0.110373  4
5400  103739  0.211129  0.150167  0.866223  0.654894  0.0456685  4
5500  102526  0.210089  0.145825  0.862719  0.644513  0.0573332  4
5600  103499  0.215296  0.148377  0.866483  0.65407  0.112973  4
5700  103316  0.218027  0.1446  0.862052  0.649366  0.141788  4
5800  103151  0.209698  0.133989  0.859953  0.648139  0.0871328  4
5900  103677  0.214639  0.134747  0.855839  0.640834  0.0610208  4
6000  102982  0.21504  0.141392  0.852436  0.63839  0.0523089  4
6100  103165  0.212543  0.140376  0.86087  0.650547  0.0239375  4
6200  102942  0.216241  0.141471  0.866215  0.667197  0.0782373  4
6300  102896  0.218594  0.147264  0.87171  0.688559  0.0660885  4
6400  103097  0.21827  0.143943  0.875119  0.696077  0.0931484  4
6500  103147  0.214656  0.142676  0.872907  0.686951  0.140285  4
6600  103633  0.216001  0.14543  0.874806  0.688025  0.125629  4
6700  103633  0.213956  0.152608  0.879994  0.707951  0.115805  4
6800  103394  0.215854  0.146785  0.872543  0.690253  0.160318  4
6900  102873  0.208464  0.141823  0.866488  0.677085  0.200673  4
7000  102806  0.220436  0.151132  0.871134  0.685375  0.190965  4
7100  103163  0.214827  0.146757  0.868098  0.682233  0.227902  4
7200  104240  0.218005  0.147619  0.871649  0.688042  0.235279  4
7300  103787  0.224687  0.148364  0.861707  0.664621  0.229401  4
7400  102505  0.214967  0.143199  0.863771  0.668448  0.242425  4
7500  102932  0.215897  0.141896  0.866037  0.673969  0.301277  4
7600  103442  0.218875  0.133016  0.861504  0.656738  0.35604  4
7700  103941  0.229114  0.131079  0.859556  0.650565  0.336771  4
7800  104744  0.216366  0.127462  0.856029  0.645284  0.325517  4
7900  103309  0.211135  0.131757  0.853148  0.639815  0.35171  4
8000  104543  0.223555  0.131197  0.855649  0.635989  0.410042  4
8100  103493  0.212876  0.131756  0.859064  0.646612  0.45534  4
8200  103322  0.214491  0.127545  0.855156  0.637793  0.467031  4
8300  103657  0.220917  0.127387  0.848676  0.614598  0.45265  4
8400  103120  0.215713  0.135983  0.852831  0.623611  0.441343  4
8500  102850  0.210702  0.137435  0.855833  0.626947  0.481839  4
8600  103196  0.212971  0.141116  0.860871  0.643153  0.486584  4
8700  104267  0.218748  0.140062  0.86313  0.642792  0.476507  4
8800  103999  0.213707  0.142177  0.865904  0.648772  0.493403  4
8900  103461  0.214495  0.143676  0.864846  0.643139  0.518188  4
9000  103515  0.208933  0.142825  0.868116  0.655502  0.501588  4
9100  103484  0.216366  0.138429  0.864966  0.646302  0.503384  4
9200  103549  0.215377  0.13408  0.860993  0.635163  0.535508  4
9300  103137  0.213659  0.134409  0.863209  0.63075  0.546583  4
9400  103842  0.218494  0.135941  0.862948  0.633087  0.545535  4
9500  103779  0.210778  0.146414  0.868831  0.645148  0.516729  4
9600  102837  0.209793  0.135947  0.860787  0.619884  0.514903  4
9700  103444  0.208339  0.136155  0.860469  0.62181  0.546023  4
9800  103608  0.215628  0.132467  0.859978  0.622713  0.594964  4
9900  103935  0.2129  0.135862  0.874662  0.660792  0.582699  4
