t meta_n emi  mean_info  tr1  tr2  tr3  strategy
0  114195  0.098912  0.492034  0.899993  0.000793562  8.54486e-06  4
100  102170  0.100392  0.195815  0.855241  0.0789536  0.00221465  4
200  101592  0.157452  0.105442  0.772368  0.142898  0.00547747  4
300  102190  0.195077  0.0766555  0.725385  0.190173  0.0197248  4
400  101085  0.21468  0.0695083  0.705475  0.217525  0.0278309  4
500  103185  0.22477  0.0658902  0.693026  0.231133  0.0506621  4
600  103449  0.238411  0.061565  0.685692  0.247408  0.064845  4
700  102016  0.229538  0.0560796  0.693188  0.255544  0.0588051  4
800  102144  0.231428  0.055062  0.690931  0.256107  0.0653169  4
900  102034  0.235998  0.0552835  0.684381  0.266744  0.0864474  4
1000  101763  0.232696  0.0519303  0.683452  0.266507  0.0670445  4
1100  102109  0.240842  0.050151  0.683438  0.287405  0.0465636  4
1200  101949  0.241817  0.0490143  0.682946  0.280111  0.00747291  4
1300  101503  0.240296  0.0450311  0.685181  0.281137  -0.00208619  4
1400  102351  0.236291  0.0447906  0.688606  0.28839  0.00770479  4
1500  101640  0.237522  0.0503625  0.68497  0.282819  -0.0154783  4
1600  101950  0.241169  0.0479704  0.684413  0.280024  -0.0315103  4
1700  102535  0.238879  0.0445817  0.685871  0.284609  -0.0514689  4
1800  102253  0.235425  0.0412627  0.687831  0.285304  -0.050236  4
1900  102932  0.240209  0.0408715  0.684008  0.288588  -0.0712136  4
2000  102550  0.2315  0.0429081  0.686279  0.275766  -0.0842465  4
2100  102131  0.236567  0.0417716  0.683835  0.276481  -0.100993  4
2200  102243  0.228789  0.0397686  0.688774  0.276269  -0.0833412  4
2300  101957  0.234442  0.0377564  0.686544  0.274822  -0.0833723  4
2400  101072  0.231677  0.0371271  0.685524  0.272117  -0.100021  4
2500  103322  0.231966  0.0357628  0.682247  0.249126  -0.0692804  4
2600  102935  0.230119  0.0359578  0.678579  0.245549  -0.0504391  4
2700  102729  0.22819  0.032667  0.686147  0.253784  -0.0270608  4
2800  102875  0.228099  0.0305552  0.688746  0.257622  -0.0342792  4
2900  102227  0.229115  0.0327375  0.684285  0.267765  -0.0365759  4
3000  102433  0.23122  0.03313  0.681916  0.260048  -0.0291588  4
3100  102510  0.234664  0.0279767  0.686105  0.279426  -0.0513028  4
3200  102681  0.230624  0.0284582  0.684825  0.280368  -0.0909695  4
3300  102886  0.227609  0.0279811  0.685528  0.27361  -0.115065  4
3400  102051  0.221763  0.0295923  0.687676  0.273102  -0.0912046  4
3500  102543  0.226904  0.0250233  0.687977  0.279677  -0.0707388  4
3600  102239  0.232098  0.0236933  0.688534  0.284909  -0.0455291  4
3700  102044  0.227852  0.0242432  0.690264  0.299542  -0.0596823  4
3800  102074  0.227095  0.0227438  0.688792  0.298359  -0.0497896  4
3900  102804  0.23034  0.022863  0.686201  0.294476  -0.0486826  4
4000  103341  0.236029  0.0209201  0.684361  0.300053  -0.0950915  4
4100  103273  0.231807  0.0181606  0.687428  0.310145  -0.108263  4
4200  102723  0.232273  0.0179169  0.688846  0.305805  -0.108832  4
4300  102349  0.224835  0.0166046  0.691385  0.306918  -0.0730149  4
4400  102658  0.230141  0.0171263  0.692664  0.312435  -0.0848276  4
4500  102351  0.231266  0.0172159  0.693029  0.317926  -0.0890167  4
4600  102577  0.228874  0.0166726  0.691545  0.321139  -0.0697393  4
4700  102436  0.23039  0.0181524  0.691055  0.322495  -0.0297465  4
4800  102705  0.230757  0.0173371  0.690434  0.318175  -0.00976856  4
4900  102614  0.235091  0.015257  0.688215  0.311165  -0.0107881  4
5000  103261  0.225561  0.0142169  0.689216  0.309536  0.00605578  4
5100  101939  0.228515  0.0137462  0.683409  0.293831  0.0138755  4
5200  102742  0.226053  0.0124734  0.688063  0.311556  -0.00020795  4
5300  102217  0.227615  0.0123004  0.691509  0.322173  -0.043603  4
5400  103378  0.229502  0.0124889  0.691924  0.323596  -0.00751313  4
5500  102382  0.22283  0.0139107  0.696861  0.333767  -0.00721092  4
5600  103005  0.22236  0.014184  0.696971  0.341037  -0.044881  4
5700  102266  0.224009  0.0122283  0.698487  0.340515  -0.0517378  4
5800  102933  0.230293  0.0106875  0.694156  0.335149  -0.0584984  4
5900  103098  0.229669  0.0107422  0.692608  0.339337  -0.118816  4
6000  102527  0.230769  0.0109246  0.694163  0.341048  -0.163216  4
6100  102727  0.228789  0.0125857  0.693684  0.344154  -0.133619  4
6200  102768  0.227002  0.012317  0.692331  0.333742  -0.107379  4
6300  102176  0.227255  0.0122541  0.692324  0.334931  -0.0735504  4
6400  102105  0.227171  0.0106363  0.692164  0.336685  -0.0767245  4
6500  102677  0.223977  0.00935059  0.69446  0.336289  -0.0432267  4
6600  102216  0.229568  0.00751012  0.694161  0.345244  -0.0509219  4
6700  102689  0.230024  0.00834207  0.689857  0.329167  -0.0571504  4
6800  102361  0.227202  0.00868803  0.687947  0.324301  -0.113505  4
6900  102947  0.227156  0.00835113  0.686286  0.31761  -0.107291  4
7000  102388  0.224437  0.00768009  0.68462  0.321395  -0.0542318  4
7100  102781  0.229005  0.0084834  0.686715  0.325368  -0.0623204  4
7200  101880  0.227276  0.00861021  0.685325  0.315054  -0.0290698  4
7300  102749  0.221597  0.00737194  0.684855  0.307452  0.00361066  4
7400  103037  0.229021  0.00671563  0.686  0.314405  0.0508774  4
7500  102632  0.225542  0.00673128  0.687087  0.318048  0.052624  4
7600  102433  0.223241  0.00674508  0.686055  0.308604  0.055015  4
7700  102379  0.226325  0.00741652  0.683946  0.308883  0.074631  4
7800  102499  0.229001  0.00582259  0.680441  0.301502  0.0448767  4
7900  102484  0.226177  0.00407527  0.679779  0.294304  0.0368397  4
8000  103000  0.229925  0.00517936  0.676632  0.289435  0.0378846  4
8100  101931  0.228734  0.00551907  0.676029  0.29004  0.0687299  4
8200  102414  0.226404  0.00474849  0.676905  0.28519  0.0966573  4
8300  102554  0.227597  0.00510092  0.677742  0.282413  0.0934828  4
8400  103397  0.227207  0.00553812  0.677359  0.285026  0.0457228  4
8500  103055  0.225405  0.00477092  0.681319  0.293484  0.097587  4
8600  102739  0.224113  0.00492629  0.67883  0.284401  0.0795967  4
8700  103188  0.225097  0.00578853  0.679192  0.277595  0.0851625  4
8800  103171  0.223719  0.00405654  0.682826  0.283514  0.125363  4
8900  102784  0.215338  0.00356073  0.68527  0.299122  0.128627  4
9000  103278  0.221982  0.00367452  0.686043  0.304941  0.209201  4
9100  102566  0.218057  0.00395492  0.686789  0.306715  0.233515  4
9200  103131  0.222218  0.00403985  0.687627  0.311477  0.233989  4
9300  102895  0.219378  0.00355563  0.688209  0.3088  0.258888  4
9400  102828  0.221588  0.00295151  0.688455  0.311852  0.232355  4
9500  102999  0.22418  0.00268263  0.687418  0.314169  0.182166  4
9600  102790  0.221668  0.00227504  0.684783  0.307105  0.184247  4
9700  103011  0.224939  0.0028896  0.683747  0.302937  0.188466  4
9800  102277  0.221322  0.00188326  0.683849  0.30526  0.228226  4
9900  102470  0.227465  0.00293963  0.68145  0.296229  0.271385  4
