t meta_n emi  mean_info  tr1  tr2  tr3  strategy
0  118062  0.100936  0.498794  0.899942  0.000788297  4.34712e-05  4
100  104045  0.114588  0.563681  0.856384  0.0753558  -0.00727684  4
200  104201  0.157326  0.606276  0.801615  0.136885  -0.00202093  4
300  104497  0.181559  0.636751  0.784652  0.186943  0.0160007  4
400  104105  0.194575  0.639101  0.773815  0.227299  0.00933727  4
500  104535  0.190309  0.619912  0.776038  0.254709  0.00903262  4
600  105347  0.194962  0.630433  0.781582  0.288061  -0.00590228  4
700  105000  0.20014  0.635743  0.784809  0.298615  -0.036624  4
800  104844  0.193848  0.63005  0.786474  0.293893  -0.0580465  4
900  105095  0.199377  0.627689  0.789469  0.3106  -0.0683009  4
1000  105346  0.200829  0.628701  0.786325  0.308161  -0.045756  4
1100  105238  0.197993  0.631309  0.781192  0.314035  -0.0463154  4
1200  103783  0.196063  0.616727  0.781764  0.321043  -0.0427697  4
1300  105007  0.198927  0.608426  0.788146  0.341909  -0.0201188  4
1400  104586  0.195498  0.602503  0.792736  0.353481  0.0191496  4
1500  104946  0.196859  0.603113  0.795188  0.357059  -0.00783021  4
1600  105047  0.194141  0.587624  0.802607  0.372546  0.000370262  4
1700  104003  0.186883  0.599082  0.804782  0.368531  -0.034331  4
1800  104892  0.19379  0.604633  0.802025  0.382745  -0.0193576  4
1900  104823  0.193372  0.60878  0.80619  0.392513  0.0267747  4
2000  105459  0.197083  0.596956  0.802148  0.395242  0.0234481  4
2100  104234  0.186982  0.594965  0.80648  0.396082  -0.000171258  4
2200  105236  0.187715  0.572085  0.810816  0.399075  -0.0160336  4
2300  104437  0.188612  0.577536  0.809398  0.402758  -0.0399211  4
2400  105083  0.192664  0.569493  0.804006  0.397541  -0.00165778  4
2500  105183  0.190185  0.552685  0.808258  0.419215  -0.00382618  4
2600  104551  0.192205  0.562144  0.802783  0.412647  -0.0134599  4
2700  103938  0.194936  0.551738  0.80596  0.416071  -0.0435557  4
2800  104418  0.19003  0.546439  0.81163  0.447179  -0.0349392  4
2900  104645  0.194569  0.5481  0.812967  0.463455  -0.0495033  4
3000  103710  0.188594  0.546015  0.814735  0.451203  -0.0884701  4
3100  105230  0.186513  0.541438  0.822167  0.463677  -0.0772163  4
3200  105089  0.185514  0.545547  0.822007  0.455921  -0.0609556  4
3300  104692  0.190655  0.543947  0.825396  0.472936  -0.0206654  4
3400  104670  0.188586  0.539382  0.831159  0.487095  -0.0417085  4
3500  104929  0.189044  0.535695  0.831138  0.503844  -0.0557912  4
3600  105161  0.189438  0.526207  0.834092  0.52327  -0.0533622  4
3700  105101  0.189297  0.520339  0.839269  0.538587  -0.0752038  4
3800  105312  0.193318  0.513667  0.83525  0.531561  -0.0753492  4
3900  104832  0.187502  0.519497  0.839184  0.546704  -0.0721979  4
4000  103960  0.191098  0.521209  0.839395  0.551148  -0.056966  4
4100  104772  0.186329  0.530931  0.84196  0.555223  -0.06571  4
4200  104299  0.183021  0.519484  0.843179  0.556506  -0.0832878  4
4300  104721  0.186995  0.513599  0.856572  0.580512  -0.065869  4
4400  105008  0.188531  0.507571  0.867103  0.602047  -0.015546  4
4500  105496  0.186761  0.505658  0.866687  0.59613  -0.0160624  4
4600  105295  0.186033  0.491036  0.871626  0.620214  0.0522806  4
4700  104764  0.182064  0.482563  0.876041  0.630219  0.0738389  4
4800  104637  0.180783  0.479248  0.87528  0.628237  0.105105  4
4900  105103  0.190897  0.481086  0.878348  0.647324  0.0971277  4
5000  104595  0.187016  0.475504  0.882509  0.655001  0.121681  4
5100  105046  0.187982  0.480279  0.879168  0.652793  0.12859  4
5200  106003  0.188433  0.479262  0.878107  0.646073  0.0935307  4
5300  105582  0.189354  0.487008  0.877457  0.645561  0.0699322  4
5400  105248  0.188899  0.478506  0.88177  0.658816  0.0660694  4
5500  106056  0.188137  0.472341  0.884649  0.669332  0.0558486  4
5600  105696  0.193301  0.474952  0.885709  0.674665  0.0303166  4
5700  105274  0.189152  0.480637  0.883698  0.66978  0.00950662  4
5800  105449  0.182653  0.47394  0.890592  0.677023  0.0687848  4
5900  104880  0.180979  0.470288  0.894977  0.684847  0.0726003  4
6000  104878  0.184056  0.46461  0.895168  0.691274  0.0517128  4
6100  104770  0.179423  0.457688  0.901358  0.712011  0.0426023  4
6200  105657  0.183438  0.456784  0.90478  0.716393  0.0315445  4
6300  104972  0.188522  0.45635  0.904871  0.72405  0.00944702  4
6400  104986  0.180721  0.459328  0.903863  0.721747  0.0335002  4
6500  105741  0.186751  0.453607  0.913839  0.743756  0.0544603  4
6600  105738  0.18505  0.443561  0.912236  0.739678  0.0732392  4
6700  105243  0.182949  0.43809  0.913486  0.742756  0.0687824  4
6800  106095  0.192853  0.4436  0.913021  0.740117  0.0459668  4
6900  106554  0.181709  0.444876  0.908588  0.736647  0.0668533  4
7000  105314  0.188302  0.444042  0.910681  0.743182  0.0491135  4
7100  105782  0.184492  0.436224  0.917842  0.758494  0.0698801  4
7200  106097  0.192297  0.445675  0.918007  0.765734  0.0407504  4
7300  105873  0.192485  0.436491  0.918261  0.771338  0.0480282  4
7400  105762  0.185034  0.436716  0.916463  0.759252  0.0596267  4
7500  105193  0.183677  0.443177  0.918053  0.768517  0.077085  4
7600  106092  0.181258  0.434952  0.924416  0.781867  0.109664  4
7700  104862  0.183177  0.434895  0.920022  0.770061  0.08942  4
7800  104882  0.186295  0.427643  0.923264  0.777814  0.0623631  4
7900  104476  0.176042  0.428261  0.928646  0.792787  0.094475  4
8000  106075  0.189754  0.425983  0.931525  0.795849  0.103411  4
8100  104820  0.18314  0.422556  0.932087  0.800984  0.139264  4
8200  105579  0.186179  0.419697  0.934831  0.808659  0.105511  4
8300  104906  0.188511  0.419874  0.932853  0.801384  0.101052  4
8400  105472  0.182766  0.418544  0.943346  0.826673  0.112011  4
8500  104625  0.181004  0.415148  0.941783  0.820119  0.120761  4
8600  105319  0.189697  0.41297  0.941143  0.819723  0.125188  4
8700  104615  0.174484  0.408219  0.947393  0.832526  0.157923  4
8800  105609  0.185659  0.408787  0.949693  0.837205  0.143971  4
8900  105817  0.188807  0.411232  0.951451  0.835637  0.119207  4
9000  106249  0.185315  0.411564  0.960181  0.85242  0.128042  4
9100  104870  0.182205  0.408157  0.963383  0.869289  0.138629  4
9200  105132  0.179782  0.403189  0.966808  0.875453  0.168429  4
9300  105120  0.180818  0.398569  0.966814  0.875912  0.165136  4
9400  105349  0.178596  0.395012  0.968351  0.878845  0.15141  4
9500  104305  0.181286  0.39234  0.967582  0.873553  0.131048  4
9600  105721  0.184581  0.388745  0.967553  0.872833  0.130825  4
9700  105401  0.185088  0.387105  0.970183  0.877295  0.140416  4
9800  105425  0.182539  0.384831  0.97184  0.883736  0.136485  4
9900  105212  0.188773  0.3857  0.976202  0.893498  0.142348  4
