t meta_n emi  mean_info  tr1  tr2  tr3  strategy
0  116117  0.09984  0.497985  0.900007  0.000805922  -2.4575e-05  4
100  104924  0.10752  0.527812  0.864566  0.0748165  0.00479497  4
200  104157  0.156795  0.562367  0.805767  0.137673  0.00545067  4
300  105323  0.184879  0.577485  0.775022  0.186692  0.00771803  4
400  103268  0.192979  0.553287  0.762669  0.219494  0.0132191  4
500  103708  0.201942  0.531367  0.75695  0.241296  0.0179153  4
600  104790  0.206732  0.523027  0.762056  0.281681  0.0175033  4
700  103432  0.206832  0.506124  0.762019  0.297806  -0.00245793  4
800  104113  0.201059  0.490384  0.767314  0.301027  0.00392234  4
900  104327  0.211206  0.485867  0.766653  0.310564  0.0193503  4
1000  103717  0.198681  0.480138  0.773774  0.324382  0.0336009  4
1100  104053  0.204981  0.49223  0.772436  0.341156  0.0225264  4
1200  104227  0.200736  0.475157  0.784104  0.369194  0.0332558  4
1300  104615  0.213229  0.468783  0.785024  0.386459  0.03751  4
1400  103938  0.203731  0.467937  0.791017  0.401232  0.00623422  4
1500  103909  0.200772  0.461221  0.798397  0.423728  -0.00704301  4
1600  104083  0.202608  0.459743  0.801977  0.439528  0.00736632  4
1700  104438  0.196052  0.457699  0.811349  0.447993  0.0167619  4
1800  104914  0.199048  0.447675  0.818048  0.473702  0.0318577  4
1900  104473  0.197514  0.445813  0.82246  0.482129  0.0315804  4
2000  104931  0.198336  0.426086  0.833602  0.522516  0.0601491  4
2100  104363  0.199095  0.42204  0.834269  0.528495  0.0829306  4
2200  104418  0.197102  0.425267  0.841884  0.544661  0.0947717  4
2300  104423  0.202492  0.430833  0.845256  0.564298  0.125717  4
2400  104403  0.199897  0.426521  0.850254  0.578056  0.0973551  4
2500  103669  0.189883  0.424041  0.85381  0.584687  0.0885193  4
2600  104485  0.202355  0.429878  0.857547  0.599121  0.0698145  4
2700  104005  0.201828  0.419356  0.865519  0.610406  0.0704306  4
2800  104119  0.193441  0.412731  0.881774  0.648162  0.112319  4
2900  104765  0.18826  0.400172  0.88314  0.656212  0.146895  4
3000  105004  0.196738  0.394172  0.888487  0.676599  0.191946  4
3100  104324  0.193616  0.406974  0.887683  0.681814  0.184285  4
3200  104819  0.195439  0.393945  0.886292  0.683681  0.206259  4
3300  104993  0.195267  0.394522  0.892072  0.694417  0.286522  4
3400  104561  0.192134  0.387405  0.893146  0.695318  0.298294  4
3500  104976  0.197482  0.386133  0.898284  0.719003  0.280196  4
3600  104106  0.196772  0.377714  0.901025  0.716411  0.248873  4
3700  103957  0.19316  0.37955  0.902165  0.721652  0.236278  4
3800  104911  0.191023  0.36429  0.906982  0.724217  0.225813  4
3900  104919  0.193391  0.358672  0.912121  0.742701  0.178184  4
4000  105201  0.199462  0.358172  0.914573  0.759555  0.145453  4
4100  104483  0.196802  0.354349  0.919493  0.783108  0.12697  4
4200  104812  0.200813  0.356108  0.91986  0.788926  0.0894344  4
4300  104559  0.200029  0.348894  0.926659  0.807854  0.0706949  4
4400  104828  0.199488  0.342813  0.92627  0.804633  0.127811  4
4500  104306  0.198561  0.355193  0.928149  0.805786  0.0792823  4
4600  104270  0.196481  0.354842  0.932028  0.810998  0.116641  4
4700  104277  0.191779  0.34721  0.938147  0.820033  0.148591  4
4800  105148  0.198894  0.352908  0.94433  0.830446  0.222445  4
4900  105370  0.191079  0.344161  0.948317  0.832499  0.232562  4
5000  104521  0.190126  0.344682  0.949328  0.833116  0.233343  4
5100  104324  0.198728  0.345115  0.961687  0.858725  0.299163  4
5200  104677  0.190009  0.341961  0.966676  0.872178  0.324862  4
5300  105148  0.193874  0.337981  0.965576  0.872461  0.304758  4
5400  104601  0.192372  0.335288  0.973677  0.887546  0.37472  4
5500  103528  0.18714  0.341075  0.977969  0.897575  0.405458  4
5600  104353  0.190968  0.347517  0.974447  0.891417  0.381344  4
5700  104563  0.19648  0.342327  0.978988  0.904747  0.420587  4
5800  104670  0.180577  0.341507  0.979183  0.903059  0.39465  4
5900  104262  0.190036  0.335534  0.980569  0.909159  0.436227  4
6000  104443  0.195244  0.336007  0.979118  0.910339  0.467899  4
6100  104681  0.198914  0.333545  0.985589  0.922508  0.522542  4
6200  105144  0.196515  0.335334  0.988512  0.926784  0.465327  4
6300  104777  0.191409  0.330007  0.992049  0.930009  0.457359  4
6400  104425  0.193626  0.327993  0.996392  0.938837  0.441064  4
6500  103824  0.186768  0.324684  0.993965  0.934486  0.415103  4
6600  105164  0.193638  0.326693  0.994003  0.935245  0.403337  4
6700  104916  0.187255  0.326912  0.994258  0.933301  0.386034  4
6800  105246  0.191561  0.332601  0.994803  0.936723  0.382792  4
6900  104710  0.194314  0.329546  0.995836  0.940871  0.412324  4
7000  105767  0.202309  0.330369  0.997641  0.94617  0.433837  4
7100  105116  0.191425  0.328008  1.00232  0.952912  0.460303  4
7200  105159  0.197716  0.331807  1.00252  0.953102  0.463523  4
7300  104536  0.193397  0.32301  1.00301  0.95563  0.475711  4
7400  104401  0.20162  0.320453  1.00674  0.961024  0.487961  4
7500  105225  0.188732  0.32266  1.00414  0.956893  0.4846  4
7600  105239  0.196098  0.325403  1.0042  0.957203  0.501664  4
7700  106481  0.206624  0.325163  1.00795  0.963932  0.557959  4
7800  104929  0.188553  0.321335  1.01037  0.969398  0.619572  4
7900  104750  0.196007  0.320216  1.00875  0.967811  0.629498  4
8000  104964  0.19185  0.319926  1.01097  0.973046  0.693342  4
8100  105030  0.205887  0.325539  1.01118  0.972543  0.756322  4
8200  104596  0.196645  0.326493  1.01177  0.972024  0.795196  4
8300  104553  0.198492  0.325234  1.01455  0.973425  0.801681  4
8400  104561  0.197607  0.324103  1.01447  0.971996  0.83257  4
8500  104606  0.195215  0.319423  1.01748  0.975491  0.862513  4
8600  103682  0.185198  0.321204  1.01888  0.977198  0.866588  4
8700  105465  0.197283  0.322739  1.0204  0.98159  0.913007  4
8800  105118  0.18989  0.32512  1.02121  0.982286  0.907868  4
8900  105349  0.192445  0.329431  1.02045  0.984559  0.91269  4
9000  104640  0.191483  0.324711  1.02022  0.985996  0.956715  4
9100  105096  0.191992  0.323007  1.02127  0.985444  0.973191  4
9200  105020  0.189119  0.321836  1.02265  0.98816  0.97315  4
9300  105286  0.193322  0.320546  1.02344  0.990473  0.948118  4
9400  105105  0.190832  0.316982  1.02438  0.989702  0.966593  4
9500  105135  0.187837  0.318104  1.02522  0.992004  0.977268  4
9600  105025  0.188666  0.320718  1.02704  0.994504  0.942885  4
9700  104803  0.193381  0.317555  1.02676  0.994869  0.934152  4
9800  103971  0.193134  0.316787  1.02727  0.995617  0.939066  4
9900  104163  0.189704  0.321137  1.02596  0.994887  0.89154  4
