t meta_n emi  mean_info  tr1  tr2  tr3  strategy
0  114210  0.100216  0.492154  0.899945  0.000813209  -4.3268e-05  4
100  101761  0.103488  0.192464  0.851798  0.0749791  -0.00345026  4
200  102168  0.162346  0.104357  0.767263  0.145037  -0.00629754  4
300  101937  0.201872  0.0778367  0.715106  0.187648  0.00140539  4
400  102423  0.216829  0.0649127  0.699088  0.216299  -0.0141622  4
500  102338  0.227015  0.062566  0.690099  0.230338  -0.0183444  4
600  102296  0.223805  0.0560404  0.693395  0.240398  -0.029412  4
700  102580  0.233941  0.0528135  0.69435  0.261665  -0.0375179  4
800  102661  0.229726  0.0508041  0.695971  0.270024  -0.0252739  4
900  102761  0.229799  0.0512919  0.695437  0.270077  -0.0473352  4
1000  101580  0.231293  0.0538741  0.69369  0.270779  -0.0692051  4
1100  102399  0.23871  0.05296  0.688864  0.283375  -0.0838197  4
1200  102073  0.227479  0.0497146  0.702518  0.289661  -0.0970633  4
1300  101565  0.229142  0.0489291  0.699415  0.300398  -0.0863126  4
1400  102538  0.231272  0.0455937  0.703177  0.321246  -0.0552201  4
1500  101821  0.238894  0.0446728  0.697188  0.316083  -0.0471842  4
1600  102673  0.243326  0.046705  0.692846  0.309946  -0.0318568  4
1700  102765  0.23761  0.0479468  0.693118  0.304811  -0.0267974  4
1800  101961  0.237917  0.0430812  0.691426  0.302902  -0.0424796  4
1900  102015  0.23149  0.0397769  0.690331  0.28745  -0.0279053  4
2000  102548  0.230488  0.0380185  0.694432  0.28948  -0.0328496  4
2100  102463  0.229485  0.0377406  0.69307  0.282094  -0.0387045  4
2200  102050  0.228902  0.0357466  0.683137  0.261426  0.00203824  4
2300  103058  0.235502  0.0360225  0.683685  0.267668  0.0116251  4
2400  102980  0.236018  0.0324385  0.68073  0.275419  -0.0241697  4
2500  102891  0.239554  0.0328059  0.68099  0.274103  -0.03399  4
2600  102013  0.231431  0.0320554  0.684068  0.27047  -0.0768804  4
2700  102705  0.228122  0.0297834  0.685423  0.26149  -0.117597  4
2800  103360  0.22672  0.0284208  0.686641  0.266691  -0.157623  4
2900  102165  0.223704  0.0277978  0.680562  0.250225  -0.179332  4
3000  102140  0.228633  0.0285062  0.682328  0.254767  -0.198782  4
3100  101754  0.226975  0.0279253  0.682218  0.262815  -0.193249  4
3200  101411  0.225288  0.0258596  0.684994  0.266336  -0.193442  4
3300  101991  0.222185  0.0282036  0.684758  0.263631  -0.219719  4
3400  103250  0.229242  0.0267128  0.681938  0.263827  -0.19833  4
3500  103060  0.226884  0.0247952  0.683448  0.259992  -0.177707  4
3600  102652  0.228191  0.0236138  0.681482  0.257569  -0.159335  4
3700  103072  0.226309  0.0224998  0.679331  0.253519  -0.186142  4
3800  103115  0.232048  0.022452  0.674679  0.247524  -0.201732  4
3900  102683  0.227632  0.0206861  0.674092  0.243881  -0.197206  4
4000  102086  0.23026  0.021468  0.676889  0.254542  -0.19959  4
4100  102711  0.22704  0.0193994  0.674271  0.247841  -0.189299  4
4200  101792  0.224568  0.0171852  0.675539  0.24523  -0.149636  4
4300  102729  0.23368  0.0170862  0.670368  0.242633  -0.121352  4
4400  102489  0.226153  0.019117  0.672034  0.243232  -0.160023  4
4500  102443  0.229912  0.0178402  0.675086  0.243524  -0.165058  4
4600  102300  0.226959  0.0185102  0.674997  0.236508  -0.153274  4
4700  102789  0.227349  0.0161544  0.675565  0.243811  -0.152279  4
4800  103084  0.223899  0.0157339  0.677877  0.247769  -0.158649  4
4900  102951  0.226328  0.0158557  0.673057  0.238543  -0.136137  4
5000  103780  0.230693  0.0121778  0.670777  0.228265  -0.146624  4
5100  102094  0.223101  0.0126267  0.669612  0.222359  -0.165442  4
5200  102635  0.229028  0.0145613  0.666633  0.218841  -0.154293  4
5300  103190  0.230447  0.0143879  0.664492  0.205726  -0.195655  4
5400  102062  0.232695  0.0150334  0.662653  0.211651  -0.187179  4
5500  102900  0.228366  0.0127224  0.663876  0.209898  -0.173409  4
5600  102315  0.226608  0.0126852  0.664691  0.212412  -0.123397  4
5700  101014  0.22306  0.0132266  0.662671  0.208885  -0.11066  4
5800  102345  0.223586  0.011417  0.663554  0.207371  -0.0996026  4
5900  102132  0.225591  0.0105363  0.663198  0.20141  -0.0699416  4
6000  102794  0.223623  0.01128  0.664727  0.190336  -0.0355038  4
6100  101971  0.224747  0.0107269  0.662723  0.192129  -0.0581402  4
6200  101753  0.224939  0.00978456  0.663278  0.194303  -0.0788467  4
6300  103012  0.221065  0.0095129  0.663909  0.193732  -0.0984704  4
6400  101913  0.221054  0.00797266  0.663368  0.194805  -0.035218  4
6500  103211  0.225432  0.00693301  0.66124  0.198146  -0.0373215  4
6600  102090  0.220389  0.009686  0.660695  0.199314  -0.00553993  4
6700  102980  0.223782  0.00835461  0.660302  0.193111  -0.0230508  4
6800  102991  0.226777  0.00675835  0.659166  0.194266  -0.00559582  4
6900  103214  0.225341  0.00544881  0.659126  0.200082  0.0811963  4
7000  102930  0.226  0.0053729  0.662065  0.208718  0.097461  4
7100  102202  0.224928  0.00585942  0.661894  0.206845  0.0711971  4
7200  101862  0.222766  0.0051002  0.662126  0.206816  0.0255684  4
7300  103034  0.22335  0.00520379  0.662402  0.202134  0.0408229  4
7400  103096  0.229208  0.00665485  0.660628  0.206349  0.035948  4
7500  102491  0.227234  0.00546533  0.661791  0.207963  0.0568349  4
7600  102872  0.229648  0.00588205  0.659344  0.197969  0.0892418  4
7700  102475  0.223021  0.0051779  0.66003  0.199127  0.0900198  4
7800  102538  0.227621  0.00463888  0.658437  0.208385  0.0360521  4
7900  102818  0.226992  0.00480972  0.659064  0.211272  0.0478403  4
8000  102744  0.231861  0.00462288  0.659379  0.214662  0.00799486  4
8100  102860  0.229942  0.00437558  0.657491  0.204709  0.0757899  4
8200  103467  0.228998  0.00394683  0.659011  0.207647  0.0714735  4
8300  102026  0.225267  0.0035325  0.659806  0.208296  0.0739782  4
8400  101656  0.222014  0.00351766  0.658228  0.200951  0.0675781  4
8500  102249  0.227887  0.00439882  0.658378  0.208385  0.0716001  4
8600  102053  0.22612  0.00408584  0.659104  0.201754  0.111902  4
8700  102603  0.22905  0.00370427  0.658456  0.207095  0.0841259  4
8800  103154  0.229793  0.0036754  0.655656  0.201464  0.0767668  4
8900  101171  0.226049  0.00278722  0.658237  0.21076  0.068043  4
9000  102597  0.228166  0.00277312  0.659025  0.209999  0.0550177  4
9100  101901  0.230026  0.00351074  0.65939  0.222089  0.0728843  4
9200  103304  0.225421  0.00290638  0.659709  0.214529  0.0889976  4
9300  102381  0.221761  0.00273608  0.658894  0.211774  0.0961792  4
9400  102762  0.226797  0.00296831  0.6592  0.215845  0.0811297  4
9500  102492  0.229386  0.00237694  0.65872  0.21376  0.100569  4
9600  102685  0.226447  0.00278968  0.65925  0.211628  0.107571  4
9700  102593  0.228257  0.00276906  0.658054  0.20896  0.107221  4
9800  103076  0.228427  0.00215146  0.656451  0.194425  0.130372  4
9900  103453  0.220631  0.00179915  0.657339  0.196834  0.14336  4
