t meta_n emi  mean_info  tr1  tr2  tr3  strategy
0  114785  0.100104  0.494687  0.900076  0.00083422  -9.24637e-05  4
100  102304  0.10559  0.243072  0.850792  0.0768887  -0.000407996  4
200  102989  0.161667  0.142818  0.773253  0.143917  0.000677829  4
300  103982  0.198124  0.104592  0.728366  0.188799  0.0146578  4
400  102814  0.213443  0.0930106  0.707085  0.215674  -0.00773906  4
500  102188  0.22246  0.0868223  0.697655  0.229598  0.0140385  4
600  102727  0.227723  0.0768188  0.692977  0.239012  0.0533464  4
700  102176  0.225487  0.0760872  0.696087  0.2558  0.0412756  4
800  102413  0.225661  0.0705653  0.696651  0.254283  0.0330723  4
900  101776  0.228425  0.0712965  0.693698  0.265146  0.0408154  4
1000  102653  0.236247  0.0663529  0.687096  0.263028  0.0491268  4
1100  101866  0.240192  0.0659449  0.686224  0.277374  0.0576604  4
1200  101322  0.238119  0.0624272  0.684642  0.278048  0.0963518  4
1300  102012  0.226579  0.0643239  0.694629  0.278831  0.107533  4
1400  102175  0.237665  0.0651601  0.692259  0.288605  0.12991  4
1500  102360  0.23292  0.06027  0.689942  0.276355  0.0595971  4
1600  102282  0.239172  0.0558077  0.688224  0.286717  0.0835539  4
1700  101652  0.233482  0.0540092  0.689324  0.286162  0.0696175  4
1800  102982  0.23368  0.0556107  0.688925  0.276427  0.0711868  4
1900  102611  0.229969  0.0565187  0.6873  0.276884  0.0878805  4
2000  102954  0.238259  0.051373  0.686584  0.280728  0.063133  4
2100  102089  0.233347  0.0503214  0.684787  0.280424  0.0622762  4
2200  102463  0.235626  0.0447405  0.689165  0.287007  0.0564909  4
2300  102503  0.22938  0.0451271  0.691268  0.28429  0.0373108  4
2400  101769  0.232753  0.045751  0.691794  0.298204  0.0409235  4
2500  103197  0.235148  0.0442222  0.6902  0.289912  0.0627795  4
2600  101782  0.225858  0.0427251  0.687356  0.274181  0.0890868  4
2700  102067  0.237177  0.041923  0.685713  0.271837  0.0941142  4
2800  102368  0.231859  0.0419152  0.684137  0.272272  0.0563437  4
2900  102680  0.230021  0.0412527  0.682836  0.268806  0.0529522  4
3000  102234  0.231027  0.0383843  0.684101  0.272924  0.0486376  4
3100  101683  0.227787  0.0365392  0.686542  0.282887  0.043135  4
3200  102416  0.230162  0.0366242  0.68533  0.280223  0.0299763  4
3300  101879  0.233492  0.0324702  0.67782  0.272657  0.0223178  4
3400  101827  0.232021  0.0336631  0.678238  0.276291  -0.011495  4
3500  101839  0.231751  0.0338253  0.677821  0.271318  -0.0485475  4
3600  102214  0.234325  0.0288637  0.67879  0.273678  -0.0154014  4
3700  102696  0.232919  0.0285361  0.68343  0.286501  0.000248417  4
3800  102599  0.230706  0.0302314  0.685711  0.294413  0.0274046  4
3900  101420  0.230812  0.0332729  0.685297  0.293034  -0.0246798  4
4000  102903  0.22871  0.029684  0.686626  0.292633  -0.0251444  4
4100  102558  0.229323  0.0284207  0.685976  0.286962  -0.0308439  4
4200  101209  0.232159  0.0293931  0.681692  0.294317  -0.0507403  4
4300  102293  0.230452  0.0263446  0.682649  0.290505  -0.0408114  4
4400  103399  0.23607  0.0252758  0.682541  0.289672  -0.0705094  4
4500  102187  0.231327  0.0220038  0.678848  0.279874  -0.0458404  4
4600  102747  0.233254  0.0231595  0.677218  0.27583  -0.0243573  4
4700  103087  0.231236  0.0225221  0.680394  0.277869  -0.033632  4
4800  102759  0.235569  0.0224697  0.68403  0.290289  -0.0318802  4
4900  102078  0.228116  0.0224952  0.681088  0.289725  -0.0214867  4
5000  102027  0.228729  0.0227401  0.678181  0.275694  -0.0344192  4
5100  103457  0.231618  0.0205694  0.673444  0.262895  -0.0273272  4
5200  102244  0.227789  0.0213259  0.671615  0.254524  -0.0211947  4
5300  102883  0.228314  0.0198188  0.670423  0.247645  -0.0351333  4
5400  102847  0.228318  0.0184625  0.675191  0.254613  -0.00933667  4
5500  102257  0.223266  0.0178858  0.679302  0.266947  -0.0302457  4
5600  102668  0.220612  0.0169876  0.684432  0.275834  -0.0446541  4
5700  102867  0.225428  0.0176626  0.681004  0.270907  -0.054917  4
5800  102486  0.221811  0.016102  0.683183  0.272346  -0.0517226  4
5900  102239  0.225074  0.0148109  0.679866  0.267244  -0.0636909  4
6000  102322  0.226037  0.014583  0.677776  0.257109  -0.0758015  4
6100  101801  0.22597  0.0141864  0.680499  0.271013  -0.0531492  4
6200  102352  0.224941  0.0118787  0.678116  0.264598  -0.0317571  4
6300  102704  0.224711  0.0108196  0.668716  0.24059  0.00108004  4
6400  102550  0.227579  0.0109508  0.665706  0.229033  0.0207878  4
6500  102738  0.224897  0.0108452  0.665075  0.22003  0.037139  4
6600  102157  0.229762  0.0118345  0.665547  0.22418  0.032701  4
6700  102595  0.234043  0.0133093  0.660352  0.22171  0.0703547  4
6800  103166  0.22493  0.0121701  0.663331  0.227852  0.0962244  4
6900  103384  0.236309  0.0107791  0.661255  0.227713  0.13767  4
7000  102748  0.227535  0.0110525  0.660532  0.22011  0.145229  4
7100  102564  0.226332  0.0110053  0.658434  0.20728  0.0858719  4
7200  103036  0.231595  0.0110905  0.654438  0.201746  0.111392  4
7300  103311  0.233362  0.0098906  0.653326  0.191096  0.0731056  4
7400  102264  0.233493  0.00817157  0.648947  0.189982  0.0275569  4
7500  102652  0.232204  0.00729791  0.650533  0.191535  0.0622733  4
7600  102892  0.230788  0.00577605  0.652418  0.189229  0.0939917  4
7700  102507  0.229628  0.00575205  0.651463  0.193672  0.0944596  4
7800  102107  0.227353  0.00587236  0.65137  0.185349  0.0991272  4
7900  101588  0.223358  0.0058312  0.652219  0.189116  0.137147  4
8000  102744  0.228554  0.0058989  0.650022  0.178445  0.156538  4
8100  101801  0.222445  0.00533473  0.652496  0.169489  0.161525  4
8200  102722  0.227452  0.00624283  0.650918  0.161773  0.170969  4
8300  102559  0.227717  0.00602966  0.651405  0.168869  0.1001  4
8400  103029  0.225986  0.00636229  0.650314  0.167637  0.103828  4
8500  103652  0.22671  0.00596557  0.648535  0.159474  0.0803066  4
8600  102645  0.22765  0.00592724  0.648888  0.159616  0.108242  4
8700  102468  0.223373  0.00616126  0.649171  0.154241  0.101652  4
8800  103362  0.22983  0.00560341  0.644554  0.141982  0.109531  4
8900  102699  0.225469  0.00567117  0.643006  0.137871  0.125703  4
9000  102273  0.225863  0.00444326  0.645175  0.137945  0.107501  4
9100  102553  0.225208  0.0039807  0.648596  0.144993  0.155104  4
9200  103412  0.224536  0.0043414  0.649945  0.152728  0.160328  4
9300  103152  0.227058  0.00464214  0.645579  0.145533  0.186842  4
9400  102090  0.224277  0.00502953  0.644975  0.142638  0.203127  4
9500  102453  0.226969  0.00509813  0.644325  0.138623  0.162767  4
9600  102311  0.229093  0.00493634  0.644427  0.139572  0.161412  4
9700  103097  0.225012  0.00387223  0.645476  0.14105  0.150881  4
9800  102315  0.228428  0.00269315  0.648324  0.151637  0.118546  4
9900  102073  0.226775  0.00294361  0.648994  0.150067  0.0951455  4
