t meta_n emi  mean_info  tr1  tr2  tr3  strategy
0  115449  0.09856  0.49282  0.899995  0.000796409  -3.89085e-05  4
100  101578  0.102433  0.218863  0.85028  0.0788559  -0.00160917  4
200  101495  0.158953  0.122189  0.77335  0.143703  -0.0135717  4
300  102020  0.187442  0.0893119  0.730878  0.19281  -0.0130875  4
400  102035  0.209143  0.078326  0.713965  0.226929  -0.0101999  4
500  101679  0.223512  0.0692742  0.703676  0.25621  -0.0139406  4
600  102528  0.223534  0.0667455  0.703688  0.265005  -0.0119194  4
700  101765  0.227031  0.0686059  0.695952  0.268556  -0.00953931  4
800  101727  0.227838  0.0629739  0.699158  0.27351  0.00320325  4
900  102924  0.22897  0.0613801  0.699591  0.283733  0.0410993  4
1000  101817  0.232289  0.057482  0.69553  0.294575  0.0249059  4
1100  102045  0.22959  0.0562391  0.701522  0.311197  0.033845  4
1200  102010  0.230825  0.0522151  0.699645  0.320398  0.0197088  4
1300  102344  0.234801  0.0512417  0.697102  0.318404  0.0166167  4
1400  102716  0.23306  0.0515842  0.70066  0.316028  0.0139651  4
1500  102077  0.229387  0.0498018  0.703897  0.325401  0.0329574  4
1600  102499  0.23411  0.0530924  0.703115  0.336739  0.025799  4
1700  101915  0.236852  0.0491964  0.69727  0.329045  -0.0146945  4
1800  102778  0.238127  0.0501033  0.692488  0.321754  -0.0231294  4
1900  102981  0.237616  0.0441606  0.689637  0.309633  -0.0729491  4
2000  102921  0.236535  0.0464884  0.694215  0.309656  -0.114487  4
2100  102081  0.238237  0.0457934  0.690669  0.300967  -0.112499  4
2200  101685  0.229365  0.0416335  0.687554  0.287932  -0.125839  4
2300  102186  0.235783  0.0426671  0.68682  0.28307  -0.100324  4
2400  102636  0.235305  0.0395608  0.683489  0.274801  -0.0801957  4
2500  102011  0.229039  0.0367884  0.681953  0.273235  -0.0838087  4
2600  101926  0.227349  0.0315717  0.681992  0.269204  -0.142672  4
2700  101815  0.237168  0.0339389  0.676146  0.27008  -0.158384  4
2800  102657  0.240027  0.0367143  0.675244  0.270226  -0.151178  4
2900  102338  0.236737  0.0325441  0.676614  0.283029  -0.208898  4
3000  102382  0.232587  0.0354266  0.675951  0.269706  -0.239235  4
3100  102098  0.233972  0.0317857  0.678859  0.277081  -0.221163  4
3200  103483  0.231386  0.0312633  0.68134  0.27363  -0.193954  4
3300  103132  0.236347  0.029728  0.684901  0.286107  -0.203989  4
3400  102075  0.232779  0.0308323  0.684784  0.291351  -0.193731  4
3500  102807  0.236399  0.0308292  0.679137  0.294861  -0.18174  4
3600  102264  0.23906  0.0276731  0.676018  0.295842  -0.178552  4
3700  101800  0.23335  0.0299778  0.679591  0.303266  -0.197656  4
3800  102480  0.235099  0.0255271  0.681754  0.313286  -0.218433  4
3900  101867  0.23494  0.0240285  0.686608  0.314492  -0.254359  4
4000  102523  0.234732  0.0248727  0.683969  0.306121  -0.316445  4
4100  102622  0.228044  0.0235617  0.683365  0.292887  -0.35097  4
4200  102760  0.236416  0.0220873  0.684017  0.296885  -0.334668  4
4300  102496  0.231448  0.020041  0.683836  0.297512  -0.372945  4
4400  102411  0.231573  0.0200865  0.681452  0.296841  -0.395066  4
4500  101973  0.233449  0.0211  0.682837  0.299308  -0.426709  4
4600  102710  0.22891  0.0181754  0.68675  0.299633  -0.429243  4
4700  102011  0.225782  0.0198269  0.688825  0.301083  -0.386131  4
4800  102591  0.225772  0.017864  0.686825  0.297695  -0.379298  4
4900  102923  0.225558  0.0174553  0.681441  0.290026  -0.371696  4
5000  103593  0.233047  0.0178965  0.681498  0.287921  -0.385778  4
5100  103363  0.228786  0.0188754  0.681942  0.281923  -0.41352  4
5200  102512  0.226223  0.017208  0.684288  0.285993  -0.37629  4
5300  102849  0.218775  0.0158852  0.686804  0.27394  -0.364908  4
5400  102209  0.218513  0.0131301  0.684823  0.26491  -0.382171  4
5500  101685  0.222392  0.012306  0.680983  0.255237  -0.426225  4
5600  102507  0.225104  0.0137995  0.677395  0.258535  -0.424107  4
5700  102847  0.228169  0.0123621  0.674686  0.243462  -0.384012  4
5800  103119  0.22407  0.0123415  0.674002  0.235931  -0.35682  4
5900  102726  0.226834  0.0122841  0.672258  0.241801  -0.351957  4
6000  102731  0.230337  0.0121935  0.670634  0.235553  -0.373482  4
6100  103222  0.227971  0.0111006  0.678672  0.248462  -0.379157  4
6200  101884  0.229194  0.0121655  0.674504  0.253035  -0.389215  4
6300  103044  0.230189  0.0120461  0.672987  0.255045  -0.371963  4
6400  102742  0.232776  0.013779  0.670082  0.24509  -0.396142  4
6500  102325  0.22754  0.011896  0.66919  0.232471  -0.403064  4
6600  102635  0.230101  0.0105679  0.665411  0.224147  -0.388308  4
6700  102311  0.230899  0.0118234  0.665151  0.213388  -0.391244  4
6800  103674  0.227422  0.00948715  0.66519  0.217986  -0.372366  4
6900  103485  0.230016  0.00875393  0.665524  0.223779  -0.406781  4
7000  103339  0.226914  0.00747457  0.668271  0.227549  -0.424915  4
7100  101913  0.229713  0.00699574  0.66828  0.230295  -0.372364  4
7200  103024  0.224093  0.00797381  0.668554  0.228961  -0.401233  4
7300  103044  0.223753  0.00616012  0.66703  0.225206  -0.466436  4
7400  102136  0.229152  0.005279  0.669337  0.236163  -0.443822  4
7500  102365  0.228677  0.00627275  0.670607  0.244696  -0.431015  4
7600  102454  0.229312  0.00567887  0.673952  0.253963  -0.370471  4
7700  102519  0.226056  0.00733149  0.676158  0.254712  -0.352891  4
7800  101745  0.224697  0.00585351  0.679047  0.269818  -0.359397  4
7900  102237  0.227147  0.00580054  0.679199  0.267759  -0.395633  4
8000  102774  0.228575  0.00493552  0.674723  0.257742  -0.407977  4
8100  102634  0.225523  0.00533071  0.672182  0.24876  -0.439811  4
8200  103389  0.228046  0.00466192  0.6716  0.239181  -0.475008  4
8300  102305  0.229245  0.00735149  0.674444  0.249265  -0.488225  4
8400  102940  0.229728  0.00629466  0.672338  0.248222  -0.505956  4
8500  104245  0.228618  0.00505501  0.665534  0.22714  -0.507039  4
8600  102844  0.229704  0.00378849  0.671069  0.238541  -0.550139  4
8700  102731  0.224736  0.00369814  0.674915  0.246788  -0.53353  4
8800  102937  0.225344  0.00319411  0.680595  0.266211  -0.491476  4
8900  102252  0.221206  0.00372704  0.680732  0.26425  -0.486173  4
9000  102807  0.2221  0.00357123  0.678856  0.258437  -0.451116  4
9100  102006  0.225049  0.00386408  0.680826  0.269331  -0.356696  4
9200  102103  0.227767  0.00361136  0.681416  0.277172  -0.355574  4
9300  103039  0.223026  0.00365834  0.686513  0.281332  -0.408097  4
9400  102870  0.228527  0.00359728  0.689086  0.28822  -0.504617  4
9500  102631  0.230948  0.00367172  0.692959  0.298129  -0.448772  4
9600  103165  0.226387  0.00308525  0.701042  0.313901  -0.492499  4
9700  103301  0.229245  0.0032385  0.700774  0.320264  -0.498543  4
9800  103147  0.225903  0.00332114  0.702787  0.319792  -0.568905  4
9900  103507  0.228027  0.00290595  0.702147  0.321411  -0.536371  4
