t meta_n emi  mean_info  tr1  tr2  tr3  strategy
0  116738  0.099512  0.500559  0.899967  0.000825718  5.25307e-05  4
100  105419  0.117367  0.603616  0.860589  0.0766389  0.000899167  4
200  105595  0.161548  0.66216  0.803677  0.14349  -0.00682314  4
300  105174  0.18213  0.674636  0.784592  0.186967  -0.0141633  4
400  105039  0.189227  0.688137  0.782048  0.224522  -0.0404232  4
500  106094  0.197787  0.688592  0.779319  0.247449  -0.0374692  4
600  104983  0.1972  0.683591  0.783591  0.271168  -0.0403299  4
700  105198  0.198242  0.670244  0.786858  0.287107  -0.0561425  4
800  105048  0.200859  0.6647  0.787187  0.294629  -0.0677146  4
900  104271  0.193717  0.670858  0.785597  0.2902  -0.100757  4
1000  104496  0.204141  0.665952  0.786031  0.292933  -0.110049  4
1100  105779  0.194005  0.65385  0.792775  0.319421  -0.0970185  4
1200  104255  0.202505  0.646114  0.789151  0.327562  -0.123939  4
1300  105582  0.195847  0.646849  0.79413  0.324693  -0.121912  4
1400  105086  0.194621  0.657788  0.795332  0.332732  -0.0795314  4
1500  105761  0.196197  0.659537  0.802531  0.350343  -0.0864625  4
1600  105234  0.187794  0.652308  0.802904  0.350315  -0.0964931  4
1700  104869  0.188826  0.65859  0.80261  0.357445  -0.117329  4
1800  104595  0.189491  0.651064  0.803888  0.347518  -0.123885  4
1900  105017  0.191004  0.657161  0.806637  0.366697  -0.0878987  4
2000  105548  0.191704  0.648916  0.805742  0.370494  -0.145818  4
2100  105107  0.195211  0.632609  0.803295  0.364593  -0.11496  4
2200  105794  0.18643  0.633323  0.809059  0.378728  -0.121516  4
2300  105162  0.19656  0.630114  0.802257  0.39081  -0.151361  4
2400  105056  0.187516  0.616691  0.8055  0.39906  -0.156045  4
2500  104062  0.18878  0.615996  0.809022  0.407851  -0.17109  4
2600  105522  0.191026  0.624624  0.814541  0.418791  -0.183437  4
2700  105676  0.186958  0.60862  0.816976  0.433094  -0.185074  4
2800  104650  0.192485  0.614382  0.817518  0.432352  -0.159022  4
2900  105287  0.18709  0.610781  0.823683  0.453116  -0.189513  4
3000  104154  0.187345  0.612019  0.821691  0.449971  -0.224185  4
3100  104917  0.189389  0.60858  0.825529  0.463932  -0.274985  4
3200  105673  0.189507  0.592885  0.827571  0.465736  -0.310278  4
3300  105285  0.182013  0.586401  0.826337  0.457121  -0.319546  4
3400  106007  0.190757  0.598892  0.825962  0.457551  -0.375877  4
3500  105232  0.182987  0.596735  0.823387  0.446062  -0.435089  4
3600  105431  0.189082  0.582386  0.828177  0.472342  -0.393744  4
3700  104676  0.185179  0.576105  0.832576  0.485676  -0.389406  4
3800  105064  0.183975  0.575843  0.839047  0.497581  -0.402233  4
3900  104816  0.190856  0.576661  0.838509  0.507861  -0.38928  4
4000  105601  0.186204  0.575353  0.841536  0.520568  -0.424211  4
4100  104095  0.186313  0.556064  0.842502  0.533709  -0.486072  4
4200  105461  0.181112  0.55644  0.845436  0.532839  -0.456007  4
4300  104887  0.183285  0.554995  0.840566  0.525709  -0.477989  4
4400  105337  0.188025  0.560433  0.838992  0.530943  -0.507149  4
4500  105410  0.198743  0.560859  0.840865  0.539732  -0.50949  4
4600  105819  0.187081  0.556399  0.845684  0.535849  -0.512793  4
4700  105980  0.184575  0.548292  0.850292  0.544736  -0.577709  4
4800  105407  0.190041  0.547751  0.850882  0.55839  -0.515894  4
4900  106080  0.189692  0.532464  0.852107  0.561149  -0.550128  4
5000  104327  0.18387  0.53172  0.851189  0.56028  -0.542206  4
5100  105214  0.188464  0.525355  0.849663  0.557989  -0.568888  4
5200  105805  0.191931  0.530458  0.852981  0.574677  -0.547185  4
5300  104982  0.17648  0.52618  0.852536  0.56905  -0.524256  4
5400  105302  0.181599  0.51972  0.852223  0.57483  -0.578642  4
5500  106098  0.188437  0.525657  0.851337  0.568955  -0.616204  4
5600  105019  0.176035  0.524274  0.853157  0.570998  -0.62703  4
5700  105835  0.186467  0.527774  0.852067  0.564267  -0.733213  4
5800  104873  0.181196  0.532078  0.855912  0.564151  -0.721559  4
5900  105901  0.182766  0.531904  0.854895  0.564341  -0.737573  4
6000  106089  0.184612  0.525761  0.864089  0.590104  -0.704591  4
6100  105671  0.177203  0.524246  0.859695  0.580251  -0.708625  4
6200  106214  0.184031  0.518472  0.859921  0.582928  -0.669161  4
6300  105157  0.177956  0.517607  0.86728  0.595112  -0.57779  4
6400  105011  0.177998  0.523922  0.872059  0.603508  -0.524274  4
6500  105492  0.174204  0.521236  0.876636  0.616077  -0.53937  4
6600  105904  0.180469  0.516452  0.878273  0.620163  -0.509873  4
6700  105587  0.180515  0.503919  0.879534  0.629343  -0.5572  4
6800  105399  0.181531  0.505122  0.880171  0.631561  -0.491763  4
6900  105409  0.182503  0.494807  0.887534  0.648003  -0.569573  4
7000  105702  0.176933  0.497148  0.891766  0.658051  -0.534714  4
7100  106002  0.176321  0.498351  0.896874  0.668401  -0.524777  4
7200  105389  0.179441  0.489626  0.901008  0.680512  -0.514853  4
7300  106291  0.186467  0.485251  0.906434  0.701873  -0.538977  4
7400  104907  0.175765  0.474659  0.911615  0.711872  -0.513171  4
7500  105659  0.176981  0.478603  0.913431  0.718581  -0.470152  4
7600  105191  0.179665  0.477175  0.916402  0.724882  -0.425671  4
7700  105377  0.18119  0.480165  0.91701  0.722641  -0.367832  4
7800  104923  0.181275  0.485544  0.918003  0.723366  -0.37792  4
7900  104971  0.16947  0.481788  0.918827  0.724841  -0.356883  4
8000  106010  0.176844  0.477075  0.926779  0.740452  -0.359498  4
8100  105036  0.179354  0.475888  0.930087  0.752812  -0.443667  4
8200  106132  0.175596  0.470672  0.930546  0.750426  -0.440793  4
8300  105806  0.1746  0.466274  0.933319  0.756595  -0.417662  4
8400  105708  0.174546  0.463297  0.934526  0.764512  -0.463988  4
8500  104874  0.173212  0.459216  0.940466  0.785924  -0.397021  4
8600  105928  0.172502  0.46042  0.940206  0.783595  -0.44789  4
8700  105128  0.171023  0.450617  0.942174  0.793042  -0.478738  4
8800  106235  0.178901  0.444775  0.948072  0.80791  -0.459602  4
8900  106093  0.174171  0.442167  0.947493  0.804852  -0.459911  4
9000  105142  0.17259  0.44057  0.947843  0.807224  -0.448724  4
9100  104449  0.179183  0.438822  0.94786  0.810418  -0.406565  4
9200  103993  0.171455  0.436413  0.94881  0.813269  -0.380812  4
9300  105433  0.179988  0.437459  0.94892  0.813397  -0.316064  4
9400  106302  0.172021  0.440953  0.950681  0.820554  -0.348063  4
9500  105185  0.177794  0.440613  0.952471  0.822615  -0.362912  4
9600  105685  0.188109  0.435804  0.956018  0.831312  -0.366933  4
9700  105358  0.17288  0.438452  0.954112  0.826832  -0.398885  4
9800  105018  0.178559  0.437814  0.95662  0.83363  -0.391882  4
9900  105858  0.177083  0.437044  0.957673  0.836187  -0.418803  4
