t meta_n emi  mean_info  tr1  tr2  tr3  strategy
0  115614  0.101904  0.496831  0.900081  0.000794156  -4.25144e-06  4
100  103920  0.113638  0.442839  0.854292  0.0850726  -0.00234818  4
200  103599  0.156087  0.374395  0.789955  0.149388  -0.0108117  4
300  103254  0.194385  0.322567  0.749238  0.203545  -0.0127462  4
400  102746  0.201979  0.295842  0.741834  0.250838  -0.034265  4
500  103088  0.215485  0.292672  0.735665  0.292069  -0.0284183  4
600  103173  0.213726  0.25976  0.73609  0.312394  -0.0405632  4
700  103813  0.221634  0.24715  0.735076  0.319734  -0.0478095  4
800  103338  0.218651  0.252969  0.741028  0.327949  -0.0429418  4
900  104356  0.22198  0.249733  0.74469  0.345469  -0.0218671  4
1000  103374  0.225342  0.24894  0.748242  0.367301  -0.0502912  4
1100  103296  0.217754  0.249771  0.758871  0.392062  -0.0702813  4
1200  102469  0.217909  0.262166  0.767597  0.418471  -0.0584359  4
1300  103564  0.22063  0.257428  0.773744  0.4439  -0.0369355  4
1400  103575  0.217385  0.24209  0.781409  0.458591  -0.052124  4
1500  103666  0.211885  0.245855  0.785712  0.466185  -0.0247373  4
1600  103339  0.217866  0.244763  0.789228  0.477852  0.00179891  4
1700  104386  0.220354  0.244128  0.798235  0.505624  0.0404172  4
1800  103139  0.220666  0.239593  0.805369  0.533398  0.054005  4
1900  103621  0.219927  0.245271  0.810277  0.54998  0.0598122  4
2000  103140  0.216186  0.25202  0.825972  0.579332  0.042064  4
2100  103291  0.218222  0.253385  0.82591  0.576762  0.0377822  4
2200  104076  0.216537  0.244564  0.831331  0.586929  0.0353307  4
2300  103642  0.216429  0.248694  0.834814  0.592062  0.00690205  4
2400  104214  0.218876  0.248388  0.839938  0.603542  0.0203506  4
2500  103792  0.214796  0.250367  0.843897  0.609584  0.0227857  4
2600  103678  0.214877  0.253228  0.844387  0.604836  0.00789904  4
2700  103473  0.217128  0.245705  0.842298  0.602901  0.0147431  4
2800  103183  0.21341  0.242158  0.850162  0.635615  0.00531865  4
2900  104020  0.215988  0.243909  0.858647  0.654535  0.0224375  4
3000  104260  0.213277  0.243922  0.866568  0.663359  0.0257459  4
3100  104355  0.21334  0.241799  0.868766  0.670509  0.0144429  4
3200  103725  0.211057  0.242355  0.874717  0.677815  0.0324409  4
3300  103621  0.208604  0.238848  0.881217  0.691233  0.0599057  4
3400  104328  0.204385  0.239427  0.887685  0.715535  0.0727427  4
3500  103862  0.212818  0.238927  0.894994  0.731294  0.0979497  4
3600  104098  0.207986  0.231406  0.89674  0.736581  0.0771169  4
3700  105330  0.220565  0.241623  0.902517  0.755723  0.0491364  4
3800  103556  0.208858  0.239572  0.902932  0.755045  0.0433021  4
3900  105125  0.21573  0.246208  0.912089  0.783885  -0.0134671  4
4000  104769  0.210964  0.24136  0.908292  0.765155  -0.0223741  4
4100  104113  0.204225  0.255114  0.909013  0.764023  -0.0220987  4
4200  103871  0.200232  0.252157  0.913723  0.768543  -0.040124  4
4300  104087  0.207929  0.255814  0.918428  0.781563  -0.0701605  4
4400  103423  0.200971  0.251987  0.916063  0.776806  -0.0863275  4
4500  104635  0.205218  0.238118  0.914374  0.778573  -0.140163  4
4600  103184  0.204466  0.242573  0.914073  0.77908  -0.154163  4
4700  104588  0.202098  0.242448  0.919518  0.793149  -0.152127  4
4800  103416  0.205864  0.235773  0.914688  0.77844  -0.158927  4
4900  103718  0.210912  0.241141  0.924258  0.795926  -0.145887  4
5000  103714  0.198978  0.230872  0.919234  0.782961  -0.192487  4
5100  104047  0.208132  0.238435  0.920454  0.786484  -0.235132  4
5200  103662  0.206666  0.243424  0.927333  0.79862  -0.266516  4
5300  103950  0.210558  0.241136  0.930504  0.811914  -0.278537  4
5400  103694  0.212133  0.235586  0.932997  0.810464  -0.260382  4
5500  103315  0.202657  0.235424  0.93403  0.815927  -0.256499  4
5600  104202  0.206623  0.240289  0.932582  0.811966  -0.213445  4
5700  103788  0.205761  0.232801  0.932131  0.814846  -0.186188  4
5800  103786  0.204044  0.233  0.932804  0.81647  -0.150938  4
5900  104249  0.214126  0.233152  0.933098  0.824724  -0.119401  4
6000  103483  0.207835  0.227194  0.935114  0.825049  -0.147353  4
6100  103825  0.206597  0.232985  0.939513  0.83616  -0.154092  4
6200  104391  0.211369  0.2333  0.937252  0.826079  -0.133247  4
6300  104580  0.21594  0.227764  0.935743  0.823807  -0.0979927  4
6400  104568  0.210081  0.222776  0.93604  0.823465  -0.0490545  4
6500  103884  0.212281  0.224922  0.94065  0.838499  -0.0883125  4
6600  103687  0.208646  0.230244  0.949576  0.857869  -0.112786  4
6700  105045  0.211544  0.232968  0.951182  0.866226  -0.0732927  4
6800  104382  0.210471  0.228687  0.949877  0.859422  -0.0541028  4
6900  103900  0.208326  0.227577  0.954303  0.862818  -0.0382303  4
7000  105068  0.2097  0.227181  0.956819  0.870218  -0.030545  4
7100  103583  0.20341  0.230682  0.960059  0.882643  -0.0239423  4
7200  104556  0.204625  0.232549  0.961498  0.887945  0.041441  4
7300  102903  0.203198  0.233339  0.956824  0.87591  0.0441563  4
7400  104064  0.202266  0.237438  0.95755  0.879925  0.0556805  4
7500  104650  0.215987  0.234277  0.958903  0.885519  0.0861619  4
7600  104553  0.217269  0.231681  0.960744  0.886733  0.0911623  4
7700  103555  0.20478  0.236516  0.964225  0.899576  0.134824  4
7800  104888  0.215184  0.23819  0.968389  0.910746  0.170138  4
7900  104659  0.207083  0.229079  0.967865  0.907209  0.124933  4
8000  104718  0.206517  0.229042  0.970488  0.916682  0.1406  4
8100  104640  0.202443  0.231362  0.96855  0.915562  0.182328  4
8200  104685  0.207638  0.229688  0.970828  0.913683  0.171972  4
8300  104183  0.203818  0.223683  0.969447  0.913273  0.159354  4
8400  104334  0.205576  0.230505  0.977643  0.926334  0.136692  4
8500  104374  0.211529  0.226931  0.978814  0.926817  0.116496  4
8600  103204  0.2095  0.223283  0.977471  0.922153  0.0907085  4
8700  104064  0.206033  0.230984  0.979008  0.927458  0.116773  4
8800  104014  0.208381  0.236117  0.976488  0.922469  0.116273  4
8900  104493  0.207523  0.238194  0.975507  0.919535  0.170559  4
9000  102711  0.207158  0.231529  0.976684  0.917219  0.218958  4
9100  104391  0.20629  0.22927  0.979065  0.924131  0.232659  4
9200  104319  0.197778  0.231437  0.982548  0.932029  0.328538  4
9300  104219  0.219683  0.232343  0.984993  0.93807  0.360073  4
9400  104138  0.206309  0.232019  0.987104  0.942955  0.3954  4
9500  105338  0.208444  0.235914  0.988436  0.945377  0.446904  4
9600  104212  0.210537  0.232845  0.988491  0.940527  0.437065  4
9700  104142  0.210034  0.236076  0.990272  0.94586  0.489552  4
9800  104333  0.203779  0.239833  0.99462  0.95874  0.484501  4
9900  104239  0.21023  0.240163  0.995807  0.963588  0.47411  4
