t meta_n emi  mean_info  tr1  tr2  tr3  strategy
0  113760  0.101312  0.494028  0.899974  0.0008155  1.81108e-05  4
100  102163  0.10313  0.193262  0.853125  0.0786444  -0.00331009  4
200  103318  0.16064  0.105658  0.771268  0.146729  -0.00128355  4
300  102087  0.197638  0.0793415  0.722633  0.187111  0.0231761  4
400  102811  0.2117  0.0679961  0.703192  0.203775  0.0323432  4
500  101916  0.225559  0.059871  0.691438  0.220464  0.0484823  4
600  101564  0.223383  0.0593149  0.694076  0.239652  0.055792  4
700  101737  0.227662  0.0597273  0.695319  0.258005  0.088087  4
800  101839  0.224589  0.0565843  0.697076  0.261911  0.121724  4
900  102021  0.222655  0.0551664  0.696103  0.263156  0.131702  4
1000  101899  0.233724  0.0538412  0.688207  0.265708  0.131151  4
1100  101843  0.240121  0.0523961  0.6874  0.28402  0.127166  4
1200  102504  0.237592  0.0524068  0.694399  0.304822  0.168564  4
1300  101689  0.237461  0.0526914  0.694409  0.31426  0.159065  4
1400  102347  0.237311  0.0515657  0.697181  0.320096  0.160632  4
1500  102868  0.227595  0.0486158  0.70495  0.312641  0.183646  4
1600  102607  0.228048  0.0480363  0.702233  0.312275  0.177229  4
1700  102210  0.234233  0.0433261  0.701862  0.322709  0.18841  4
1800  102550  0.237884  0.0415702  0.699173  0.328256  0.186127  4
1900  102459  0.230357  0.0406344  0.697115  0.314867  0.271737  4
2000  102142  0.230864  0.0415617  0.700232  0.315609  0.264902  4
2100  102052  0.231684  0.0388089  0.696449  0.314848  0.248119  4
2200  102613  0.229915  0.0384085  0.696715  0.305861  0.178695  4
2300  102153  0.230441  0.0360235  0.695869  0.309164  0.208893  4
2400  102757  0.236401  0.0372491  0.695067  0.312681  0.204663  4
2500  102939  0.225981  0.034135  0.70068  0.312211  0.153781  4
2600  103574  0.230773  0.0339144  0.697316  0.310834  0.164575  4
2700  102425  0.227506  0.0336342  0.694432  0.299784  0.13643  4
2800  103422  0.225178  0.0334441  0.693125  0.296695  0.152499  4
2900  102092  0.230363  0.0320963  0.69019  0.298401  0.188987  4
3000  101957  0.2318  0.0286202  0.689939  0.296997  0.207409  4
3100  103181  0.234045  0.0258812  0.689535  0.298064  0.256224  4
3200  102344  0.234575  0.025707  0.687994  0.305568  0.256384  4
3300  101993  0.234075  0.0259038  0.691168  0.30681  0.265937  4
3400  102747  0.2325  0.0270592  0.689534  0.301305  0.295637  4
3500  102047  0.230548  0.0284918  0.693119  0.315806  0.251312  4
3600  102772  0.229452  0.0263206  0.691315  0.306741  0.247736  4
3700  102946  0.228529  0.0256988  0.697461  0.30186  0.266469  4
3800  102725  0.220756  0.0210772  0.695437  0.291204  0.299174  4
3900  103022  0.226362  0.0198533  0.691206  0.281546  0.297399  4
4000  103420  0.229036  0.020917  0.685341  0.275422  0.290435  4
4100  103245  0.227414  0.0198033  0.685085  0.274975  0.28581  4
4200  102263  0.228204  0.0203133  0.679697  0.267899  0.298136  4
4300  103639  0.226436  0.0221142  0.681308  0.276589  0.269097  4
4400  101930  0.224739  0.0191618  0.685372  0.2748  0.300022  4
4500  102592  0.223373  0.0184897  0.683652  0.268517  0.3037  4
4600  103198  0.223549  0.0169803  0.684572  0.260104  0.292557  4
4700  101442  0.218744  0.0149299  0.683563  0.255456  0.292968  4
4800  102436  0.221213  0.0167487  0.684621  0.261199  0.273266  4
4900  102281  0.224906  0.0143041  0.685213  0.268493  0.273134  4
5000  102929  0.219283  0.0135018  0.681605  0.262246  0.237573  4
5100  102259  0.22111  0.0133323  0.681978  0.258275  0.215487  4
5200  102399  0.224995  0.012731  0.679055  0.257115  0.185802  4
5300  103133  0.22775  0.0120882  0.679236  0.261248  0.104023  4
5400  103331  0.224553  0.011904  0.676815  0.247373  0.104868  4
5500  102030  0.223189  0.0115776  0.676914  0.241832  0.0913653  4
5600  103013  0.222673  0.0113953  0.673027  0.237061  0.0324407  4
5700  102381  0.223321  0.0114508  0.673201  0.228881  0.00657438  4
5800  103461  0.223801  0.0118927  0.671246  0.228886  -0.0117247  4
5900  103592  0.222016  0.0127673  0.673348  0.230019  -0.00712373  4
6000  102653  0.219749  0.0127919  0.673072  0.229413  0.0323265  4
6100  102734  0.223066  0.0121458  0.670508  0.226828  0.0502947  4
6200  102620  0.222717  0.0116545  0.667203  0.225752  0.00280506  4
6300  103358  0.227196  0.0105605  0.668068  0.228321  -0.00528124  4
6400  103287  0.226422  0.00894724  0.666783  0.227271  -0.0426621  4
6500  102703  0.221955  0.00996556  0.667071  0.22214  -0.0431978  4
6600  103772  0.220659  0.0108935  0.670058  0.219589  -0.0566978  4
6700  102745  0.225168  0.0111918  0.667172  0.219396  -0.0135442  4
6800  102302  0.223325  0.0105169  0.666737  0.218072  -0.00206587  4
6900  102164  0.220436  0.00843517  0.665012  0.207042  0.0122247  4
7000  102807  0.223676  0.0079797  0.663438  0.208717  0.056451  4
7100  102145  0.221324  0.0082938  0.663385  0.199289  0.0765423  4
7200  102740  0.220506  0.0080981  0.664704  0.199326  0.0928132  4
7300  102525  0.220377  0.00892321  0.661001  0.192785  0.0721205  4
7400  102530  0.222815  0.00795434  0.661658  0.193034  0.0801396  4
7500  103035  0.228067  0.00695574  0.661867  0.1942  0.0749696  4
7600  102738  0.220046  0.00571411  0.662541  0.187422  0.109689  4
7700  103408  0.219084  0.00596396  0.663358  0.181501  0.127118  4
7800  101986  0.21328  0.00482108  0.664454  0.180298  0.149016  4
7900  101981  0.223795  0.00486894  0.66274  0.182891  0.115468  4
8000  101958  0.221634  0.00551829  0.662809  0.18127  0.144514  4
8100  102588  0.219164  0.00615391  0.662863  0.180178  0.090277  4
8200  102147  0.217891  0.00458279  0.66073  0.178256  0.0842164  4
8300  103968  0.222555  0.00449848  0.659727  0.175831  0.0891886  4
8400  103095  0.218938  0.00480551  0.660484  0.171599  0.0883623  4
8500  102906  0.218287  0.00448606  0.658809  0.165881  0.0383438  4
8600  103070  0.22374  0.00426214  0.659641  0.164251  0.0485147  4
8700  102857  0.2193  0.00451088  0.660263  0.160499  0.039019  4
8800  103321  0.222315  0.00336716  0.65745  0.154336  0.0426632  4
8900  102711  0.22222  0.00379685  0.65505  0.154508  0.00430938  4
9000  102868  0.218978  0.00334851  0.655508  0.154216  0.0216943  4
9100  102426  0.220179  0.0033111  0.655017  0.153806  -0.0565517  4
9200  102274  0.222227  0.00321134  0.652606  0.150875  -0.152892  4
9300  102152  0.225927  0.00375238  0.651677  0.152785  -0.158663  4
9400  102552  0.221031  0.00460341  0.651052  0.148469  -0.137845  4
9500  102360  0.22116  0.00365578  0.652992  0.155262  -0.176033  4
9600  102773  0.220206  0.00280349  0.652466  0.145858  -0.203676  4
9700  101816  0.224643  0.00323576  0.651064  0.144356  -0.278099  4
9800  102388  0.221582  0.00246374  0.64948  0.136992  -0.329783  4
9900  102122  0.217885  0.00300233  0.647453  0.13101  -0.352102  4
