t meta_n emi  mean_info  tr1  tr2  tr3  strategy
0  114982  0.098472  0.493085  0.900044  0.000754267  3.90308e-05  4
100  102489  0.108454  0.209478  0.847114  0.0797545  -0.00297047  4
200  102636  0.155274  0.115623  0.773708  0.1354  0.00426642  4
300  102450  0.192544  0.0882043  0.727104  0.184362  0.0208009  4
400  102266  0.207951  0.0743304  0.706128  0.198735  0.00714069  4
500  102392  0.216658  0.0668518  0.705641  0.22834  0.0143593  4
600  102169  0.224783  0.0639815  0.696632  0.249325  0.018484  4
700  102915  0.227922  0.0580509  0.698153  0.265106  -0.0169504  4
800  101458  0.226403  0.0591481  0.69633  0.264169  -0.0169492  4
900  102446  0.231537  0.0594402  0.694737  0.283187  -0.0253186  4
1000  102445  0.233866  0.0535407  0.695438  0.30169  -0.022855  4
1100  101593  0.229352  0.0555926  0.703188  0.304372  -0.0402981  4
1200  101857  0.235632  0.0557428  0.69998  0.298773  -0.0369668  4
1300  103250  0.23603  0.0541939  0.706562  0.329571  -0.0485036  4
1400  102379  0.235656  0.0498166  0.699371  0.315496  -0.0437359  4
1500  103164  0.228107  0.0474774  0.704944  0.318661  -0.0203743  4
1600  101912  0.234202  0.0516956  0.699485  0.310541  -0.0279362  4
1700  101757  0.236079  0.0498  0.695064  0.298192  -0.0151607  4
1800  102256  0.238174  0.0455557  0.691961  0.296555  -0.0117572  4
1900  101522  0.236081  0.0411904  0.691049  0.282558  0.00548839  4
2000  101375  0.23646  0.0441218  0.691224  0.299228  0.0106286  4
2100  102145  0.232765  0.0407563  0.693777  0.302194  0.00137838  4
2200  102693  0.229025  0.0382535  0.692658  0.301724  -0.00412737  4
2300  102590  0.227318  0.0393166  0.697828  0.30436  -0.00165804  4
2400  102475  0.220331  0.0395729  0.702555  0.303236  -0.00485376  4
2500  102192  0.224451  0.034248  0.703305  0.304284  -0.0204485  4
2600  102422  0.225175  0.0309527  0.696384  0.295538  -0.0175992  4
2700  101757  0.224913  0.034678  0.695405  0.289116  -0.0263116  4
2800  102061  0.228987  0.033552  0.692461  0.2892  -0.0634017  4
2900  102099  0.228364  0.0310868  0.694917  0.293059  -0.0374649  4
3000  103334  0.232784  0.0307931  0.694715  0.28664  -0.0331924  4
3100  102135  0.234979  0.0311973  0.695428  0.288759  -0.0613816  4
3200  101857  0.22867  0.029872  0.694187  0.284556  -0.0254782  4
3300  101481  0.229994  0.0274641  0.697606  0.300082  0.0288588  4
3400  102728  0.225174  0.0304965  0.697343  0.30658  0.0442038  4
3500  102456  0.232157  0.0294266  0.688479  0.287361  0.0427477  4
3600  102463  0.225761  0.0255086  0.692119  0.287893  0.0603144  4
3700  102461  0.227413  0.023819  0.692635  0.291996  0.0569595  4
3800  103448  0.22567  0.0223174  0.690628  0.278683  0.0504297  4
3900  102934  0.22575  0.0215276  0.689542  0.278709  0.0387982  4
4000  101761  0.223857  0.0242536  0.686619  0.275589  0.0407238  4
4100  103433  0.228822  0.0214021  0.684089  0.262352  0.0106087  4
4200  102379  0.227798  0.0208873  0.685212  0.267124  -0.0152722  4
4300  102593  0.223922  0.0203898  0.687243  0.274033  -0.0232959  4
4400  102436  0.220067  0.0206789  0.687727  0.286342  -0.0336994  4
4500  102066  0.227563  0.0215389  0.683488  0.278981  -0.0111031  4
4600  102359  0.229164  0.0199845  0.684259  0.283746  -0.0187956  4
4700  102019  0.226604  0.0176004  0.684121  0.279184  -0.0240831  4
4800  101995  0.225182  0.0165627  0.682202  0.269373  -0.0409603  4
4900  102767  0.224658  0.0173729  0.680239  0.271113  -0.061362  4
5000  103042  0.223445  0.0167619  0.678821  0.257316  -0.0538956  4
5100  102796  0.222817  0.0168402  0.679681  0.248673  -0.0466121  4
5200  102769  0.223578  0.0143696  0.679818  0.257519  -0.140932  4
5300  103729  0.229934  0.0124754  0.677811  0.264023  -0.11877  4
5400  103263  0.226631  0.0122908  0.67844  0.260392  -0.146403  4
5500  102833  0.224106  0.0117022  0.677089  0.246803  -0.096341  4
5600  102311  0.222488  0.0137878  0.679265  0.258572  -0.0829646  4
5700  102676  0.223854  0.0135351  0.679716  0.248405  -0.1077  4
5800  102991  0.22364  0.0147252  0.67987  0.255414  -0.0908852  4
5900  103166  0.221339  0.011999  0.679184  0.244995  -0.130145  4
6000  102359  0.225409  0.0119455  0.678905  0.24226  -0.157793  4
6100  103598  0.227132  0.0112495  0.672471  0.222657  -0.133295  4
6200  103481  0.220687  0.0121311  0.674427  0.234746  -0.107794  4
6300  102245  0.225028  0.0116166  0.67182  0.23485  -0.149759  4
6400  102480  0.221151  0.0103566  0.673006  0.241171  -0.154165  4
6500  102747  0.222477  0.0119488  0.677588  0.249317  -0.175947  4
6600  102667  0.221803  0.0101168  0.673453  0.257285  -0.169804  4
6700  103329  0.233805  0.00988821  0.67257  0.247383  -0.122266  4
6800  102679  0.226217  0.00958564  0.672247  0.25617  -0.101243  4
6900  102645  0.219728  0.00865628  0.674487  0.257563  -0.105099  4
7000  102323  0.225865  0.00715622  0.676024  0.275327  -0.085635  4
7100  102788  0.224735  0.00706248  0.678845  0.28463  -0.116235  4
7200  102749  0.2256  0.00789404  0.676846  0.28102  -0.126923  4
7300  102396  0.222774  0.00740292  0.677092  0.281459  -0.123076  4
7400  101942  0.223809  0.00658518  0.677192  0.284259  -0.134956  4
7500  102773  0.231653  0.00740833  0.676725  0.286665  -0.0716143  4
7600  103453  0.22741  0.00809263  0.677362  0.296052  -0.0706756  4
7700  101957  0.23018  0.00522712  0.674811  0.286075  -0.0541938  4
7800  102102  0.223936  0.00590151  0.674791  0.273826  -0.0940977  4
7900  102970  0.22455  0.00585897  0.674742  0.277686  -0.149187  4
8000  103497  0.228776  0.00531295  0.677204  0.282331  -0.128382  4
8100  102925  0.227363  0.00451063  0.675971  0.27785  -0.144063  4
8200  103192  0.223284  0.00477426  0.675079  0.275342  -0.137815  4
8300  102425  0.223896  0.00397336  0.675789  0.275054  -0.13463  4
8400  102560  0.223755  0.00361487  0.675225  0.264156  -0.128983  4
8500  102871  0.223023  0.00431266  0.675948  0.267098  -0.13441  4
8600  102886  0.225264  0.00452198  0.677347  0.269773  -0.120939  4
8700  102507  0.221021  0.00371626  0.677101  0.261967  -0.147233  4
8800  102563  0.218928  0.00403108  0.677597  0.268115  -0.132851  4
8900  102680  0.221795  0.00486274  0.675644  0.258041  -0.125893  4
9000  103146  0.219436  0.00446925  0.673795  0.250151  -0.130314  4
9100  102519  0.216793  0.00426967  0.67434  0.252495  -0.157604  4
9200  103233  0.216797  0.00484623  0.677061  0.256605  -0.140795  4
9300  102469  0.215133  0.00373948  0.678066  0.25285  -0.111614  4
9400  103057  0.217285  0.00406833  0.679021  0.250456  -0.121654  4
9500  103039  0.216458  0.00352363  0.675925  0.240584  -0.130529  4
9600  103261  0.214505  0.003129  0.67448  0.232983  -0.101676  4
9700  102613  0.21627  0.00362933  0.676143  0.237433  -0.0980911  4
9800  102505  0.21687  0.00441263  0.676779  0.236322  -0.0952812  4
9900  102862  0.221358  0.0042789  0.676869  0.243585  -0.0732484  4
