t meta_n emi  mean_info  tr1  tr2  tr3  strategy
0  117153  0.100456  0.499884  0.900007  0.000841459  2.6283e-05  4
100  105018  0.116641  0.61748  0.862565  0.0819694  -0.00777846  4
200  104480  0.16437  0.707219  0.816615  0.151141  -0.0197758  4
300  105372  0.180259  0.748395  0.806804  0.206766  -0.0318269  4
400  105752  0.18903  0.771958  0.79864  0.232651  -0.0478724  4
500  104861  0.190368  0.762872  0.800166  0.261761  -0.0357159  4
600  105835  0.190345  0.779652  0.805442  0.276175  -0.0582275  4
700  105546  0.189329  0.788055  0.803656  0.271641  -0.0467554  4
800  106230  0.191809  0.784627  0.808279  0.273315  -0.0458345  4
900  106529  0.188591  0.776565  0.811982  0.292045  -0.071648  4
1000  104979  0.189842  0.779846  0.80893  0.293228  -0.0739564  4
1100  104956  0.189641  0.773802  0.810224  0.299549  -0.104612  4
1200  105450  0.182844  0.765466  0.814315  0.315954  -0.1225  4
1300  105406  0.190158  0.772961  0.809828  0.314367  -0.108139  4
1400  104921  0.191112  0.78448  0.812272  0.31246  -0.131719  4
1500  105740  0.185762  0.768627  0.807512  0.308608  -0.176652  4
1600  105737  0.186295  0.767201  0.810143  0.316642  -0.176903  4
1700  105789  0.19023  0.771057  0.807413  0.313716  -0.187259  4
1800  105736  0.191489  0.768107  0.804662  0.319284  -0.177181  4
1900  105964  0.194485  0.775632  0.804976  0.311685  -0.213057  4
2000  105973  0.181513  0.769356  0.808573  0.304149  -0.223034  4
2100  106014  0.183387  0.781453  0.806504  0.289921  -0.217407  4
2200  105739  0.181147  0.77375  0.808384  0.2898  -0.268981  4
2300  105315  0.17831  0.777674  0.811393  0.293025  -0.246726  4
2400  105721  0.180751  0.783651  0.812669  0.306281  -0.288323  4
2500  106087  0.185133  0.787477  0.809508  0.297013  -0.221349  4
2600  106193  0.184528  0.798782  0.807939  0.295858  -0.265997  4
2700  105831  0.184273  0.790312  0.806574  0.292694  -0.241591  4
2800  106344  0.181653  0.78372  0.810098  0.297325  -0.245334  4
2900  106302  0.179608  0.782125  0.812457  0.29827  -0.236706  4
3000  105525  0.176147  0.781756  0.813259  0.298899  -0.211217  4
3100  104620  0.173687  0.79096  0.810591  0.293612  -0.197631  4
3200  105396  0.181877  0.79377  0.812619  0.307115  -0.206724  4
3300  105656  0.181042  0.799227  0.807971  0.300685  -0.244905  4
3400  105988  0.180685  0.79754  0.806078  0.282622  -0.210621  4
3500  105916  0.181114  0.793532  0.802671  0.278109  -0.237363  4
3600  106394  0.178182  0.801916  0.802642  0.27037  -0.227435  4
3700  105566  0.172927  0.798595  0.805566  0.259396  -0.29303  4
3800  105290  0.171612  0.794695  0.801513  0.245371  -0.328238  4
3900  106150  0.185614  0.796386  0.795819  0.244991  -0.253827  4
4000  105887  0.179157  0.794913  0.793228  0.245761  -0.202169  4
4100  105035  0.176973  0.788098  0.79507  0.234179  -0.154575  4
4200  106280  0.181509  0.780782  0.792385  0.227243  -0.131403  4
4300  105873  0.174131  0.771509  0.787031  0.217655  -0.134041  4
4400  106126  0.181223  0.77696  0.788219  0.219885  -0.127118  4
4500  106387  0.175962  0.778616  0.79043  0.217865  -0.156295  4
4600  105446  0.170962  0.786706  0.789737  0.210314  -0.160403  4
4700  104750  0.172367  0.787234  0.786299  0.202497  -0.13624  4
4800  107041  0.180873  0.785011  0.786829  0.208997  -0.120885  4
4900  106360  0.178213  0.792827  0.790325  0.211392  -0.125703  4
5000  105641  0.175167  0.800831  0.787767  0.20977  -0.187569  4
5100  106083  0.170633  0.809506  0.790892  0.209836  -0.150036  4
5200  105696  0.173556  0.807562  0.795225  0.2252  -0.141993  4
5300  105588  0.173641  0.808819  0.795671  0.224618  -0.137761  4
5400  105710  0.169628  0.811191  0.798484  0.225762  -0.0957004  4
5500  106073  0.175329  0.81055  0.79908  0.221701  -0.019906  4
5600  106776  0.168944  0.812123  0.801766  0.227207  -0.0284554  4
5700  104968  0.165171  0.803353  0.8006  0.233219  -0.0169593  4
5800  106855  0.176293  0.797937  0.798537  0.234345  0.0235731  4
5900  106054  0.170765  0.799723  0.799849  0.236224  0.00683914  4
6000  106162  0.174227  0.801885  0.800138  0.238192  -0.0663115  4
6100  106021  0.167162  0.809548  0.802554  0.249539  -0.061191  4
6200  106028  0.167286  0.805067  0.804132  0.250001  0.00233115  4
6300  105719  0.166456  0.805424  0.803391  0.25189  -0.0379001  4
6400  106100  0.176469  0.799867  0.801336  0.251876  -0.0506119  4
6500  106707  0.167761  0.802962  0.802424  0.2576  -0.057148  4
6600  107208  0.176283  0.800471  0.804129  0.259859  -0.0704222  4
6700  106416  0.167282  0.798392  0.806572  0.265905  -0.0871767  4
6800  105909  0.167463  0.79118  0.80515  0.272482  -0.131704  4
6900  106610  0.16818  0.785503  0.805042  0.273483  -0.069474  4
7000  105984  0.166453  0.780912  0.805436  0.278635  -0.0774426  4
7100  106883  0.171962  0.773163  0.806844  0.285341  -0.0379195  4
7200  106502  0.172947  0.76885  0.80793  0.287026  0.000632179  4
7300  105997  0.171185  0.773375  0.807479  0.289675  -0.0224499  4
7400  105371  0.171537  0.775738  0.806403  0.290659  -0.0273379  4
7500  106900  0.169944  0.776439  0.80836  0.288366  -0.0591493  4
7600  106122  0.171518  0.777856  0.808931  0.284657  -0.0486037  4
7700  106361  0.171226  0.780204  0.807816  0.285632  -0.0512455  4
7800  106496  0.171576  0.772552  0.806734  0.289387  -0.0516015  4
7900  105562  0.171351  0.774621  0.80553  0.290809  -0.0566265  4
8000  106094  0.168631  0.771499  0.805469  0.292554  -0.0462262  4
8100  106863  0.169069  0.765586  0.806491  0.29668  -0.0405861  4
8200  105761  0.162438  0.777878  0.808919  0.298338  0.00920342  4
8300  105939  0.169214  0.770749  0.806538  0.290936  -0.0225424  4
8400  105630  0.165899  0.770583  0.807439  0.282836  -0.0353377  4
8500  106302  0.168622  0.768685  0.806853  0.290595  -0.0304509  4
8600  105764  0.168675  0.768024  0.804618  0.28798  -0.0450719  4
8700  106016  0.165614  0.765712  0.802268  0.279776  -0.0673088  4
8800  106216  0.169368  0.762363  0.805784  0.290488  -0.0280132  4
8900  106110  0.162399  0.770441  0.804841  0.283288  -0.0673458  4
9000  105804  0.164483  0.762007  0.80513  0.284416  -0.0658649  4
9100  106510  0.172794  0.76312  0.803356  0.282477  -0.0509185  4
9200  106246  0.168064  0.765388  0.804699  0.27994  -0.0483406  4
9300  105701  0.16928  0.766472  0.803601  0.279898  -0.0391674  4
9400  106263  0.170512  0.773473  0.80154  0.266873  -0.0377275  4
9500  105907  0.171398  0.767605  0.802264  0.277371  -0.0311262  4
9600  105751  0.167149  0.770398  0.804532  0.289279  -0.00557087  4
9700  106300  0.168865  0.774824  0.804767  0.287345  -0.000441355  4
9800  105722  0.168625  0.77457  0.806935  0.297237  -0.0116918  4
9900  106653  0.170779  0.774268  0.80579  0.299238  0.00744964  4
