t meta_n emi  mean_info  tr1  tr2  tr3  strategy
0  116523  0.09968  0.498022  0.900054  0.000714948  -8.65141e-05  4
100  105821  0.119881  0.634651  0.864508  0.0768414  -0.00740966  4
200  105503  0.160478  0.714455  0.820534  0.143961  -0.0259886  4
300  104742  0.182077  0.757419  0.801777  0.201765  -0.0193367  4
400  106387  0.197452  0.779525  0.797995  0.236481  -0.0175742  4
500  106077  0.19673  0.77995  0.80085  0.272837  -0.00335484  4
600  106001  0.189438  0.786302  0.807469  0.278543  0.00161764  4
700  105633  0.193697  0.788924  0.804332  0.277512  0.0076055  4
800  105304  0.189447  0.797336  0.807375  0.287743  -0.0084193  4
900  106631  0.19485  0.796418  0.805206  0.284814  -0.0145622  4
1000  105940  0.185195  0.793243  0.811046  0.286881  0.00541752  4
1100  106215  0.192961  0.801137  0.810605  0.297678  0.0102164  4
1200  106187  0.188364  0.807359  0.810582  0.282084  0.0355301  4
1300  106174  0.19404  0.803311  0.808236  0.283286  0.0521947  4
1400  105549  0.188735  0.805962  0.811648  0.291627  0.0823519  4
1500  106374  0.191511  0.798388  0.809926  0.297496  0.0523924  4
1600  105458  0.184838  0.796564  0.806553  0.294664  0.00430201  4
1700  105974  0.18723  0.797557  0.813789  0.305652  -0.0271654  4
1800  105730  0.183076  0.802698  0.815286  0.300607  -0.0422418  4
1900  104465  0.181244  0.811859  0.812606  0.288776  -0.0439165  4
2000  106424  0.183928  0.811784  0.81449  0.28551  -0.0132258  4
2100  104800  0.184682  0.806528  0.81224  0.288563  0.0428592  4
2200  105886  0.187607  0.804734  0.808542  0.294353  0.012883  4
2300  106423  0.184  0.803008  0.81178  0.309413  -0.0125537  4
2400  106123  0.182369  0.801272  0.811382  0.282415  -0.0188671  4
2500  106551  0.183648  0.818955  0.810096  0.27525  -0.0365368  4
2600  104825  0.177338  0.825514  0.808227  0.271218  -0.0754257  4
2700  105830  0.182201  0.831621  0.811343  0.266903  -0.0705095  4
2800  106333  0.175255  0.837431  0.814564  0.268571  -0.0734547  4
2900  105970  0.175289  0.832678  0.818027  0.275062  -0.0719435  4
3000  105942  0.174283  0.826509  0.813422  0.26394  -0.0147645  4
3100  106285  0.182175  0.827816  0.809773  0.262456  -0.0704567  4
3200  106195  0.177706  0.823021  0.810565  0.272447  -0.0759827  4
3300  105680  0.175427  0.817399  0.810893  0.282058  -0.0555803  4
3400  105535  0.17781  0.828586  0.808415  0.272747  -0.0464838  4
3500  106094  0.190344  0.84093  0.807463  0.278604  -0.0208093  4
3600  105565  0.180787  0.834313  0.805221  0.271516  0.00628789  4
3700  105910  0.181352  0.838111  0.806541  0.269284  -0.0270545  4
3800  107169  0.184934  0.833172  0.809413  0.275231  -0.0151219  4
3900  106690  0.180956  0.838652  0.810615  0.28487  -0.0104395  4
4000  105805  0.178516  0.830512  0.808313  0.272673  0.0118977  4
4100  106824  0.176595  0.831405  0.808594  0.259302  -0.00238514  4
4200  105454  0.174066  0.831121  0.805387  0.250978  0.0418819  4
4300  106098  0.176524  0.831989  0.802859  0.246639  0.0699507  4
4400  105016  0.179243  0.832925  0.80449  0.24093  0.0534313  4
4500  106253  0.177181  0.83195  0.802911  0.246231  0.0505112  4
4600  106018  0.176207  0.830176  0.806931  0.24792  -0.00977641  4
4700  105670  0.170008  0.830998  0.80621  0.25208  -0.0217649  4
4800  106048  0.177768  0.834367  0.80305  0.24791  0.005021  4
4900  106631  0.177576  0.829681  0.804625  0.24879  -0.00418885  4
5000  105693  0.173124  0.823491  0.798978  0.232926  0.0104214  4
5100  106071  0.172264  0.830849  0.795115  0.216613  0.0289067  4
5200  106275  0.17956  0.825377  0.79579  0.231759  -0.0211697  4
5300  106529  0.18216  0.818755  0.795078  0.230413  -0.0112503  4
5400  106004  0.177333  0.819939  0.798231  0.228836  0.0151676  4
5500  105976  0.166986  0.812503  0.799236  0.226388  -0.00233942  4
5600  106827  0.171314  0.8148  0.800412  0.227168  -0.0226572  4
5700  105046  0.168837  0.819621  0.800337  0.232106  -0.0276968  4
5800  106481  0.18015  0.814733  0.795087  0.22191  -0.0228802  4
5900  106528  0.173784  0.827755  0.796593  0.224567  -0.00420235  4
6000  104691  0.171049  0.835156  0.796377  0.221424  0.0257941  4
6100  105843  0.173756  0.834457  0.794652  0.213375  0.00179724  4
6200  105989  0.177509  0.842267  0.795881  0.20763  0.00347957  4
6300  106324  0.176198  0.839763  0.794223  0.196502  0.01377  4
6400  105491  0.173343  0.847411  0.790689  0.190284  0.0390821  4
6500  106611  0.172136  0.844553  0.793429  0.19402  0.0326069  4
6600  106746  0.174049  0.847467  0.793281  0.195304  0.0223414  4
6700  106137  0.171893  0.848378  0.792773  0.1906  0.0208087  4
6800  106152  0.173197  0.850385  0.791259  0.186007  0.0413939  4
6900  106279  0.175168  0.850826  0.791479  0.19141  0.0598166  4
7000  106018  0.166651  0.849226  0.791576  0.187946  0.0421278  4
7100  106006  0.175115  0.854523  0.790723  0.186296  0.024045  4
7200  105547  0.174907  0.849465  0.787695  0.175655  0.0528083  4
7300  106775  0.177525  0.844376  0.78574  0.172929  0.0563903  4
7400  106616  0.176509  0.835771  0.786496  0.187736  0.0711742  4
7500  105885  0.169514  0.836954  0.787872  0.183395  0.0818642  4
7600  106539  0.171184  0.839502  0.788992  0.181181  0.0807346  4
7700  105954  0.168884  0.842016  0.790275  0.187418  0.0745923  4
7800  106023  0.176356  0.845779  0.790807  0.191308  0.0614858  4
7900  106308  0.172966  0.848008  0.793682  0.203585  0.00587425  4
8000  105754  0.172018  0.849164  0.793965  0.204709  0.00849883  4
8100  105721  0.169122  0.844668  0.793116  0.203908  0.0448107  4
8200  106796  0.176737  0.853019  0.791383  0.200068  0.0308448  4
8300  105917  0.172366  0.855168  0.790814  0.196626  0.0747108  4
8400  106265  0.172944  0.851798  0.790921  0.190441  0.0980337  4
8500  104987  0.16682  0.847006  0.792531  0.193351  0.110703  4
8600  106031  0.16672  0.850544  0.791956  0.188145  0.126416  4
8700  105349  0.171137  0.848965  0.792187  0.195688  0.0927158  4
8800  107050  0.174119  0.84787  0.792298  0.201451  0.103931  4
8900  106932  0.172177  0.846215  0.791036  0.196648  0.0990638  4
9000  106566  0.172299  0.849161  0.792196  0.200079  0.0757696  4
9100  106222  0.171553  0.846466  0.792039  0.195982  0.100375  4
9200  105926  0.174253  0.844402  0.791358  0.193238  0.116629  4
9300  105939  0.167037  0.847564  0.78947  0.184641  0.127517  4
9400  106149  0.172361  0.848206  0.788519  0.178184  0.133542  4
9500  107115  0.177676  0.849556  0.786803  0.177475  0.139963  4
9600  105264  0.168987  0.843874  0.7882  0.186574  0.158822  4
9700  105454  0.17273  0.841084  0.789456  0.198205  0.131096  4
9800  106000  0.172484  0.837144  0.790341  0.203711  0.137837  4
9900  107363  0.176891  0.835525  0.790333  0.199769  0.125421  4
