t meta_n emi  mean_info  tr1  tr2  tr3  strategy
0  117015  0.100152  0.499999  0.900014  0.000781894  3.37175e-05  4
100  106181  0.120922  0.637092  0.860773  0.0816909  -0.000974429  4
200  106016  0.159519  0.748907  0.817858  0.144249  -0.0128337  4
300  105985  0.182422  0.807113  0.805118  0.181421  -0.00111315  4
400  106473  0.186362  0.820144  0.805453  0.2207  -0.00790734  4
500  106128  0.189183  0.823917  0.810225  0.244694  -0.0342335  4
600  107065  0.186886  0.826922  0.813702  0.258441  -0.0639794  4
700  105363  0.187964  0.830468  0.81225  0.25529  -0.0794406  4
800  106076  0.189426  0.822711  0.809616  0.261152  -0.0917075  4
900  105470  0.187833  0.83697  0.812116  0.265254  -0.104193  4
1000  105909  0.192881  0.835786  0.808092  0.266125  -0.112543  4
1100  106613  0.191779  0.832083  0.803852  0.249761  -0.102699  4
1200  105694  0.187188  0.834086  0.809139  0.257139  -0.092868  4
1300  105765  0.19141  0.832664  0.810801  0.258289  -0.123599  4
1400  106230  0.190787  0.82732  0.804212  0.257907  -0.0769015  4
1500  106336  0.187542  0.813819  0.80666  0.250473  -0.0893192  4
1600  105923  0.184187  0.811444  0.809555  0.257202  -0.0665512  4
1700  106454  0.187264  0.818244  0.801165  0.25244  -0.0523989  4
1800  106081  0.18699  0.819039  0.806451  0.27425  -0.0425807  4
1900  106085  0.187444  0.829882  0.80575  0.272688  -0.0479312  4
2000  106359  0.188142  0.826854  0.803467  0.26596  -0.0680846  4
2100  106234  0.18873  0.831075  0.805319  0.258339  -0.0443733  4
2200  106104  0.189786  0.82555  0.805373  0.267711  -0.0355837  4
2300  105671  0.186743  0.830783  0.805232  0.264853  -0.0244481  4
2400  106698  0.189358  0.830557  0.802172  0.25899  -0.0286682  4
2500  106540  0.187752  0.836871  0.805031  0.254801  -0.0365049  4
2600  106395  0.18649  0.845278  0.806058  0.255721  -0.0235649  4
2700  106930  0.182782  0.849228  0.809028  0.251018  -0.0222962  4
2800  106223  0.173318  0.857342  0.813462  0.255628  -0.018563  4
2900  105914  0.185478  0.855167  0.807282  0.249603  -0.0156083  4
3000  105478  0.173894  0.855642  0.811556  0.249059  -0.0156697  4
3100  105905  0.173285  0.855854  0.810892  0.239623  0.007672  4
3200  106303  0.180524  0.861337  0.804314  0.237057  -0.000703943  4
3300  106443  0.177284  0.859706  0.803863  0.238709  0.0200769  4
3400  106650  0.17888  0.858447  0.805916  0.231922  0.015536  4
3500  107189  0.182392  0.865334  0.808818  0.23713  0.0243794  4
3600  106443  0.178312  0.870609  0.806368  0.240472  0.0559688  4
3700  106530  0.179335  0.86496  0.806219  0.240614  0.0833668  4
3800  106275  0.175117  0.869451  0.806629  0.23198  0.127496  4
3900  106443  0.179908  0.866067  0.806311  0.225164  0.0914128  4
4000  106345  0.176938  0.863824  0.803797  0.221223  0.139854  4
4100  106515  0.178421  0.873049  0.802351  0.229457  0.158787  4
4200  106213  0.173828  0.870072  0.807133  0.233637  0.175971  4
4300  106094  0.171663  0.865671  0.811006  0.236538  0.163513  4
4400  105909  0.178003  0.873197  0.805714  0.235167  0.192506  4
4500  106392  0.174891  0.870011  0.806577  0.231623  0.164436  4
4600  106236  0.169631  0.879728  0.805073  0.222359  0.121657  4
4700  106791  0.175276  0.872849  0.80439  0.223902  0.107296  4
4800  107561  0.174067  0.868632  0.80256  0.219175  0.105536  4
4900  107151  0.178306  0.86954  0.802288  0.219462  0.0792266  4
5000  106506  0.179456  0.868552  0.801133  0.222657  0.0858468  4
5100  104807  0.173426  0.875045  0.798953  0.2214  0.116633  4
5200  105986  0.181724  0.877791  0.796366  0.204704  0.12501  4
5300  106760  0.176901  0.87102  0.79755  0.198825  0.120322  4
5400  106875  0.176707  0.872989  0.795433  0.185345  0.132367  4
5500  106537  0.17878  0.866946  0.794431  0.180994  0.112859  4
5600  106158  0.176887  0.868044  0.791074  0.173241  0.141762  4
5700  105200  0.17874  0.86463  0.78991  0.178545  0.155806  4
5800  106093  0.174026  0.865017  0.78934  0.17545  0.16955  4
5900  105875  0.179194  0.866096  0.789355  0.178079  0.18176  4
6000  105853  0.173124  0.869104  0.789837  0.177478  0.142312  4
6100  106134  0.173982  0.877898  0.791539  0.179179  0.112412  4
6200  106462  0.175467  0.876532  0.793327  0.178921  0.120503  4
6300  106620  0.174091  0.878114  0.792415  0.172662  0.117345  4
6400  106384  0.168785  0.881323  0.794018  0.172134  0.15539  4
6500  106896  0.176521  0.882554  0.792967  0.180299  0.155183  4
6600  106856  0.175252  0.883496  0.793788  0.179655  0.172554  4
6700  106410  0.180979  0.886787  0.794234  0.180117  0.137299  4
6800  106360  0.178342  0.881061  0.793566  0.181666  0.172236  4
6900  106232  0.176223  0.879245  0.794817  0.1865  0.18271  4
7000  106572  0.170414  0.884781  0.793142  0.180675  0.167644  4
7100  107130  0.17778  0.882603  0.792062  0.175377  0.155601  4
7200  106223  0.173995  0.878713  0.793761  0.176189  0.17614  4
7300  106144  0.16992  0.881092  0.792339  0.174324  0.155964  4
7400  106093  0.172374  0.87589  0.792237  0.176028  0.146955  4
7500  107421  0.170729  0.876889  0.7931  0.177661  0.160981  4
7600  106627  0.175578  0.87767  0.791597  0.186795  0.122895  4
7700  106672  0.170999  0.875968  0.792196  0.184381  0.129965  4
7800  106414  0.179549  0.881129  0.790583  0.17879  0.152715  4
7900  107240  0.178141  0.881941  0.791639  0.177346  0.147597  4
8000  106937  0.179149  0.882475  0.791824  0.178076  0.0861945  4
8100  107385  0.181927  0.888685  0.792975  0.181937  0.0411596  4
8200  106611  0.177826  0.887929  0.789146  0.176166  0.00354923  4
8300  107340  0.175899  0.886015  0.789176  0.169678  -0.0337979  4
8400  107057  0.180663  0.885745  0.790798  0.168502  -0.0497346  4
8500  107274  0.173653  0.883812  0.791076  0.171749  -0.018257  4
8600  106123  0.170571  0.88702  0.792071  0.174067  -0.0493102  4
8700  105634  0.175103  0.893177  0.790201  0.170873  -0.0467066  4
8800  107239  0.176061  0.892716  0.789017  0.163453  -0.0714445  4
8900  106574  0.173604  0.887837  0.786869  0.158896  -0.0863875  4
9000  106011  0.173877  0.88652  0.78538  0.163207  -0.114158  4
9100  106083  0.172069  0.886459  0.786348  0.16138  -0.162113  4
9200  106513  0.173604  0.889548  0.786927  0.160944  -0.172188  4
9300  105902  0.173114  0.885221  0.787117  0.159171  -0.133764  4
9400  106531  0.17498  0.884458  0.785717  0.154989  -0.0657204  4
9500  107505  0.181396  0.881989  0.78444  0.145844  -0.0628214  4
9600  106229  0.173862  0.880455  0.784233  0.142102  -0.0859444  4
9700  106955  0.169563  0.88223  0.786357  0.141784  -0.0970989  4
9800  105656  0.172241  0.883954  0.786252  0.148127  -0.0679546  4
9900  106832  0.174745  0.887588  0.785515  0.14758  -0.0896936  4
