t meta_n emi  mean_info  tr1  tr2  tr3  strategy
0  116853  0.09848  0.497416  0.899976  0.000763111  -6.3334e-05  4
100  103077  0.107701  0.448529  0.858225  0.0853297  0.00556849  4
200  102499  0.161823  0.432992  0.788483  0.14698  0.000863576  4
300  103239  0.190938  0.392304  0.758108  0.211483  -0.00520494  4
400  103145  0.203578  0.35507  0.744359  0.251086  -0.00844772  4
500  103713  0.212592  0.331736  0.74324  0.276968  -0.0240097  4
600  103208  0.208066  0.315948  0.751768  0.305963  -0.0174463  4
700  103367  0.212004  0.291466  0.758991  0.341578  -0.0431039  4
800  103381  0.212219  0.284225  0.758179  0.359185  -0.0435144  4
900  103687  0.224805  0.298039  0.760395  0.380746  -0.0616654  4
1000  103058  0.215606  0.294766  0.770704  0.409045  -0.106361  4
1100  102647  0.216344  0.285468  0.773826  0.42872  -0.120628  4
1200  104005  0.219919  0.288359  0.7774  0.442518  -0.120159  4
1300  102809  0.211828  0.302137  0.786462  0.450791  -0.13736  4
1400  103607  0.21793  0.29852  0.788951  0.464579  -0.137371  4
1500  102780  0.215404  0.286748  0.789035  0.472545  -0.136663  4
1600  104143  0.218925  0.272049  0.793336  0.490718  -0.129107  4
1700  103467  0.214568  0.260976  0.798886  0.511961  -0.130069  4
1800  103639  0.217162  0.270887  0.814482  0.553078  -0.15541  4
1900  104387  0.219344  0.277984  0.818242  0.553709  -0.180089  4
2000  102517  0.207613  0.283764  0.823411  0.565213  -0.182089  4
2100  103279  0.213209  0.280619  0.827765  0.575702  -0.210198  4
2200  104060  0.216105  0.278064  0.830922  0.586635  -0.21696  4
2300  103512  0.208512  0.285515  0.842647  0.609061  -0.243532  4
2400  103924  0.214799  0.286456  0.84694  0.625573  -0.27481  4
2500  104772  0.215056  0.278951  0.849689  0.617851  -0.290053  4
2600  103917  0.207299  0.277218  0.851002  0.631664  -0.296138  4
2700  103310  0.211727  0.268853  0.84829  0.630941  -0.313117  4
2800  104206  0.210065  0.275381  0.850808  0.637792  -0.304654  4
2900  103702  0.209247  0.283096  0.858694  0.662521  -0.314848  4
3000  103649  0.206845  0.283568  0.871892  0.680419  -0.339705  4
3100  103347  0.204349  0.275458  0.872888  0.681004  -0.332066  4
3200  103882  0.200937  0.275822  0.884834  0.706111  -0.391996  4
3300  103716  0.208212  0.271085  0.888492  0.720197  -0.455833  4
3400  104344  0.213126  0.271969  0.87976  0.702938  -0.4893  4
3500  103592  0.204917  0.265239  0.881188  0.702184  -0.51106  4
3600  104270  0.206003  0.271838  0.887816  0.714703  -0.575989  4
3700  104093  0.205605  0.281898  0.8898  0.714144  -0.600692  4
3800  104360  0.206646  0.284663  0.89905  0.742055  -0.590385  4
3900  103870  0.208444  0.282223  0.898597  0.731823  -0.572648  4
4000  104440  0.201622  0.279122  0.906629  0.744604  -0.607489  4
4100  103740  0.199218  0.277564  0.918647  0.759575  -0.603151  4
4200  103981  0.200541  0.266103  0.919304  0.763562  -0.610012  4
4300  104312  0.19818  0.266734  0.925129  0.772751  -0.613481  4
4400  104585  0.197782  0.262494  0.921968  0.76992  -0.648957  4
4500  104859  0.200405  0.266694  0.928357  0.785236  -0.738008  4
4600  104220  0.210347  0.262316  0.93629  0.806446  -0.763585  4
4700  104310  0.2065  0.272345  0.942595  0.815416  -0.787935  4
4800  105530  0.206904  0.270874  0.93924  0.811791  -0.777884  4
4900  104861  0.197078  0.267114  0.94418  0.81286  -0.832628  4
5000  104768  0.20078  0.270129  0.947908  0.81982  -0.832553  4
5100  103724  0.204152  0.27087  0.951205  0.823112  -0.901695  4
5200  104434  0.19842  0.262622  0.952016  0.818745  -0.929894  4
5300  104365  0.193738  0.258876  0.951694  0.815716  -0.94206  4
5400  103630  0.188985  0.265581  0.957545  0.827872  -0.956917  4
5500  103890  0.18843  0.259262  0.958073  0.83624  -0.978042  4
5600  104751  0.203783  0.264391  0.958489  0.841146  -1.01007  4
5700  103823  0.192286  0.269482  0.966628  0.861906  -1.01262  4
5800  105252  0.206767  0.267295  0.967117  0.863237  -1.0481  4
5900  103895  0.195738  0.27231  0.971498  0.875814  -1.00897  4
6000  104784  0.200413  0.270365  0.969091  0.870643  -1.00847  4
6100  103969  0.192059  0.269866  0.973303  0.8764  -0.992979  4
6200  104411  0.198287  0.269687  0.978998  0.898103  -0.987865  4
6300  104041  0.192691  0.268955  0.98385  0.903381  -1.0326  4
6400  103701  0.190489  0.268798  0.990336  0.922919  -1.05961  4
6500  105226  0.201409  0.267649  0.993234  0.927008  -1.04609  4
6600  105471  0.202195  0.261352  0.997151  0.937972  -1.07753  4
6700  104862  0.195395  0.258418  0.996062  0.939017  -1.0749  4
6800  104181  0.193966  0.259979  0.996497  0.942689  -1.13431  4
6900  104627  0.205174  0.266533  0.997662  0.941863  -1.17237  4
7000  103725  0.195633  0.260743  1.00289  0.949985  -1.2114  4
7100  103754  0.198417  0.262612  1.00187  0.949973  -1.16516  4
7200  103181  0.192243  0.254261  1.00146  0.948161  -1.12739  4
7300  104039  0.199854  0.255481  1.00237  0.956164  -1.10092  4
7400  104283  0.196138  0.26362  1.00826  0.965975  -1.13009  4
7500  104555  0.201954  0.263059  1.00973  0.968815  -1.17388  4
7600  103911  0.196502  0.267334  1.01177  0.975182  -1.19815  4
7700  104964  0.205648  0.262891  1.00856  0.966424  -1.11697  4
7800  104947  0.199285  0.263241  1.01123  0.971624  -1.10702  4
7900  105296  0.199273  0.267572  1.01498  0.97982  -1.09807  4
8000  103485  0.18939  0.265388  1.01833  0.984028  -1.13081  4
8100  104900  0.203206  0.262538  1.01978  0.984933  -1.135  4
8200  103694  0.189687  0.263332  1.01779  0.982613  -1.14428  4
8300  104584  0.198406  0.263767  1.01735  0.98287  -1.14016  4
8400  104968  0.20363  0.266747  1.01825  0.985363  -1.05175  4
8500  104248  0.203865  0.266076  1.01848  0.984291  -1.03819  4
8600  104382  0.192693  0.267487  1.01857  0.981333  -1.05266  4
8700  103780  0.192476  0.265285  1.01976  0.985272  -1.06755  4
8800  105254  0.200268  0.262273  1.0201  0.986472  -1.06689  4
8900  104978  0.20479  0.259325  1.02009  0.986022  -1.02962  4
9000  104235  0.193514  0.260433  1.01947  0.98488  -1.03208  4
9100  104577  0.199013  0.26622  1.0203  0.985728  -1.05359  4
9200  104156  0.191271  0.267316  1.02006  0.983677  -1.09204  4
9300  104759  0.198301  0.264489  1.02271  0.986621  -1.04963  4
9400  105111  0.201398  0.271707  1.02232  0.985379  -1.05976  4
9500  106007  0.199858  0.271502  1.02283  0.987688  -1.04075  4
9600  104675  0.202439  0.273888  1.02434  0.991478  -1.05091  4
9700  103679  0.186934  0.27178  1.02433  0.992117  -1.02665  4
9800  103731  0.187892  0.268458  1.02493  0.99325  -1.02126  4
9900  105033  0.19472  0.266201  1.02411  0.992658  -1.03633  4
