t meta_n emi  mean_info  tr1  tr2  tr3  strategy
0  116475  0.099576  0.49792  0.899932  0.000779672  -9.01297e-05  4
100  104214  0.115158  0.525525  0.854502  0.0854956  0.000822398  4
200  104022  0.160141  0.528954  0.801876  0.155399  0.0032202  4
300  104189  0.185134  0.531731  0.780046  0.217749  -0.00479195  4
400  103501  0.190916  0.50667  0.772212  0.255666  0.0175365  4
500  103059  0.194324  0.502996  0.770434  0.267462  0.041835  4
600  104572  0.2034  0.487843  0.768762  0.29232  0.0357521  4
700  103808  0.202027  0.473076  0.76407  0.297437  0.0290775  4
800  103615  0.199651  0.461122  0.769708  0.317498  0.0304886  4
900  105007  0.210659  0.451894  0.772419  0.329504  0.0249074  4
1000  104125  0.208834  0.439496  0.778921  0.348108  0.0320479  4
1100  104650  0.206687  0.43443  0.781482  0.364416  0.0215615  4
1200  104648  0.206102  0.422655  0.786913  0.389637  0.0133386  4
1300  103271  0.21254  0.43254  0.790483  0.409741  -0.00550941  4
1400  103666  0.213078  0.437284  0.803437  0.453049  -0.0465305  4
1500  103856  0.207976  0.416835  0.816305  0.48528  -0.0655062  4
1600  104417  0.203058  0.409989  0.819819  0.508678  -0.0516829  4
1700  103768  0.208229  0.408801  0.823742  0.518487  -0.0372189  4
1800  103710  0.205554  0.405579  0.832168  0.543532  -0.0408171  4
1900  104129  0.203454  0.401642  0.83848  0.562971  -0.0121048  4
2000  104004  0.201261  0.3938  0.853562  0.598616  -0.0243925  4
2100  104272  0.204356  0.386661  0.854675  0.606671  -0.0469264  4
2200  103755  0.202805  0.38773  0.85983  0.611611  -0.0442622  4
2300  104426  0.19937  0.389788  0.863741  0.612349  -0.027141  4
2400  103859  0.203608  0.389647  0.865806  0.625977  -0.023053  4
2500  104094  0.198209  0.390253  0.873593  0.642458  -0.00788874  4
2600  104498  0.197061  0.382426  0.868928  0.640062  -0.069617  4
2700  104843  0.204091  0.380694  0.873899  0.655224  -0.025864  4
2800  105288  0.206228  0.38095  0.883664  0.685133  0.00176018  4
2900  104010  0.195854  0.387483  0.887487  0.707279  0.0118638  4
3000  105007  0.202227  0.388686  0.883085  0.697535  -0.021725  4
3100  103503  0.195471  0.388204  0.885676  0.697735  -0.0487777  4
3200  104231  0.191861  0.390465  0.889739  0.702553  -0.00490836  4
3300  104733  0.199897  0.380741  0.887372  0.690125  -0.0241582  4
3400  103757  0.195816  0.376817  0.896294  0.708199  -0.0255726  4
3500  105256  0.193394  0.367964  0.9074  0.732565  -0.0465173  4
3600  104532  0.20303  0.375395  0.905796  0.732649  -0.0735564  4
3700  104442  0.191155  0.368143  0.915169  0.75622  -0.0143408  4
3800  104891  0.193413  0.356947  0.924879  0.773832  -0.00881146  4
3900  104657  0.189712  0.357601  0.930984  0.783747  0.0138481  4
4000  104284  0.195427  0.364029  0.936947  0.800647  0.00805709  4
4100  104866  0.191106  0.358457  0.943849  0.816297  -0.0249667  4
4200  104540  0.190483  0.35856  0.946752  0.826387  -0.0108476  4
4300  104463  0.199529  0.349404  0.949809  0.842386  -0.0317048  4
4400  105305  0.195016  0.340998  0.951627  0.840515  -0.047929  4
4500  104241  0.193133  0.350965  0.959139  0.854273  -0.0682611  4
4600  103838  0.185696  0.341098  0.969192  0.870989  -0.100913  4
4700  104306  0.186722  0.331576  0.976367  0.886119  -0.104198  4
4800  104641  0.190019  0.327437  0.978767  0.89831  -0.133064  4
4900  104986  0.196491  0.333501  0.98309  0.90554  -0.159347  4
5000  104768  0.188837  0.331208  0.987589  0.916265  -0.219  4
5100  104341  0.189706  0.340829  0.98795  0.92301  -0.313492  4
5200  105401  0.193783  0.337066  0.993051  0.934583  -0.314209  4
5300  104961  0.193949  0.32992  0.993505  0.935811  -0.331983  4
5400  104995  0.196702  0.322993  0.996648  0.940263  -0.328647  4
5500  104218  0.182881  0.325646  0.99751  0.943118  -0.278721  4
5600  105047  0.192609  0.328839  1.00065  0.944506  -0.31721  4
5700  104441  0.187523  0.323949  1.00192  0.947091  -0.272004  4
5800  104301  0.186449  0.318595  1.00246  0.952097  -0.348477  4
5900  104312  0.184936  0.317893  1.00346  0.949272  -0.337352  4
6000  104849  0.18756  0.323867  1.00068  0.950727  -0.293351  4
6100  104098  0.181772  0.32616  0.99995  0.951912  -0.329264  4
6200  104569  0.187958  0.327569  1.0031  0.958292  -0.32822  4
6300  105040  0.197122  0.331669  0.999694  0.952353  -0.332977  4
6400  104021  0.183282  0.329089  1.00349  0.957674  -0.320668  4
6500  104702  0.18707  0.323783  1.00451  0.958308  -0.299307  4
6600  104797  0.198268  0.317325  1.00644  0.963191  -0.254489  4
6700  104758  0.186592  0.316444  1.00858  0.964432  -0.183551  4
6800  104605  0.191846  0.322239  1.00933  0.966394  -0.113855  4
6900  104651  0.184736  0.322731  1.01415  0.970538  -0.0860606  4
7000  104785  0.188515  0.320444  1.01804  0.973034  0.0120762  4
7100  105131  0.182816  0.321532  1.01647  0.973245  -0.000437961  4
7200  104697  0.178517  0.323356  1.01728  0.975866  0.00857219  4
7300  105587  0.194779  0.32108  1.01992  0.978976  0.0160034  4
7400  104533  0.184355  0.319951  1.01691  0.978086  0.0286652  4
7500  104713  0.189286  0.316622  1.01864  0.979357  0.054224  4
7600  105016  0.185074  0.314568  1.01862  0.979345  0.0553268  4
7700  104476  0.188205  0.313601  1.02168  0.982052  0.121184  4
7800  104626  0.185636  0.310781  1.02082  0.980726  0.128056  4
7900  105158  0.18598  0.312735  1.02343  0.983469  0.130374  4
8000  105320  0.185375  0.321177  1.02404  0.985199  0.132258  4
8100  105369  0.185942  0.319401  1.02238  0.984057  0.183328  4
8200  105027  0.182783  0.32152  1.02197  0.98341  0.165298  4
8300  104047  0.17709  0.320727  1.02313  0.983797  0.153272  4
8400  105391  0.189238  0.320372  1.02378  0.984607  0.223542  4
8500  103974  0.180676  0.320252  1.02343  0.984421  0.26104  4
8600  104734  0.19052  0.321891  1.02406  0.984708  0.272457  4
8700  104824  0.192963  0.319158  1.02785  0.989206  0.383157  4
8800  104815  0.186629  0.314733  1.02775  0.988372  0.41727  4
8900  105117  0.187458  0.316373  1.02867  0.988656  0.468104  4
9000  105997  0.191009  0.317584  1.02641  0.987769  0.479544  4
9100  104789  0.186494  0.314246  1.0268  0.988026  0.441171  4
9200  104342  0.181441  0.316628  1.02729  0.98764  0.370168  4
9300  104290  0.18633  0.317854  1.02677  0.986242  0.444196  4
9400  104738  0.181823  0.318769  1.02607  0.984856  0.454457  4
9500  104119  0.178452  0.318264  1.02514  0.98442  0.462219  4
9600  105401  0.1838  0.31707  1.02596  0.985502  0.516513  4
9700  105307  0.181797  0.31309  1.02493  0.984176  0.518385  4
9800  106103  0.183666  0.322214  1.02726  0.984576  0.602282  4
9900  105318  0.183136  0.323938  1.02825  0.985378  0.62162  4
