t meta_n emi  mean_info  tr1  tr2  tr3  strategy
0  116582  0.10112  0.497548  0.899996  0.000750086  -5.59379e-05  4
100  103229  0.11049  0.466475  0.855087  0.076969  0.00888018  4
200  104240  0.158439  0.436018  0.790597  0.154601  -0.00195448  4
300  103603  0.188281  0.389644  0.756644  0.20923  -0.00847102  4
400  103338  0.198037  0.358842  0.748517  0.251582  -0.00163515  4
500  103656  0.211964  0.331336  0.744836  0.273529  0.00769217  4
600  103058  0.209121  0.316567  0.745902  0.295732  0.0100831  4
700  102772  0.21701  0.31189  0.741911  0.314313  -0.0164396  4
800  102360  0.216103  0.298169  0.741803  0.322656  -0.0234864  4
900  103931  0.226342  0.302968  0.752629  0.366958  -0.0154196  4
1000  103580  0.219517  0.308554  0.761983  0.378409  -0.0539764  4
1100  103704  0.219831  0.307331  0.762114  0.387966  -0.0379414  4
1200  103566  0.216568  0.307255  0.771945  0.409983  -0.0155266  4
1300  102899  0.213415  0.30579  0.784603  0.435287  0.00427319  4
1400  103601  0.21914  0.30033  0.78676  0.463187  -0.00104575  4
1500  103706  0.219134  0.298473  0.800018  0.504989  -0.0334434  4
1600  103936  0.217074  0.29773  0.80678  0.509926  -0.0463161  4
1700  104350  0.209752  0.28573  0.813677  0.529481  -0.06506  4
1800  102965  0.208601  0.29119  0.823879  0.551228  -0.0934289  4
1900  103562  0.205692  0.287536  0.825065  0.551234  -0.100866  4
2000  103661  0.210144  0.284604  0.835849  0.572778  -0.10859  4
2100  104586  0.209862  0.282296  0.834218  0.58404  -0.114056  4
2200  103510  0.21192  0.288985  0.84193  0.600117  -0.140957  4
2300  103447  0.210105  0.286077  0.837863  0.599349  -0.15364  4
2400  104827  0.213322  0.272674  0.842779  0.604667  -0.142019  4
2500  103913  0.211452  0.273954  0.847295  0.617498  -0.136664  4
2600  105282  0.217485  0.279702  0.855754  0.638171  -0.135048  4
2700  103234  0.210509  0.278191  0.861854  0.661794  -0.103834  4
2800  103977  0.212826  0.283022  0.875403  0.687046  -0.0717482  4
2900  103580  0.201745  0.282455  0.880052  0.696505  -0.0567074  4
3000  104006  0.204  0.278242  0.889899  0.71657  -0.0549588  4
3100  103955  0.208413  0.278903  0.898374  0.725463  -0.0784363  4
3200  103417  0.19988  0.27925  0.90082  0.728697  -0.0712734  4
3300  104125  0.205411  0.282988  0.909601  0.761129  -0.0488318  4
3400  103844  0.200431  0.287682  0.914991  0.773603  -0.051336  4
3500  104286  0.200468  0.278783  0.921441  0.779767  -0.043791  4
3600  104275  0.196392  0.278637  0.932373  0.799044  -0.0101085  4
3700  104322  0.197111  0.276143  0.933118  0.80219  -0.0318622  4
3800  104161  0.199735  0.28179  0.935694  0.810635  -0.0254553  4
3900  104832  0.199418  0.276543  0.941442  0.816276  0.0213543  4
4000  104342  0.204836  0.272725  0.941118  0.825973  0.0594024  4
4100  103867  0.197668  0.267134  0.942131  0.828855  0.0836523  4
4200  103965  0.204291  0.266757  0.94505  0.839645  0.0787405  4
4300  103948  0.198577  0.269593  0.947101  0.841047  0.076405  4
4400  104295  0.200054  0.272848  0.94635  0.835495  0.0560394  4
4500  103408  0.197987  0.277324  0.951964  0.846585  0.0756531  4
4600  103219  0.194793  0.278515  0.94988  0.83822  0.101998  4
4700  103299  0.200697  0.275143  0.952938  0.84242  0.0411708  4
4800  104624  0.199527  0.277472  0.954932  0.846532  0.00231991  4
4900  104253  0.196865  0.275784  0.957992  0.860609  0.0375972  4
5000  103788  0.193584  0.27072  0.955637  0.855399  0.0242366  4
5100  104300  0.205691  0.26925  0.954012  0.848217  0.0158663  4
5200  103830  0.204927  0.273116  0.954462  0.85272  0.00817988  4
5300  104783  0.199133  0.277402  0.953103  0.848769  0.0754604  4
5400  104927  0.202729  0.27228  0.958743  0.858651  0.100508  4
5500  103942  0.201481  0.272847  0.959763  0.863491  0.132486  4
5600  104193  0.19149  0.268161  0.960056  0.864681  0.15207  4
5700  104199  0.210773  0.269642  0.960668  0.86703  0.179959  4
5800  104490  0.200801  0.271215  0.96432  0.875763  0.135897  4
5900  104707  0.197674  0.271861  0.971356  0.891478  0.160672  4
6000  103778  0.201282  0.264664  0.973929  0.898856  0.129797  4
6100  104293  0.204854  0.264224  0.976427  0.90517  0.125282  4
6200  104267  0.196815  0.266048  0.979423  0.909817  0.141541  4
6300  104241  0.196156  0.257492  0.980549  0.909004  0.129742  4
6400  104479  0.201688  0.256536  0.984967  0.918307  0.180659  4
6500  104075  0.196609  0.257395  0.986041  0.916352  0.245857  4
6600  104282  0.194395  0.264695  0.987399  0.920406  0.241964  4
6700  103691  0.198234  0.265912  0.994331  0.935228  0.244705  4
6800  104890  0.205905  0.263382  0.990051  0.928189  0.194459  4
6900  103654  0.198179  0.265567  0.988309  0.917357  0.184258  4
7000  103940  0.195592  0.261915  0.989215  0.920848  0.229181  4
7100  104920  0.200984  0.265513  0.990284  0.922399  0.227501  4
7200  103760  0.191166  0.262965  0.993494  0.92815  0.217528  4
7300  104735  0.206075  0.258401  0.994947  0.934221  0.229254  4
7400  104342  0.194568  0.255177  0.999733  0.945374  0.219937  4
7500  105064  0.198851  0.250001  0.997366  0.937477  0.199085  4
7600  105039  0.195072  0.248321  0.994163  0.924852  0.153582  4
7700  104649  0.200227  0.256735  0.997494  0.931646  0.160153  4
7800  104368  0.196559  0.260805  1.00154  0.94074  0.192207  4
7900  103921  0.19487  0.266336  0.999953  0.938065  0.240902  4
8000  103603  0.198388  0.264677  1.00353  0.950422  0.292164  4
8100  104164  0.19691  0.260264  1.00341  0.946571  0.238035  4
8200  103418  0.19665  0.268347  1.00894  0.959109  0.268703  4
8300  104372  0.192188  0.269792  1.00808  0.959469  0.272237  4
8400  103606  0.192515  0.263832  1.00749  0.958458  0.291949  4
8500  103924  0.190746  0.26902  1.01134  0.96524  0.258007  4
8600  105008  0.206379  0.263504  1.01054  0.96183  0.27732  4
8700  103617  0.184052  0.266069  1.01092  0.963642  0.28743  4
8800  104413  0.194728  0.267797  1.01264  0.969899  0.350265  4
8900  104433  0.197485  0.262963  1.01016  0.964087  0.326141  4
9000  104010  0.192348  0.265762  1.01393  0.974663  0.383272  4
9100  104666  0.191863  0.26135  1.01495  0.977153  0.412087  4
9200  103806  0.197144  0.262136  1.01715  0.980949  0.41963  4
9300  104482  0.196716  0.261042  1.01739  0.978094  0.451981  4
9400  104113  0.191629  0.258014  1.01716  0.975855  0.449904  4
9500  104058  0.197049  0.262176  1.01839  0.981654  0.48555  4
9600  104047  0.195567  0.263455  1.0175  0.980745  0.485787  4
9700  103831  0.196654  0.262453  1.01569  0.975416  0.501763  4
9800  104185  0.200666  0.263228  1.0176  0.980051  0.54422  4
9900  105496  0.197979  0.265525  1.01711  0.980056  0.514913  4
