t meta_n emi  mean_info  tr1  tr2  tr3  strategy
0  116137  0.10112  0.495006  0.90005  0.000785186  4.0186e-05  4
100  102496  0.106223  0.345649  0.85209  0.0828067  -0.00479895  4
200  102623  0.154593  0.253314  0.781186  0.146172  -0.00556616  4
300  103011  0.192897  0.215322  0.739659  0.199567  -0.00216123  4
400  102522  0.21022  0.177117  0.72184  0.234098  -0.000851727  4
500  102457  0.217346  0.159847  0.719653  0.266586  -0.0374541  4
600  102701  0.219977  0.144595  0.715827  0.285405  -0.0222609  4
700  101364  0.222782  0.138496  0.721487  0.306727  -0.0099713  4
800  102321  0.221808  0.146738  0.722948  0.30808  0.00410856  4
900  103177  0.225508  0.141661  0.732752  0.339362  -0.000568687  4
1000  103232  0.232949  0.132336  0.723584  0.345468  -0.00833234  4
1100  103379  0.226995  0.12835  0.723234  0.347011  -0.0024798  4
1200  102998  0.227002  0.136292  0.732259  0.356739  -0.00357038  4
1300  103235  0.224878  0.131738  0.729525  0.349309  0.0406951  4
1400  103094  0.22691  0.128772  0.729288  0.354142  0.0257348  4
1500  103071  0.229635  0.123101  0.731506  0.36635  0.0198438  4
1600  103480  0.229973  0.114528  0.729999  0.37385  -0.0193685  4
1700  102719  0.228337  0.12093  0.734093  0.38024  -0.0222064  4
1800  102268  0.22618  0.117544  0.731735  0.369945  -0.0165739  4
1900  103118  0.22074  0.116064  0.736838  0.3907  0.00815346  4
2000  102913  0.231323  0.117986  0.738566  0.418923  0.0130067  4
2100  102200  0.232327  0.121104  0.744014  0.424546  -0.0178639  4
2200  102173  0.232141  0.121628  0.745697  0.427023  -0.0355292  4
2300  103010  0.227988  0.126228  0.752228  0.433903  -0.0253583  4
2400  102840  0.223002  0.127924  0.751765  0.42237  -0.0242055  4
2500  103003  0.224627  0.130708  0.752106  0.435688  -0.035085  4
2600  102861  0.227918  0.131094  0.7543  0.431868  -0.0715127  4
2700  103106  0.221359  0.132316  0.759746  0.440771  -0.115387  4
2800  102960  0.223354  0.126348  0.77179  0.460446  -0.126365  4
2900  103301  0.225778  0.142332  0.779634  0.495706  -0.128509  4
3000  103490  0.229314  0.146379  0.782732  0.506286  -0.152566  4
3100  102695  0.225971  0.139127  0.779457  0.501865  -0.111779  4
3200  102711  0.223974  0.129999  0.782486  0.503094  -0.133447  4
3300  102507  0.224679  0.124551  0.781566  0.510623  -0.177061  4
3400  102869  0.219024  0.120982  0.783697  0.50217  -0.180548  4
3500  102982  0.223934  0.118744  0.786061  0.510586  -0.147569  4
3600  103151  0.220026  0.123719  0.790846  0.515412  -0.178072  4
3700  102897  0.223709  0.122162  0.793423  0.522981  -0.133499  4
3800  103713  0.222368  0.119717  0.792833  0.519795  -0.141517  4
3900  102993  0.217634  0.135212  0.795199  0.528358  -0.0996581  4
4000  102588  0.221397  0.13777  0.795427  0.52017  -0.0601386  4
4100  101971  0.219664  0.137867  0.793996  0.522924  -0.0929071  4
4200  102866  0.222967  0.12679  0.78784  0.50654  -0.109468  4
4300  103459  0.222798  0.127993  0.792965  0.517257  -0.14826  4
4400  103542  0.222622  0.130566  0.794343  0.516012  -0.0926255  4
4500  102698  0.225863  0.121152  0.78123  0.48556  -0.0858835  4
4600  102692  0.220527  0.128604  0.790364  0.507978  -0.106988  4
4700  102580  0.224499  0.13319  0.793363  0.522099  -0.101917  4
4800  103870  0.230103  0.134593  0.794352  0.528832  -0.121528  4
4900  103163  0.231168  0.139145  0.796708  0.534122  -0.15336  4
5000  103001  0.219199  0.139915  0.801032  0.532235  -0.15731  4
5100  103062  0.222475  0.134908  0.801554  0.538148  -0.205107  4
5200  102584  0.220042  0.124137  0.795615  0.524484  -0.188382  4
5300  103553  0.223822  0.126816  0.800538  0.533276  -0.205911  4
5400  103325  0.220545  0.122339  0.796755  0.520824  -0.21563  4
5500  103246  0.222135  0.12572  0.796192  0.522455  -0.241694  4
5600  103664  0.228407  0.135007  0.798761  0.547371  -0.288872  4
5700  102994  0.227692  0.12431  0.790412  0.527809  -0.295957  4
5800  102690  0.227296  0.119762  0.785423  0.512406  -0.261475  4
5900  102800  0.230904  0.117159  0.78561  0.508677  -0.203285  4
6000  103459  0.22645  0.113373  0.780926  0.501067  -0.15525  4
6100  103174  0.226427  0.110116  0.785512  0.517559  -0.189956  4
6200  102689  0.228695  0.119588  0.798893  0.551078  -0.188518  4
6300  103755  0.231407  0.116667  0.80303  0.560652  -0.195901  4
6400  103068  0.227365  0.114246  0.804285  0.552326  -0.183929  4
6500  103252  0.224356  0.114307  0.800877  0.542473  -0.162023  4
6600  103378  0.224664  0.115258  0.810273  0.567836  -0.167834  4
6700  102848  0.219348  0.109915  0.803417  0.551613  -0.176526  4
6800  103971  0.229542  0.12207  0.811032  0.560701  -0.217695  4
6900  102743  0.227238  0.127177  0.81749  0.583565  -0.175679  4
7000  102852  0.227115  0.129719  0.825535  0.599809  -0.11592  4
7100  102365  0.223942  0.134142  0.824079  0.597208  -0.083324  4
7200  102510  0.229978  0.12173  0.811948  0.568881  -0.102737  4
7300  103274  0.229411  0.12489  0.82371  0.599175  -0.122204  4
7400  103370  0.216244  0.122823  0.829548  0.608402  -0.136245  4
7500  104052  0.223117  0.125539  0.836613  0.625351  -0.124782  4
7600  103803  0.225871  0.124613  0.838139  0.622247  -0.127093  4
7700  103362  0.224998  0.13172  0.843911  0.637529  -0.178419  4
7800  103462  0.223338  0.124859  0.843993  0.643779  -0.208703  4
7900  103742  0.226405  0.124676  0.835257  0.623167  -0.15834  4
8000  103324  0.221117  0.123928  0.837786  0.625988  -0.113564  4
8100  102986  0.216937  0.115932  0.842969  0.637247  -0.107844  4
8200  103635  0.225064  0.119654  0.845569  0.643186  -0.102771  4
8300  103074  0.219023  0.117119  0.847043  0.643317  -0.0476715  4
8400  103068  0.222713  0.127842  0.854448  0.652275  -0.0540227  4
8500  103863  0.222348  0.118383  0.852458  0.638525  -0.0761725  4
8600  103151  0.218854  0.112543  0.855966  0.644938  -0.0673717  4
8700  102966  0.222088  0.109427  0.86358  0.665295  -0.0546397  4
8800  103317  0.217813  0.112365  0.868089  0.675272  -0.0428708  4
8900  104060  0.222666  0.116084  0.869994  0.681127  -0.0654885  4
9000  102925  0.218498  0.112991  0.867744  0.678198  -0.0862253  4
9100  103995  0.224187  0.109973  0.868816  0.677879  -0.0841445  4
9200  102573  0.212291  0.106151  0.865615  0.670611  -0.0528543  4
9300  103933  0.217699  0.109133  0.864548  0.667541  -0.0422535  4
9400  103330  0.217236  0.109653  0.865168  0.673893  -0.0562781  4
9500  103394  0.225659  0.113513  0.868435  0.687182  -0.0719284  4
9600  103196  0.227726  0.109167  0.871041  0.696697  -0.0980823  4
9700  102611  0.220157  0.103743  0.870637  0.688825  -0.0905338  4
9800  103739  0.227134  0.103259  0.87132  0.684752  -0.0761929  4
9900  103333  0.224848  0.104591  0.883705  0.714037  -0.0663788  4
