t meta_n emi  mean_info  tr1  tr2  tr3  strategy
0  114931  0.099664  0.496079  0.900044  0.00080128  -6.19642e-05  4
100  103905  0.110126  0.388932  0.848033  0.0807074  0.00375908  4
200  102782  0.154703  0.319776  0.788409  0.143974  0.00909306  4
300  102704  0.187397  0.252965  0.74928  0.204758  -0.00537303  4
400  102851  0.205769  0.221899  0.733007  0.246184  -0.0231727  4
500  103179  0.220681  0.199989  0.718655  0.260842  -0.0113067  4
600  103017  0.226404  0.190458  0.719896  0.295526  -0.0141686  4
700  102703  0.229068  0.172806  0.723198  0.316077  -0.0220246  4
800  103348  0.230693  0.176736  0.727258  0.332819  -0.0249636  4
900  102351  0.223001  0.155486  0.732019  0.344079  -0.00233354  4
1000  102956  0.218072  0.155606  0.741497  0.363826  -0.0230672  4
1100  102840  0.221654  0.155511  0.73874  0.360965  -0.00263447  4
1200  101877  0.219959  0.163468  0.741132  0.372729  0.0261903  4
1300  102428  0.223606  0.171617  0.745196  0.393358  0.0314376  4
1400  103701  0.227966  0.179024  0.748652  0.411277  0.0452507  4
1500  103104  0.237263  0.16363  0.748243  0.41464  0.0645135  4
1600  102032  0.229847  0.164751  0.748087  0.417197  0.0702808  4
1700  103174  0.224914  0.170384  0.756984  0.429245  0.0712403  4
1800  103269  0.224378  0.181221  0.768909  0.463518  0.0201226  4
1900  103860  0.227606  0.188496  0.774807  0.473435  0.00302557  4
2000  103610  0.223011  0.185854  0.773017  0.464424  0.0485561  4
2100  103289  0.224514  0.187592  0.778379  0.470376  0.0613487  4
2200  103187  0.221368  0.18071  0.785454  0.484235  0.0492939  4
2300  103237  0.223557  0.174423  0.793679  0.503295  0.0369989  4
2400  102071  0.213975  0.179683  0.795602  0.498958  0.0146163  4
2500  103722  0.211813  0.175161  0.805612  0.526953  0.0582404  4
2600  102694  0.21259  0.165327  0.807103  0.531003  0.0801421  4
2700  103915  0.213858  0.161961  0.804738  0.52595  0.0805265  4
2800  104125  0.219359  0.171602  0.804569  0.530618  0.0739073  4
2900  103482  0.219173  0.174473  0.805634  0.545557  0.0509613  4
3000  104277  0.213706  0.171175  0.808135  0.535515  0.0407417  4
3100  103786  0.215607  0.17447  0.811269  0.54338  0.0119381  4
3200  102742  0.214374  0.170461  0.811506  0.555304  0.00300542  4
3300  102887  0.207214  0.1739  0.815513  0.569551  0.0535752  4
3400  103145  0.2102  0.184694  0.82494  0.581366  0.0374328  4
3500  103834  0.212877  0.18281  0.826964  0.590854  0.0675552  4
3600  103957  0.214021  0.177179  0.826668  0.587506  0.0767042  4
3700  103145  0.212665  0.179339  0.83767  0.607706  0.0343621  4
3800  103415  0.217372  0.180096  0.842208  0.631434  0.0301015  4
3900  103819  0.211713  0.186248  0.845386  0.628528  -0.00895026  4
4000  102466  0.208929  0.182084  0.846344  0.628033  -0.0321287  4
4100  104500  0.214884  0.184589  0.848156  0.638142  -0.0923914  4
4200  103078  0.212261  0.176735  0.853485  0.634606  -0.120573  4
4300  103829  0.215  0.174236  0.856699  0.640375  -0.138539  4
4400  102698  0.207688  0.171438  0.860635  0.648289  -0.0872843  4
4500  103450  0.213561  0.182846  0.876854  0.688424  -0.140679  4
4600  103755  0.208357  0.181118  0.877266  0.68693  -0.183809  4
4700  103194  0.207796  0.186559  0.880824  0.688824  -0.148239  4
4800  103125  0.202707  0.179269  0.884113  0.697813  -0.145021  4
4900  103492  0.207529  0.176998  0.880172  0.686095  -0.127275  4
5000  103133  0.211215  0.169861  0.876134  0.675052  -0.101686  4
5100  103188  0.208409  0.171968  0.879578  0.689171  -0.0889993  4
5200  103590  0.202253  0.173648  0.883072  0.691781  -0.0659833  4
5300  103864  0.206983  0.170027  0.878856  0.6835  -0.0488487  4
5400  102890  0.202824  0.177874  0.880575  0.689624  -0.00551049  4
5500  102864  0.209178  0.171246  0.878039  0.681373  0.00515616  4
5600  103940  0.209095  0.177254  0.882775  0.700519  0.000500969  4
5700  103862  0.209448  0.183991  0.886692  0.708287  -0.0305294  4
5800  103713  0.212126  0.177064  0.890933  0.712588  -0.0387814  4
5900  104506  0.210385  0.182869  0.894191  0.721689  -0.0223072  4
6000  103643  0.215635  0.187292  0.897602  0.728874  0.0103041  4
6100  103474  0.21085  0.180081  0.898172  0.731662  -0.0226341  4
6200  103143  0.206638  0.1784  0.896121  0.722019  0.0208771  4
6300  103423  0.208102  0.176142  0.889245  0.711475  0.025232  4
6400  103217  0.209023  0.178849  0.891812  0.716738  -0.0190852  4
6500  103060  0.207266  0.184882  0.896456  0.728656  0.015616  4
6600  102788  0.214733  0.181897  0.894496  0.724693  0.0119038  4
6700  103975  0.207184  0.185988  0.898142  0.725183  -0.0290672  4
6800  103970  0.213462  0.184551  0.900083  0.729689  -0.0324643  4
6900  103390  0.211377  0.176355  0.892591  0.712852  -0.016474  4
7000  104459  0.207248  0.179126  0.896591  0.720743  0.00785229  4
7100  103229  0.211076  0.182623  0.901741  0.73232  0.0183162  4
7200  104736  0.217337  0.181146  0.902255  0.734088  0.0357832  4
7300  103115  0.204245  0.172215  0.898185  0.719387  0.0866304  4
7400  103060  0.213088  0.182948  0.895781  0.718244  0.167388  4
7500  103536  0.206966  0.172972  0.896718  0.711412  0.165635  4
7600  103778  0.210627  0.171345  0.89857  0.714994  0.134671  4
7700  104064  0.210268  0.170196  0.901994  0.720206  0.115945  4
7800  103314  0.205763  0.165257  0.894969  0.700447  0.160472  4
7900  104543  0.20883  0.166548  0.887464  0.690807  0.248216  4
8000  103390  0.21144  0.173631  0.895256  0.713787  0.276826  4
8100  103892  0.210016  0.169406  0.898607  0.724203  0.243803  4
8200  103071  0.213862  0.169208  0.900955  0.731389  0.299876  4
8300  103868  0.21504  0.173563  0.90297  0.736053  0.277619  4
8400  103784  0.214788  0.172688  0.903724  0.738557  0.267899  4
8500  104171  0.222521  0.166956  0.903667  0.736769  0.218716  4
8600  103816  0.218052  0.163766  0.898017  0.719731  0.266122  4
8700  104271  0.221309  0.167435  0.895631  0.715987  0.363479  4
8800  104558  0.218963  0.168645  0.902444  0.734833  0.361774  4
8900  103727  0.215234  0.158589  0.892985  0.703986  0.414321  4
9000  103401  0.215248  0.152183  0.89213  0.704154  0.422737  4
9100  103721  0.216526  0.15589  0.893627  0.70924  0.491363  4
9200  103580  0.216343  0.156721  0.893075  0.704312  0.495377  4
9300  103589  0.213979  0.157592  0.897798  0.722967  0.517777  4
9400  103983  0.218134  0.156658  0.892645  0.715421  0.510722  4
9500  103332  0.219667  0.157457  0.889745  0.712497  0.537556  4
9600  103860  0.214554  0.157125  0.894641  0.72499  0.489802  4
9700  104303  0.223358  0.165034  0.898192  0.734539  0.477024  4
9800  103381  0.217613  0.162228  0.902189  0.742201  0.461232  4
9900  104938  0.218569  0.164247  0.902626  0.747627  0.506125  4
