t meta_n emi  mean_info  tr1  tr2  tr3  strategy
0  115174  0.09892  0.493947  0.900059  0.000876159  2.35751e-05  4
100  103209  0.107101  0.292459  0.850928  0.0849344  -0.00273938  4
200  102602  0.156719  0.178637  0.778745  0.158594  -0.00683271  4
300  103191  0.193865  0.147383  0.738784  0.204234  -0.0111591  4
400  102549  0.206146  0.123613  0.72236  0.243521  -0.0131827  4
500  103095  0.21925  0.10638  0.717843  0.275273  -0.0187475  4
600  102174  0.224056  0.0953733  0.710684  0.296798  -0.0264257  4
700  102201  0.232849  0.0972715  0.718131  0.319172  -0.0288052  4
800  102429  0.225359  0.096376  0.714948  0.316482  -0.0480773  4
900  102327  0.226141  0.0977742  0.71755  0.319203  -0.0350235  4
1000  101588  0.236345  0.100282  0.717765  0.349218  -0.0441119  4
1100  102910  0.229973  0.102018  0.727052  0.367958  -0.0795985  4
1200  103092  0.230929  0.0998382  0.723774  0.358451  -0.07638  4
1300  102054  0.229947  0.0941232  0.723501  0.350642  -0.072212  4
1400  102768  0.224579  0.0868441  0.724592  0.349165  -0.0718486  4
1500  102878  0.227472  0.080494  0.723428  0.35945  -0.00969283  4
1600  103063  0.228684  0.0870602  0.725208  0.358375  -0.0149558  4
1700  102987  0.226496  0.0870985  0.726485  0.360928  -0.0484292  4
1800  102417  0.221454  0.0834195  0.729164  0.36408  -0.053776  4
1900  103057  0.226639  0.0825701  0.723846  0.351166  -0.0180571  4
2000  101814  0.223926  0.0832165  0.722279  0.338134  -0.0169096  4
2100  102738  0.222595  0.0862565  0.723858  0.3449  0.00952907  4
2200  103542  0.229485  0.0782505  0.721821  0.348899  0.0263457  4
2300  101529  0.217637  0.0769518  0.724828  0.345078  0.0423432  4
2400  102010  0.226765  0.0749184  0.722772  0.351273  0.0320989  4
2500  101954  0.227013  0.0721446  0.720717  0.344197  0.0634357  4
2600  102271  0.220199  0.070903  0.726872  0.352849  0.0950389  4
2700  103157  0.227958  0.0689096  0.72413  0.355461  0.0974031  4
2800  101974  0.226882  0.0707732  0.718441  0.347866  0.0766779  4
2900  102563  0.225077  0.0680562  0.724642  0.370418  0.0951237  4
3000  102563  0.225043  0.0741974  0.728508  0.380711  0.106631  4
3100  102036  0.227127  0.0767587  0.736156  0.386485  0.118736  4
3200  102083  0.224803  0.0675538  0.729576  0.372229  0.131345  4
3300  103371  0.225112  0.0634435  0.730687  0.380614  0.140604  4
3400  102741  0.227305  0.0590561  0.730102  0.379287  0.184771  4
3500  103628  0.230154  0.0637686  0.729528  0.384015  0.190576  4
3600  102436  0.226109  0.067424  0.733795  0.380191  0.197263  4
3700  102376  0.223005  0.0639201  0.728931  0.366698  0.19768  4
3800  103175  0.2251  0.0642139  0.727577  0.373651  0.198752  4
3900  101880  0.221856  0.068346  0.725286  0.372601  0.139709  4
4000  102224  0.233257  0.0666638  0.726946  0.386208  0.155736  4
4100  103042  0.233463  0.0638282  0.732582  0.390887  0.204635  4
4200  102716  0.225689  0.0584378  0.726516  0.366421  0.168929  4
4300  101623  0.22434  0.0571442  0.72226  0.348018  0.130639  4
4400  102406  0.225322  0.063555  0.722333  0.355437  0.130132  4
4500  103115  0.22458  0.0603941  0.72091  0.344222  0.137131  4
4600  102229  0.225747  0.0637303  0.719278  0.339212  0.149149  4
4700  102645  0.225752  0.0558959  0.709345  0.319191  0.170492  4
4800  102954  0.226995  0.0617046  0.713791  0.330735  0.163961  4
4900  102121  0.225914  0.0590642  0.718356  0.33172  0.172551  4
5000  102623  0.216797  0.055492  0.718767  0.322914  0.182435  4
5100  102929  0.223529  0.0541837  0.718319  0.328808  0.189116  4
5200  103210  0.222669  0.0533029  0.716059  0.315545  0.148426  4
5300  103162  0.222983  0.0589176  0.717469  0.320728  0.158095  4
5400  103078  0.219994  0.0639848  0.723331  0.338778  0.175182  4
5500  102142  0.224156  0.0633931  0.72403  0.342695  0.147389  4
5600  102558  0.218955  0.0691145  0.727324  0.351767  0.192024  4
5700  102692  0.228763  0.0698991  0.73331  0.372326  0.217175  4
5800  102216  0.216123  0.0725996  0.734623  0.372837  0.230973  4
5900  103223  0.224602  0.0682769  0.727775  0.365987  0.246566  4
6000  102704  0.223154  0.0665494  0.729322  0.365556  0.227095  4
6100  103096  0.223945  0.0656957  0.727206  0.36607  0.229965  4
6200  102947  0.22398  0.0603472  0.723109  0.355516  0.239735  4
6300  103210  0.224879  0.0615774  0.71862  0.342024  0.252697  4
6400  102620  0.222408  0.0575004  0.718942  0.34646  0.201864  4
6500  103676  0.225634  0.0592396  0.72018  0.346086  0.195653  4
6600  102483  0.222866  0.0538515  0.71686  0.336108  0.169665  4
6700  102576  0.225405  0.0583122  0.718638  0.353261  0.208285  4
6800  101665  0.221488  0.0569537  0.721862  0.348452  0.235206  4
6900  103336  0.226655  0.0616311  0.724973  0.357608  0.26537  4
7000  103377  0.227996  0.0577052  0.720464  0.34194  0.263991  4
7100  101885  0.218421  0.0541353  0.720803  0.33916  0.278629  4
7200  102340  0.22428  0.0596658  0.724558  0.352772  0.28845  4
7300  103186  0.227916  0.0578353  0.723596  0.350618  0.265343  4
7400  102878  0.223129  0.0626271  0.728104  0.362906  0.286635  4
7500  103532  0.220725  0.0588527  0.727683  0.356637  0.281257  4
7600  102538  0.218836  0.0570322  0.726531  0.346642  0.261879  4
7700  102763  0.224384  0.0529492  0.725058  0.345317  0.263038  4
7800  102695  0.222436  0.0567741  0.722033  0.341312  0.228971  4
7900  103291  0.225599  0.0559232  0.721715  0.349288  0.254699  4
8000  102361  0.221956  0.0589446  0.721091  0.344015  0.229322  4
8100  102981  0.22102  0.0598148  0.716853  0.329055  0.200172  4
8200  103491  0.219225  0.0565151  0.714262  0.314633  0.116721  4
8300  102287  0.220654  0.0555228  0.712521  0.307396  0.10572  4
8400  103463  0.220952  0.0583035  0.714848  0.319515  0.0866394  4
8500  103788  0.227307  0.0629204  0.715736  0.322004  0.0438788  4
8600  102864  0.228761  0.061602  0.713885  0.325668  0.0469465  4
8700  103283  0.227822  0.0564084  0.710859  0.317506  0.0773766  4
8800  103725  0.222791  0.0460279  0.7042  0.299638  0.0849227  4
8900  103422  0.221016  0.0414017  0.69687  0.27243  0.0790765  4
9000  102681  0.226441  0.0450672  0.702578  0.293498  0.110527  4
9100  102548  0.227095  0.0484667  0.704914  0.299119  0.113929  4
9200  103353  0.229631  0.0592739  0.712242  0.315825  0.0689949  4
9300  103022  0.225535  0.0631565  0.713921  0.324322  0.0698473  4
9400  102349  0.223308  0.0604439  0.712951  0.322012  0.0361169  4
9500  103168  0.227762  0.0582047  0.710336  0.320347  -0.000868104  4
9600  102492  0.225016  0.0622343  0.714427  0.336858  0.0176022  4
9700  103376  0.229724  0.0682326  0.718444  0.348074  0.067083  4
9800  102974  0.231035  0.0653432  0.717701  0.345689  0.0250786  4
9900  102777  0.2247  0.0580008  0.71133  0.328819  -0.0112658  4
