t meta_n emi  mean_info  tr1  tr2  tr3  strategy
0  116916  0.100064  0.498189  0.899994  0.000747387  -3.07799e-05  4
100  105974  0.123166  0.6528  0.863197  0.0778718  -0.00444389  4
200  106724  0.161027  0.75147  0.820066  0.144573  -0.0120998  4
300  106291  0.186079  0.784558  0.804126  0.180754  -0.00634345  4
400  106080  0.184106  0.804084  0.805646  0.218001  0.000492261  4
500  106451  0.196098  0.813267  0.80286  0.240269  -0.00407961  4
600  105720  0.189478  0.811315  0.805791  0.25202  -0.0412288  4
700  106248  0.199152  0.813433  0.804821  0.246646  -0.0324716  4
800  105807  0.190741  0.809675  0.804032  0.246561  -0.0360438  4
900  106562  0.185169  0.817432  0.807614  0.268507  -0.0353955  4
1000  105691  0.185047  0.811366  0.809853  0.2757  -0.0507011  4
1100  105685  0.18867  0.812223  0.804718  0.272196  -0.0710492  4
1200  105465  0.188965  0.825663  0.812189  0.272165  -0.076856  4
1300  105578  0.189504  0.824886  0.812682  0.280988  -0.0764675  4
1400  106232  0.187078  0.83235  0.817112  0.281631  -0.118317  4
1500  104908  0.177815  0.841543  0.813555  0.266626  -0.097314  4
1600  106022  0.193891  0.835897  0.805136  0.277159  -0.0983708  4
1700  106315  0.185711  0.839117  0.809652  0.269991  -0.101369  4
1800  105910  0.179919  0.834366  0.813073  0.270467  -0.089997  4
1900  106649  0.186416  0.834784  0.815553  0.267294  -0.100178  4
2000  106239  0.183359  0.833473  0.812207  0.271679  -0.123488  4
2100  105523  0.177489  0.8336  0.813378  0.268899  -0.154  4
2200  106032  0.182294  0.829805  0.809312  0.267969  -0.139901  4
2300  105011  0.17858  0.825563  0.806894  0.261322  -0.108878  4
2400  105750  0.183604  0.834189  0.800772  0.257861  -0.123204  4
2500  106147  0.185825  0.837274  0.805759  0.257294  -0.130346  4
2600  106155  0.188229  0.840246  0.804003  0.252782  -0.0860371  4
2700  106311  0.180568  0.844859  0.805792  0.256987  -0.0783397  4
2800  106162  0.181406  0.847519  0.803175  0.24426  -0.0844202  4
2900  106643  0.193029  0.839209  0.800225  0.24121  -0.07899  4
3000  105961  0.180654  0.838356  0.800591  0.236329  -0.0276032  4
3100  106276  0.182772  0.837531  0.803556  0.238766  -0.0609709  4
3200  106091  0.183474  0.84667  0.804492  0.241798  -0.075583  4
3300  107025  0.179543  0.850317  0.810113  0.250084  -0.0723513  4
3400  106636  0.179142  0.852196  0.806567  0.239635  -0.0861097  4
3500  107083  0.179876  0.844754  0.803228  0.243036  -0.121473  4
3600  106165  0.180847  0.850376  0.804455  0.24361  -0.124914  4
3700  106116  0.180638  0.856718  0.804716  0.240601  -0.178428  4
3800  106537  0.172168  0.858401  0.80844  0.238528  -0.219964  4
3900  105782  0.174598  0.859029  0.806829  0.225976  -0.198622  4
4000  105988  0.178814  0.867954  0.808547  0.212224  -0.198309  4
4100  106568  0.172395  0.867754  0.80874  0.210316  -0.15706  4
4200  106546  0.171738  0.867693  0.807709  0.2116  -0.19241  4
4300  105501  0.17114  0.865885  0.813294  0.224168  -0.215724  4
4400  105844  0.166905  0.863912  0.810343  0.222754  -0.165635  4
4500  106497  0.175322  0.865202  0.80924  0.225726  -0.154345  4
4600  106031  0.170489  0.860518  0.811732  0.237932  -0.225443  4
4700  106168  0.176113  0.867864  0.810007  0.234403  -0.227605  4
4800  107370  0.175699  0.871725  0.810711  0.238682  -0.263173  4
4900  105804  0.172521  0.871689  0.807521  0.235927  -0.266054  4
5000  106067  0.170362  0.865355  0.809037  0.229969  -0.315086  4
5100  105792  0.171188  0.86444  0.808779  0.232379  -0.308813  4
5200  105855  0.170482  0.867514  0.808419  0.227839  -0.381214  4
5300  105842  0.166959  0.868498  0.809091  0.212433  -0.399158  4
5400  105834  0.163032  0.871524  0.806335  0.206095  -0.440524  4
5500  106486  0.169524  0.86908  0.80541  0.198519  -0.435479  4
5600  106998  0.178575  0.864235  0.801869  0.20673  -0.436691  4
5700  106821  0.172058  0.868605  0.803456  0.206105  -0.444186  4
5800  106601  0.171252  0.867747  0.801421  0.204447  -0.412386  4
5900  106004  0.164643  0.86951  0.802285  0.196026  -0.414878  4
6000  106223  0.165729  0.870996  0.800649  0.197119  -0.379596  4
6100  106930  0.168381  0.87763  0.801326  0.190278  -0.41712  4
6200  106445  0.165172  0.87792  0.800162  0.186199  -0.393385  4
6300  106287  0.171405  0.876059  0.799462  0.183564  -0.438832  4
6400  106572  0.16878  0.878492  0.800759  0.186629  -0.384213  4
6500  106213  0.166326  0.886669  0.802561  0.189179  -0.327174  4
6600  106382  0.171041  0.885554  0.802421  0.195669  -0.338021  4
6700  106737  0.173917  0.88737  0.799895  0.193811  -0.287324  4
6800  106734  0.172066  0.887351  0.799775  0.200835  -0.269788  4
6900  107250  0.174538  0.886583  0.801313  0.204146  -0.181076  4
7000  106404  0.172433  0.884603  0.799503  0.194268  -0.194034  4
7100  106104  0.167206  0.885089  0.79917  0.187773  -0.19719  4
7200  106449  0.170061  0.884942  0.800654  0.191929  -0.194137  4
7300  106718  0.175703  0.884466  0.800128  0.199266  -0.214629  4
7400  105349  0.169934  0.889728  0.799236  0.187229  -0.202454  4
7500  106889  0.173158  0.894763  0.796018  0.184072  -0.222338  4
7600  106393  0.168314  0.897642  0.796216  0.175642  -0.185787  4
7700  106754  0.167437  0.89707  0.796244  0.179437  -0.20999  4
7800  106837  0.171733  0.895673  0.796374  0.181018  -0.219813  4
7900  106467  0.173744  0.888361  0.793895  0.181204  -0.234098  4
8000  105908  0.169066  0.893973  0.797044  0.180295  -0.239197  4
8100  107112  0.177999  0.897217  0.797078  0.181667  -0.277593  4
8200  106770  0.172625  0.899553  0.795586  0.17557  -0.302205  4
8300  106956  0.176798  0.900232  0.793658  0.163991  -0.268577  4
8400  106608  0.173692  0.898531  0.789991  0.157648  -0.203827  4
8500  106105  0.17601  0.896092  0.788706  0.15831  -0.21857  4
8600  106400  0.17518  0.897406  0.786574  0.153063  -0.208171  4
8700  106293  0.1754  0.900663  0.786089  0.152857  -0.19957  4
8800  106366  0.174308  0.900681  0.78564  0.1466  -0.192482  4
8900  105875  0.169695  0.902658  0.785034  0.142873  -0.214752  4
9000  106455  0.164491  0.90152  0.786097  0.136923  -0.267973  4
9100  106363  0.171656  0.908916  0.7856  0.132366  -0.262846  4
9200  107097  0.174186  0.913519  0.78444  0.125116  -0.306373  4
9300  106307  0.17357  0.909905  0.785307  0.129622  -0.346149  4
9400  105252  0.168442  0.913127  0.785604  0.125435  -0.334815  4
9500  105993  0.173744  0.91438  0.787521  0.124721  -0.358396  4
9600  105678  0.170605  0.912505  0.786901  0.131301  -0.37237  4
9700  107204  0.170094  0.917709  0.789103  0.127732  -0.347219  4
9800  107450  0.173397  0.91931  0.790192  0.136378  -0.360914  4
9900  105940  0.171319  0.919046  0.787622  0.136051  -0.330935  4
