t meta_n emi  mean_info  tr1  tr2  tr3  strategy
0  115135  0.100432  0.493974  0.900034  0.000834671  1.83587e-05  4
100  103465  0.108997  0.36798  0.850185  0.076845  0.00252635  4
200  103176  0.155258  0.271546  0.781686  0.14572  -0.00299432  4
300  102670  0.189037  0.210174  0.739975  0.197277  0.0157262  4
400  102402  0.208621  0.174649  0.726022  0.248621  0.0151924  4
500  102168  0.218599  0.168371  0.721713  0.277244  0.0117971  4
600  102649  0.219907  0.160383  0.719327  0.292951  0.0223596  4
700  102707  0.223068  0.161135  0.72252  0.307683  0.0355504  4
800  101955  0.224138  0.154743  0.716199  0.308117  0.00264086  4
900  102652  0.228457  0.151284  0.713106  0.308086  0.0312353  4
1000  102785  0.230466  0.15209  0.710328  0.311758  0.0300873  4
1100  102899  0.225487  0.146933  0.715227  0.320117  0.011492  4
1200  102087  0.219151  0.145367  0.717349  0.311443  0.00456171  4
1300  102262  0.218953  0.141403  0.723367  0.321005  -0.0117898  4
1400  103021  0.219083  0.136694  0.724186  0.326145  -0.0294406  4
1500  102743  0.217832  0.137884  0.722195  0.32939  -0.044711  4
1600  103371  0.22533  0.13172  0.719992  0.331026  -0.0662387  4
1700  102738  0.225897  0.129679  0.721343  0.336676  -0.111305  4
1800  102663  0.230113  0.127341  0.721158  0.34746  -0.0944986  4
1900  102487  0.230381  0.121855  0.718247  0.347378  -0.129889  4
2000  103299  0.234768  0.126443  0.724166  0.367404  -0.14953  4
2100  102202  0.232219  0.12911  0.734315  0.387758  -0.155555  4
2200  103809  0.23689  0.131316  0.733193  0.393735  -0.165786  4
2300  102832  0.232518  0.137865  0.739118  0.402932  -0.16926  4
2400  103123  0.229331  0.138698  0.746131  0.418954  -0.166774  4
2500  103228  0.227036  0.140145  0.75578  0.445224  -0.189288  4
2600  102482  0.227754  0.14935  0.761633  0.469622  -0.182582  4
2700  102447  0.224072  0.147436  0.767243  0.476397  -0.210441  4
2800  103236  0.224169  0.136701  0.770175  0.480748  -0.191469  4
2900  102328  0.219168  0.136308  0.777092  0.499345  -0.149205  4
3000  103024  0.217318  0.136929  0.773307  0.490873  -0.161324  4
3100  102150  0.225018  0.135625  0.778581  0.492323  -0.171338  4
3200  103430  0.219713  0.142633  0.786952  0.511573  -0.177271  4
3300  103500  0.217442  0.150721  0.787834  0.523172  -0.149229  4
3400  102688  0.220751  0.148102  0.788087  0.521156  -0.172505  4
3500  102952  0.217537  0.138267  0.79629  0.534571  -0.169299  4
3600  102359  0.218877  0.146464  0.79717  0.542331  -0.137378  4
3700  103381  0.222252  0.145432  0.795545  0.54042  -0.197724  4
3800  103519  0.217635  0.142056  0.798496  0.545409  -0.183218  4
3900  103227  0.216441  0.140058  0.801353  0.548085  -0.189168  4
4000  102452  0.21635  0.142143  0.805755  0.55399  -0.195668  4
4100  103523  0.220169  0.150391  0.812307  0.574227  -0.231677  4
4200  104021  0.216436  0.153607  0.81483  0.582926  -0.21236  4
4300  102748  0.212934  0.145044  0.809919  0.562585  -0.176769  4
4400  102743  0.216826  0.141167  0.81017  0.574055  -0.18696  4
4500  104298  0.221781  0.13584  0.807261  0.57101  -0.198923  4
4600  103544  0.222032  0.141357  0.813173  0.583492  -0.238845  4
4700  102907  0.22258  0.133275  0.808997  0.565976  -0.267572  4
4800  102754  0.217496  0.129257  0.808973  0.558519  -0.264941  4
4900  102293  0.221462  0.131394  0.817907  0.577167  -0.30974  4
5000  103571  0.223157  0.139362  0.819968  0.580512  -0.344733  4
5100  104195  0.219704  0.147792  0.829653  0.603336  -0.363616  4
5200  103005  0.217921  0.146522  0.836455  0.612543  -0.332455  4
5300  103599  0.216249  0.15063  0.837817  0.615916  -0.338144  4
5400  103571  0.212865  0.150861  0.844915  0.641426  -0.270974  4
5500  103424  0.224421  0.151023  0.843275  0.640951  -0.290864  4
5600  103924  0.216055  0.157251  0.844568  0.638643  -0.272612  4
5700  103171  0.211993  0.154289  0.837733  0.61798  -0.277121  4
5800  103760  0.215609  0.157837  0.847168  0.642964  -0.298823  4
5900  103871  0.225245  0.149418  0.841788  0.637341  -0.291676  4
6000  102321  0.215353  0.150649  0.846126  0.635952  -0.287723  4
6100  103005  0.21811  0.152454  0.851711  0.650268  -0.254124  4
6200  103440  0.217758  0.151936  0.850007  0.640288  -0.264339  4
6300  104140  0.212488  0.157669  0.854969  0.645867  -0.26491  4
6400  103935  0.210702  0.152874  0.851411  0.635217  -0.24723  4
6500  103614  0.222059  0.151543  0.846027  0.618427  -0.269039  4
6600  103742  0.205542  0.147245  0.852932  0.632234  -0.280282  4
6700  103126  0.210241  0.143276  0.852792  0.627791  -0.286623  4
6800  103468  0.20995  0.145442  0.851983  0.630012  -0.283224  4
6900  103705  0.211539  0.143258  0.851084  0.630677  -0.270886  4
7000  103674  0.215444  0.142085  0.853856  0.636684  -0.253784  4
7100  103623  0.212475  0.148528  0.859983  0.652303  -0.272028  4
7200  103010  0.213213  0.150231  0.864221  0.662981  -0.260604  4
7300  103689  0.21362  0.150202  0.867126  0.67626  -0.245065  4
7400  104157  0.225277  0.141732  0.866239  0.676751  -0.268627  4
7500  103191  0.216513  0.143784  0.870924  0.688642  -0.285325  4
7600  103332  0.22173  0.144471  0.870097  0.690128  -0.23677  4
7700  104045  0.220151  0.137179  0.865246  0.67881  -0.226318  4
7800  102495  0.21381  0.142656  0.868894  0.677887  -0.192349  4
7900  103256  0.217104  0.138867  0.857906  0.654175  -0.155029  4
8000  103651  0.222818  0.13273  0.854763  0.650793  -0.166817  4
8100  103819  0.221269  0.135075  0.856755  0.657792  -0.165761  4
8200  104535  0.216483  0.129577  0.859012  0.66484  -0.155391  4
8300  103215  0.21676  0.134448  0.858461  0.660438  -0.166616  4
8400  102856  0.216797  0.136242  0.859731  0.672599  -0.163897  4
8500  102856  0.21008  0.135542  0.860206  0.669279  -0.122653  4
8600  103119  0.215604  0.130381  0.864952  0.678079  -0.108741  4
8700  103347  0.218536  0.123123  0.864352  0.671878  -0.0940569  4
8800  103509  0.216738  0.126935  0.868952  0.680006  -0.137215  4
8900  103972  0.21947  0.126148  0.86887  0.681599  -0.0884847  4
9000  103696  0.219965  0.132679  0.868847  0.685949  -0.0811224  4
9100  104428  0.214184  0.134143  0.871668  0.687216  -0.0791987  4
9200  103665  0.213568  0.137957  0.872631  0.690802  -0.100718  4
9300  104170  0.21651  0.136172  0.86573  0.670634  -0.0849323  4
9400  102984  0.210169  0.129898  0.86214  0.657741  -0.083431  4
9500  104690  0.221953  0.136504  0.863845  0.66257  -0.12037  4
9600  104197  0.217163  0.141182  0.868793  0.672055  -0.142895  4
9700  103485  0.213689  0.14075  0.866227  0.670374  -0.109297  4
9800  103444  0.217961  0.132849  0.864361  0.664867  -0.142791  4
9900  103409  0.217368  0.140207  0.864528  0.664927  -0.134949  4
