t meta_n emi  mean_info  tr1  tr2  tr3  strategy
0  113586  0.101064  0.492786  0.900026  0.000778334  -3.05455e-06  4
100  102433  0.105416  0.153477  0.854278  0.0781391  0.0035521  4
200  102104  0.155417  0.0851801  0.776339  0.142941  -0.0139742  4
300  101713  0.192925  0.0668699  0.725465  0.184526  -0.0245453  4
400  102512  0.211509  0.0557242  0.711249  0.22615  -0.00752221  4
500  102652  0.222665  0.0496691  0.699757  0.251741  0.000343232  4
600  102010  0.224715  0.0458533  0.698441  0.268815  -0.00304904  4
700  101774  0.233883  0.046759  0.689699  0.274784  0.0100944  4
800  102809  0.235036  0.0451947  0.689697  0.270696  0.0193149  4
900  101386  0.230408  0.0454564  0.691189  0.275469  0.0311497  4
1000  102179  0.231088  0.0434889  0.695513  0.284176  0.0185923  4
1100  102609  0.228842  0.0411367  0.697344  0.291045  0.0318288  4
1200  101997  0.229556  0.0394798  0.695538  0.294565  0.0369673  4
1300  102258  0.231597  0.0381956  0.692349  0.288475  0.0159011  4
1400  102131  0.233987  0.0395735  0.688896  0.288008  -0.00516353  4
1500  102281  0.23618  0.0397246  0.690032  0.288681  -0.0174654  4
1600  102005  0.232898  0.0367254  0.690423  0.296329  -0.00169124  4
1700  102093  0.241479  0.0323387  0.684997  0.293969  0.0158787  4
1800  102691  0.24268  0.0320317  0.680486  0.285502  0.00092947  4
1900  102339  0.238755  0.0329561  0.682765  0.279338  -0.00777188  4
2000  102080  0.234307  0.0334445  0.681366  0.267027  -0.022919  4
2100  102322  0.228859  0.0307778  0.68018  0.25332  -0.0180103  4
2200  102108  0.2336  0.0317184  0.680171  0.255026  0.0175205  4
2300  102501  0.230123  0.0290281  0.677674  0.244913  0.0462209  4
2400  102010  0.233576  0.0262593  0.67256  0.239074  0.0136558  4
2500  101671  0.23672  0.0245382  0.678211  0.245063  0.0111356  4
2600  102634  0.234649  0.0259703  0.681954  0.264056  0.0234914  4
2700  101631  0.235863  0.0240371  0.679121  0.263233  -0.0066235  4
2800  102751  0.233285  0.0258762  0.680832  0.262295  -0.0141794  4
2900  102968  0.237409  0.0248093  0.672173  0.24821  -0.0419546  4
3000  101434  0.240001  0.0226012  0.6737  0.253539  -0.0571209  4
3100  102876  0.233117  0.0216865  0.679491  0.260871  -0.108129  4
3200  101891  0.232387  0.0204525  0.681988  0.260224  -0.113225  4
3300  102984  0.235526  0.0207223  0.680846  0.260331  -0.101456  4
3400  102606  0.232318  0.0207841  0.677493  0.261209  -0.0887236  4
3500  101520  0.228602  0.0214811  0.680668  0.267516  -0.115609  4
3600  103300  0.237445  0.019734  0.674002  0.259974  -0.140624  4
3700  102549  0.22702  0.0186314  0.682665  0.264452  -0.112918  4
3800  103264  0.23148  0.0191246  0.679461  0.263662  -0.144945  4
3900  102190  0.232112  0.0181464  0.680699  0.260747  -0.16171  4
4000  102567  0.229872  0.0189813  0.67541  0.249849  -0.142663  4
4100  102078  0.228022  0.0185014  0.675219  0.244709  -0.118057  4
4200  103208  0.229901  0.0167446  0.67308  0.232375  -0.186079  4
4300  103496  0.23017  0.0143527  0.674102  0.23418  -0.168767  4
4400  102689  0.22643  0.0131135  0.667464  0.223938  -0.171692  4
4500  102395  0.229694  0.0144417  0.665267  0.214451  -0.139767  4
4600  102267  0.232478  0.0119678  0.665843  0.227416  -0.0921528  4
4700  102102  0.234157  0.0116308  0.661157  0.220034  -0.119325  4
4800  102570  0.234218  0.0126813  0.661401  0.210384  -0.135786  4
4900  102260  0.230166  0.012598  0.661783  0.220615  -0.114898  4
5000  102837  0.23433  0.0122091  0.662788  0.228344  -0.0681109  4
5100  102438  0.235455  0.0120659  0.661892  0.228315  -0.0679453  4
5200  102804  0.23052  0.0120587  0.664945  0.224547  -0.0308827  4
5300  102275  0.231288  0.012104  0.664777  0.227323  -0.0137047  4
5400  102619  0.229525  0.011266  0.665572  0.22246  0.020609  4
5500  101533  0.227842  0.0104785  0.666625  0.219414  0.0322757  4
5600  102255  0.227761  0.00969748  0.668405  0.22259  0.00941873  4
5700  101879  0.226787  0.00998611  0.666278  0.220292  -0.00456185  4
5800  102046  0.226176  0.0102712  0.663157  0.198824  0.0188686  4
5900  102002  0.223502  0.00850762  0.662257  0.194736  0.0643303  4
6000  103145  0.225053  0.00827275  0.659613  0.181975  0.0180698  4
6100  102528  0.22586  0.00676878  0.658174  0.181826  -0.0216201  4
6200  102622  0.228078  0.0074436  0.657171  0.175824  -0.0525249  4
6300  103069  0.226654  0.00763476  0.656093  0.176532  -0.0169434  4
6400  103425  0.227647  0.00784844  0.656791  0.179503  -0.00712716  4
6500  103206  0.225404  0.0059255  0.654344  0.167304  0.0328288  4
6600  102386  0.223276  0.0067277  0.656345  0.172621  0.0533877  4
6700  103924  0.228395  0.006415  0.654198  0.164443  0.0547824  4
6800  102586  0.222935  0.00548532  0.653436  0.162873  0.0212171  4
6900  102793  0.224915  0.0049508  0.653218  0.157984  0.0154093  4
7000  102993  0.23007  0.00429215  0.653608  0.156783  -0.0156861  4
7100  102622  0.220453  0.00464932  0.650968  0.151789  -0.0157708  4
7200  102496  0.226855  0.00531095  0.651301  0.158864  -0.0371185  4
7300  102149  0.227952  0.00515657  0.651523  0.161929  -0.0643268  4
7400  102701  0.220477  0.00463  0.652884  0.159547  -0.0328094  4
7500  102303  0.224769  0.00475212  0.64853  0.148434  -0.0223054  4
7600  103013  0.22858  0.00387551  0.649754  0.147113  -0.0793952  4
7700  102915  0.227291  0.00364264  0.648277  0.141965  -0.0415985  4
7800  103690  0.228165  0.00337935  0.648914  0.135074  0.0129795  4
7900  102410  0.223405  0.00414326  0.647136  0.132417  0.0519147  4
8000  102514  0.220225  0.00345097  0.647391  0.133526  -0.00875045  4
8100  102962  0.225485  0.00296812  0.643907  0.123467  -0.0146626  4
8200  102281  0.222854  0.00367481  0.645717  0.125859  0.0221275  4
8300  103235  0.227497  0.00354455  0.643276  0.123736  0.0349717  4
8400  101725  0.227051  0.00293175  0.642302  0.125452  0.064188  4
8500  102983  0.232017  0.00279518  0.641148  0.119815  0.0914392  4
8600  103016  0.225277  0.00311746  0.640919  0.117687  0.0954762  4
8700  103049  0.226514  0.00286768  0.641994  0.119532  0.0756318  4
8800  103724  0.224673  0.00311851  0.641679  0.114129  0.0503079  4
8900  101957  0.225564  0.00345213  0.639545  0.106502  0.0439906  4
9000  102685  0.225971  0.00432492  0.637935  0.107183  0.039641  4
9100  102323  0.225415  0.00350868  0.638877  0.109442  0.0290331  4
9200  102316  0.224703  0.00265424  0.638174  0.110705  -0.0135903  4
9300  103654  0.230258  0.00208686  0.639007  0.110722  0.0404389  4
9400  102624  0.226583  0.00185164  0.638538  0.110701  0.0361666  4
9500  101926  0.221005  0.00252338  0.640594  0.115309  0.0297516  4
9600  103321  0.225472  0.00260461  0.637826  0.106736  -0.00691127  4
9700  102287  0.227048  0.00188657  0.63676  0.099693  0.0108851  4
9800  102109  0.223397  0.00206707  0.637513  0.0940886  -0.0204741  4
9900  101855  0.224338  0.00273325  0.635922  0.0900253  -0.0185782  4
