t meta_n emi  mean_info  tr1  tr2  tr3  strategy
0  116912  0.09964  0.500244  0.899978  0.00080724  3.00766e-05  4
100  105115  0.119506  0.635653  0.861878  0.0821505  0.00492565  4
200  106819  0.165741  0.720049  0.814908  0.157754  -0.0121542  4
300  105374  0.179313  0.768215  0.810177  0.211871  -0.0102122  4
400  105037  0.191155  0.784937  0.793557  0.227704  -0.00773974  4
500  105610  0.19515  0.79647  0.794603  0.245201  -0.00646756  4
600  106778  0.195809  0.782953  0.798367  0.255354  0.00372663  4
700  105113  0.197198  0.781855  0.800381  0.268895  0.0265815  4
800  106161  0.190442  0.787722  0.80931  0.285662  0.0309739  4
900  105261  0.189301  0.797794  0.811239  0.285669  0.0497575  4
1000  106595  0.195113  0.791022  0.807893  0.297603  0.0849558  4
1100  105405  0.194128  0.79532  0.805781  0.290619  0.102137  4
1200  105802  0.190872  0.795079  0.808539  0.294302  0.115382  4
1300  105862  0.185089  0.801814  0.813036  0.301062  0.0788671  4
1400  106468  0.187268  0.805448  0.81242  0.294692  0.111669  4
1500  106199  0.184791  0.813497  0.813091  0.291418  0.109657  4
1600  106038  0.187453  0.816898  0.810114  0.283181  0.0854978  4
1700  104957  0.181406  0.803325  0.812907  0.289862  0.119618  4
1800  106115  0.185618  0.79835  0.809698  0.290519  0.137802  4
1900  105040  0.183566  0.790807  0.808495  0.279518  0.124086  4
2000  105828  0.186986  0.793031  0.807203  0.281787  0.137106  4
2100  105927  0.189004  0.80121  0.809441  0.295859  0.125953  4
2200  106051  0.183522  0.807375  0.808363  0.284873  0.136324  4
2300  106042  0.187071  0.817258  0.806003  0.275088  0.136984  4
2400  106351  0.180651  0.804931  0.809491  0.285815  0.157822  4
2500  105710  0.181721  0.808734  0.808402  0.281525  0.211529  4
2600  106533  0.179262  0.807908  0.805302  0.272973  0.182472  4
2700  106200  0.186218  0.815561  0.805281  0.269108  0.16918  4
2800  104627  0.175593  0.815903  0.805619  0.262833  0.166873  4
2900  106405  0.181771  0.818012  0.805086  0.270251  0.143117  4
3000  105554  0.183438  0.82654  0.802817  0.263337  0.127033  4
3100  106877  0.187743  0.825639  0.800435  0.259405  0.131968  4
3200  105769  0.180427  0.816234  0.801094  0.261361  0.156892  4
3300  105355  0.178905  0.816855  0.800072  0.257678  0.206354  4
3400  105696  0.186964  0.82509  0.799855  0.252385  0.251081  4
3500  105719  0.184134  0.822563  0.794717  0.244221  0.262527  4
3600  106201  0.186225  0.836507  0.792216  0.236441  0.208989  4
3700  106106  0.181699  0.841956  0.791241  0.223322  0.174634  4
3800  106619  0.184961  0.833509  0.7927  0.229042  0.175319  4
3900  105505  0.183685  0.835245  0.792502  0.239372  0.187097  4
4000  105887  0.182579  0.836555  0.789515  0.226382  0.210838  4
4100  106134  0.181312  0.836979  0.793637  0.233018  0.191132  4
4200  106735  0.183402  0.840268  0.797231  0.247268  0.175811  4
4300  106830  0.182791  0.840922  0.792659  0.222695  0.192621  4
4400  106715  0.180507  0.853523  0.792117  0.226916  0.217403  4
4500  106030  0.184421  0.852913  0.790822  0.225123  0.225775  4
4600  106433  0.173765  0.855575  0.798343  0.224101  0.221707  4
4700  106845  0.177428  0.850368  0.797501  0.228243  0.213088  4
4800  106337  0.183852  0.845076  0.792382  0.214109  0.19397  4
4900  105936  0.180593  0.838854  0.789868  0.207279  0.21288  4
5000  105919  0.179595  0.828214  0.789793  0.198539  0.218049  4
5100  106247  0.177484  0.831071  0.790497  0.197907  0.2382  4
5200  106065  0.175499  0.834747  0.79103  0.203975  0.264201  4
5300  106756  0.179036  0.835674  0.791983  0.207501  0.27115  4
5400  106515  0.179425  0.826125  0.792947  0.205601  0.280024  4
5500  105359  0.169865  0.81736  0.793173  0.215785  0.295286  4
5600  106704  0.179126  0.820781  0.793014  0.215625  0.290885  4
5700  104948  0.17168  0.817827  0.792976  0.215198  0.267538  4
5800  106301  0.168029  0.822465  0.795308  0.209793  0.207143  4
5900  105793  0.17268  0.821725  0.799045  0.215588  0.168665  4
6000  105467  0.174078  0.831696  0.798542  0.219558  0.182509  4
6100  106665  0.174861  0.827973  0.797284  0.208567  0.198359  4
6200  105815  0.174488  0.830453  0.796264  0.210475  0.186114  4
6300  106640  0.17126  0.833173  0.794143  0.202379  0.200436  4
6400  106157  0.173499  0.826993  0.794071  0.213877  0.170659  4
6500  106927  0.173414  0.825376  0.795804  0.214718  0.133855  4
6600  106340  0.172443  0.828739  0.798241  0.205968  0.118907  4
6700  106131  0.171291  0.832807  0.794991  0.196262  0.118179  4
6800  106395  0.163808  0.838462  0.797722  0.189155  0.134611  4
6900  105470  0.171754  0.838295  0.79414  0.183925  0.145419  4
7000  105790  0.170996  0.849552  0.792338  0.172371  0.172723  4
7100  105968  0.169985  0.840281  0.791803  0.175525  0.190748  4
7200  106113  0.166235  0.844289  0.791322  0.172536  0.211634  4
7300  105960  0.171048  0.841826  0.7941  0.177855  0.206176  4
7400  105693  0.168795  0.849554  0.793995  0.170414  0.214766  4
7500  105686  0.169318  0.844485  0.794091  0.170734  0.24172  4
7600  106414  0.170207  0.839985  0.794545  0.168001  0.22724  4
7700  106644  0.169941  0.845183  0.793908  0.170548  0.2326  4
7800  106718  0.167844  0.846452  0.79278  0.163631  0.242309  4
7900  106871  0.166754  0.841152  0.791321  0.149851  0.273446  4
8000  107188  0.167406  0.839541  0.793554  0.148101  0.283297  4
8100  105039  0.159893  0.835499  0.794752  0.155398  0.313724  4
8200  107251  0.165167  0.834173  0.793998  0.158367  0.34805  4
8300  105926  0.16998  0.833318  0.792243  0.158214  0.342594  4
8400  106884  0.169394  0.839952  0.792934  0.163745  0.406798  4
8500  106672  0.17048  0.836997  0.794342  0.179363  0.405223  4
8600  106242  0.165393  0.837298  0.792785  0.176971  0.379632  4
8700  105950  0.170679  0.833447  0.794619  0.192049  0.380193  4
8800  107253  0.175657  0.83761  0.795123  0.192097  0.399183  4
8900  106753  0.169941  0.84624  0.793866  0.1778  0.411326  4
9000  106017  0.170369  0.840332  0.794318  0.181634  0.399032  4
9100  106592  0.173968  0.841725  0.794313  0.186849  0.405287  4
9200  106696  0.165896  0.843689  0.79477  0.183107  0.42456  4
9300  106472  0.168794  0.836367  0.794252  0.194253  0.431611  4
9400  106559  0.172031  0.835421  0.795036  0.201876  0.435777  4
9500  106996  0.17627  0.834067  0.794287  0.205461  0.437138  4
9600  105899  0.167314  0.835069  0.793844  0.209417  0.456222  4
9700  106062  0.172076  0.834855  0.793275  0.20343  0.445508  4
9800  106369  0.171316  0.838621  0.795058  0.200955  0.446702  4
9900  106947  0.168498  0.844685  0.795321  0.20143  0.4267  4
