t meta_n emi  mean_info  tr1  tr2  tr3  strategy
0  116689  0.100856  0.496416  0.899956  0.000893128  2.63402e-05  4
100  103500  0.110222  0.420478  0.8511  0.0737287  -0.0058569  4
200  102455  0.160008  0.3532  0.778087  0.132676  -0.0160918  4
300  103139  0.190072  0.303378  0.738545  0.179046  -0.0216081  4
400  102733  0.206567  0.25648  0.723632  0.215979  -0.0251597  4
500  102998  0.209507  0.23187  0.725483  0.24809  -0.0196003  4
600  103647  0.231441  0.21062  0.721772  0.284668  -0.0405151  4
700  103691  0.229485  0.212773  0.722778  0.309311  -0.0324148  4
800  102678  0.224173  0.202935  0.733791  0.339485  -0.0289955  4
900  102375  0.226238  0.203543  0.739495  0.362104  -0.0303096  4
1000  103841  0.233634  0.20471  0.737288  0.362329  -0.0215224  4
1100  102221  0.230315  0.19454  0.731806  0.353282  -0.0051291  4
1200  102672  0.23021  0.192033  0.740274  0.381595  -0.00953789  4
1300  102996  0.232093  0.195954  0.745429  0.392939  0.0190851  4
1400  103211  0.229298  0.202206  0.758397  0.423168  -0.0207099  4
1500  102801  0.229527  0.199707  0.761427  0.448192  -0.036718  4
1600  102982  0.230032  0.197899  0.772641  0.473466  -0.0566901  4
1700  103970  0.231999  0.202256  0.785312  0.502625  -0.0880211  4
1800  102176  0.217763  0.209072  0.793481  0.509335  -0.105377  4
1900  102746  0.216881  0.211732  0.803414  0.528647  -0.133397  4
2000  102363  0.217853  0.208625  0.806998  0.541403  -0.130591  4
2100  104569  0.22148  0.212713  0.814053  0.546514  -0.134265  4
2200  102819  0.214935  0.211731  0.817291  0.56352  -0.0849651  4
2300  102535  0.218104  0.209837  0.819556  0.585835  -0.0927105  4
2400  102372  0.217813  0.216891  0.823955  0.596409  -0.13478  4
2500  103025  0.217456  0.205706  0.824697  0.597243  -0.130555  4
2600  102706  0.217783  0.202039  0.832536  0.607204  -0.105616  4
2700  103844  0.214329  0.215137  0.843412  0.630001  -0.11538  4
2800  103535  0.212146  0.214496  0.843174  0.627888  -0.100928  4
2900  103258  0.209456  0.224217  0.85174  0.637539  -0.134589  4
3000  103318  0.210814  0.221556  0.859913  0.663104  -0.135349  4
3100  102568  0.205236  0.214218  0.862574  0.669108  -0.148721  4
3200  102540  0.209338  0.213404  0.862317  0.669783  -0.152229  4
3300  103771  0.204914  0.211212  0.866714  0.674847  -0.142718  4
3400  103243  0.203731  0.208509  0.872934  0.694216  -0.136681  4
3500  103780  0.210724  0.204692  0.869448  0.69374  -0.121948  4
3600  103046  0.215149  0.204822  0.873381  0.708578  -0.125288  4
3700  104069  0.210573  0.203218  0.868427  0.695886  -0.144598  4
3800  103640  0.208971  0.196155  0.868196  0.693922  -0.125572  4
3900  104175  0.213395  0.204011  0.874493  0.710415  -0.127301  4
4000  103578  0.206175  0.202773  0.882297  0.722628  -0.151108  4
4100  103694  0.206122  0.197607  0.879199  0.707408  -0.115861  4
4200  103588  0.205676  0.198485  0.884267  0.726427  -0.0964935  4
4300  104131  0.211638  0.201594  0.886404  0.739123  -0.0898342  4
4400  103032  0.207925  0.208069  0.890933  0.74034  -0.0745055  4
4500  103738  0.20694  0.210686  0.894118  0.741711  -0.0718518  4
4600  104072  0.219342  0.201378  0.893578  0.745936  -0.0919297  4
4700  103639  0.21545  0.198587  0.904556  0.77328  -0.109999  4
4800  104336  0.210181  0.200818  0.916714  0.794126  -0.111024  4
4900  104150  0.203506  0.199267  0.923843  0.803656  -0.114719  4
5000  104598  0.209981  0.202633  0.928972  0.811933  -0.0785722  4
5100  103864  0.216691  0.206285  0.932823  0.823812  -0.0255092  4
5200  104344  0.21506  0.210494  0.938988  0.840832  -0.0312321  4
5300  104094  0.211323  0.207361  0.93461  0.835716  -0.0223153  4
5400  102902  0.204203  0.198378  0.937096  0.837218  0.00677846  4
5500  103506  0.206051  0.19917  0.943699  0.842677  -0.00454563  4
5600  103721  0.212373  0.205474  0.942573  0.840121  -0.00964138  4
5700  104111  0.208974  0.206419  0.938009  0.833933  -0.0308795  4
5800  105315  0.213852  0.207827  0.934585  0.82402  -0.0374394  4
5900  103224  0.208555  0.214417  0.93647  0.827545  -0.0584831  4
6000  104056  0.206191  0.210446  0.940492  0.833074  -0.0602816  4
6100  103686  0.21247  0.212453  0.936369  0.826678  -0.0289671  4
6200  103893  0.203258  0.206953  0.933621  0.814628  -0.018706  4
6300  103201  0.215064  0.199888  0.93323  0.812694  -0.0518566  4
6400  104228  0.2097  0.206131  0.93793  0.819437  -0.0463298  4
6500  103083  0.199468  0.204928  0.933899  0.813337  -0.0494489  4
6600  103663  0.20709  0.20372  0.932467  0.808302  -0.0491683  4
6700  103532  0.207674  0.201675  0.932241  0.804313  -0.0554836  4
6800  103536  0.210518  0.202481  0.929458  0.799495  -0.0422665  4
6900  104182  0.214215  0.201791  0.931897  0.798848  -0.0504933  4
7000  103661  0.210716  0.204939  0.937021  0.813576  -0.037392  4
7100  104042  0.212752  0.208426  0.93826  0.816456  -0.0160349  4
7200  103436  0.214153  0.206779  0.935974  0.806285  -0.00148912  4
7300  103971  0.210206  0.201864  0.933261  0.803936  0.00455302  4
7400  104032  0.207761  0.196129  0.934882  0.80069  0.00564143  4
7500  104097  0.207441  0.194465  0.930695  0.788052  0.00191782  4
7600  105171  0.214476  0.194958  0.931363  0.79391  0.0139522  4
7700  103640  0.211034  0.200577  0.930527  0.792422  -0.00706989  4
7800  104409  0.210856  0.191386  0.92546  0.772996  -0.0409259  4
7900  104446  0.217249  0.198053  0.931448  0.792776  -0.0426333  4
8000  104061  0.20995  0.199112  0.933877  0.800693  -0.047719  4
8100  104486  0.216554  0.201058  0.937508  0.816154  -0.0403518  4
8200  103268  0.206197  0.194577  0.941865  0.821471  -0.0144644  4
8300  103680  0.217869  0.199844  0.943712  0.823539  -0.0238694  4
8400  103690  0.214691  0.207088  0.947613  0.83704  -0.0446787  4
8500  104784  0.215255  0.208111  0.954087  0.85567  -0.03325  4
8600  103650  0.216226  0.219792  0.961007  0.874259  -0.0524219  4
8700  104069  0.208861  0.214482  0.959431  0.870014  -0.0431438  4
8800  103980  0.212952  0.210106  0.958186  0.866206  -0.0582179  4
8900  105311  0.21458  0.216568  0.956021  0.860979  -0.0927283  4
9000  103274  0.210153  0.210464  0.961822  0.874276  -0.092508  4
9100  104164  0.212105  0.208308  0.959326  0.864491  -0.0587925  4
9200  102955  0.212951  0.20943  0.957611  0.858199  -0.0718143  4
9300  104678  0.209222  0.210862  0.958404  0.859047  -0.0799614  4
9400  103595  0.214184  0.213837  0.958249  0.859531  -0.0706916  4
9500  104038  0.211207  0.211438  0.961162  0.863734  -0.0715561  4
9600  104595  0.21513  0.213974  0.961861  0.868459  -0.0678192  4
9700  104186  0.216142  0.209087  0.964286  0.873524  -0.0510734  4
9800  103910  0.209512  0.210604  0.962134  0.869321  -0.0520755  4
9900  103704  0.21271  0.203256  0.964548  0.87464  -0.0809894  4
