t meta_n emi  mean_info  tr1  tr2  tr3  strategy
0  115090  0.10004  0.493226  0.900054  0.000789043  -1.09944e-05  4
100  103338  0.106224  0.328748  0.854994  0.0753338  -0.00717742  4
200  102505  0.155296  0.237189  0.776522  0.136993  -0.0279633  4
300  102929  0.190206  0.190674  0.731857  0.184499  -0.0375375  4
400  102369  0.20557  0.164881  0.7253  0.241545  -0.0402567  4
500  102264  0.215785  0.157444  0.717414  0.272979  -0.0411869  4
600  102897  0.228906  0.144458  0.720732  0.304256  -0.0507803  4
700  103212  0.228954  0.141141  0.721268  0.313505  -0.0792859  4
800  102908  0.22671  0.137024  0.725516  0.335383  -0.101192  4
900  102662  0.22863  0.13908  0.724861  0.343736  -0.0866967  4
1000  103324  0.234092  0.128823  0.718392  0.344634  -0.0974124  4
1100  102356  0.232313  0.123578  0.713763  0.336909  -0.0953613  4
1200  102581  0.226129  0.126513  0.725241  0.344772  -0.101606  4
1300  102190  0.231197  0.117835  0.721833  0.357717  -0.111506  4
1400  102044  0.224143  0.110442  0.723546  0.349192  -0.119854  4
1500  102436  0.229399  0.109277  0.717295  0.348726  -0.146392  4
1600  103381  0.231969  0.11216  0.725319  0.363511  -0.138838  4
1700  102473  0.222483  0.111549  0.72587  0.356914  -0.121989  4
1800  102253  0.23149  0.117986  0.727288  0.367376  -0.10473  4
1900  103173  0.227597  0.114358  0.733872  0.387518  -0.146469  4
2000  102076  0.223124  0.116713  0.739262  0.405774  -0.109403  4
2100  102250  0.230267  0.114716  0.743936  0.425636  -0.129136  4
2200  101930  0.226175  0.121761  0.74669  0.43261  -0.135739  4
2300  103097  0.227931  0.12651  0.746638  0.430503  -0.171475  4
2400  102404  0.222142  0.113432  0.748085  0.415603  -0.148598  4
2500  103002  0.223832  0.114932  0.749016  0.426633  -0.159202  4
2600  103454  0.223283  0.120564  0.759652  0.450474  -0.160942  4
2700  103995  0.230922  0.120943  0.762064  0.46601  -0.199752  4
2800  103175  0.228096  0.115373  0.763842  0.4634  -0.170437  4
2900  102238  0.222017  0.113639  0.762922  0.456453  -0.164187  4
3000  102958  0.224725  0.110354  0.771774  0.469019  -0.173024  4
3100  102840  0.221304  0.113658  0.7745  0.467462  -0.211013  4
3200  102894  0.218432  0.108165  0.772627  0.466799  -0.261651  4
3300  103803  0.222552  0.107698  0.774765  0.472883  -0.210619  4
3400  103028  0.223105  0.11186  0.782407  0.506922  -0.200283  4
3500  103829  0.218969  0.117389  0.787559  0.517214  -0.171662  4
3600  103797  0.223517  0.117476  0.798669  0.537635  -0.188088  4
3700  102760  0.218642  0.110072  0.79466  0.524756  -0.178849  4
3800  102915  0.222158  0.111561  0.792706  0.529458  -0.241844  4
3900  101342  0.21586  0.109883  0.790318  0.515242  -0.232739  4
4000  103709  0.225173  0.113889  0.79472  0.526951  -0.198282  4
4100  103410  0.217675  0.112753  0.796663  0.531205  -0.219777  4
4200  102716  0.221061  0.115394  0.794701  0.533387  -0.235964  4
4300  102740  0.223081  0.110873  0.789029  0.517235  -0.23897  4
4400  102361  0.217383  0.115464  0.788306  0.513858  -0.210465  4
4500  102972  0.219857  0.106035  0.784403  0.504076  -0.199971  4
4600  103377  0.213748  0.106767  0.785506  0.502514  -0.217254  4
4700  103070  0.217223  0.10399  0.78471  0.4943  -0.260625  4
4800  103536  0.216816  0.104814  0.789267  0.506531  -0.289893  4
4900  102841  0.218208  0.10243  0.785103  0.501463  -0.283267  4
5000  102928  0.221801  0.103484  0.78317  0.505425  -0.23032  4
5100  103364  0.220404  0.102008  0.78925  0.51491  -0.228265  4
5200  103102  0.219769  0.103525  0.787724  0.516299  -0.222338  4
5300  103627  0.218228  0.0988397  0.795354  0.531336  -0.235882  4
5400  102376  0.220144  0.0948692  0.79561  0.534733  -0.264669  4
5500  103705  0.217472  0.101246  0.807227  0.563573  -0.215277  4
5600  103538  0.223223  0.10894  0.809083  0.570726  -0.211756  4
5700  103611  0.222366  0.104993  0.806941  0.564672  -0.222864  4
5800  103131  0.222385  0.108701  0.805202  0.554511  -0.204521  4
5900  103633  0.220491  0.114298  0.809003  0.563478  -0.143051  4
6000  102743  0.224029  0.120688  0.816389  0.591225  -0.161326  4
6100  103437  0.227101  0.128906  0.824757  0.610279  -0.175291  4
6200  103036  0.22946  0.115599  0.818161  0.588537  -0.190416  4
6300  102464  0.220153  0.112769  0.815616  0.579224  -0.167808  4
6400  102070  0.218987  0.115142  0.814928  0.574348  -0.174453  4
6500  102783  0.216868  0.114466  0.812362  0.563897  -0.162131  4
6600  103708  0.217156  0.121018  0.817018  0.568573  -0.199938  4
6700  104000  0.218578  0.12294  0.822591  0.579952  -0.256846  4
6800  103851  0.217508  0.117844  0.820165  0.562955  -0.289568  4
6900  102923  0.216997  0.113104  0.821981  0.5696  -0.252796  4
7000  104460  0.213748  0.113848  0.824111  0.570179  -0.298161  4
7100  103706  0.214063  0.119898  0.823022  0.569309  -0.324372  4
7200  103448  0.214173  0.115975  0.82709  0.576142  -0.343178  4
7300  103626  0.217319  0.115585  0.826909  0.571511  -0.334036  4
7400  103822  0.209682  0.119616  0.826178  0.561874  -0.335133  4
7500  103638  0.206  0.112958  0.823343  0.5491  -0.38804  4
7600  103813  0.214909  0.115729  0.819727  0.544065  -0.34758  4
7700  103612  0.215939  0.124255  0.826274  0.560858  -0.344754  4
7800  104128  0.218812  0.12049  0.824139  0.557792  -0.398566  4
7900  102947  0.220466  0.114793  0.824545  0.557476  -0.41981  4
8000  103058  0.207742  0.124571  0.834928  0.579081  -0.467026  4
8100  102498  0.212578  0.116363  0.830575  0.563406  -0.45862  4
8200  102754  0.213251  0.116352  0.834617  0.57088  -0.470849  4
8300  104007  0.219343  0.115397  0.828097  0.554924  -0.463206  4
8400  103681  0.210899  0.10848  0.827028  0.55375  -0.430411  4
8500  103226  0.21715  0.115556  0.83044  0.55916  -0.428473  4
8600  103274  0.215715  0.113643  0.833345  0.566068  -0.47103  4
8700  103302  0.212468  0.126054  0.846423  0.601685  -0.507642  4
8800  102769  0.208717  0.125537  0.855029  0.623405  -0.548634  4
8900  103181  0.212537  0.114268  0.845307  0.595473  -0.529631  4
9000  103311  0.214002  0.118718  0.848419  0.601571  -0.595409  4
9100  103768  0.210464  0.113963  0.850344  0.602339  -0.608308  4
9200  104211  0.212425  0.123488  0.847019  0.596484  -0.611579  4
9300  103498  0.21  0.119765  0.851514  0.603513  -0.631987  4
9400  102913  0.209849  0.113245  0.848827  0.59367  -0.646606  4
9500  102877  0.213947  0.116226  0.849513  0.600389  -0.683364  4
9600  103766  0.209496  0.120709  0.857503  0.623618  -0.655602  4
9700  103647  0.216186  0.122536  0.86502  0.645536  -0.636974  4
9800  103773  0.213134  0.117486  0.863097  0.641394  -0.618231  4
9900  103210  0.211214  0.116778  0.863914  0.642465  -0.632658  4
