t meta_n emi  mean_info  tr1  tr2  tr3  strategy
0  115420  0.098744  0.497492  0.899925  0.000809642  4.18364e-05  4
100  103650  0.109272  0.430081  0.853201  0.0766076  -0.00711262  4
200  103235  0.153622  0.383854  0.791716  0.147286  -0.017477  4
300  102859  0.189742  0.334839  0.75137  0.210355  -0.0362903  4
400  103390  0.206573  0.303219  0.741363  0.258077  -0.0415012  4
500  103699  0.213751  0.271506  0.738128  0.29655  -0.0516773  4
600  102930  0.217003  0.257578  0.743696  0.329196  -0.0620244  4
700  102803  0.22445  0.256573  0.745336  0.362479  -0.069809  4
800  103260  0.221715  0.25379  0.74826  0.365688  -0.0595759  4
900  103291  0.220021  0.253611  0.762703  0.407847  -0.0713653  4
1000  103413  0.219904  0.251813  0.769645  0.424521  -0.0252689  4
1100  102419  0.214788  0.25491  0.768319  0.425517  -0.0458537  4
1200  103428  0.221097  0.240305  0.771359  0.4279  -0.0567437  4
1300  103661  0.216893  0.245222  0.775821  0.447053  -0.073932  4
1400  103879  0.217851  0.243358  0.778496  0.4574  -0.077556  4
1500  103720  0.219623  0.250337  0.780545  0.46355  -0.100462  4
1600  103608  0.222069  0.25492  0.787865  0.480965  -0.0551449  4
1700  104428  0.220734  0.249514  0.785319  0.469176  -0.0793417  4
1800  103725  0.22276  0.233706  0.788925  0.487892  -0.0883837  4
1900  103814  0.217039  0.240036  0.790816  0.491575  -0.0799884  4
2000  104467  0.225097  0.239714  0.797093  0.502054  -0.0883715  4
2100  103701  0.220641  0.249208  0.811326  0.538313  -0.0881587  4
2200  103127  0.216234  0.240943  0.817493  0.560074  -0.0567438  4
2300  103683  0.216362  0.244181  0.828021  0.57853  -0.065124  4
2400  103371  0.21135  0.24201  0.833132  0.586693  -0.0692764  4
2500  103533  0.217467  0.241991  0.834738  0.588818  -0.082408  4
2600  103344  0.212472  0.252225  0.842777  0.611701  -0.0933548  4
2700  103463  0.221772  0.255628  0.845816  0.627143  -0.0685874  4
2800  103668  0.220012  0.238249  0.844922  0.625685  -0.0968465  4
2900  103843  0.213272  0.247335  0.85186  0.627372  -0.114505  4
3000  103238  0.218188  0.247307  0.860093  0.650599  -0.120351  4
3100  103374  0.212687  0.239852  0.862437  0.659329  -0.137604  4
3200  103695  0.211286  0.240347  0.866946  0.675005  -0.164463  4
3300  103023  0.211462  0.233119  0.866402  0.669364  -0.167585  4
3400  103441  0.212083  0.237018  0.870214  0.680079  -0.175798  4
3500  103357  0.210163  0.236349  0.873041  0.691321  -0.142929  4
3600  103664  0.21551  0.231243  0.877784  0.694303  -0.151329  4
3700  103588  0.217415  0.243865  0.885083  0.709929  -0.127431  4
3800  104669  0.215843  0.237368  0.884755  0.706145  -0.145897  4
3900  104386  0.211419  0.236413  0.891712  0.723679  -0.132637  4
4000  103147  0.207153  0.23118  0.888055  0.716269  -0.13384  4
4100  104566  0.219788  0.229791  0.891245  0.725294  -0.138702  4
4200  104431  0.219002  0.239527  0.894263  0.738601  -0.123514  4
4300  103817  0.211706  0.244567  0.90303  0.755058  -0.120287  4
4400  104689  0.206044  0.238508  0.904111  0.753834  -0.12723  4
4500  104090  0.208835  0.234879  0.901512  0.750142  -0.160658  4
4600  103975  0.208289  0.231382  0.906051  0.751384  -0.169878  4
4700  104511  0.210185  0.231355  0.919565  0.776662  -0.0940279  4
4800  103944  0.198481  0.239399  0.924951  0.789168  -0.136815  4
4900  104349  0.211732  0.246384  0.929367  0.804813  -0.18411  4
5000  103629  0.196973  0.242671  0.936784  0.813819  -0.225209  4
5100  103488  0.203539  0.238349  0.934633  0.802461  -0.203044  4
5200  104719  0.20519  0.229244  0.934105  0.796856  -0.212332  4
5300  103447  0.212165  0.241575  0.939493  0.821302  -0.22671  4
5400  104037  0.209537  0.243441  0.942744  0.825684  -0.230143  4
5500  104209  0.199821  0.245755  0.950914  0.841725  -0.209832  4
5600  104267  0.208749  0.244068  0.949471  0.840315  -0.165016  4
5700  103290  0.204319  0.236105  0.954129  0.855849  -0.129454  4
5800  103922  0.203123  0.246316  0.958433  0.863567  -0.078916  4
5900  103523  0.202756  0.241206  0.963802  0.872582  -0.0824259  4
6000  103224  0.196163  0.242037  0.969987  0.882099  -0.0713433  4
6100  104500  0.202304  0.240339  0.971568  0.883555  -0.116872  4
6200  103679  0.205227  0.240908  0.969229  0.883312  -0.0945809  4
6300  104254  0.213005  0.244617  0.96484  0.876772  -0.0996387  4
6400  105112  0.209208  0.244825  0.974249  0.899004  -0.104422  4
6500  103947  0.199884  0.244721  0.980227  0.912413  -0.119554  4
6600  104118  0.207789  0.244535  0.980437  0.917915  -0.110087  4
6700  105087  0.207505  0.241812  0.981253  0.920819  -0.0970122  4
6800  103405  0.197969  0.236339  0.986898  0.930663  -0.1337  4
6900  103582  0.201119  0.241239  0.988085  0.928715  -0.154509  4
7000  103035  0.202349  0.241063  0.991387  0.936471  -0.168792  4
7100  104203  0.202776  0.238674  0.995351  0.942033  -0.163498  4
7200  104500  0.200405  0.23364  0.994692  0.942695  -0.186107  4
7300  103923  0.19841  0.236855  0.99907  0.947333  -0.182921  4
7400  104128  0.201145  0.238584  1.00061  0.955313  -0.156916  4
7500  104875  0.194934  0.240754  1.00353  0.958628  -0.150228  4
7600  104804  0.2003  0.229277  1.0041  0.95729  -0.107293  4
7700  103673  0.198754  0.236544  1.00744  0.967828  -0.0486742  4
7800  105003  0.201303  0.233724  1.01111  0.974204  -0.0679496  4
7900  104634  0.203169  0.237468  1.01375  0.979467  -0.0663779  4
8000  104873  0.194231  0.230375  1.01308  0.974651  -0.0577291  4
8100  103965  0.195272  0.235503  1.01309  0.974054  -0.0579274  4
8200  104204  0.202103  0.236432  1.01347  0.976554  -0.0482739  4
8300  104600  0.199296  0.24063  1.01521  0.981671  -0.0778105  4
8400  103531  0.196817  0.24535  1.01598  0.985224  -0.0769728  4
8500  104245  0.203416  0.23954  1.01358  0.98303  -0.129713  4
8600  103905  0.195839  0.230366  1.01688  0.984644  -0.118488  4
8700  104480  0.199557  0.231512  1.01681  0.988018  -0.0687223  4
8800  104176  0.198401  0.229208  1.01748  0.988183  -0.0856921  4
8900  104137  0.202975  0.226564  1.01871  0.990042  -0.0857246  4
9000  103286  0.19649  0.229447  1.01875  0.990073  -0.0934438  4
9100  105056  0.196397  0.225254  1.01937  0.991787  -0.130986  4
9200  104651  0.196384  0.224498  1.01938  0.992209  -0.124275  4
9300  104681  0.202305  0.225366  1.02316  0.995248  -0.116409  4
9400  104487  0.201056  0.220932  1.0223  0.99575  -0.115238  4
9500  104039  0.201952  0.22395  1.0227  0.994634  -0.164266  4
9600  104253  0.199369  0.222925  1.02264  0.995757  -0.171078  4
9700  103423  0.207399  0.233986  1.02115  0.996393  -0.138198  4
9800  104535  0.203386  0.239376  1.02148  0.996945  -0.157971  4
9900  103975  0.197395  0.239618  1.02031  0.99735  -0.190582  4
