t meta_n emi  mean_info  tr1  tr2  tr3  strategy
0  114910  0.098968  0.495438  0.900042  0.000795042  0.000134857  4
100  103796  0.106928  0.286073  0.851852  0.0797556  0.000287468  4
200  102906  0.157607  0.188077  0.776172  0.145599  0.0201639  4
300  101925  0.191744  0.139961  0.733619  0.19603  0.020129  4
400  101850  0.216983  0.119745  0.710402  0.237765  -0.0102501  4
500  102309  0.223569  0.115282  0.708232  0.26032  -0.00465269  4
600  101876  0.222613  0.111895  0.712431  0.287542  -0.0111806  4
700  102825  0.228195  0.108938  0.715405  0.314484  -0.0183279  4
800  102724  0.230999  0.109425  0.71928  0.333059  -0.004446  4
900  102597  0.235925  0.105883  0.715207  0.346073  -0.0143793  4
1000  102589  0.231034  0.0982166  0.718394  0.339818  0.00112538  4
1100  102676  0.229285  0.0970607  0.713457  0.330774  -0.0373581  4
1200  102552  0.230113  0.0871706  0.710732  0.323269  -0.0232428  4
1300  102176  0.232393  0.0914355  0.712529  0.315449  -0.0433957  4
1400  102977  0.227594  0.0856864  0.717744  0.334344  -0.0684754  4
1500  102220  0.226402  0.0867564  0.71881  0.342793  -0.115471  4
1600  102839  0.234394  0.0869895  0.716632  0.346293  -0.0805059  4
1700  102312  0.233683  0.0822511  0.712986  0.342206  -0.0721739  4
1800  102901  0.241732  0.0787712  0.712285  0.349126  -0.0803106  4
1900  102249  0.227782  0.0733692  0.712773  0.333611  -0.115228  4
2000  102109  0.232489  0.0703346  0.715338  0.344565  -0.122107  4
2100  102641  0.228816  0.0765946  0.718659  0.348813  -0.108936  4
2200  102864  0.2224  0.0785832  0.725728  0.347598  -0.0911792  4
2300  102487  0.22584  0.0746044  0.721191  0.348652  -0.0998353  4
2400  103429  0.225439  0.0730232  0.723419  0.363368  -0.105138  4
2500  102890  0.225889  0.0704589  0.717054  0.354829  -0.0751944  4
2600  102661  0.227569  0.0697744  0.717449  0.347888  -0.0575911  4
2700  102165  0.224514  0.0655582  0.716729  0.344072  -0.0494818  4
2800  102660  0.228796  0.0695289  0.711432  0.34908  -0.0707784  4
2900  102930  0.227173  0.066398  0.708677  0.336615  -0.150111  4
3000  103585  0.227403  0.0658416  0.711248  0.349152  -0.184075  4
3100  103145  0.227024  0.0639205  0.710444  0.345535  -0.168568  4
3200  103182  0.231873  0.0612492  0.712128  0.353617  -0.15417  4
3300  102421  0.224133  0.0586166  0.717738  0.361993  -0.167462  4
3400  102608  0.231619  0.0581949  0.71757  0.363783  -0.172914  4
3500  102659  0.225796  0.0575767  0.713607  0.344163  -0.197916  4
3600  103221  0.222352  0.0569284  0.715285  0.330817  -0.209356  4
3700  102629  0.221465  0.0535764  0.72355  0.354395  -0.243867  4
3800  102639  0.221109  0.0560451  0.724865  0.348669  -0.232479  4
3900  102473  0.218581  0.0569221  0.726363  0.348276  -0.184297  4
4000  103056  0.221976  0.0594498  0.725327  0.34133  -0.172817  4
4100  103056  0.223452  0.0540101  0.72289  0.345032  -0.149795  4
4200  101883  0.226469  0.0619685  0.722999  0.34685  -0.142798  4
4300  102753  0.219262  0.0620724  0.723589  0.344864  -0.120705  4
4400  103164  0.225172  0.0556166  0.719846  0.335472  -0.145431  4
4500  102169  0.220533  0.0553337  0.723339  0.339553  -0.0997593  4
4600  102703  0.221417  0.0510512  0.728947  0.353738  -0.0696249  4
4700  102578  0.213791  0.0532131  0.72484  0.338254  -0.0687782  4
4800  102875  0.226949  0.0526822  0.719225  0.33368  -0.0690774  4
4900  103183  0.224412  0.0521267  0.716111  0.327431  -0.0595517  4
5000  103014  0.229939  0.0500535  0.722355  0.343658  -0.0817811  4
5100  102446  0.226084  0.0492967  0.72714  0.369017  -0.031152  4
5200  103536  0.226079  0.0483267  0.724726  0.364709  -0.0477056  4
5300  102698  0.224316  0.0489221  0.728606  0.376813  -0.0542362  4
5400  102804  0.228809  0.0491345  0.735271  0.39526  -0.0457633  4
5500  103061  0.222603  0.0473612  0.739053  0.393933  -0.00967558  4
5600  102611  0.226049  0.0454853  0.731257  0.382699  0.0211432  4
5700  103048  0.221227  0.0473686  0.734897  0.38972  0.0487617  4
5800  103099  0.226906  0.0549711  0.740326  0.406187  0.0498647  4
5900  102738  0.22608  0.0529724  0.74247  0.403337  0.085709  4
6000  101786  0.230305  0.055545  0.742776  0.401853  0.0878038  4
6100  103386  0.233406  0.0556531  0.747327  0.417996  0.123801  4
6200  103213  0.225848  0.04731  0.738061  0.39277  0.130095  4
6300  103007  0.226657  0.0508488  0.736377  0.376208  0.0981931  4
6400  102896  0.22893  0.0570265  0.738094  0.388275  0.0901376  4
6500  103211  0.227582  0.056694  0.736605  0.381407  0.115292  4
6600  102527  0.223218  0.0524815  0.731008  0.36553  0.0898317  4
6700  102969  0.225115  0.0539652  0.733395  0.359612  0.0691101  4
6800  102457  0.221772  0.057089  0.739092  0.380627  0.0902891  4
6900  103063  0.227268  0.0609806  0.737344  0.37908  0.0788738  4
7000  103039  0.228109  0.0649171  0.742888  0.392336  0.0810675  4
7100  103036  0.227172  0.0600385  0.745829  0.395117  0.0776662  4
7200  103214  0.22712  0.0595046  0.745885  0.402128  0.0486842  4
7300  102871  0.224389  0.0593806  0.752918  0.411018  0.0753931  4
7400  103072  0.221662  0.0607838  0.754252  0.415806  0.0915792  4
7500  103281  0.225745  0.0593316  0.751608  0.407448  0.113885  4
7600  102241  0.231447  0.0575588  0.754719  0.413141  0.112615  4
7700  103212  0.222257  0.0602733  0.75484  0.410014  0.100389  4
7800  103369  0.220251  0.0599143  0.753702  0.411244  0.0737438  4
7900  103168  0.222513  0.056788  0.752126  0.411491  0.0790966  4
8000  102777  0.228696  0.0606166  0.754769  0.42124  0.0717176  4
8100  102782  0.223905  0.0599627  0.755914  0.416324  0.0669781  4
8200  102435  0.220468  0.0530628  0.756275  0.40955  0.0698594  4
8300  102283  0.224662  0.0534103  0.754601  0.404024  0.0635404  4
8400  102018  0.218112  0.0441231  0.753492  0.403711  0.0638661  4
8500  102851  0.222421  0.0462694  0.753566  0.410743  0.0740282  4
8600  102416  0.219885  0.0445967  0.748781  0.390564  0.060667  4
8700  102683  0.226858  0.0441425  0.750022  0.392  0.0352279  4
8800  102039  0.218033  0.038997  0.754893  0.403767  0.0173036  4
8900  103683  0.215611  0.0353353  0.766341  0.423259  -0.0191093  4
9000  102292  0.22065  0.0344497  0.776557  0.446536  -0.0312663  4
9100  102344  0.212296  0.0335983  0.787557  0.47008  -0.0365373  4
9200  102584  0.217708  0.032494  0.789567  0.473305  -0.00890921  4
9300  103071  0.220071  0.034621  0.794229  0.487201  -0.0299855  4
9400  103480  0.222405  0.0305805  0.808139  0.516093  -0.0801714  4
9500  102746  0.220927  0.033037  0.826734  0.558698  -0.0629147  4
9600  103541  0.221327  0.0373958  0.845433  0.604095  -0.0578631  4
9700  103563  0.216574  0.0363402  0.858035  0.627715  -0.0322878  4
9800  102980  0.220986  0.0429557  0.867808  0.647479  -0.0281265  4
9900  103140  0.215892  0.0472828  0.897557  0.710547  -0.0506836  4
