t meta_n emi  mean_info  tr1  tr2  tr3  strategy
0  116424  0.098896  0.498208  0.899979  0.000793021  4.20402e-06  4
100  104827  0.11399  0.53865  0.860827  0.0778272  0.00147807  4
200  103948  0.16195  0.58553  0.800307  0.141887  0.00205699  4
300  103578  0.18295  0.591466  0.77231  0.195577  -0.0108672  4
400  104007  0.195353  0.582846  0.766363  0.23814  -0.0148002  4
500  104584  0.19506  0.562445  0.767276  0.2578  -0.0236082  4
600  104180  0.204861  0.555283  0.76938  0.291758  -0.0387976  4
700  105246  0.200858  0.551998  0.773755  0.311213  -0.0421208  4
800  103748  0.212025  0.53388  0.76992  0.326171  -0.0382423  4
900  104117  0.206291  0.516677  0.769536  0.33318  -0.0487961  4
1000  104141  0.210883  0.508109  0.772128  0.342697  -0.046633  4
1100  104538  0.205459  0.505428  0.773984  0.361025  -0.0299313  4
1200  104839  0.210389  0.505775  0.778282  0.380974  -0.0444683  4
1300  104300  0.211692  0.508242  0.77731  0.372205  -0.0433141  4
1400  105040  0.207746  0.496009  0.783939  0.386359  -0.0484074  4
1500  103948  0.201983  0.489687  0.787334  0.39425  -0.0719949  4
1600  103990  0.20705  0.490851  0.790618  0.403066  -0.0824415  4
1700  103992  0.199548  0.498067  0.786573  0.393091  -0.0818618  4
1800  104140  0.199253  0.498832  0.787148  0.392716  -0.0902333  4
1900  104407  0.205416  0.489066  0.791917  0.408314  -0.135142  4
2000  103833  0.199368  0.479834  0.794914  0.425237  -0.190067  4
2100  105047  0.20472  0.474533  0.795179  0.437611  -0.176189  4
2200  104446  0.204236  0.47959  0.792044  0.431038  -0.15487  4
2300  103465  0.198304  0.479142  0.798769  0.440353  -0.153067  4
2400  105131  0.197878  0.485425  0.806281  0.452303  -0.17402  4
2500  104708  0.201947  0.479554  0.810919  0.463678  -0.198661  4
2600  104413  0.191294  0.472849  0.814015  0.458963  -0.215856  4
2700  104319  0.189097  0.468063  0.813297  0.466248  -0.188552  4
2800  104509  0.194852  0.479554  0.81459  0.474052  -0.188389  4
2900  104433  0.197419  0.485068  0.815422  0.489272  -0.189743  4
3000  103647  0.193699  0.477591  0.820189  0.502081  -0.199868  4
3100  104859  0.199284  0.472568  0.819373  0.502049  -0.190587  4
3200  105222  0.202141  0.469636  0.826713  0.524267  -0.18872  4
3300  104649  0.203629  0.460151  0.831941  0.54258  -0.200321  4
3400  105183  0.194182  0.444362  0.840138  0.568819  -0.183948  4
3500  104339  0.193652  0.443683  0.842796  0.582663  -0.190323  4
3600  104708  0.194748  0.454197  0.845067  0.591577  -0.176934  4
3700  104474  0.184851  0.452939  0.847856  0.594053  -0.172501  4
3800  104106  0.180942  0.45055  0.852346  0.593219  -0.169031  4
3900  104880  0.186206  0.44637  0.854011  0.595142  -0.20651  4
4000  105074  0.187751  0.443847  0.851014  0.589829  -0.168039  4
4100  104955  0.193894  0.445167  0.85763  0.604386  -0.171323  4
4200  105055  0.197415  0.440067  0.86345  0.629155  -0.15783  4
4300  104867  0.186032  0.442456  0.864737  0.633432  -0.165654  4
4400  104659  0.196748  0.436312  0.865287  0.635845  -0.197805  4
4500  105238  0.196378  0.431214  0.866613  0.648073  -0.197542  4
4600  105109  0.194068  0.429142  0.86858  0.654322  -0.216131  4
4700  105368  0.195299  0.423697  0.867188  0.655084  -0.228597  4
4800  103785  0.191424  0.416634  0.871992  0.666466  -0.2416  4
4900  104662  0.194205  0.412546  0.874462  0.673137  -0.222598  4
5000  104841  0.196846  0.415953  0.880494  0.684252  -0.253525  4
5100  104228  0.186899  0.405982  0.891067  0.706183  -0.269361  4
5200  105374  0.197576  0.403394  0.901568  0.733997  -0.273433  4
5300  104589  0.189471  0.395532  0.906306  0.748241  -0.237253  4
5400  104236  0.186031  0.396515  0.903965  0.739706  -0.232481  4
5500  104672  0.197154  0.3972  0.907853  0.747801  -0.259384  4
5600  104412  0.193107  0.389462  0.909113  0.752482  -0.285421  4
5700  104340  0.192722  0.385411  0.913318  0.763441  -0.278423  4
5800  105150  0.183817  0.382762  0.918385  0.774647  -0.290096  4
5900  105577  0.199041  0.385129  0.923233  0.783444  -0.24744  4
6000  105397  0.186875  0.374543  0.929817  0.795577  -0.250808  4
6100  104557  0.190586  0.377058  0.936635  0.806776  -0.236719  4
6200  104176  0.191521  0.377265  0.945962  0.827289  -0.205921  4
6300  104903  0.18701  0.372677  0.951249  0.835395  -0.232813  4
6400  105488  0.185763  0.371162  0.953298  0.837937  -0.221569  4
6500  104814  0.187115  0.368802  0.958533  0.852203  -0.222385  4
6600  105356  0.19233  0.377143  0.963692  0.863655  -0.280281  4
6700  105046  0.185704  0.370659  0.964086  0.868809  -0.266838  4
6800  104223  0.186331  0.373581  0.966623  0.870458  -0.310511  4
6900  104904  0.181087  0.373536  0.969459  0.87821  -0.311771  4
7000  105211  0.18425  0.3655  0.9769  0.889825  -0.329796  4
7100  105213  0.184635  0.359601  0.978368  0.898473  -0.319834  4
7200  104349  0.182428  0.357512  0.983777  0.905846  -0.322265  4
7300  104149  0.174721  0.352306  0.991671  0.922062  -0.34674  4
7400  104974  0.18702  0.351331  0.991286  0.924865  -0.390778  4
7500  104723  0.18701  0.350453  0.994618  0.930685  -0.402891  4
7600  105117  0.184894  0.350285  0.996026  0.934637  -0.404142  4
7700  105521  0.188993  0.347964  0.999895  0.945071  -0.447047  4
7800  104638  0.189301  0.349379  1.00339  0.949382  -0.470148  4
7900  105276  0.185431  0.350904  1.00802  0.954119  -0.437421  4
8000  104261  0.179584  0.345942  1.01022  0.961607  -0.447637  4
8100  104431  0.186794  0.339672  1.01331  0.965899  -0.440594  4
8200  105421  0.189499  0.343533  1.0131  0.96369  -0.417546  4
8300  105054  0.185718  0.3417  1.01213  0.968698  -0.498773  4
8400  104251  0.182441  0.341872  1.0149  0.97118  -0.501098  4
8500  105197  0.182843  0.341536  1.01283  0.968518  -0.537191  4
8600  105577  0.187055  0.334433  1.01441  0.971284  -0.560094  4
8700  105427  0.188065  0.333964  1.01642  0.971212  -0.535234  4
8800  106330  0.195776  0.336695  1.01654  0.972005  -0.503792  4
8900  104937  0.191665  0.337003  1.01706  0.974003  -0.463621  4
9000  104208  0.187417  0.33552  1.01897  0.978106  -0.491198  4
9100  104638  0.179615  0.337837  1.01973  0.979084  -0.528468  4
9200  105147  0.185894  0.339332  1.0202  0.977001  -0.532402  4
9300  106285  0.195425  0.334831  1.02045  0.976343  -0.572784  4
9400  106023  0.196808  0.334758  1.02089  0.9788  -0.578745  4
9500  105936  0.189917  0.335209  1.01949  0.975764  -0.570626  4
9600  105172  0.189572  0.336538  1.01862  0.974465  -0.589582  4
9700  103772  0.179486  0.337856  1.02033  0.97704  -0.590952  4
9800  105146  0.183983  0.338032  1.02108  0.979295  -0.587387  4
9900  105156  0.183526  0.337927  1.02279  0.982172  -0.605637  4
