t meta_n emi  mean_info  tr1  tr2  tr3  strategy
0  115345  0.10028  0.494258  0.900026  0.000816929  7.02928e-05  4
100  102123  0.104772  0.279642  0.850058  0.0773508  0.00658756  4
200  102882  0.16015  0.180221  0.783343  0.157377  0.00115552  4
300  101590  0.183823  0.126834  0.741715  0.21126  -0.00614728  4
400  101775  0.20879  0.108841  0.719874  0.255192  -0.0191122  4
500  102079  0.221415  0.102898  0.708706  0.262012  -0.0192554  4
600  102531  0.225505  0.0951516  0.707351  0.276809  -0.0229867  4
700  102748  0.226375  0.0951593  0.700674  0.28272  -0.0469695  4
800  102862  0.229575  0.090116  0.705766  0.291843  -0.0662221  4
900  102215  0.224163  0.0879702  0.700942  0.279512  -0.0487339  4
1000  101809  0.228966  0.0855097  0.702627  0.291226  -0.0398078  4
1100  102407  0.228714  0.0833458  0.7071  0.297916  -0.0349074  4
1200  101954  0.229357  0.0790219  0.703774  0.303871  -0.0549932  4
1300  103377  0.227837  0.0824256  0.710886  0.31015  -0.0627899  4
1400  101910  0.218959  0.0762603  0.711651  0.30003  -0.0604102  4
1500  103115  0.231116  0.0810482  0.700776  0.297951  -0.091947  4
1600  102852  0.23858  0.0793416  0.706118  0.320766  -0.0689797  4
1700  102080  0.227644  0.0718492  0.708154  0.316036  -0.0550917  4
1800  102376  0.232031  0.0742582  0.710935  0.321759  -0.0543125  4
1900  102360  0.230695  0.0735342  0.710456  0.317074  -0.0418872  4
2000  103207  0.227684  0.0712737  0.711724  0.325921  -0.0178407  4
2100  102733  0.238421  0.0647486  0.708758  0.328012  -0.0311551  4
2200  102479  0.231578  0.0621951  0.715236  0.340556  -0.0146954  4
2300  103078  0.230307  0.0657416  0.710892  0.325887  -0.00385525  4
2400  102548  0.227341  0.0653262  0.70932  0.327075  -0.0333065  4
2500  102152  0.229993  0.0659584  0.710598  0.332885  -0.053186  4
2600  102588  0.230889  0.0643911  0.708457  0.325641  -0.0490606  4
2700  102085  0.226439  0.0635651  0.709435  0.331539  -0.0128571  4
2800  102528  0.231048  0.0624175  0.709599  0.335002  0.0135728  4
2900  103154  0.223035  0.0596557  0.717708  0.345775  0.0397514  4
3000  103202  0.226545  0.0597797  0.72189  0.355993  0.066153  4
3100  102920  0.22989  0.0575687  0.712593  0.346018  0.113036  4
3200  103087  0.227448  0.0556806  0.708259  0.330591  0.134045  4
3300  102686  0.223997  0.0511793  0.710874  0.324217  0.161164  4
3400  102681  0.225527  0.0494301  0.71161  0.322541  0.162597  4
3500  102873  0.225381  0.0495891  0.708228  0.325953  0.172733  4
3600  102157  0.230549  0.0553682  0.71231  0.341987  0.165288  4
3700  103038  0.224134  0.0546377  0.712468  0.341253  0.169228  4
3800  103169  0.228585  0.0531201  0.711753  0.338247  0.19722  4
3900  101469  0.226407  0.050204  0.703355  0.327056  0.229858  4
4000  102979  0.23003  0.0458375  0.702006  0.319622  0.218034  4
4100  102807  0.223855  0.0465437  0.701204  0.309189  0.209672  4
4200  103386  0.229676  0.0410409  0.697099  0.294269  0.241539  4
4300  102755  0.223922  0.0393116  0.698607  0.280415  0.273236  4
4400  102589  0.221309  0.0347069  0.700927  0.287643  0.272552  4
4500  102414  0.220908  0.035382  0.703334  0.2952  0.24511  4
4600  103143  0.226658  0.0351261  0.701272  0.298246  0.25198  4
4700  102735  0.222117  0.0376471  0.7034  0.301079  0.283161  4
4800  104036  0.222206  0.0352393  0.703025  0.299423  0.29537  4
4900  102709  0.220897  0.0361432  0.702374  0.307156  0.284077  4
5000  102640  0.219221  0.034817  0.702656  0.312904  0.234814  4
5100  102575  0.223969  0.0344254  0.7014  0.314902  0.26137  4
5200  102436  0.222435  0.0325912  0.69807  0.306448  0.2703  4
5300  101618  0.223253  0.0331003  0.70034  0.323936  0.268251  4
5400  103564  0.223787  0.0341154  0.704946  0.327327  0.269775  4
5500  102714  0.225634  0.0313253  0.701176  0.326902  0.26147  4
5600  102943  0.22728  0.0305457  0.69954  0.327785  0.268764  4
5700  102658  0.223798  0.0268835  0.698273  0.318633  0.294953  4
5800  102073  0.229638  0.0281507  0.694446  0.313323  0.278529  4
5900  102677  0.226361  0.0253697  0.695187  0.310688  0.301937  4
6000  101787  0.225187  0.0238169  0.697057  0.317064  0.33083  4
6100  102195  0.222546  0.0248003  0.696251  0.310439  0.334528  4
6200  103025  0.222661  0.0243577  0.694846  0.312371  0.352622  4
6300  103458  0.223847  0.0272399  0.69143  0.305141  0.368439  4
6400  102830  0.231472  0.0245902  0.687079  0.295396  0.418151  4
6500  102812  0.225051  0.0220285  0.68981  0.303152  0.412184  4
6600  102871  0.227309  0.023827  0.688723  0.300329  0.358006  4
6700  102789  0.223913  0.0241267  0.690759  0.315841  0.351886  4
6800  102589  0.226608  0.0198449  0.691273  0.315521  0.343808  4
6900  103170  0.22817  0.0166017  0.688368  0.30816  0.332108  4
7000  102919  0.222664  0.0149699  0.689221  0.308174  0.318159  4
7100  102879  0.223715  0.0153781  0.689748  0.302307  0.298881  4
7200  102602  0.225775  0.0160907  0.692385  0.320083  0.314024  4
7300  103102  0.222932  0.0134087  0.689011  0.306517  0.303356  4
7400  102656  0.227912  0.0149013  0.689703  0.316119  0.260649  4
7500  102320  0.224219  0.01599  0.68841  0.306724  0.198155  4
7600  102797  0.22297  0.0152521  0.688196  0.306018  0.264695  4
7700  102136  0.223076  0.0160402  0.686585  0.303916  0.260432  4
7800  102418  0.222074  0.0161502  0.68668  0.304467  0.250597  4
7900  102474  0.225476  0.0157059  0.684693  0.309587  0.22415  4
8000  103796  0.225313  0.0128249  0.684883  0.302723  0.200299  4
8100  102352  0.223066  0.0122795  0.68316  0.295525  0.188214  4
8200  102350  0.225375  0.0113861  0.687144  0.307876  0.188584  4
8300  102258  0.227187  0.012185  0.68532  0.308747  0.167992  4
8400  102830  0.224283  0.0128073  0.687643  0.31402  0.196829  4
8500  102361  0.226284  0.0126238  0.688399  0.311512  0.180966  4
8600  103451  0.222864  0.012524  0.689094  0.313676  0.15777  4
8700  104338  0.224811  0.0133484  0.689143  0.315249  0.192657  4
8800  102745  0.220943  0.0119519  0.689773  0.319428  0.208246  4
8900  102860  0.224704  0.0124522  0.690358  0.319066  0.235616  4
9000  103494  0.227502  0.0128628  0.690264  0.32503  0.271088  4
9100  103204  0.224656  0.0125786  0.689356  0.313112  0.269217  4
9200  102983  0.229089  0.0118681  0.689316  0.320002  0.274889  4
9300  102167  0.227826  0.0119364  0.687121  0.311231  0.243633  4
9400  101970  0.221051  0.0102313  0.687223  0.310052  0.27766  4
9500  103375  0.224163  0.00815327  0.686647  0.306632  0.25832  4
9600  102548  0.223821  0.00698985  0.68694  0.304365  0.2198  4
9700  102077  0.222513  0.00662527  0.687207  0.307211  0.26369  4
9800  102652  0.227332  0.00731593  0.688087  0.317047  0.267869  4
9900  103569  0.22525  0.00767894  0.68899  0.319863  0.249051  4
