t meta_n emi  mean_info  tr1  tr2  tr3  strategy
0  116641  0.099328  0.496694  0.899924  0.000870669  7.22796e-06  4
100  103673  0.104861  0.46802  0.857914  0.0791544  -0.000246797  4
200  103545  0.163253  0.457801  0.786987  0.146862  0.0124333  4
300  103931  0.187304  0.435033  0.757068  0.190739  -0.00130614  4
400  103775  0.194118  0.40253  0.746554  0.213693  0.0152261  4
500  103346  0.204072  0.364292  0.740379  0.252908  0.0205021  4
600  102817  0.212395  0.356718  0.740011  0.282008  -0.0117479  4
700  103475  0.2193  0.348782  0.743477  0.302057  -0.00892828  4
800  103697  0.217122  0.33576  0.7465  0.321324  0.00435193  4
900  103168  0.212816  0.337426  0.753162  0.343818  0.00578154  4
1000  102924  0.20625  0.331471  0.758486  0.364158  0.0162575  4
1100  103974  0.217158  0.315565  0.762361  0.37607  -0.0137938  4
1200  103515  0.213041  0.334715  0.767073  0.402191  0.0058663  4
1300  103427  0.21759  0.332017  0.772788  0.412479  -0.0265732  4
1400  103204  0.211174  0.332372  0.782687  0.441056  -0.00714842  4
1500  104750  0.21643  0.333538  0.79069  0.473355  0.0174436  4
1600  103362  0.216999  0.325252  0.799608  0.486927  0.00186273  4
1700  104158  0.210121  0.309668  0.799219  0.499627  0.0118043  4
1800  102945  0.2106  0.314252  0.804308  0.511552  -0.00903981  4
1900  103111  0.2222  0.309822  0.801061  0.518515  -0.0268208  4
2000  102893  0.209102  0.315405  0.806936  0.519898  -0.0650174  4
2100  103927  0.21751  0.308056  0.813247  0.537923  -0.0392068  4
2200  103990  0.21474  0.308555  0.813497  0.543946  -0.0431253  4
2300  104823  0.220408  0.299544  0.816972  0.552729  -0.0730541  4
2400  104157  0.212872  0.30334  0.822447  0.570723  -0.104083  4
2500  103911  0.213074  0.308375  0.829441  0.590684  -0.129025  4
2600  103501  0.213653  0.301286  0.832166  0.588484  -0.107217  4
2700  104044  0.210335  0.293882  0.837413  0.604067  -0.11416  4
2800  103642  0.208437  0.303193  0.837215  0.599208  -0.140795  4
2900  104810  0.212825  0.30026  0.837321  0.603418  -0.088979  4
3000  103447  0.206163  0.30169  0.839539  0.60995  -0.115987  4
3100  104179  0.219222  0.303311  0.843318  0.627873  -0.134409  4
3200  104676  0.208226  0.302014  0.852895  0.644441  -0.124053  4
3300  104055  0.209834  0.293199  0.853812  0.644632  -0.1235  4
3400  103428  0.202071  0.298989  0.860259  0.649572  -0.110162  4
3500  103959  0.204885  0.307285  0.868314  0.671949  -0.177338  4
3600  103772  0.204933  0.297142  0.874892  0.687576  -0.181555  4
3700  103496  0.207073  0.292354  0.889567  0.729518  -0.200818  4
3800  104185  0.198323  0.289082  0.892672  0.736302  -0.220248  4
3900  104643  0.207994  0.282816  0.897622  0.749469  -0.229194  4
4000  104335  0.210289  0.288008  0.908344  0.76544  -0.228211  4
4100  104541  0.202485  0.294995  0.908023  0.769883  -0.189162  4
4200  103717  0.202975  0.291943  0.913785  0.78378  -0.165497  4
4300  103222  0.206799  0.288847  0.916865  0.787791  -0.183147  4
4400  103920  0.204553  0.284577  0.922376  0.799996  -0.19719  4
4500  103726  0.200388  0.281885  0.922329  0.796075  -0.220225  4
4600  104159  0.208378  0.281698  0.925725  0.798488  -0.217663  4
4700  104296  0.206007  0.279745  0.928804  0.809116  -0.193691  4
4800  103559  0.204517  0.275421  0.939913  0.832266  -0.210852  4
4900  105008  0.209752  0.272854  0.937931  0.823641  -0.250662  4
5000  104064  0.207694  0.268348  0.941989  0.829788  -0.241893  4
5100  104457  0.195482  0.277431  0.950422  0.846307  -0.230379  4
5200  104065  0.1944  0.281486  0.957908  0.859762  -0.265119  4
5300  104114  0.201431  0.277173  0.958865  0.864791  -0.233161  4
5400  104866  0.198358  0.279294  0.962563  0.869769  -0.265536  4
5500  104416  0.200291  0.279696  0.966903  0.883364  -0.225663  4
5600  104930  0.201904  0.279584  0.968119  0.88095  -0.231846  4
5700  103913  0.189056  0.283635  0.972854  0.896513  -0.224284  4
5800  104461  0.197567  0.289789  0.977915  0.906292  -0.191666  4
5900  104636  0.198294  0.287542  0.97592  0.90215  -0.177261  4
6000  105108  0.203443  0.285928  0.978023  0.915035  -0.177895  4
6100  104545  0.202805  0.285308  0.983531  0.923372  -0.168473  4
6200  104327  0.197965  0.288771  0.984802  0.926291  -0.177613  4
6300  103727  0.197566  0.291884  0.987649  0.932594  -0.179522  4
6400  103830  0.198312  0.287577  0.992223  0.938564  -0.205028  4
6500  103938  0.193744  0.288441  0.992457  0.943196  -0.19186  4
6600  105105  0.194544  0.283065  0.988501  0.936026  -0.235328  4
6700  104991  0.20334  0.282967  0.986204  0.935035  -0.259369  4
6800  104010  0.199304  0.277249  0.990495  0.938206  -0.260123  4
6900  105462  0.201329  0.275867  0.99194  0.938347  -0.279945  4
7000  104419  0.188443  0.273339  0.99649  0.944794  -0.254688  4
7100  103638  0.189085  0.28099  0.999387  0.947622  -0.24517  4
7200  104509  0.199875  0.280098  1.00113  0.954236  -0.248997  4
7300  104592  0.198323  0.286798  1.0013  0.953146  -0.187736  4
7400  104484  0.19448  0.282417  1.00149  0.958017  -0.159605  4
7500  104760  0.196361  0.283446  1.00449  0.963832  -0.175616  4
7600  104611  0.20052  0.281963  1.00359  0.962215  -0.178107  4
7700  104757  0.200114  0.278352  1.00249  0.96353  -0.152914  4
7800  104388  0.197926  0.279935  1.00385  0.968094  -0.180776  4
7900  104573  0.198405  0.28922  1.00721  0.975396  -0.194875  4
8000  104588  0.199712  0.290261  1.00924  0.976894  -0.187306  4
8100  104052  0.192965  0.292667  1.01093  0.980697  -0.130547  4
8200  103977  0.195533  0.290216  1.01293  0.982614  -0.14159  4
8300  104156  0.195834  0.286295  1.0137  0.98127  -0.167697  4
8400  104508  0.195516  0.286002  1.01455  0.984118  -0.190279  4
8500  104409  0.19506  0.283595  1.0152  0.985633  -0.150621  4
8600  104066  0.202425  0.281124  1.01565  0.986024  -0.136451  4
8700  104614  0.196405  0.27914  1.01668  0.988622  -0.163078  4
8800  104621  0.197508  0.278142  1.01667  0.987813  -0.137674  4
8900  103829  0.194338  0.279774  1.01689  0.989672  -0.139899  4
9000  104683  0.198982  0.281855  1.01749  0.990272  -0.12631  4
9100  104453  0.199462  0.279537  1.01711  0.99158  -0.1606  4
9200  104481  0.199705  0.280283  1.01747  0.991881  -0.139378  4
9300  104244  0.198483  0.278949  1.01781  0.991267  -0.151173  4
9400  104349  0.194028  0.279644  1.01842  0.992578  -0.171278  4
9500  104910  0.19534  0.285523  1.01782  0.993274  -0.143775  4
9600  104657  0.19635  0.285644  1.01615  0.993455  -0.112773  4
9700  105012  0.193371  0.288127  1.01446  0.992524  -0.075205  4
9800  104509  0.196051  0.291315  1.01498  0.992148  -0.067194  4
9900  104583  0.20806  0.291776  1.01626  0.993835  -0.0774746  4
