t meta_n emi  mean_info  tr1  tr2  tr3  strategy
0  114216  0.0994  0.491035  0.900013  0.000807653  -1.82836e-05  4
100  102248  0.102778  0.180065  0.848815  0.0772699  -0.00564953  4
200  102546  0.150958  0.0994028  0.784804  0.14377  0.00366654  4
300  102672  0.189643  0.0717593  0.730045  0.198645  0.0157273  4
400  102691  0.209902  0.0606077  0.708306  0.215072  0.0201144  4
500  101707  0.228132  0.0573656  0.695735  0.240225  0.0133254  4
600  101741  0.22953  0.057757  0.69364  0.260963  0.0327762  4
700  102761  0.24114  0.0517905  0.690792  0.271667  0.0146974  4
800  102439  0.230037  0.0505441  0.692975  0.273494  0.0228991  4
900  102801  0.232229  0.0531888  0.69016  0.27926  0.0450854  4
1000  101731  0.231496  0.0540479  0.696818  0.294464  0.022026  4
1100  103200  0.234958  0.046362  0.699783  0.311657  0.011192  4
1200  101867  0.235172  0.0479784  0.69972  0.323199  0.0122449  4
1300  102042  0.233521  0.0496828  0.70258  0.325417  0.0114899  4
1400  102178  0.2375  0.0468259  0.707282  0.346836  0.0485656  4
1500  101851  0.233178  0.045005  0.710682  0.358134  0.0571011  4
1600  102205  0.229003  0.0422936  0.709434  0.353616  0.0531099  4
1700  101945  0.235432  0.042376  0.705738  0.359161  0.0884879  4
1800  102497  0.243818  0.0396068  0.701722  0.351226  0.079657  4
1900  101782  0.235793  0.0387144  0.698906  0.3419  0.11237  4
2000  102229  0.235059  0.037856  0.699681  0.333  0.106727  4
2100  102363  0.234072  0.034793  0.703258  0.324912  0.112618  4
2200  101512  0.230437  0.0364321  0.699905  0.323268  0.120761  4
2300  103477  0.232349  0.034743  0.702946  0.317028  0.086534  4
2400  101845  0.224069  0.0339726  0.705058  0.311771  0.0826126  4
2500  101954  0.228664  0.0334211  0.699934  0.302192  0.110044  4
2600  102106  0.232355  0.0323905  0.692502  0.297984  0.0529545  4
2700  102730  0.232053  0.0310229  0.692866  0.296095  0.0595414  4
2800  101716  0.228749  0.0274673  0.694292  0.303572  0.044341  4
2900  102150  0.234536  0.0266374  0.683536  0.301433  0.0354172  4
3000  102659  0.237484  0.0250335  0.689132  0.306754  0.0288238  4
3100  102256  0.237178  0.0241144  0.690283  0.309442  0.0342693  4
3200  102302  0.233399  0.0230556  0.686879  0.303741  0.0494463  4
3300  102247  0.228483  0.0239152  0.685688  0.294617  0.00683134  4
3400  101847  0.227559  0.0245664  0.685908  0.284949  -0.0167054  4
3500  102205  0.229745  0.0234613  0.682146  0.273852  0.0154616  4
3600  103028  0.233474  0.0213462  0.675504  0.260904  0.00563408  4
3700  101846  0.229636  0.0204786  0.671114  0.244544  -0.0150877  4
3800  102331  0.232383  0.0191079  0.67072  0.244994  -0.00282052  4
3900  102476  0.23586  0.0219297  0.668181  0.24185  -0.0320158  4
4000  101152  0.232601  0.0204596  0.668319  0.242893  -0.0628557  4
4100  102334  0.235952  0.0191903  0.665806  0.24018  -0.0388526  4
4200  102305  0.231656  0.0176192  0.668537  0.242899  -0.0759296  4
4300  103211  0.230338  0.0184592  0.667234  0.241773  -0.13477  4
4400  102017  0.236522  0.0156216  0.669063  0.246539  -0.145063  4
4500  103395  0.240729  0.0167269  0.669744  0.247774  -0.124758  4
4600  102273  0.229364  0.0151963  0.671299  0.247411  -0.111907  4
4700  102705  0.227154  0.0149224  0.676904  0.260265  -0.112762  4
4800  102940  0.232181  0.0149701  0.675969  0.259932  -0.109967  4
4900  103895  0.228633  0.0145582  0.678452  0.259439  -0.124551  4
5000  102319  0.225527  0.0139343  0.676567  0.27207  -0.127925  4
5100  102449  0.230056  0.0140556  0.675576  0.272379  -0.13166  4
5200  101629  0.226202  0.0116404  0.675126  0.264799  -0.111013  4
5300  102857  0.224127  0.0119577  0.67414  0.262163  -0.054467  4
5400  102540  0.231717  0.0126078  0.675656  0.274765  -0.0285176  4
5500  101580  0.227639  0.0117918  0.67215  0.268245  -0.0312179  4
5600  103552  0.231065  0.0102822  0.670137  0.261518  -0.0268182  4
5700  102685  0.232625  0.00933544  0.67221  0.267037  -0.0323491  4
5800  102291  0.224531  0.00980142  0.672876  0.263261  -0.0481993  4
5900  102457  0.230856  0.0106753  0.673554  0.272691  -0.00236135  4
6000  103395  0.232326  0.0100054  0.674457  0.281072  0.00857191  4
6100  103214  0.229327  0.0106328  0.673755  0.279223  0.0419117  4
6200  102807  0.229969  0.00828679  0.677809  0.293717  0.0580548  4
6300  102437  0.230901  0.00810321  0.674826  0.282555  0.0944947  4
6400  102678  0.234623  0.00833665  0.675641  0.289479  0.082999  4
6500  102987  0.226032  0.00762711  0.673043  0.275765  0.0521069  4
6600  102219  0.230219  0.00782528  0.669386  0.259488  0.0671046  4
6700  102584  0.224873  0.0075578  0.667973  0.253534  0.0226704  4
6800  102418  0.225069  0.00644116  0.668425  0.246995  0.0332628  4
6900  103128  0.225098  0.00720218  0.668123  0.243091  0.0269618  4
7000  101984  0.223547  0.00755144  0.667707  0.245819  0.00182361  4
7100  102698  0.227426  0.00601385  0.667318  0.234104  0.0340762  4
7200  102392  0.225198  0.0048684  0.664921  0.224072  0.00839179  4
7300  101999  0.222218  0.00526934  0.662339  0.214708  0.0313774  4
7400  102744  0.225931  0.00594612  0.661544  0.208127  0.0671729  4
7500  102426  0.224502  0.00605468  0.659491  0.200522  0.110154  4
7600  102608  0.221775  0.00522965  0.663134  0.19948  0.115189  4
7700  102174  0.225813  0.00413141  0.66106  0.18938  0.135424  4
7800  102294  0.224396  0.00618009  0.661159  0.197274  0.164592  4
7900  101664  0.222455  0.00494829  0.659802  0.197339  0.135519  4
8000  103535  0.229384  0.00351746  0.656202  0.194812  0.111018  4
8100  102625  0.225386  0.004007  0.655205  0.192134  0.0909637  4
8200  103288  0.226262  0.00346491  0.653657  0.18939  0.0610624  4
8300  102940  0.229281  0.0048404  0.652775  0.182735  0.0498425  4
8400  102791  0.229731  0.00549794  0.651545  0.183704  0.0687629  4
8500  102632  0.221995  0.00378362  0.653159  0.186879  0.0802834  4
8600  103051  0.227291  0.00366408  0.654701  0.196214  0.0706773  4
8700  103131  0.229446  0.00333671  0.658032  0.203991  0.0844353  4
8800  103061  0.226212  0.00313988  0.658697  0.203173  0.115819  4
8900  102777  0.220697  0.00312234  0.660875  0.205331  0.147801  4
9000  102980  0.222432  0.00305912  0.65908  0.196928  0.115733  4
9100  101766  0.22409  0.00190894  0.65808  0.203341  0.10767  4
9200  102678  0.222848  0.0016112  0.65809  0.206451  0.0729855  4
9300  102709  0.227008  0.0017003  0.661561  0.223511  0.0792286  4
9400  103357  0.220871  0.0017177  0.66279  0.227424  0.0154893  4
9500  103341  0.224155  0.0023278  0.665577  0.228946  0.0577177  4
9600  103221  0.220276  0.0023126  0.667682  0.229566  0.0612731  4
9700  103253  0.222936  0.00282727  0.667402  0.227166  0.0618158  4
9800  103106  0.22396  0.00279591  0.665295  0.219288  0.0733754  4
9900  102347  0.223874  0.00192977  0.663295  0.218015  0.0957086  4
