t meta_n emi  mean_info  tr1  tr2  tr3  strategy
0  115244  0.100944  0.497106  0.899966  0.000758518  -2.39298e-05  4
100  102595  0.110018  0.373422  0.851474  0.0806841  0.00463996  4
200  102081  0.161351  0.281971  0.7767  0.144226  0.0211334  4
300  102380  0.188839  0.235185  0.742147  0.19395  0.0225093  4
400  102404  0.20634  0.203318  0.722627  0.228126  0.0220013  4
500  102930  0.217136  0.187261  0.71792  0.25223  0.0288358  4
600  102815  0.218773  0.180311  0.715431  0.27351  0.0381935  4
700  103453  0.228997  0.162514  0.711861  0.288103  0.0433053  4
800  102439  0.227098  0.1602  0.71283  0.294278  0.0770783  4
900  102972  0.22741  0.157129  0.711212  0.301188  0.0936779  4
1000  102489  0.230173  0.156991  0.713203  0.31096  0.125906  4
1100  102458  0.23213  0.156341  0.712897  0.318173  0.133016  4
1200  102963  0.231355  0.158978  0.717397  0.3284  0.127259  4
1300  102744  0.233809  0.160941  0.71351  0.324534  0.114861  4
1400  102463  0.225725  0.149578  0.717235  0.328778  0.156183  4
1500  102698  0.229005  0.142167  0.725033  0.349265  0.127303  4
1600  103232  0.230574  0.144317  0.728021  0.360324  0.129756  4
1700  102670  0.23154  0.153482  0.732335  0.375067  0.160149  4
1800  103088  0.227005  0.147203  0.737352  0.387481  0.154745  4
1900  103178  0.233266  0.149829  0.741684  0.412164  0.154731  4
2000  103357  0.233409  0.150848  0.745132  0.418085  0.181008  4
2100  102734  0.225701  0.155373  0.748294  0.412347  0.193009  4
2200  102747  0.217169  0.147324  0.749205  0.397138  0.252523  4
2300  103855  0.227485  0.146284  0.747854  0.400672  0.234689  4
2400  102625  0.222771  0.153952  0.751902  0.420269  0.251073  4
2500  103898  0.227843  0.152413  0.764668  0.44832  0.291806  4
2600  102786  0.224157  0.147429  0.764302  0.444708  0.338792  4
2700  103069  0.218307  0.146538  0.762832  0.441491  0.329634  4
2800  103993  0.225507  0.15127  0.762552  0.440042  0.352901  4
2900  104024  0.223717  0.155538  0.769753  0.450146  0.352246  4
3000  104164  0.22192  0.158526  0.777653  0.468983  0.367387  4
3100  103343  0.220207  0.151628  0.77862  0.477194  0.417601  4
3200  102885  0.221449  0.145486  0.779279  0.474233  0.395135  4
3300  103589  0.216706  0.14979  0.784978  0.489946  0.386077  4
3400  103495  0.220465  0.146275  0.781694  0.491249  0.416274  4
3500  103204  0.213881  0.138822  0.780469  0.483534  0.445417  4
3600  102642  0.221905  0.150668  0.786318  0.504641  0.488154  4
3700  103415  0.224373  0.145602  0.78122  0.486713  0.578918  4
3800  102857  0.22521  0.147715  0.782919  0.496299  0.57978  4
3900  103525  0.220288  0.145302  0.781659  0.483055  0.611356  4
4000  103885  0.224529  0.151046  0.783421  0.49519  0.701321  4
4100  103930  0.228265  0.146517  0.785777  0.49446  0.763106  4
4200  103025  0.227116  0.150633  0.790704  0.511192  0.783649  4
4300  103919  0.227833  0.160041  0.803092  0.542162  0.834071  4
4400  103014  0.226924  0.153458  0.80734  0.546159  0.830658  4
4500  103585  0.223474  0.153796  0.81084  0.554807  0.852196  4
4600  103219  0.218988  0.151411  0.812858  0.556716  0.819583  4
4700  103331  0.225755  0.159511  0.8175  0.569429  0.829111  4
4800  103351  0.223688  0.15642  0.815021  0.556671  0.790337  4
4900  103058  0.223676  0.154166  0.813283  0.545663  0.818346  4
5000  103237  0.222365  0.146368  0.803801  0.527815  0.810959  4
5100  104043  0.224953  0.147985  0.803359  0.527717  0.791306  4
5200  102575  0.221201  0.145695  0.800955  0.525201  0.804398  4
5300  102575  0.222139  0.146532  0.798287  0.516368  0.842128  4
5400  102908  0.220192  0.150273  0.806402  0.538259  0.929545  4
5500  103132  0.219832  0.148922  0.809429  0.538814  0.921754  4
5600  103980  0.219826  0.145471  0.810821  0.537415  0.987749  4
5700  103454  0.21832  0.14819  0.815154  0.543793  1.01199  4
5800  104084  0.222086  0.15047  0.807776  0.52809  1.04931  4
5900  103732  0.220275  0.14664  0.81313  0.529115  1.08581  4
6000  103578  0.219869  0.13879  0.812224  0.525238  1.12549  4
6100  103325  0.222449  0.143542  0.818756  0.552051  1.15084  4
6200  102506  0.216642  0.142404  0.822804  0.557808  1.15648  4
6300  103919  0.218507  0.143612  0.824663  0.565366  1.14417  4
6400  103865  0.218783  0.143072  0.818128  0.552003  1.11751  4
6500  103330  0.211142  0.136107  0.818042  0.543397  1.07709  4
6600  102856  0.22355  0.13409  0.813311  0.531796  1.05241  4
6700  103673  0.217706  0.141244  0.814553  0.53825  1.07173  4
6800  104314  0.219593  0.139834  0.814964  0.541725  1.07879  4
6900  103173  0.217438  0.147403  0.822726  0.562801  1.10936  4
7000  103593  0.219379  0.140692  0.819357  0.553463  1.08004  4
7100  103609  0.219113  0.137462  0.815245  0.541003  1.06472  4
7200  102901  0.22289  0.148536  0.816164  0.547697  1.05792  4
7300  103534  0.221411  0.145006  0.817504  0.552342  1.05579  4
7400  103193  0.216321  0.152134  0.822139  0.56052  1.06029  4
7500  103436  0.21748  0.155687  0.828858  0.577351  1.03042  4
7600  103050  0.215562  0.159427  0.830463  0.576706  1.03344  4
7700  103311  0.217782  0.149156  0.828591  0.568517  1.00799  4
7800  104592  0.219641  0.145247  0.829686  0.567227  1.00441  4
7900  104186  0.212854  0.15055  0.837964  0.583637  1.03382  4
8000  103341  0.217007  0.152137  0.836162  0.581732  1.03703  4
8100  104213  0.213177  0.149767  0.83809  0.586959  1.06966  4
8200  103629  0.213368  0.148621  0.84098  0.594598  1.08306  4
8300  103078  0.209982  0.149029  0.842274  0.596419  1.08839  4
8400  103474  0.208288  0.1515  0.84254  0.598801  1.04683  4
8500  102916  0.20963  0.16047  0.844516  0.60462  1.08182  4
8600  104523  0.220067  0.161504  0.840732  0.593689  1.10336  4
8700  104089  0.215437  0.156247  0.838782  0.584331  1.09485  4
8800  103569  0.214308  0.162041  0.845845  0.605864  1.1262  4
8900  104384  0.216443  0.16167  0.845883  0.598895  1.16429  4
9000  103957  0.221363  0.158184  0.842717  0.590605  1.21939  4
9100  102931  0.21554  0.16008  0.846301  0.598776  1.16798  4
9200  103494  0.219706  0.157729  0.843762  0.59529  1.19894  4
9300  103725  0.218527  0.150786  0.84446  0.595184  1.17153  4
9400  103475  0.214404  0.151256  0.847003  0.602323  1.11239  4
9500  104187  0.214187  0.146775  0.844536  0.591919  1.12596  4
9600  104396  0.217227  0.142652  0.843177  0.590782  1.16271  4
9700  103170  0.206716  0.14151  0.835658  0.565606  1.18878  4
9800  103477  0.217152  0.140134  0.830952  0.552821  1.2134  4
9900  102940  0.214963  0.149065  0.838911  0.577756  1.20059  4
