t meta_n emi  mean_info  tr1  tr2  tr3  strategy
0  113983  0.098568  0.494224  0.900049  0.000775693  4.81455e-05  4
100  102007  0.106105  0.186883  0.84841  0.0828298  -0.000772772  4
200  101553  0.160465  0.104935  0.771548  0.152703  0.0101946  4
300  101925  0.192214  0.0782048  0.72956  0.195298  0.00170193  4
400  102184  0.221488  0.0656041  0.702929  0.226286  0.00668122  4
500  101880  0.228217  0.0599212  0.69844  0.254594  0.015594  4
600  102455  0.235058  0.049385  0.699108  0.27976  0.0020662  4
700  101997  0.228824  0.0564968  0.696623  0.273337  -0.0025148  4
800  102316  0.238302  0.050084  0.687778  0.272649  0.0203369  4
900  102435  0.233477  0.0499106  0.692819  0.268819  -0.00435248  4
1000  101523  0.235706  0.0522973  0.691355  0.28378  0.0351006  4
1100  101913  0.234325  0.0511936  0.694014  0.300558  0.0538508  4
1200  101596  0.233051  0.0500982  0.697188  0.309309  0.0811227  4
1300  101960  0.231661  0.0523101  0.706156  0.317562  0.0839568  4
1400  102771  0.228356  0.046474  0.70582  0.308537  0.0974169  4
1500  102594  0.231533  0.0439475  0.704337  0.317898  0.102004  4
1600  102642  0.232155  0.0438091  0.701823  0.318384  0.0900303  4
1700  102499  0.240756  0.0402255  0.70077  0.326362  0.0542657  4
1800  102764  0.235253  0.0437969  0.705654  0.329644  0.00460929  4
1900  102468  0.231895  0.0389698  0.700188  0.326942  0.0298851  4
2000  101605  0.22647  0.0370948  0.698188  0.313022  0.0208817  4
2100  102560  0.233039  0.0345141  0.701032  0.313205  -0.00833218  4
2200  102576  0.233121  0.0354742  0.699186  0.3311  -0.0506143  4
2300  102701  0.234476  0.0352186  0.696958  0.319516  -0.0589798  4
2400  102591  0.235687  0.0330282  0.702388  0.339414  -0.0324313  4
2500  102518  0.234955  0.0322665  0.699332  0.333103  0.00944983  4
2600  102030  0.232201  0.0319116  0.702898  0.332795  -0.0341475  4
2700  101820  0.233294  0.0293876  0.704517  0.331386  -0.0494043  4
2800  103292  0.235896  0.0277062  0.698298  0.318487  -0.0241586  4
2900  102147  0.237372  0.0266028  0.692251  0.30864  -0.0498568  4
3000  101885  0.226513  0.0268089  0.693867  0.308473  -0.0616193  4
3100  101526  0.233351  0.0238164  0.685165  0.295073  -0.0863658  4
3200  102795  0.227537  0.0260027  0.69216  0.30446  -0.118441  4
3300  102354  0.231542  0.0244672  0.691349  0.30702  -0.141525  4
3400  102832  0.233115  0.0264951  0.688625  0.299473  -0.187141  4
3500  102205  0.231128  0.024054  0.685245  0.290931  -0.13105  4
3600  102566  0.229912  0.0227604  0.684936  0.268992  -0.145323  4
3700  103299  0.239126  0.0224858  0.678937  0.269164  -0.153748  4
3800  103093  0.225338  0.0191774  0.679993  0.272293  -0.107022  4
3900  101832  0.230524  0.0186842  0.673898  0.255182  -0.042052  4
4000  102126  0.226093  0.0179361  0.680284  0.259522  -0.038431  4
4100  102282  0.223467  0.0168054  0.679795  0.247428  -0.112848  4
4200  102109  0.228556  0.0164376  0.67619  0.248197  -0.120031  4
4300  102655  0.221847  0.0149988  0.671842  0.227461  -0.0925622  4
4400  102371  0.225719  0.0167405  0.675489  0.236923  -0.0942783  4
4500  102652  0.223785  0.016853  0.678228  0.23788  -0.0787724  4
4600  102040  0.224712  0.0160536  0.676264  0.23966  -0.0734231  4
4700  102684  0.221039  0.016154  0.679945  0.24572  -0.0233474  4
4800  102996  0.225726  0.0161297  0.680073  0.263264  -0.0030512  4
4900  102086  0.223555  0.0156775  0.681238  0.257924  0.0222388  4
5000  103076  0.22602  0.0151739  0.681946  0.247072  -0.0238593  4
5100  102935  0.227219  0.0148027  0.677755  0.235709  0.00795377  4
5200  102904  0.228309  0.0135587  0.67653  0.230122  0.0010784  4
5300  102562  0.220158  0.0141223  0.676542  0.217423  -0.00985319  4
5400  102598  0.223378  0.0116715  0.672975  0.215574  -0.0199789  4
5500  102936  0.227457  0.0128227  0.668101  0.211158  -0.0626702  4
5600  102556  0.229584  0.00942349  0.659913  0.202485  -0.0430777  4
5700  103102  0.226375  0.00952379  0.66665  0.209109  -0.0275179  4
5800  102441  0.229294  0.0093872  0.667352  0.212318  -0.0322882  4
5900  102945  0.224678  0.00758041  0.669033  0.219673  -0.0202796  4
6000  102562  0.229197  0.0094614  0.667  0.217459  -0.0293028  4
6100  102685  0.225957  0.00885796  0.666801  0.21363  -0.0282707  4
6200  102759  0.225604  0.00885701  0.666271  0.20577  -0.000425379  4
6300  101601  0.221054  0.00932991  0.661828  0.194786  -0.0196494  4
6400  103209  0.229664  0.00877686  0.659275  0.18673  -0.0482022  4
6500  102492  0.226809  0.00864736  0.663233  0.183131  -0.0961941  4
6600  103127  0.222326  0.00922746  0.667383  0.189469  -0.0385595  4
6700  102528  0.222572  0.00911083  0.666891  0.187053  -0.00445274  4
6800  102878  0.222958  0.00773132  0.662134  0.178527  0.0485502  4
6900  102213  0.227204  0.0072203  0.65756  0.172471  0.0125041  4
7000  102723  0.225942  0.00582607  0.657859  0.169359  0.0291774  4
7100  102547  0.223144  0.00560062  0.65869  0.165828  -0.00684677  4
7200  102594  0.220042  0.00626973  0.658196  0.164874  0.0230164  4
7300  101936  0.220705  0.00699049  0.655439  0.16088  -0.00490909  4
7400  102253  0.223487  0.00476303  0.655576  0.157885  0.0116321  4
7500  102618  0.220381  0.0060864  0.654841  0.153431  0.0670724  4
7600  102995  0.219858  0.0056905  0.653717  0.150858  0.01737  4
7700  102905  0.224008  0.00693572  0.64968  0.141555  0.0304494  4
7800  102415  0.220429  0.00591516  0.648214  0.130377  -0.000746925  4
7900  102370  0.22471  0.00453259  0.645272  0.121668  0.00147183  4
8000  103625  0.224064  0.00496742  0.64817  0.125728  0.0373898  4
8100  102484  0.219853  0.00485277  0.649584  0.13141  -0.0635009  4
8200  102906  0.224973  0.00491079  0.646696  0.127625  0.0291961  4
8300  102157  0.216531  0.00501403  0.64776  0.122626  0.042809  4
8400  102467  0.221185  0.00468194  0.647309  0.116026  0.129697  4
8500  103019  0.218797  0.00353492  0.648202  0.110287  0.121098  4
8600  102943  0.218185  0.0033732  0.647124  0.114376  0.126751  4
8700  103569  0.220579  0.00392764  0.644078  0.108169  0.150584  4
8800  103025  0.224033  0.00262091  0.643424  0.107787  0.145469  4
8900  102667  0.224581  0.00221843  0.642431  0.107412  0.134721  4
9000  102877  0.222268  0.00313357  0.642837  0.108988  0.174782  4
9100  102490  0.221283  0.00265813  0.642603  0.108147  0.233091  4
9200  102867  0.226071  0.00250397  0.641734  0.111768  0.203278  4
9300  103010  0.22097  0.00209366  0.642258  0.103733  0.224294  4
9400  102952  0.223163  0.00258683  0.642598  0.101303  0.25774  4
9500  102024  0.219712  0.00211103  0.641125  0.101365  0.328208  4
9600  102532  0.220061  0.00224061  0.641651  0.0933865  0.354257  4
9700  103685  0.220717  0.00212897  0.6419  0.08825  0.356151  4
9800  102953  0.21617  0.00198038  0.643097  0.0884738  0.359142  4
9900  102652  0.220138  0.001407  0.643666  0.0891853  0.37695  4
