t meta_n emi  mean_info  tr1  tr2  tr3  strategy
0  114736  0.099808  0.491339  0.90001  0.000798033  -2.88125e-05  4
100  102176  0.103688  0.18776  0.84668  0.0821208  0.00171942  4
200  102963  0.157259  0.11051  0.778141  0.149644  -0.000124488  4
300  102540  0.194113  0.0806703  0.72916  0.195806  -0.00111918  4
400  101796  0.213577  0.070044  0.701596  0.207719  0.0142041  4
500  102679  0.222889  0.0613154  0.697712  0.230118  0.0254965  4
600  102529  0.222195  0.0592391  0.696334  0.235449  0.0330338  4
700  102692  0.225554  0.0593526  0.695687  0.248559  0.0205672  4
800  102511  0.229276  0.0567627  0.696368  0.269218  0.0397435  4
900  102683  0.228406  0.0554966  0.695586  0.272379  0.0237943  4
1000  101871  0.232209  0.0527823  0.693559  0.283895  0.0146212  4
1100  102386  0.233029  0.0530173  0.69069  0.282149  -0.0115764  4
1200  102634  0.233613  0.0514893  0.689396  0.273709  -0.00734834  4
1300  101797  0.230585  0.0461402  0.689434  0.277912  -0.0116885  4
1400  102437  0.231831  0.0466604  0.693711  0.291898  -0.0173918  4
1500  102962  0.237789  0.0487065  0.689371  0.287942  -0.0354663  4
1600  102980  0.23729  0.0469747  0.687835  0.287454  -0.039923  4
1700  102261  0.239817  0.0466366  0.683979  0.281005  -0.0081852  4
1800  101684  0.235341  0.0439084  0.682858  0.272941  -0.097499  4
1900  102513  0.235245  0.0424528  0.683759  0.272591  -0.105226  4
2000  102490  0.230636  0.0382758  0.687048  0.274728  -0.06423  4
2100  102462  0.231938  0.0357187  0.679105  0.258474  -0.0129455  4
2200  102924  0.235865  0.0365465  0.68406  0.274701  -0.0346182  4
2300  102423  0.232708  0.0362255  0.683493  0.277367  -0.0750602  4
2400  102525  0.239465  0.0343998  0.680606  0.272837  -0.0830194  4
2500  102008  0.232469  0.0334806  0.682878  0.272887  -0.115903  4
2600  102635  0.228641  0.0326625  0.680144  0.259423  -0.148311  4
2700  102114  0.225325  0.031484  0.683646  0.251414  -0.190022  4
2800  102666  0.225815  0.0305553  0.685543  0.249145  -0.176221  4
2900  101824  0.226422  0.0280081  0.680398  0.23828  -0.190012  4
3000  102713  0.22988  0.0307146  0.674834  0.232229  -0.214386  4
3100  102276  0.230329  0.0272248  0.671956  0.229946  -0.230425  4
3200  103309  0.233193  0.0272714  0.669585  0.22269  -0.243054  4
3300  102646  0.235064  0.0272148  0.670628  0.235449  -0.286782  4
3400  102826  0.22776  0.0274761  0.674615  0.235529  -0.314815  4
3500  102956  0.229479  0.0262799  0.669715  0.226378  -0.323457  4
3600  102146  0.226626  0.0265886  0.671216  0.22657  -0.298476  4
3700  101990  0.231252  0.0231898  0.667697  0.229504  -0.313851  4
3800  102923  0.235798  0.0251526  0.666821  0.236274  -0.327957  4
3900  102675  0.233874  0.0219999  0.669603  0.238372  -0.339867  4
4000  102838  0.230813  0.0205333  0.668575  0.232731  -0.360495  4
4100  103051  0.227548  0.0185711  0.669681  0.228005  -0.382896  4
4200  101944  0.229811  0.0215744  0.667198  0.225267  -0.412784  4
4300  102270  0.229029  0.0206599  0.666313  0.224521  -0.416033  4
4400  102644  0.225718  0.0190266  0.664665  0.207164  -0.444535  4
4500  102565  0.230555  0.0182477  0.665347  0.215135  -0.449224  4
4600  102309  0.226205  0.0174096  0.663127  0.206726  -0.426782  4
4700  102397  0.223527  0.015999  0.66569  0.207078  -0.430598  4
4800  102369  0.227054  0.0170566  0.664933  0.202526  -0.411641  4
4900  103224  0.220527  0.0162716  0.667276  0.201571  -0.400028  4
5000  102571  0.22014  0.0151711  0.668073  0.205801  -0.359823  4
5100  102180  0.222632  0.0159794  0.665971  0.200918  -0.341926  4
5200  102257  0.225273  0.0141034  0.667286  0.202834  -0.338869  4
5300  102603  0.223945  0.0133535  0.667307  0.199668  -0.289732  4
5400  102696  0.223979  0.012192  0.664199  0.201043  -0.246264  4
5500  102551  0.226455  0.0123392  0.66354  0.202842  -0.247973  4
5600  102608  0.224388  0.0120735  0.665494  0.199443  -0.291317  4
5700  102619  0.218977  0.010017  0.66651  0.197732  -0.278619  4
5800  102997  0.22311  0.0105764  0.668256  0.201843  -0.271694  4
5900  102686  0.220067  0.0103691  0.668608  0.212647  -0.244279  4
6000  103304  0.224773  0.00996638  0.669074  0.216422  -0.25334  4
6100  102516  0.221273  0.00946407  0.671419  0.217081  -0.255148  4
6200  102945  0.221463  0.010944  0.673611  0.224053  -0.215654  4
6300  102904  0.225155  0.0100736  0.671961  0.218869  -0.194711  4
6400  102451  0.218528  0.01033  0.67211  0.215367  -0.215121  4
6500  101742  0.218115  0.00909253  0.66947  0.207006  -0.250054  4
6600  103045  0.22206  0.00914467  0.669417  0.19842  -0.280186  4
6700  102602  0.220529  0.00870914  0.66543  0.18921  -0.269847  4
6800  103883  0.222793  0.00619009  0.664907  0.187941  -0.251183  4
6900  102851  0.217053  0.00792096  0.669159  0.203131  -0.252183  4
7000  102394  0.216526  0.00683873  0.66973  0.19745  -0.244122  4
7100  103385  0.219819  0.00702169  0.668126  0.190242  -0.234726  4
7200  103372  0.213518  0.00645045  0.670355  0.196063  -0.24587  4
7300  102219  0.217288  0.00694158  0.668923  0.19578  -0.254779  4
7400  103436  0.220695  0.00674229  0.666001  0.196564  -0.233346  4
7500  102490  0.218035  0.00653681  0.663536  0.197909  -0.250909  4
7600  102888  0.22329  0.00551632  0.663657  0.198018  -0.265557  4
7700  102737  0.222354  0.00590075  0.663274  0.19196  -0.246633  4
7800  102312  0.222868  0.00654748  0.661425  0.193036  -0.236736  4
7900  103338  0.221649  0.00603837  0.656139  0.177822  -0.24275  4
8000  102443  0.227236  0.00651728  0.655594  0.181764  -0.267621  4
8100  102589  0.221986  0.00564929  0.65459  0.171747  -0.271262  4
8200  102219  0.22274  0.00561584  0.653457  0.165377  -0.281672  4
8300  103112  0.223131  0.00630242  0.654432  0.165047  -0.274827  4
8400  102615  0.22591  0.005083  0.655097  0.167585  -0.320695  4
8500  103391  0.221659  0.00557778  0.654099  0.162405  -0.320294  4
8600  102828  0.219522  0.00463935  0.656105  0.165177  -0.335398  4
8700  102711  0.222243  0.00471291  0.655846  0.162804  -0.342559  4
8800  101846  0.222195  0.00422352  0.652621  0.147194  -0.32519  4
8900  103373  0.224436  0.00496858  0.651837  0.145811  -0.32303  4
9000  102767  0.219324  0.00327666  0.650001  0.137479  -0.305461  4
9100  102633  0.224133  0.00285907  0.648283  0.137751  -0.339762  4
9200  103144  0.21987  0.00300782  0.648377  0.137034  -0.326986  4
9300  102463  0.223077  0.00239161  0.647533  0.1338  -0.312944  4
9400  102860  0.220666  0.00169558  0.649424  0.133993  -0.328891  4
9500  102514  0.221578  0.00152381  0.648415  0.130084  -0.301647  4
9600  102532  0.220336  0.00226365  0.647358  0.128022  -0.314508  4
9700  102488  0.2201  0.0020266  0.647331  0.135449  -0.291188  4
9800  102088  0.221777  0.0019993  0.645585  0.123555  -0.332565  4
9900  102260  0.221911  0.00266491  0.646591  0.120641  -0.314073  4
