t meta_n emi  mean_info  tr1  tr2  tr3  strategy
0  114833  0.09952  0.493817  0.899983  0.000801474  -6.3116e-05  4
100  102664  0.103218  0.224369  0.853635  0.0754569  0.00777715  4
200  103401  0.154422  0.12306  0.781254  0.13497  -0.00524127  4
300  102267  0.186219  0.0907228  0.737315  0.19669  -0.00200929  4
400  102646  0.216203  0.0802128  0.710914  0.229366  0.00588965  4
500  102659  0.228157  0.0736193  0.70342  0.259405  0.0253189  4
600  102026  0.228199  0.0685282  0.703356  0.279459  0.0228006  4
700  102643  0.23317  0.0664628  0.702883  0.296669  0.0223663  4
800  102882  0.236203  0.0670583  0.701477  0.296913  -0.0100228  4
900  102257  0.23213  0.0651746  0.698386  0.304302  -0.0228097  4
1000  102442  0.235087  0.0644255  0.702719  0.315184  -0.015744  4
1100  101701  0.235036  0.068528  0.704497  0.321014  0.00651279  4
1200  102082  0.228535  0.0645212  0.710322  0.327741  -0.00503553  4
1300  102017  0.229143  0.0607072  0.710974  0.329067  -0.0111347  4
1400  102458  0.234549  0.0567497  0.703832  0.331247  -0.0575094  4
1500  102009  0.237353  0.0569146  0.702152  0.340724  -0.0512774  4
1600  102346  0.234337  0.0548863  0.702339  0.327352  -0.0862042  4
1700  102235  0.232085  0.0571688  0.702968  0.313584  -0.100769  4
1800  102863  0.227006  0.0523281  0.704965  0.316601  -0.119025  4
1900  102930  0.22935  0.0547304  0.708953  0.329313  -0.163459  4
2000  101990  0.226481  0.0438545  0.701527  0.310846  -0.13405  4
2100  102090  0.22745  0.0473982  0.698504  0.295507  -0.154174  4
2200  101808  0.22331  0.0463555  0.702646  0.301407  -0.108507  4
2300  102194  0.229228  0.0467976  0.694001  0.289378  -0.113879  4
2400  102992  0.235523  0.0436121  0.686247  0.284988  -0.0819361  4
2500  102972  0.232891  0.0414916  0.69255  0.290265  -0.0594258  4
2600  102363  0.231097  0.0386102  0.689524  0.294256  -0.0710619  4
2700  102015  0.233841  0.040537  0.689622  0.297961  -0.0241424  4
2800  101920  0.226126  0.0385326  0.687761  0.292215  -0.051544  4
2900  103221  0.227257  0.0398732  0.690845  0.27936  -0.083667  4
3000  102161  0.220302  0.0340991  0.690727  0.270109  -0.139009  4
3100  103167  0.226213  0.0336181  0.690618  0.281533  -0.194138  4
3200  102619  0.228915  0.0358329  0.692177  0.292804  -0.159646  4
3300  102555  0.228276  0.0356354  0.687558  0.281037  -0.144872  4
3400  101975  0.223741  0.0303198  0.689836  0.281996  -0.149903  4
3500  101964  0.223217  0.0312434  0.694058  0.288742  -0.0824776  4
3600  102858  0.226349  0.0293052  0.690205  0.280039  -0.0944806  4
3700  102755  0.227162  0.0297509  0.69095  0.277915  -0.103444  4
3800  102131  0.224526  0.0303031  0.689467  0.270973  -0.0846978  4
3900  102488  0.220628  0.0330863  0.687831  0.266495  -0.0834328  4
4000  102268  0.229934  0.0323688  0.682619  0.270277  -0.123843  4
4100  102852  0.228032  0.0285853  0.684847  0.272818  -0.119251  4
4200  102925  0.223819  0.0256417  0.681524  0.260397  -0.164855  4
4300  102157  0.228175  0.0250398  0.680317  0.267418  -0.202495  4
4400  103293  0.227598  0.0266695  0.677409  0.257193  -0.211925  4
4500  102052  0.229762  0.0252469  0.675746  0.265563  -0.237168  4
4600  102791  0.227678  0.0240985  0.679978  0.270077  -0.224453  4
4700  102683  0.226833  0.0223148  0.678432  0.269242  -0.273114  4
4800  103338  0.226493  0.0212227  0.679914  0.270228  -0.29982  4
4900  102537  0.230069  0.020246  0.678524  0.268811  -0.306114  4
5000  101925  0.22342  0.0204567  0.676885  0.26211  -0.231585  4
5100  102806  0.229091  0.0189239  0.675462  0.266446  -0.247353  4
5200  102470  0.231671  0.0160004  0.672279  0.262928  -0.242721  4
5300  102835  0.228904  0.0147961  0.674666  0.267437  -0.230042  4
5400  102180  0.229637  0.0137465  0.673122  0.266337  -0.239443  4
5500  102029  0.22882  0.0128839  0.672258  0.263997  -0.250907  4
5600  102852  0.2243  0.0148648  0.676163  0.271478  -0.256742  4
5700  102342  0.228051  0.0119613  0.679269  0.279279  -0.325196  4
5800  102714  0.222408  0.0115639  0.678455  0.271613  -0.297037  4
5900  102555  0.228091  0.0140153  0.675474  0.271654  -0.316224  4
6000  102416  0.23  0.0124959  0.670841  0.250371  -0.326074  4
6100  102585  0.224716  0.0118246  0.671868  0.253148  -0.319884  4
6200  101680  0.224594  0.0127229  0.670378  0.256617  -0.357276  4
6300  102658  0.225554  0.0124866  0.66967  0.254426  -0.404044  4
6400  103527  0.231791  0.0105354  0.669388  0.247694  -0.417065  4
6500  103939  0.229668  0.0109403  0.667221  0.244006  -0.37697  4
6600  103136  0.229583  0.00944251  0.668083  0.242399  -0.316106  4
6700  101372  0.217403  0.01082  0.669118  0.233198  -0.253943  4
6800  102223  0.226293  0.0116396  0.668497  0.231808  -0.200672  4
6900  102793  0.227132  0.0126677  0.664547  0.219925  -0.236037  4
7000  102462  0.224159  0.0107507  0.665826  0.22056  -0.240671  4
7100  102769  0.221123  0.0103281  0.666771  0.216407  -0.257451  4
7200  103291  0.222304  0.00883792  0.665944  0.209606  -0.240261  4
7300  102631  0.22187  0.00832388  0.66667  0.206569  -0.257476  4
7400  102728  0.22136  0.00799118  0.666603  0.205518  -0.274538  4
7500  102590  0.219895  0.00759692  0.667336  0.206172  -0.365991  4
7600  102281  0.215489  0.00734844  0.667944  0.2089  -0.439276  4
7700  103409  0.21976  0.00583398  0.667363  0.21395  -0.435959  4
7800  102390  0.222997  0.00728317  0.669042  0.218353  -0.518043  4
7900  103225  0.222285  0.00576266  0.670475  0.225283  -0.511675  4
8000  101950  0.219379  0.00695558  0.670577  0.230672  -0.504757  4
8100  102386  0.216853  0.0071723  0.671685  0.226101  -0.467898  4
8200  102694  0.223184  0.00736501  0.668783  0.222929  -0.489176  4
8300  102839  0.218615  0.00639423  0.671394  0.228501  -0.451  4
8400  102556  0.218201  0.00563788  0.67143  0.231621  -0.527592  4
8500  102978  0.222531  0.00586826  0.674937  0.243871  -0.531477  4
8600  103736  0.215438  0.00636772  0.677335  0.248593  -0.492123  4
8700  102703  0.218362  0.00575237  0.676534  0.254686  -0.431176  4
8800  103722  0.218176  0.006397  0.676018  0.247646  -0.416432  4
8900  101845  0.218434  0.00595099  0.672183  0.234705  -0.30575  4
9000  103475  0.217371  0.00483193  0.670933  0.232945  -0.288962  4
9100  102871  0.22076  0.00475157  0.672164  0.241923  -0.307727  4
9200  102604  0.219607  0.0050676  0.670962  0.237825  -0.29228  4
9300  101771  0.219855  0.00382561  0.670404  0.237437  -0.233209  4
9400  101827  0.22063  0.00275305  0.671135  0.238065  -0.235059  4
9500  103486  0.217916  0.00283283  0.670285  0.239162  -0.27854  4
9600  101954  0.219852  0.00430784  0.670393  0.238218  -0.208612  4
9700  102906  0.221496  0.00321711  0.671214  0.241882  -0.297582  4
9800  102934  0.222666  0.00271408  0.671977  0.251982  -0.219105  4
9900  102381  0.223007  0.00261661  0.670362  0.254187  -0.208459  4
