t meta_n emi  mean_info  tr1  tr2  tr3  strategy
0  114205  0.101272  0.491963  0.89996  0.00085626  -1.19652e-06  4
100  100674  0.0980311  0.15984  0.853601  0.0748763  -0.00460526  4
200  101643  0.153726  0.0818161  0.779874  0.146432  -0.00348121  4
300  102835  0.191738  0.0608445  0.730263  0.1878  -0.0114441  4
400  102835  0.207583  0.0544885  0.714126  0.212049  -0.026832  4
500  102481  0.217371  0.0526001  0.699598  0.245045  -0.0222876  4
600  101614  0.225116  0.0501808  0.695097  0.26668  -0.0198468  4
700  102059  0.225474  0.0493851  0.701665  0.278273  -0.0376487  4
800  101830  0.235043  0.0459981  0.694025  0.280491  -0.0250476  4
900  101764  0.233288  0.0453018  0.696288  0.290552  -0.0306922  4
1000  101907  0.233728  0.0445642  0.700593  0.298619  -0.0599866  4
1100  102491  0.234259  0.0421043  0.700257  0.305732  -0.0577056  4
1200  102310  0.230065  0.0409102  0.707966  0.314473  -0.0574314  4
1300  102522  0.229506  0.0421212  0.711203  0.327326  -0.0479339  4
1400  102166  0.228144  0.0388373  0.714148  0.326817  -0.0436901  4
1500  102727  0.227316  0.0413991  0.710762  0.32555  -0.0469928  4
1600  102126  0.231012  0.0396221  0.706339  0.330403  -0.0813494  4
1700  103225  0.233194  0.0336582  0.707796  0.341963  -0.0533329  4
1800  102531  0.235969  0.031265  0.708177  0.352935  -0.052249  4
1900  101986  0.236312  0.0341706  0.710508  0.365628  -0.0579461  4
2000  101674  0.233437  0.0336608  0.709587  0.373667  -0.0678611  4
2100  102002  0.236615  0.0324932  0.710307  0.376961  -0.0726808  4
2200  101530  0.2359  0.0283348  0.706429  0.366089  -0.0691511  4
2300  101989  0.234604  0.0283038  0.706059  0.361967  -0.060914  4
2400  102246  0.236066  0.0298105  0.707777  0.377251  -0.0620326  4
2500  102157  0.239427  0.0279674  0.707341  0.371772  -0.047069  4
2600  102642  0.234342  0.0253492  0.702682  0.343304  -0.0220424  4
2700  103002  0.233242  0.0238087  0.698496  0.318839  -0.0456752  4
2800  102728  0.235988  0.0224605  0.69573  0.324581  -0.0218902  4
2900  102283  0.232845  0.0225939  0.691225  0.31179  -0.036135  4
3000  102359  0.232529  0.0209568  0.6864  0.292547  -0.0468323  4
3100  103040  0.236556  0.0208036  0.683255  0.288872  -0.0757841  4
3200  101871  0.231372  0.0219519  0.684861  0.284635  -0.0609908  4
3300  103144  0.230238  0.0221034  0.684469  0.29023  0.0217916  4
3400  102056  0.230436  0.020997  0.683585  0.288735  0.069412  4
3500  102281  0.230604  0.0198064  0.68279  0.286821  0.105076  4
3600  102469  0.233603  0.0194984  0.682525  0.284508  0.109707  4
3700  102256  0.227617  0.0196394  0.682366  0.276574  0.149852  4
3800  102692  0.233925  0.0166858  0.682935  0.277263  0.148945  4
3900  102325  0.223925  0.0173035  0.686124  0.280514  0.163755  4
4000  103145  0.232098  0.0157503  0.682653  0.272715  0.159808  4
4100  101919  0.230546  0.0156464  0.688334  0.28238  0.183454  4
4200  102381  0.226187  0.0153516  0.684333  0.271314  0.197968  4
4300  101999  0.223522  0.0150979  0.68943  0.275199  0.185357  4
4400  102471  0.221207  0.014199  0.685063  0.256797  0.182631  4
4500  102383  0.227721  0.0151071  0.688557  0.263362  0.17703  4
4600  102887  0.222556  0.0128809  0.689065  0.262217  0.176452  4
4700  101859  0.224277  0.0111052  0.690998  0.267843  0.175188  4
4800  103037  0.218997  0.0120882  0.689868  0.261832  0.178682  4
4900  102616  0.22027  0.0122282  0.687941  0.264252  0.177034  4
5000  102868  0.222147  0.0133068  0.685343  0.258887  0.188022  4
5100  102117  0.220913  0.0108637  0.680946  0.252915  0.170878  4
5200  101939  0.226705  0.0116293  0.678879  0.259087  0.107405  4
5300  101911  0.228788  0.0111838  0.679595  0.266632  0.108135  4
5400  101508  0.224605  0.00968631  0.678205  0.261815  0.0932695  4
5500  103383  0.229017  0.00866157  0.676233  0.262713  0.0961609  4
5600  102549  0.228488  0.00882523  0.678334  0.276617  0.0941849  4
5700  101925  0.225065  0.00888482  0.683789  0.288454  0.11077  4
5800  102423  0.227198  0.0089232  0.684765  0.293874  0.11736  4
5900  102662  0.228531  0.00834084  0.684458  0.288886  0.134708  4
6000  103816  0.229504  0.00884994  0.684277  0.295436  0.0930114  4
6100  102770  0.227987  0.00670259  0.683343  0.292226  0.0642263  4
6200  103109  0.229781  0.00739476  0.682303  0.289901  0.0690109  4
6300  102534  0.232731  0.00699109  0.680372  0.287622  0.0475447  4
6400  102687  0.236009  0.00701661  0.675852  0.282973  0.0586322  4
6500  102453  0.228713  0.0064831  0.671218  0.265495  0.0668783  4
6600  103140  0.234897  0.00660163  0.667564  0.257478  0.0862913  4
6700  102476  0.231791  0.00635387  0.664921  0.245923  0.0673614  4
6800  102988  0.227373  0.00695502  0.663368  0.238406  0.0738278  4
6900  102625  0.23397  0.00728756  0.662926  0.233899  0.0729716  4
7000  103569  0.232347  0.00628668  0.662877  0.228528  0.124888  4
7100  102165  0.227354  0.00634857  0.660656  0.222545  0.154427  4
7200  102653  0.228705  0.0065075  0.66123  0.225955  0.176765  4
7300  103395  0.230232  0.00559401  0.660217  0.213231  0.18386  4
7400  103130  0.224074  0.00655292  0.658939  0.201355  0.222041  4
7500  102727  0.224927  0.00489112  0.659042  0.199181  0.256422  4
7600  103446  0.229761  0.00423423  0.658624  0.199805  0.241146  4
7700  102503  0.224018  0.00389751  0.657344  0.207348  0.2925  4
7800  102875  0.228317  0.00335387  0.659866  0.209933  0.301347  4
7900  103563  0.229912  0.00388315  0.660029  0.211428  0.285923  4
8000  102330  0.227597  0.00356045  0.659664  0.210106  0.288651  4
8100  102482  0.232189  0.00334328  0.659921  0.217576  0.321357  4
8200  102437  0.227606  0.00297484  0.662333  0.221663  0.315997  4
8300  103959  0.233237  0.00285677  0.659889  0.216602  0.327464  4
8400  102081  0.225569  0.00245424  0.658282  0.209942  0.341493  4
8500  102910  0.22625  0.00352795  0.65923  0.20533  0.345303  4
8600  101765  0.229219  0.00428934  0.658784  0.20083  0.316946  4
8700  102545  0.227608  0.00401952  0.660047  0.208837  0.317244  4
8800  103300  0.228928  0.00407895  0.662592  0.214232  0.324804  4
8900  101973  0.221437  0.00239829  0.66342  0.212612  0.363955  4
9000  103526  0.22299  0.00299372  0.665534  0.215734  0.332936  4
9100  103323  0.2236  0.00278638  0.6641  0.213483  0.369792  4
9200  103772  0.228666  0.00325592  0.664376  0.217481  0.359052  4
9300  103324  0.226193  0.00219876  0.663112  0.210571  0.371442  4
9400  101990  0.229554  0.00166118  0.659443  0.202649  0.401992  4
9500  102923  0.223678  0.00213023  0.662177  0.202413  0.398392  4
9600  103047  0.224248  0.00183923  0.663735  0.216094  0.366848  4
9700  102104  0.224355  0.00181894  0.663142  0.214455  0.361021  4
9800  102530  0.223929  0.00180178  0.665508  0.224019  0.331099  4
9900  102690  0.225769  0.00143704  0.665844  0.232456  0.349662  4
