t meta_n emi  mean_info  tr1  tr2  tr3  strategy
0  115621  0.099832  0.495125  0.900073  0.00078855  6.08869e-06  4
100  103344  0.109863  0.369792  0.850559  0.0799579  0.00252045  4
200  102546  0.158337  0.273602  0.778804  0.142972  0.0136958  4
300  103427  0.190312  0.210864  0.737204  0.181961  0.0147977  4
400  103264  0.209543  0.191186  0.724641  0.229262  0.013674  4
500  102454  0.216711  0.181393  0.718813  0.264529  -0.0108183  4
600  102844  0.221224  0.169747  0.720695  0.301493  -0.00566625  4
700  102652  0.221744  0.15682  0.721155  0.312426  0.00676593  4
800  103302  0.231132  0.148403  0.720484  0.322267  0.0147491  4
900  102465  0.228709  0.150161  0.72153  0.332373  0.0017666  4
1000  102015  0.225919  0.13868  0.726038  0.335338  -0.0148586  4
1100  102366  0.226602  0.141367  0.729208  0.349278  -0.0227844  4
1200  102982  0.229078  0.131339  0.727498  0.350699  -0.0248749  4
1300  102603  0.229902  0.129679  0.727027  0.342202  -0.0519958  4
1400  102413  0.227831  0.137023  0.729751  0.348216  -0.0673791  4
1500  102703  0.226758  0.140233  0.73265  0.352914  -0.107801  4
1600  102459  0.227915  0.148864  0.736024  0.361942  -0.104013  4
1700  102613  0.226279  0.140312  0.744445  0.376659  -0.0855258  4
1800  103237  0.222647  0.13809  0.74577  0.372227  -0.112939  4
1900  102174  0.220619  0.131829  0.738479  0.356858  -0.149606  4
2000  102046  0.222406  0.131424  0.730276  0.348463  -0.17801  4
2100  103142  0.224919  0.126364  0.736109  0.363587  -0.179031  4
2200  102071  0.223554  0.137566  0.7383  0.373326  -0.207048  4
2300  103004  0.233361  0.136694  0.743169  0.394563  -0.196716  4
2400  103508  0.227713  0.14069  0.752733  0.420781  -0.221011  4
2500  103438  0.224785  0.142015  0.757408  0.417532  -0.224846  4
2600  102673  0.223122  0.140262  0.760694  0.423669  -0.208281  4
2700  103360  0.219975  0.137956  0.767785  0.445518  -0.198765  4
2800  103162  0.219572  0.145285  0.764856  0.44032  -0.188003  4
2900  101918  0.219213  0.140939  0.767146  0.438707  -0.204132  4
3000  103912  0.227063  0.141434  0.776489  0.459455  -0.175075  4
3100  103289  0.214973  0.141831  0.77864  0.461326  -0.20822  4
3200  103147  0.224339  0.136551  0.771508  0.466683  -0.214935  4
3300  102376  0.22787  0.14485  0.770903  0.460077  -0.201565  4
3400  103334  0.220482  0.149324  0.77895  0.477011  -0.223286  4
3500  102619  0.221134  0.153933  0.782372  0.489873  -0.239466  4
3600  102144  0.219602  0.14096  0.781259  0.482863  -0.277156  4
3700  102628  0.225079  0.144154  0.788382  0.50522  -0.304829  4
3800  103089  0.226091  0.132356  0.785481  0.490216  -0.294101  4
3900  103698  0.222888  0.139165  0.787842  0.496803  -0.281647  4
4000  103060  0.224449  0.137057  0.787015  0.493481  -0.27896  4
4100  103288  0.227142  0.137345  0.786772  0.487562  -0.284896  4
4200  103790  0.220615  0.135598  0.794776  0.505256  -0.324108  4
4300  103589  0.222749  0.143128  0.804501  0.532046  -0.318197  4
4400  103419  0.223583  0.148215  0.812816  0.555186  -0.284221  4
4500  103245  0.2265  0.154123  0.82247  0.574273  -0.314341  4
4600  103133  0.216494  0.152012  0.827357  0.575161  -0.365468  4
4700  103531  0.211625  0.147201  0.821992  0.565034  -0.372676  4
4800  103087  0.212613  0.145461  0.822582  0.572028  -0.327551  4
4900  103901  0.218458  0.142009  0.824896  0.581035  -0.343857  4
5000  102922  0.21935  0.147594  0.830936  0.600635  -0.359702  4
5100  103396  0.219844  0.148942  0.833787  0.61367  -0.323802  4
5200  103521  0.221215  0.147534  0.832496  0.605866  -0.256057  4
5300  103421  0.21847  0.148415  0.839313  0.620945  -0.249962  4
5400  103449  0.217037  0.144804  0.837382  0.615627  -0.228245  4
5500  102701  0.219957  0.142594  0.831431  0.598902  -0.266277  4
5600  103306  0.22025  0.142503  0.833641  0.611499  -0.271015  4
5700  102789  0.218024  0.137419  0.827478  0.592437  -0.315008  4
5800  104142  0.226571  0.136884  0.823862  0.586441  -0.330776  4
5900  103840  0.215382  0.141751  0.8291  0.593187  -0.233528  4
6000  103903  0.222474  0.137637  0.827022  0.589861  -0.264571  4
6100  102881  0.21282  0.136778  0.823419  0.579893  -0.27633  4
6200  103468  0.219012  0.148146  0.828822  0.601067  -0.284648  4
6300  104287  0.221304  0.133526  0.813039  0.559622  -0.279377  4
6400  103529  0.217479  0.12957  0.803456  0.537536  -0.332336  4
6500  103733  0.224515  0.134125  0.803514  0.544281  -0.281242  4
6600  103644  0.221516  0.135126  0.804541  0.552481  -0.329792  4
6700  103619  0.223247  0.137214  0.805625  0.543824  -0.328524  4
6800  103659  0.225614  0.137563  0.801366  0.536474  -0.353612  4
6900  103082  0.230223  0.13666  0.800637  0.536967  -0.336339  4
7000  103458  0.228875  0.143077  0.79477  0.518655  -0.396355  4
7100  103628  0.228106  0.131958  0.788285  0.495845  -0.418287  4
7200  103858  0.22771  0.142464  0.795322  0.51817  -0.410351  4
7300  102859  0.220828  0.139483  0.79034  0.499761  -0.410544  4
7400  103985  0.225443  0.14033  0.793289  0.510674  -0.392381  4
7500  103377  0.227039  0.141414  0.794201  0.51566  -0.401122  4
7600  103178  0.220894  0.138833  0.793844  0.509449  -0.378055  4
7700  102902  0.221283  0.146335  0.804697  0.529317  -0.341149  4
7800  103557  0.221926  0.147077  0.804647  0.525061  -0.287078  4
7900  103182  0.224908  0.139382  0.802569  0.518384  -0.296103  4
8000  103256  0.215801  0.146044  0.812881  0.540592  -0.29548  4
8100  103154  0.215948  0.141079  0.80845  0.532501  -0.296835  4
8200  104475  0.215825  0.138039  0.808363  0.528502  -0.274855  4
8300  103973  0.219857  0.142602  0.812136  0.535926  -0.278055  4
8400  103621  0.220628  0.143567  0.815172  0.540594  -0.251992  4
8500  103542  0.217613  0.142867  0.815935  0.537278  -0.258556  4
8600  103192  0.220224  0.137203  0.806453  0.513922  -0.303511  4
8700  104080  0.219934  0.139021  0.81309  0.528671  -0.307928  4
8800  103408  0.219329  0.139411  0.809004  0.510934  -0.247723  4
8900  104300  0.21443  0.133105  0.803178  0.49659  -0.249572  4
9000  103697  0.221255  0.138637  0.810191  0.517052  -0.243161  4
9100  103137  0.215837  0.141045  0.811862  0.518681  -0.26137  4
9200  104012  0.218901  0.136608  0.806448  0.505107  -0.262268  4
9300  104067  0.216273  0.13329  0.802423  0.491984  -0.279816  4
9400  104888  0.223186  0.130659  0.805244  0.496484  -0.238125  4
9500  102907  0.221884  0.137213  0.806873  0.501639  -0.246344  4
9600  103377  0.218586  0.1349  0.809082  0.503954  -0.246285  4
9700  103251  0.21957  0.145142  0.816879  0.526274  -0.268397  4
9800  102439  0.216677  0.145224  0.81816  0.529645  -0.30975  4
9900  103459  0.220103  0.136114  0.810615  0.508936  -0.329529  4
