t meta_n emi  mean_info  tr1  tr2  tr3  strategy
0  114191  0.101392  0.490183  0.899974  0.000759661  8.73308e-05  4
100  101788  0.104471  0.157776  0.84347  0.0809019  -0.00574005  4
200  102049  0.1608  0.0821086  0.766142  0.135607  -0.0123019  4
300  102663  0.1941  0.064829  0.724722  0.176791  -0.0246631  4
400  102464  0.214203  0.0514604  0.699539  0.205015  -0.0295756  4
500  101879  0.227553  0.0480583  0.687402  0.230763  -0.0390402  4
600  101819  0.230923  0.0476949  0.689014  0.248822  -0.0441192  4
700  101786  0.230659  0.0440232  0.690174  0.262652  -0.0180897  4
800  102272  0.235206  0.0459279  0.687311  0.27457  -0.0147789  4
900  102274  0.235604  0.0446652  0.69154  0.28878  -0.0123892  4
1000  101739  0.236902  0.0402495  0.692245  0.308693  -0.0099559  4
1100  101781  0.23954  0.040613  0.690192  0.299249  -0.0201044  4
1200  101477  0.237855  0.0397338  0.689043  0.291652  -0.0411709  4
1300  103030  0.242704  0.0378712  0.685712  0.293772  -0.0624057  4
1400  102376  0.240266  0.0349578  0.692715  0.302808  -0.0602967  4
1500  101865  0.234456  0.0338427  0.690595  0.295849  -0.0566558  4
1600  102055  0.228547  0.0328621  0.693064  0.294943  -0.0870797  4
1700  102252  0.237624  0.0317684  0.69123  0.299696  -0.0879478  4
1800  102268  0.238525  0.0319842  0.692111  0.313968  -0.0907292  4
1900  101451  0.235384  0.0331674  0.690321  0.306419  -0.0935797  4
2000  102415  0.240377  0.0307088  0.68918  0.308053  -0.0983885  4
2100  102450  0.244237  0.0298823  0.684521  0.300406  -0.109657  4
2200  101567  0.228114  0.0308401  0.687292  0.280767  -0.168527  4
2300  102486  0.240182  0.0282988  0.680518  0.271323  -0.204009  4
2400  102098  0.235979  0.0250391  0.676186  0.257538  -0.228986  4
2500  103027  0.233608  0.0252739  0.682321  0.263389  -0.261612  4
2600  102441  0.231558  0.0254387  0.684701  0.2662  -0.236354  4
2700  102374  0.22863  0.0231791  0.688911  0.26938  -0.239148  4
2800  102764  0.228651  0.0223761  0.688302  0.280993  -0.21123  4
2900  102525  0.232426  0.0208456  0.690176  0.286038  -0.208466  4
3000  101958  0.230493  0.0215085  0.691498  0.29426  -0.257844  4
3100  102182  0.232535  0.0199502  0.6902  0.298556  -0.241162  4
3200  103418  0.236193  0.0193955  0.690189  0.304701  -0.281625  4
3300  102342  0.228204  0.0187263  0.687714  0.293293  -0.277412  4
3400  102409  0.228998  0.0193535  0.686701  0.284552  -0.266082  4
3500  102529  0.233361  0.018278  0.686448  0.286423  -0.263576  4
3600  102448  0.229505  0.0168361  0.686384  0.290125  -0.242296  4
3700  103651  0.236034  0.0184741  0.688171  0.290104  -0.218142  4
3800  101427  0.22549  0.0166661  0.6884  0.283587  -0.171422  4
3900  103089  0.226575  0.0188169  0.690309  0.279228  -0.18702  4
4000  102626  0.229471  0.0167529  0.680333  0.266734  -0.177731  4
4100  101906  0.225161  0.0160269  0.677509  0.255576  -0.135059  4
4200  102201  0.226394  0.0136579  0.674772  0.241652  -0.0709141  4
4300  102135  0.226322  0.0124459  0.672706  0.234043  -0.0974189  4
4400  101211  0.225118  0.0123395  0.672606  0.232581  -0.127632  4
4500  103104  0.230529  0.0136262  0.671618  0.227094  -0.133598  4
4600  103181  0.228132  0.0129729  0.669488  0.227754  -0.186436  4
4700  103368  0.22564  0.0102762  0.669527  0.230182  -0.210619  4
4800  102035  0.229744  0.0105508  0.66348  0.218608  -0.267065  4
4900  103047  0.230591  0.00975211  0.660514  0.206226  -0.241265  4
5000  103035  0.23039  0.00920836  0.662944  0.209596  -0.223936  4
5100  102441  0.230075  0.00997137  0.663021  0.209073  -0.247111  4
5200  101960  0.229658  0.00860437  0.664759  0.201581  -0.319837  4
5300  103231  0.225892  0.0087914  0.664289  0.195281  -0.368262  4
5400  102481  0.22286  0.0104517  0.666067  0.204392  -0.390453  4
5500  102706  0.227292  0.00862822  0.666024  0.212692  -0.360277  4
5600  101828  0.223728  0.00856325  0.666351  0.217758  -0.349915  4
5700  102838  0.224354  0.00832913  0.666596  0.219757  -0.394329  4
5800  102402  0.22872  0.00814489  0.666518  0.219378  -0.432309  4
5900  102567  0.223935  0.00749697  0.664117  0.208622  -0.443044  4
6000  102967  0.227038  0.0075452  0.6646  0.197844  -0.504633  4
6100  103187  0.222115  0.00669018  0.664499  0.193147  -0.466102  4
6200  103446  0.224519  0.00742068  0.663385  0.193886  -0.413754  4
6300  102595  0.219775  0.00712448  0.663442  0.192446  -0.397384  4
6400  102770  0.225081  0.00582506  0.66065  0.183199  -0.382045  4
6500  102450  0.219651  0.00654538  0.659444  0.179135  -0.340916  4
6600  102657  0.221995  0.00510024  0.657002  0.166918  -0.35732  4
6700  102647  0.218883  0.00594114  0.654725  0.152642  -0.359827  4
6800  102921  0.224895  0.00662081  0.654628  0.151437  -0.377949  4
6900  102097  0.220113  0.00557241  0.655562  0.160013  -0.340924  4
7000  102630  0.216376  0.00505875  0.655122  0.164362  -0.312713  4
7100  102872  0.217999  0.00501992  0.657953  0.162169  -0.291373  4
7200  103303  0.219708  0.00478214  0.657108  0.157092  -0.2796  4
7300  102554  0.221303  0.00485113  0.657358  0.164186  -0.216546  4
7400  103079  0.221343  0.00407671  0.656996  0.155204  -0.156617  4
7500  102547  0.21714  0.00450151  0.658261  0.152271  -0.215894  4
7600  102547  0.217372  0.00389875  0.660068  0.164844  -0.205723  4
7700  103092  0.220209  0.00411084  0.659104  0.165733  -0.208454  4
7800  103149  0.221498  0.0039657  0.658041  0.159797  -0.221704  4
7900  103112  0.217237  0.00358516  0.658216  0.150911  -0.278121  4
8000  102531  0.210615  0.00405667  0.657899  0.149702  -0.317298  4
8100  103087  0.21641  0.00354579  0.65776  0.151391  -0.26999  4
8200  102018  0.215449  0.0037593  0.656916  0.151827  -0.300392  4
8300  102401  0.219686  0.00340658  0.654763  0.14741  -0.321149  4
8400  102290  0.220319  0.00354851  0.654086  0.154136  -0.293353  4
8500  102433  0.222285  0.00291814  0.654406  0.155812  -0.341794  4
8600  102877  0.224425  0.00268919  0.654097  0.159097  -0.300763  4
8700  102468  0.219502  0.00255731  0.652735  0.15524  -0.266975  4
8800  102257  0.221939  0.00230808  0.653609  0.154607  -0.239843  4
8900  102763  0.222076  0.00215948  0.654342  0.154186  -0.19481  4
9000  102335  0.221407  0.00171307  0.654821  0.154721  -0.215655  4
9100  102570  0.21913  0.00206079  0.655023  0.151634  -0.223498  4
9200  102759  0.217371  0.00223094  0.656009  0.154351  -0.179993  4
9300  103175  0.221514  0.00276549  0.655175  0.156033  -0.141544  4
9400  103082  0.220092  0.00271049  0.655983  0.161089  -0.0920782  4
9500  102482  0.217486  0.00309701  0.656327  0.158896  -0.116005  4
9600  103529  0.219035  0.00194439  0.654785  0.150103  -0.0991004  4
9700  102362  0.216935  0.00234517  0.65581  0.155422  -0.0643308  4
9800  103140  0.220559  0.00181443  0.657334  0.160194  -0.0333443  4
9900  102006  0.215719  0.00159997  0.65871  0.153732  -0.0541915  4
