t meta_n emi  mean_info  tr1  tr2  tr3  strategy
0  113728  0.100888  0.495547  0.900009  0.000809787  -5.24064e-05  4
100  102428  0.101087  0.229242  0.853286  0.0805796  -0.00597407  4
200  101909  0.151658  0.138808  0.781697  0.14911  0.00363097  4
300  101450  0.195063  0.0993682  0.728407  0.198778  -0.00501721  4
400  101721  0.213116  0.0857489  0.707219  0.22228  -0.0114531  4
500  101510  0.224024  0.0753505  0.702332  0.258097  -0.0149005  4
600  102390  0.230174  0.0718155  0.70208  0.281253  -0.0229436  4
700  101998  0.234602  0.0671977  0.696313  0.289966  -0.0457719  4
800  102678  0.239846  0.0654827  0.69729  0.305261  -0.0704135  4
900  102349  0.23074  0.0666818  0.701315  0.305346  -0.0947977  4
1000  101611  0.238901  0.0616159  0.696424  0.308494  -0.117321  4
1100  102556  0.235015  0.0622814  0.706697  0.328321  -0.111646  4
1200  102360  0.237887  0.0618962  0.707184  0.339158  -0.126933  4
1300  101674  0.233358  0.0594631  0.704556  0.331411  -0.153188  4
1400  102585  0.235313  0.0570889  0.710425  0.340404  -0.164709  4
1500  101389  0.229581  0.0555407  0.710086  0.328659  -0.202192  4
1600  102269  0.230068  0.0520752  0.707237  0.324936  -0.199002  4
1700  102622  0.237588  0.0547521  0.712444  0.344006  -0.265371  4
1800  101659  0.230035  0.0572228  0.715648  0.33846  -0.294886  4
1900  102879  0.227077  0.0555493  0.710377  0.318495  -0.258366  4
2000  102859  0.232191  0.0552352  0.709458  0.3299  -0.211629  4
2100  102291  0.233781  0.0512664  0.708341  0.33211  -0.209917  4
2200  102388  0.227004  0.0480912  0.71419  0.335431  -0.270442  4
2300  102585  0.227466  0.0482387  0.71719  0.341129  -0.277276  4
2400  102181  0.226758  0.0446792  0.710724  0.33169  -0.313553  4
2500  102326  0.22874  0.0436331  0.706492  0.331372  -0.308355  4
2600  102373  0.234277  0.041702  0.700108  0.312471  -0.316031  4
2700  102064  0.230669  0.0362151  0.692881  0.297485  -0.348763  4
2800  103098  0.233282  0.0356325  0.697006  0.298155  -0.293061  4
2900  102282  0.227483  0.0361017  0.69502  0.290319  -0.311376  4
3000  102428  0.218301  0.0361693  0.690851  0.269232  -0.307728  4
3100  101919  0.227732  0.0372468  0.687431  0.276214  -0.237475  4
3200  102882  0.229957  0.0393428  0.684935  0.275654  -0.265004  4
3300  102397  0.232464  0.0365482  0.687783  0.278236  -0.216775  4
3400  102110  0.229659  0.0327744  0.687854  0.277785  -0.244564  4
3500  103009  0.228142  0.0302751  0.684918  0.278134  -0.242768  4
3600  102430  0.226915  0.0306216  0.685306  0.274443  -0.275489  4
3700  102315  0.226182  0.0320263  0.68509  0.27223  -0.281309  4
3800  102762  0.226349  0.0298777  0.686319  0.284247  -0.303131  4
3900  102386  0.219849  0.0287014  0.689726  0.283433  -0.300857  4
4000  102543  0.221769  0.0267938  0.694724  0.287835  -0.304704  4
4100  102310  0.225942  0.0224  0.694974  0.2991  -0.28289  4
4200  102293  0.219675  0.0246373  0.694974  0.296859  -0.228277  4
4300  103055  0.225579  0.0261886  0.686499  0.279876  -0.254861  4
4400  101929  0.223427  0.0254101  0.682113  0.274579  -0.245743  4
4500  102980  0.224763  0.0269945  0.683433  0.268828  -0.219729  4
4600  101872  0.227307  0.0238123  0.68064  0.270863  -0.178173  4
4700  103005  0.225168  0.0216393  0.684533  0.272349  -0.154756  4
4800  103090  0.228225  0.0219979  0.686699  0.28104  -0.218863  4
4900  101931  0.226945  0.0223022  0.686031  0.28818  -0.184296  4
5000  103231  0.228233  0.0211124  0.684196  0.273278  -0.233619  4
5100  103481  0.227629  0.0196736  0.681748  0.269471  -0.174466  4
5200  102666  0.226212  0.0190423  0.679478  0.266626  -0.244287  4
5300  102644  0.226149  0.0203114  0.679756  0.255511  -0.252286  4
5400  103170  0.226633  0.0178044  0.676466  0.245663  -0.23617  4
5500  102415  0.221455  0.0177702  0.672283  0.229797  -0.1827  4
5600  102367  0.219122  0.0144788  0.670257  0.22551  -0.111853  4
5700  102480  0.224242  0.0128348  0.668441  0.226604  -0.130466  4
5800  103047  0.228273  0.0133886  0.66705  0.217584  -0.101962  4
5900  102655  0.230534  0.0131704  0.664461  0.211948  -0.0772924  4
6000  103038  0.22337  0.0121126  0.665522  0.211718  -0.0217055  4
6100  102469  0.221082  0.0128811  0.667097  0.214163  -0.0355177  4
6200  102533  0.225407  0.0129222  0.667009  0.216118  -0.0137795  4
6300  102256  0.223719  0.012596  0.669745  0.229595  -0.0374535  4
6400  102759  0.228349  0.00976936  0.67031  0.2225  -0.0595923  4
6500  102828  0.222822  0.0115474  0.668479  0.217566  -0.0604551  4
6600  102711  0.222791  0.0110109  0.668708  0.213312  -0.0611502  4
6700  102331  0.217562  0.0133153  0.669816  0.21153  -0.0674101  4
6800  102643  0.222925  0.0135747  0.670493  0.216467  -0.0439571  4
6900  102642  0.220783  0.0100465  0.670731  0.217657  -0.0596178  4
7000  102583  0.224857  0.00834629  0.668346  0.219352  0.0106921  4
7100  102609  0.224469  0.0103862  0.668195  0.219501  0.0760294  4
7200  103428  0.217878  0.00847506  0.670573  0.223686  0.138211  4
7300  102517  0.220931  0.0077829  0.671627  0.222302  0.142455  4
7400  103285  0.217204  0.00813688  0.673574  0.227485  0.120081  4
7500  101836  0.215543  0.00772764  0.672876  0.222858  0.0954312  4
7600  102652  0.218922  0.00656519  0.672188  0.229798  0.136741  4
7700  102608  0.218674  0.00656185  0.670011  0.220301  0.106491  4
7800  103669  0.219877  0.00646799  0.670587  0.209934  0.144965  4
7900  102549  0.216719  0.00579841  0.670365  0.207467  0.170004  4
8000  102672  0.214534  0.00538245  0.67297  0.206419  0.161742  4
8100  102586  0.21185  0.00467277  0.672444  0.206066  0.139259  4
8200  103640  0.21728  0.00534107  0.66818  0.194101  0.144258  4
8300  102525  0.217467  0.00515913  0.668936  0.192492  0.156595  4
8400  102748  0.217318  0.00442866  0.668165  0.184492  0.141535  4
8500  101844  0.21385  0.00482255  0.668257  0.19326  0.15618  4
8600  103398  0.216089  0.00610728  0.669447  0.201806  0.108453  4
8700  103541  0.218842  0.00594332  0.668392  0.2036  0.119921  4
8800  102467  0.212832  0.00543105  0.668187  0.202772  0.110434  4
8900  103008  0.216592  0.00458055  0.667813  0.200203  0.14338  4
9000  103168  0.21585  0.00475675  0.66668  0.199831  0.124661  4
9100  103682  0.218424  0.00482289  0.667398  0.195144  0.201591  4
9200  102762  0.219996  0.00524375  0.66678  0.194139  0.211157  4
9300  102776  0.217233  0.0045893  0.665654  0.191801  0.24151  4
9400  103273  0.214087  0.0031468  0.666637  0.193747  0.188717  4
9500  102926  0.216284  0.00285285  0.667357  0.197944  0.223864  4
9600  101986  0.21655  0.0023761  0.666837  0.201879  0.198641  4
9700  102704  0.214529  0.00251393  0.665383  0.198356  0.0982761  4
9800  103558  0.223243  0.00200225  0.664781  0.195135  0.101659  4
9900  103652  0.219792  0.00249335  0.665181  0.193133  0.0398815  4
