t meta_n emi  mean_info  tr1  tr2  tr3  strategy
0  113567  0.100136  0.489064  0.900056  0.000768537  0.000120464  4
100  101916  0.0988672  0.15514  0.849353  0.0754699  -0.00357156  4
200  102660  0.159681  0.0831797  0.771959  0.145138  -0.00779534  4
300  102104  0.190582  0.0618822  0.730686  0.18542  -0.0218413  4
400  102056  0.214748  0.0559486  0.70123  0.2095  -0.0164348  4
500  102485  0.222956  0.0526113  0.694157  0.222862  0.00876398  4
600  101938  0.229414  0.0475894  0.694479  0.25346  0.0140095  4
700  102421  0.231762  0.0450567  0.693135  0.267949  0.0316278  4
800  102256  0.236403  0.043457  0.687465  0.270001  0.0289581  4
900  101934  0.235542  0.0396117  0.690286  0.277954  0.0145555  4
1000  102694  0.239973  0.0416943  0.691843  0.290017  -0.00355438  4
1100  102112  0.231761  0.0440498  0.694071  0.294678  -0.0136365  4
1200  101692  0.235406  0.038578  0.694159  0.292533  -0.0283229  4
1300  102807  0.235928  0.0395328  0.690489  0.28974  -0.0253869  4
1400  102379  0.236005  0.037734  0.688002  0.282432  -0.0447864  4
1500  102088  0.232636  0.0336916  0.692108  0.290238  -0.0600713  4
1600  102377  0.22784  0.0337337  0.698031  0.300746  -0.0473784  4
1700  102288  0.229444  0.0314273  0.695634  0.301256  -0.00927595  4
1800  102284  0.229961  0.0318551  0.69168  0.2964  -0.0130955  4
1900  102637  0.234527  0.028926  0.694306  0.307544  0.00893703  4
2000  102614  0.241533  0.0293812  0.690092  0.307981  0.00637255  4
2100  101773  0.238543  0.030395  0.690364  0.317027  0.0163585  4
2200  101722  0.229438  0.0312013  0.691601  0.315736  0.0159002  4
2300  102114  0.240876  0.0290682  0.683092  0.304463  -0.00814881  4
2400  102701  0.241427  0.0293414  0.687407  0.307704  0.0198774  4
2500  101612  0.240174  0.0268951  0.690019  0.310871  0.0147541  4
2600  102525  0.23537  0.0253484  0.689844  0.305032  0.016973  4
2700  102463  0.238885  0.024316  0.683377  0.293274  0.0112057  4
2800  101861  0.238592  0.0237086  0.684277  0.299409  -0.010584  4
2900  102323  0.234652  0.0226158  0.685458  0.302192  -0.00469063  4
3000  101965  0.236028  0.0195093  0.679825  0.292917  -0.0482232  4
3100  102422  0.236444  0.0201335  0.682314  0.303357  -0.0922259  4
3200  101468  0.235937  0.0215671  0.678381  0.295886  -0.0490239  4
3300  102148  0.231293  0.0201222  0.682583  0.287526  -0.113504  4
3400  103136  0.231162  0.0155403  0.684767  0.288324  -0.0889431  4
3500  102924  0.232455  0.0182803  0.686657  0.300016  -0.0826961  4
3600  102972  0.229392  0.0194271  0.688601  0.300364  -0.118465  4
3700  102202  0.229883  0.0164404  0.685733  0.296351  -0.129229  4
3800  103162  0.231848  0.0157299  0.682814  0.288526  -0.139416  4
3900  102161  0.229194  0.0146298  0.684067  0.290391  -0.10606  4
4000  102113  0.229364  0.0147025  0.684131  0.287239  -0.164026  4
4100  102355  0.229644  0.0144733  0.68316  0.288328  -0.164112  4
4200  102248  0.231279  0.0155063  0.68519  0.298433  -0.140821  4
4300  102503  0.228783  0.0141468  0.684489  0.29665  -0.103959  4
4400  103298  0.231538  0.0151932  0.688315  0.306536  -0.151719  4
4500  102961  0.232764  0.0137588  0.681703  0.295131  -0.1916  4
4600  103082  0.233124  0.0127009  0.681728  0.302327  -0.193619  4
4700  103008  0.232617  0.0138675  0.67855  0.289718  -0.155688  4
4800  101650  0.231977  0.0140846  0.6786  0.293273  -0.128611  4
4900  102712  0.232077  0.0127402  0.680089  0.292745  -0.126873  4
5000  102281  0.233857  0.0114373  0.673459  0.287635  -0.13366  4
5100  102806  0.235704  0.0109614  0.671691  0.273081  -0.0798519  4
5200  102367  0.22791  0.0108492  0.672684  0.261826  -0.0513795  4
5300  102960  0.229543  0.00960943  0.671785  0.263938  -0.0271813  4
5400  101583  0.228219  0.00947869  0.671307  0.261749  -0.04162  4
5500  102340  0.228915  0.00967872  0.670844  0.252384  -0.0482319  4
5600  102386  0.226687  0.00944015  0.670799  0.247975  -0.0368788  4
5700  102948  0.228014  0.010039  0.67  0.246718  -0.0447877  4
5800  102961  0.224245  0.00897255  0.673635  0.253048  -0.033638  4
5900  102029  0.224171  0.00803478  0.668609  0.245131  -0.0264454  4
6000  103118  0.227197  0.00744934  0.669216  0.24422  -0.0225758  4
6100  102946  0.226109  0.00697548  0.668907  0.238426  0.00243772  4
6200  103162  0.230918  0.00653237  0.670722  0.244067  0.000895807  4
6300  102582  0.224627  0.00673349  0.669074  0.23853  -0.00704554  4
6400  102670  0.226978  0.00735602  0.670535  0.236663  -0.0299139  4
6500  102537  0.220728  0.00665943  0.670829  0.229986  -0.0119856  4
6600  101991  0.224945  0.00647181  0.666908  0.221527  -0.0773831  4
6700  102659  0.217421  0.00534458  0.670492  0.225167  -0.104335  4
6800  103720  0.22832  0.00671707  0.667052  0.222456  -0.0917389  4
6900  102672  0.22189  0.00564175  0.667004  0.219934  -0.0809653  4
7000  102938  0.227648  0.00559075  0.668931  0.231118  -0.0921848  4
7100  102107  0.218581  0.00494997  0.667809  0.225603  -0.106697  4
7200  102505  0.222208  0.00540962  0.665517  0.216648  -0.127957  4
7300  102740  0.224579  0.0051145  0.664371  0.210986  -0.110782  4
7400  102685  0.223252  0.00351877  0.666295  0.223446  -0.0882842  4
7500  102910  0.222697  0.00464448  0.664057  0.213873  -0.0627443  4
7600  102744  0.225763  0.00310158  0.665573  0.211859  -0.0265606  4
7700  103115  0.222389  0.00319092  0.664565  0.205153  -0.0354798  4
7800  103345  0.226302  0.00280805  0.664757  0.20867  -0.033283  4
7900  102529  0.226863  0.003042  0.664221  0.209001  0.00315963  4
8000  103089  0.221406  0.00368741  0.662287  0.202842  0.0478439  4
8100  103120  0.223306  0.00353792  0.659812  0.196125  0.047855  4
8200  102984  0.225602  0.0034038  0.659487  0.200299  0.0244533  4
8300  102885  0.22489  0.00292592  0.655813  0.189708  0.0931931  4
8400  103043  0.226222  0.00244288  0.655934  0.184346  0.0753184  4
8500  102026  0.223153  0.00245874  0.655264  0.186122  0.0761242  4
8600  103239  0.227477  0.00289503  0.653423  0.185357  0.0717586  4
8700  102538  0.222997  0.00354424  0.65388  0.185205  0.0610056  4
8800  102851  0.226715  0.00204086  0.654144  0.189318  0.0838792  4
8900  103347  0.230611  0.00253177  0.654711  0.193227  0.0769721  4
9000  102862  0.224321  0.00143204  0.657961  0.20055  0.076198  4
9100  102497  0.224  0.00206213  0.657228  0.200815  0.0877448  4
9200  102240  0.228802  0.00217769  0.65617  0.194995  0.123858  4
9300  102677  0.222501  0.00201354  0.65599  0.197078  0.166602  4
9400  102360  0.226817  0.00125697  0.653956  0.19714  0.216165  4
9500  103072  0.223192  0.0018449  0.653957  0.202735  0.233615  4
9600  102100  0.229473  0.00117609  0.652811  0.198908  0.267939  4
9700  102606  0.22707  0.00212966  0.653666  0.199619  0.259839  4
9800  101959  0.225041  0.00247932  0.655095  0.203553  0.223206  4
9900  102082  0.230647  0.00163472  0.654917  0.204535  0.25805  4
