t meta_n emi  mean_info  tr1  tr2  tr3  strategy
0  115858  0.100624  0.497864  0.900093  0.000882574  -3.69762e-05  4
100  104301  0.111341  0.489884  0.854156  0.0789638  -0.00902187  4
200  104310  0.157624  0.463356  0.790172  0.148488  -0.0134558  4
300  103916  0.190882  0.419198  0.758093  0.212715  -0.00719533  4
400  103253  0.19846  0.390781  0.750241  0.243025  -0.00536189  4
500  102794  0.198601  0.376764  0.753515  0.278685  0.00293129  4
600  103492  0.205141  0.368709  0.756486  0.30525  -0.0203962  4
700  103245  0.213235  0.360187  0.757121  0.329885  -0.027168  4
800  102627  0.211602  0.359552  0.758825  0.349125  -0.0270118  4
900  104570  0.21578  0.337226  0.762332  0.366175  -0.0304148  4
1000  104118  0.214465  0.33934  0.766395  0.382816  -0.0355612  4
1100  103092  0.212284  0.323896  0.773492  0.404772  -0.0651712  4
1200  103524  0.219075  0.325358  0.783821  0.434917  -0.0498079  4
1300  103555  0.21352  0.311297  0.790713  0.450042  -0.0561996  4
1400  104078  0.208747  0.317734  0.799725  0.472847  -0.0541278  4
1500  104124  0.212476  0.313892  0.799621  0.48187  -0.0769592  4
1600  103489  0.207329  0.321981  0.802718  0.475975  -0.104685  4
1700  104279  0.209858  0.320316  0.809388  0.496495  -0.095699  4
1800  103597  0.211463  0.323129  0.817447  0.528552  -0.120678  4
1900  103947  0.213395  0.310984  0.818396  0.530399  -0.0869884  4
2000  104162  0.211029  0.312904  0.823081  0.540681  -0.0979627  4
2100  104167  0.218717  0.312728  0.823526  0.557475  -0.112538  4
2200  102596  0.209676  0.317225  0.833125  0.577648  -0.079165  4
2300  104466  0.20974  0.313917  0.837769  0.588835  -0.0580198  4
2400  103489  0.214662  0.309005  0.841931  0.606458  -0.0719042  4
2500  103697  0.210393  0.310483  0.85511  0.6308  -0.0730226  4
2600  103766  0.210984  0.310385  0.859992  0.648608  -0.080155  4
2700  103907  0.209442  0.315363  0.868122  0.67572  -0.114578  4
2800  104023  0.21232  0.312583  0.868246  0.68196  -0.094588  4
2900  104275  0.215481  0.305017  0.876035  0.695967  -0.124692  4
3000  103103  0.208058  0.302394  0.882763  0.716792  -0.128226  4
3100  103926  0.207091  0.300303  0.891235  0.730172  -0.0894992  4
3200  104398  0.204445  0.291957  0.892562  0.729862  -0.07765  4
3300  104648  0.20927  0.286486  0.89611  0.73923  -0.074633  4
3400  103574  0.206613  0.290073  0.893922  0.73521  -0.0764064  4
3500  104474  0.209464  0.291623  0.901306  0.743226  -0.0385154  4
3600  104450  0.206096  0.292887  0.910204  0.767769  -0.027094  4
3700  103845  0.200895  0.283735  0.916518  0.780103  -0.0437698  4
3800  103965  0.201322  0.288529  0.919768  0.786009  -0.0344323  4
3900  104671  0.201238  0.291193  0.926654  0.798968  -0.0189902  4
4000  103596  0.199411  0.28842  0.929815  0.807066  -0.034042  4
4100  104443  0.202161  0.289359  0.928842  0.806743  0.0108827  4
4200  104898  0.202208  0.288592  0.931859  0.814397  0.0135655  4
4300  105421  0.206799  0.286611  0.939665  0.835615  -0.0162046  4
4400  104892  0.200276  0.285816  0.950547  0.852596  -0.049954  4
4500  104099  0.191692  0.277923  0.951952  0.857383  -0.0368929  4
4600  103898  0.201676  0.271836  0.95501  0.865654  -0.0406097  4
4700  104276  0.204211  0.277314  0.955793  0.872572  -0.0386258  4
4800  104233  0.203262  0.278992  0.96289  0.89213  -0.045557  4
4900  103443  0.201901  0.279607  0.970517  0.907069  -0.0571779  4
5000  104023  0.211062  0.276509  0.967669  0.899438  -0.045923  4
5100  104189  0.208264  0.274397  0.970756  0.908593  0.0109048  4
5200  104538  0.204024  0.273554  0.971414  0.90986  0.0162018  4
5300  103972  0.206082  0.275905  0.973453  0.915372  -0.00219537  4
5400  104148  0.205865  0.267226  0.97541  0.918783  0.0029891  4
5500  104890  0.208982  0.26727  0.977156  0.925065  -0.0108927  4
5600  104409  0.2055  0.264534  0.982522  0.932058  0.00512911  4
5700  103263  0.197497  0.268591  0.987737  0.939635  0.00929821  4
5800  104085  0.200021  0.271855  0.991289  0.944216  -0.00904909  4
5900  104013  0.200663  0.266475  0.993078  0.948271  -0.0060982  4
6000  104881  0.206481  0.272518  0.993108  0.950105  -0.0168889  4
6100  104049  0.195387  0.267793  0.993752  0.948239  -0.00943664  4
6200  104565  0.206502  0.273831  0.992226  0.945155  0.0109792  4
6300  103271  0.191468  0.277163  0.989839  0.940833  0.0207778  4
6400  104839  0.202841  0.282844  0.989749  0.941032  0.0349657  4
6500  103982  0.204353  0.278854  0.993292  0.946597  0.038482  4
6600  103775  0.203945  0.278111  0.994033  0.948906  0.0712671  4
6700  104699  0.206099  0.273509  0.996187  0.950747  0.0572074  4
6800  104605  0.213337  0.270639  0.996128  0.949111  0.0501283  4
6900  104533  0.20204  0.273366  0.997347  0.948088  0.0490401  4
7000  104803  0.204659  0.268675  0.998464  0.951833  0.0387418  4
7100  104792  0.205073  0.26759  0.996848  0.951404  0.0304852  4
7200  103774  0.196693  0.267689  0.994665  0.944642  0.0130358  4
7300  104622  0.202887  0.272201  0.997419  0.949606  0.0119084  4
7400  103815  0.199181  0.275068  0.997611  0.947896  0.0413946  4
7500  105036  0.193161  0.278122  0.999398  0.946761  0.0500361  4
7600  104020  0.196987  0.276968  0.998907  0.943535  0.0218607  4
7700  104431  0.19743  0.277302  0.998876  0.946528  0.0373809  4
7800  103804  0.18924  0.266255  0.994743  0.937496  0.0481305  4
7900  103292  0.194252  0.273573  0.999322  0.952132  0.0344045  4
8000  105206  0.208668  0.274785  0.99945  0.956953  0.0223251  4
8100  104473  0.204273  0.278987  0.998519  0.952545  0.0245462  4
8200  103876  0.200763  0.27506  0.996901  0.949872  0.0535785  4
8300  103794  0.196306  0.278417  1.00092  0.951514  0.0760084  4
8400  104294  0.194153  0.275432  1.00125  0.953972  0.111349  4
8500  104935  0.200308  0.27637  0.999415  0.948579  0.158456  4
8600  104154  0.195558  0.284721  1.00309  0.961439  0.150729  4
8700  105080  0.202758  0.285524  1.00541  0.964569  0.159956  4
8800  104830  0.207396  0.280718  1.00416  0.965225  0.163363  4
8900  103955  0.191212  0.280537  1.00609  0.967793  0.167078  4
9000  103798  0.203572  0.280424  1.00447  0.961372  0.175407  4
9100  103512  0.19296  0.282574  1.00575  0.964727  0.150456  4
9200  105043  0.209634  0.282542  1.00487  0.96848  0.179309  4
9300  104261  0.200693  0.28343  1.00799  0.976406  0.195371  4
9400  105298  0.198875  0.279658  1.00745  0.974565  0.213799  4
9500  104138  0.206885  0.281527  1.00719  0.974607  0.205842  4
9600  104792  0.199787  0.283946  1.00998  0.981337  0.20088  4
9700  104278  0.210489  0.280942  1.01096  0.982887  0.209611  4
9800  104288  0.206101  0.282955  1.01143  0.984072  0.203416  4
9900  104293  0.194497  0.283567  1.01146  0.982652  0.210888  4
