t meta_n emi  mean_info  tr1  tr2  tr3  strategy
0  117158  0.100616  0.497872  0.900032  0.000810672  -1.81695e-05  4
100  105256  0.115324  0.513944  0.856806  0.0848656  0.00104322  4
200  104049  0.15528  0.511581  0.795878  0.146711  0.00287544  4
300  104117  0.180356  0.487433  0.770419  0.205449  -0.00279055  4
400  104430  0.197981  0.461785  0.758997  0.249826  -0.00190723  4
500  103971  0.209723  0.445547  0.760079  0.282502  0.00410431  4
600  103668  0.204868  0.436589  0.762742  0.306548  -0.0253786  4
700  103447  0.204004  0.422462  0.765991  0.334712  -0.00466443  4
800  103983  0.213553  0.427643  0.768328  0.350886  -0.0125646  4
900  103476  0.208217  0.427401  0.778683  0.381831  -0.0376786  4
1000  103653  0.214577  0.423213  0.777049  0.395481  -0.0364137  4
1100  103445  0.211128  0.404592  0.787721  0.423314  -0.0109467  4
1200  104218  0.211011  0.395038  0.78923  0.432959  -0.00110062  4
1300  104713  0.216546  0.391327  0.79912  0.456573  -0.0152292  4
1400  104306  0.201412  0.388379  0.810516  0.475392  0.00608323  4
1500  104166  0.202647  0.373153  0.807962  0.481878  -0.0337607  4
1600  103968  0.205326  0.375338  0.811356  0.486126  -0.0258238  4
1700  104571  0.206154  0.378213  0.811374  0.498122  -0.015509  4
1800  104233  0.20347  0.382448  0.810688  0.493766  -0.020755  4
1900  103157  0.206418  0.377427  0.8113  0.498435  -0.0326299  4
2000  104014  0.209779  0.364545  0.816415  0.521748  0.0373243  4
2100  103940  0.208343  0.370767  0.820709  0.529963  0.0273221  4
2200  104106  0.204443  0.358497  0.824969  0.529724  -0.0166577  4
2300  104535  0.20619  0.351474  0.823292  0.534136  -0.0178972  4
2400  104994  0.205217  0.355751  0.832468  0.546906  7.6035e-05  4
2500  104725  0.203822  0.355189  0.830685  0.556791  -0.00140436  4
2600  103563  0.203263  0.352792  0.839339  0.581596  -0.0286689  4
2700  104777  0.205868  0.360554  0.840048  0.592092  -0.012761  4
2800  104900  0.207201  0.341373  0.844447  0.605105  0.00921666  4
2900  103429  0.203784  0.34126  0.853112  0.629819  0.0462343  4
3000  104191  0.202891  0.341282  0.867922  0.65996  0.10501  4
3100  105051  0.206628  0.341232  0.872544  0.675198  0.137937  4
3200  104766  0.200994  0.344382  0.881755  0.685543  0.168093  4
3300  104226  0.197425  0.343262  0.88873  0.694043  0.183887  4
3400  105014  0.204776  0.331528  0.896549  0.720709  0.217354  4
3500  103961  0.203741  0.334306  0.906564  0.746096  0.229835  4
3600  104767  0.202684  0.333099  0.908794  0.749631  0.22296  4
3700  104919  0.20092  0.325447  0.914006  0.762599  0.219687  4
3800  103855  0.199891  0.326026  0.917355  0.768463  0.201642  4
3900  104397  0.201559  0.322811  0.920818  0.777469  0.218317  4
4000  104741  0.20214  0.328683  0.928285  0.794723  0.260368  4
4100  104417  0.188783  0.333023  0.931221  0.798763  0.259736  4
4200  103629  0.194066  0.329068  0.930349  0.797443  0.257194  4
4300  103654  0.194056  0.332551  0.932578  0.802595  0.226765  4
4400  104782  0.191596  0.328707  0.933558  0.805078  0.234607  4
4500  104565  0.195159  0.323566  0.946497  0.832477  0.248982  4
4600  104314  0.195467  0.332661  0.950002  0.847047  0.275045  4
4700  104317  0.192644  0.331097  0.95239  0.851029  0.290793  4
4800  104979  0.194223  0.322447  0.956098  0.853576  0.267786  4
4900  104348  0.192132  0.318736  0.957939  0.86128  0.269777  4
5000  104371  0.19099  0.325398  0.961098  0.870177  0.283089  4
5100  104585  0.192383  0.332303  0.963508  0.876187  0.278726  4
5200  104857  0.201068  0.328421  0.962551  0.873874  0.265358  4
5300  104707  0.196567  0.322592  0.962294  0.871765  0.262158  4
5400  104619  0.19358  0.324913  0.968258  0.887835  0.331815  4
5500  105389  0.20298  0.312413  0.966785  0.883812  0.365628  4
5600  104865  0.195215  0.308322  0.969477  0.892242  0.392196  4
5700  105036  0.195671  0.310189  0.978519  0.913021  0.406859  4
5800  104533  0.195491  0.304009  0.979547  0.913546  0.413409  4
5900  103873  0.190489  0.309207  0.986475  0.923895  0.40395  4
6000  104932  0.193888  0.313531  0.98703  0.925674  0.400661  4
6100  104306  0.193913  0.314142  0.991736  0.936164  0.398806  4
6200  104024  0.188878  0.308788  0.987722  0.924184  0.407445  4
6300  105657  0.194227  0.30494  0.988093  0.927174  0.456098  4
6400  104706  0.189983  0.313566  0.988707  0.928688  0.533256  4
6500  104855  0.181581  0.320744  0.989847  0.930612  0.588997  4
6600  104414  0.194792  0.315734  0.99437  0.937301  0.608056  4
6700  104594  0.189855  0.304599  0.999866  0.949594  0.623935  4
6800  104769  0.19433  0.307651  1.00382  0.957427  0.666448  4
6900  104455  0.190608  0.307393  1.00553  0.959999  0.660601  4
7000  105306  0.198503  0.307494  1.00495  0.960974  0.627005  4
7100  103726  0.187198  0.305037  1.00707  0.965558  0.648654  4
7200  104610  0.191115  0.304376  1.0054  0.961083  0.682573  4
7300  104883  0.201244  0.305702  1.00529  0.962366  0.666857  4
7400  104000  0.188008  0.305381  1.00756  0.968201  0.649426  4
7500  104413  0.191042  0.306129  1.00978  0.969428  0.642506  4
7600  104015  0.191944  0.303009  1.01169  0.972732  0.599668  4
7700  104109  0.187777  0.303709  1.01202  0.970801  0.600836  4
7800  104275  0.194187  0.302465  1.0145  0.975882  0.624133  4
7900  104936  0.191019  0.307347  1.01542  0.976987  0.61646  4
8000  104645  0.194658  0.300972  1.01463  0.975985  0.602907  4
8100  104687  0.189707  0.301078  1.01756  0.978854  0.574133  4
8200  104667  0.192633  0.302843  1.01852  0.984902  0.568266  4
8300  104544  0.201002  0.301509  1.02126  0.987568  0.58761  4
8400  104520  0.192003  0.301615  1.02224  0.98819  0.592934  4
8500  104926  0.197209  0.299263  1.02097  0.988826  0.575676  4
8600  105252  0.194017  0.300461  1.02043  0.989864  0.600427  4
8700  105129  0.199275  0.298637  1.02147  0.991864  0.648843  4
8800  104545  0.199607  0.296419  1.02174  0.991037  0.672028  4
8900  104193  0.187781  0.296527  1.02147  0.992147  0.721778  4
9000  104351  0.200832  0.295632  1.01961  0.990548  0.71699  4
9100  103983  0.193305  0.295682  1.02009  0.989477  0.732609  4
9200  105094  0.196553  0.298004  1.02135  0.99191  0.734538  4
9300  104824  0.198494  0.296075  1.02231  0.993168  0.736735  4
9400  104455  0.193568  0.293371  1.0223  0.992643  0.725531  4
9500  105048  0.190861  0.30001  1.0231  0.993099  0.674322  4
9600  104060  0.196507  0.29635  1.02352  0.99408  0.682831  4
9700  105393  0.201997  0.297162  1.02291  0.993687  0.620986  4
9800  105208  0.200059  0.302141  1.02436  0.99509  0.616102  4
9900  104521  0.196777  0.299872  1.02511  0.995804  0.593953  4
