t meta_n emi  mean_info  tr1  tr2  tr3  strategy
0  116107  0.09936  0.499995  0.900079  0.000718306  2.1182e-05  4
100  103736  0.111922  0.406976  0.852781  0.0802958  -0.00792508  4
200  103650  0.158413  0.352141  0.789527  0.161333  -0.0142659  4
300  103063  0.188854  0.301342  0.756788  0.224496  -0.0204728  4
400  103035  0.198051  0.26726  0.741395  0.243166  -0.0276948  4
500  102699  0.21557  0.246998  0.732038  0.2809  -0.0181803  4
600  103737  0.220763  0.221553  0.733039  0.315546  -0.037605  4
700  102686  0.22137  0.204556  0.738239  0.343648  -0.0601455  4
800  103907  0.227672  0.206068  0.741836  0.362163  -0.0307784  4
900  103856  0.227236  0.217419  0.750911  0.387681  -0.0564806  4
1000  102941  0.228892  0.209253  0.747482  0.391434  -0.0291707  4
1100  103253  0.22712  0.202247  0.752264  0.399221  -0.0169293  4
1200  102376  0.22516  0.19711  0.754853  0.413102  -0.0404702  4
1300  102452  0.218043  0.193688  0.757164  0.415021  -0.0122755  4
1400  103542  0.225744  0.198991  0.764167  0.425694  -0.0199785  4
1500  104009  0.229097  0.205782  0.763921  0.437414  0.0139535  4
1600  103879  0.235273  0.207838  0.771253  0.4599  0.0681712  4
1700  103325  0.232125  0.205686  0.775559  0.465423  0.0678392  4
1800  102702  0.223927  0.203274  0.781869  0.475222  0.045192  4
1900  103863  0.223537  0.213512  0.787015  0.476498  0.0268824  4
2000  103166  0.217862  0.203546  0.787416  0.489332  -0.00447492  4
2100  103648  0.227797  0.199333  0.787575  0.492712  -0.0132521  4
2200  104029  0.224825  0.204086  0.795921  0.501745  -0.0123321  4
2300  103532  0.222639  0.206879  0.804521  0.525264  -0.00301407  4
2400  102473  0.209974  0.208383  0.81697  0.546074  -0.00575031  4
2500  102984  0.209  0.213015  0.830271  0.579463  0.0235488  4
2600  104116  0.216947  0.218425  0.831777  0.582117  0.0536632  4
2700  103740  0.214962  0.21522  0.83064  0.5838  0.0461202  4
2800  103957  0.210535  0.205531  0.829476  0.574855  0.092987  4
2900  103625  0.215897  0.195463  0.823927  0.57178  0.119683  4
3000  103620  0.220725  0.204304  0.828147  0.5848  0.134635  4
3100  103473  0.214598  0.210894  0.830766  0.58184  0.0631009  4
3200  102258  0.215261  0.213137  0.841597  0.610444  0.056999  4
3300  103482  0.215179  0.205623  0.843853  0.60972  0.0753852  4
3400  103619  0.20945  0.212242  0.85189  0.618264  0.094437  4
3500  102787  0.204868  0.216661  0.861361  0.639316  0.0357338  4
3600  103468  0.211025  0.207414  0.867786  0.652505  0.0936723  4
3700  103576  0.210042  0.209648  0.867788  0.66394  0.104764  4
3800  103849  0.212144  0.213214  0.872389  0.67386  0.117137  4
3900  103236  0.212806  0.203989  0.877979  0.685312  0.11162  4
4000  103566  0.211932  0.204501  0.878813  0.688705  0.0436098  4
4100  103910  0.215102  0.214257  0.884177  0.697515  0.055633  4
4200  103499  0.207748  0.22337  0.898109  0.717742  0.0645272  4
4300  104156  0.210569  0.223595  0.892857  0.714958  -0.00779836  4
4400  103891  0.212392  0.218161  0.90314  0.745753  -0.103712  4
4500  103808  0.203231  0.217933  0.903936  0.750314  -0.097237  4
4600  103966  0.208674  0.210573  0.902537  0.741367  -0.0708546  4
4700  103642  0.202621  0.212824  0.907846  0.751318  -0.138163  4
4800  103208  0.206784  0.20315  0.909247  0.755959  -0.11444  4
4900  104424  0.209678  0.20708  0.900754  0.733809  -0.115836  4
5000  103305  0.208341  0.214404  0.90656  0.750698  -0.106417  4
5100  102846  0.21308  0.215847  0.908726  0.753451  -0.104177  4
5200  103906  0.214058  0.216848  0.917197  0.771397  -0.13137  4
5300  103681  0.21088  0.209455  0.914622  0.760607  -0.128443  4
5400  103527  0.212363  0.207064  0.91221  0.754516  -0.15884  4
5500  104422  0.208825  0.201459  0.912898  0.753775  -0.177126  4
5600  103697  0.206217  0.197643  0.912862  0.760779  -0.191338  4
5700  103702  0.206912  0.201313  0.910742  0.755392  -0.219468  4
5800  104780  0.207511  0.199444  0.912062  0.749396  -0.206859  4
5900  103370  0.202255  0.209004  0.914431  0.756881  -0.223373  4
6000  104035  0.20299  0.194348  0.913454  0.747649  -0.22883  4
6100  104049  0.205815  0.207016  0.919362  0.764937  -0.197348  4
6200  103085  0.208226  0.207546  0.911512  0.747722  -0.161381  4
6300  104158  0.217736  0.198525  0.907302  0.736677  -0.151778  4
6400  105070  0.213378  0.200961  0.902619  0.72667  -0.147292  4
6500  102936  0.214216  0.198553  0.898743  0.721657  -0.102845  4
6600  103704  0.209142  0.194595  0.90845  0.740822  -0.0909578  4
6700  103220  0.209939  0.192189  0.907428  0.744035  -0.047601  4
6800  103964  0.212232  0.193254  0.908471  0.74499  -0.022715  4
6900  103857  0.209504  0.198323  0.916441  0.760009  -0.044799  4
7000  105089  0.215211  0.193285  0.913388  0.750952  -0.074112  4
7100  103019  0.203091  0.200825  0.917437  0.766542  -0.065451  4
7200  103799  0.215417  0.197766  0.920563  0.778813  -0.0423013  4
7300  104221  0.209394  0.19643  0.919207  0.772556  -0.043389  4
7400  104124  0.203084  0.200187  0.921288  0.773344  -0.0374793  4
7500  103944  0.212633  0.206554  0.92977  0.796529  -0.0605689  4
7600  103153  0.213053  0.20596  0.929855  0.795121  -0.0780039  4
7700  103496  0.21502  0.208585  0.935052  0.803551  -0.0951188  4
7800  103458  0.208345  0.212568  0.942454  0.823392  -0.129585  4
7900  104059  0.214132  0.211502  0.946308  0.836211  -0.144596  4
8000  104383  0.211674  0.206281  0.952552  0.85223  -0.238959  4
8100  104422  0.210737  0.204436  0.953192  0.852625  -0.27699  4
8200  103735  0.207743  0.211678  0.949295  0.845354  -0.320555  4
8300  104812  0.212645  0.206373  0.948656  0.840462  -0.316805  4
8400  103884  0.208531  0.204334  0.950279  0.844251  -0.318372  4
8500  103044  0.210078  0.204954  0.950111  0.849308  -0.313717  4
8600  104077  0.198069  0.205062  0.951008  0.845944  -0.294714  4
8700  104272  0.209812  0.198049  0.948114  0.838809  -0.289709  4
8800  104417  0.216758  0.197953  0.941886  0.825921  -0.266588  4
8900  104000  0.213702  0.188411  0.937547  0.812384  -0.237405  4
9000  102860  0.21002  0.194258  0.939675  0.8221  -0.220055  4
9100  104765  0.207308  0.198268  0.942184  0.827456  -0.211475  4
9200  104102  0.207932  0.196838  0.941578  0.826376  -0.213716  4
9300  104512  0.216738  0.194647  0.943024  0.830518  -0.197168  4
9400  103564  0.212354  0.197137  0.950626  0.847484  -0.209528  4
9500  104507  0.20919  0.195977  0.952905  0.852727  -0.178995  4
9600  103863  0.218176  0.200258  0.95391  0.855971  -0.158234  4
9700  103768  0.210196  0.199115  0.956086  0.85973  -0.161362  4
9800  104972  0.216554  0.204565  0.956849  0.863858  -0.141121  4
9900  103906  0.210707  0.205434  0.960703  0.872151  -0.131707  4
