t meta_n emi  mean_info  tr1  tr2  tr3  strategy
0  114214  0.100504  0.495263  0.899974  0.000796511  -0.000120655  4
100  102252  0.110697  0.298012  0.844237  0.0803346  0.00417585  4
200  102484  0.166232  0.183675  0.765523  0.150845  0.00578714  4
300  102302  0.193222  0.143107  0.729302  0.208675  -0.00943084  4
400  101518  0.216794  0.111959  0.714842  0.24701  -0.00577299  4
500  101251  0.214791  0.106579  0.709554  0.263781  0.0150378  4
600  101634  0.215999  0.0994332  0.715954  0.287479  0.0347524  4
700  102540  0.230335  0.100234  0.711952  0.307949  0.0395691  4
800  102045  0.227843  0.0985677  0.706943  0.302816  0.0564102  4
900  102633  0.231885  0.098107  0.706486  0.304153  0.0298006  4
1000  102111  0.235513  0.0908458  0.707209  0.31261  0.0274165  4
1100  103188  0.232251  0.089549  0.7121  0.320025  -0.0160239  4
1200  102465  0.234498  0.0894233  0.711731  0.343162  -0.0165319  4
1300  102981  0.234832  0.0904742  0.710261  0.340264  -0.00425627  4
1400  101397  0.232889  0.083115  0.717119  0.348127  -0.0166459  4
1500  102835  0.235706  0.0839471  0.715166  0.351419  -0.0439297  4
1600  102508  0.23258  0.0840656  0.718611  0.358925  -0.0658051  4
1700  102843  0.235458  0.0802981  0.723315  0.3725  -0.0529916  4
1800  102138  0.236674  0.0726941  0.720267  0.374385  -0.0607622  4
1900  102568  0.232992  0.0717957  0.722807  0.371101  -0.0961169  4
2000  101849  0.229665  0.075832  0.722251  0.378513  -0.106024  4
2100  103069  0.233441  0.075531  0.725166  0.383136  -0.135982  4
2200  102611  0.22997  0.0716645  0.723975  0.374216  -0.171538  4
2300  102675  0.229853  0.070133  0.718037  0.345778  -0.117616  4
2400  102223  0.23171  0.0658613  0.716826  0.347057  -0.123827  4
2500  102351  0.229328  0.0690803  0.711105  0.331063  -0.0968232  4
2600  101562  0.22618  0.0682407  0.711109  0.331201  -0.093503  4
2700  102605  0.230161  0.0613985  0.709719  0.330328  -0.0767551  4
2800  102468  0.228915  0.0577171  0.710389  0.337341  -0.117366  4
2900  102840  0.225825  0.0605832  0.714181  0.336497  -0.148171  4
3000  102599  0.22151  0.0609586  0.712169  0.31607  -0.188987  4
3100  103158  0.21932  0.061064  0.71269  0.311172  -0.130911  4
3200  102458  0.223775  0.0651476  0.710752  0.310053  -0.126598  4
3300  103610  0.228429  0.0611016  0.714817  0.323683  -0.127058  4
3400  103078  0.217492  0.0639862  0.723839  0.346045  -0.13787  4
3500  101830  0.216546  0.0657271  0.727054  0.356912  -0.134958  4
3600  103469  0.226764  0.0633519  0.727935  0.378096  -0.113064  4
3700  103342  0.227637  0.0612908  0.725157  0.362382  -0.0617839  4
3800  102566  0.218945  0.0638567  0.717731  0.34731  -0.00759175  4
3900  102457  0.222593  0.0637096  0.715736  0.338151  0.0177185  4
4000  103342  0.229771  0.0582668  0.705181  0.311473  0.00474871  4
4100  102459  0.226982  0.0573486  0.703748  0.312595  0.00561103  4
4200  102977  0.230703  0.0527795  0.702953  0.315782  0.0120657  4
4300  103026  0.229273  0.0482358  0.697029  0.306489  -0.0233008  4
4400  102853  0.234298  0.0501696  0.696131  0.31283  0.0438466  4
4500  102429  0.232223  0.0512324  0.697393  0.306309  0.078326  4
4600  103256  0.231664  0.0495223  0.694994  0.299475  0.117142  4
4700  101968  0.230361  0.0511619  0.695005  0.295467  0.138407  4
4800  102772  0.225636  0.0504103  0.695874  0.295916  0.113574  4
4900  102694  0.22877  0.0429371  0.691514  0.273303  0.0646262  4
5000  103391  0.226171  0.041792  0.68799  0.267204  0.035738  4
5100  102433  0.226845  0.0508039  0.696039  0.277506  0.035174  4
5200  101428  0.225614  0.0460984  0.694838  0.269788  0.0150215  4
5300  102158  0.224266  0.0462108  0.697436  0.274466  -0.0179785  4
5400  102180  0.229296  0.0452936  0.691293  0.260351  -0.0672579  4
5500  102809  0.227587  0.0444937  0.694141  0.262077  -0.0741003  4
5600  102831  0.224633  0.0429044  0.693622  0.265446  -0.103869  4
5700  103065  0.23027  0.0493851  0.693927  0.278374  -0.147426  4
5800  102702  0.233926  0.0517942  0.687537  0.265649  -0.116  4
5900  103486  0.233357  0.0542994  0.687661  0.268264  -0.122021  4
6000  103117  0.231145  0.0502207  0.684166  0.262441  -0.134027  4
6100  103259  0.234358  0.0414714  0.678641  0.253031  -0.124654  4
6200  102373  0.237395  0.0452374  0.679957  0.259291  -0.108477  4
6300  103689  0.238772  0.0434979  0.67827  0.260297  -0.100383  4
6400  102946  0.232837  0.0385893  0.67498  0.248786  -0.0981668  4
6500  102769  0.235619  0.0369412  0.67374  0.237424  -0.0839632  4
6600  103177  0.236349  0.0376531  0.674835  0.233452  -0.109257  4
6700  101836  0.230785  0.0371452  0.676565  0.233245  -0.0806716  4
6800  102934  0.230534  0.0306817  0.677687  0.232092  -0.0713828  4
6900  102537  0.227658  0.0356159  0.681563  0.243268  -0.0579605  4
7000  103459  0.22831  0.0411907  0.686621  0.264004  -0.116769  4
7100  103420  0.234481  0.0434452  0.686066  0.259935  -0.16446  4
7200  102371  0.236775  0.0388767  0.680592  0.244823  -0.128706  4
7300  102545  0.229418  0.0429184  0.680212  0.237092  -0.111173  4
7400  103611  0.23613  0.0486157  0.681764  0.241914  -0.125622  4
7500  102995  0.236211  0.0408043  0.670917  0.20764  -0.073212  4
7600  103277  0.230666  0.0387608  0.670802  0.205652  -0.016001  4
7700  102778  0.229221  0.0356558  0.663535  0.176237  0.0263781  4
7800  102901  0.229003  0.0335488  0.661988  0.168798  -0.00826651  4
7900  102275  0.22638  0.0296221  0.657715  0.157735  -0.0166703  4
8000  102839  0.226554  0.0285391  0.658658  0.156995  0.0117305  4
8100  102208  0.226611  0.0342108  0.660111  0.165833  0.00708219  4
8200  102724  0.230618  0.0388161  0.664512  0.17643  0.00277519  4
8300  102601  0.232476  0.0330539  0.658873  0.167157  0.0641926  4
8400  101974  0.233525  0.0381199  0.659396  0.170238  0.0583596  4
8500  102224  0.226268  0.0381803  0.660638  0.170858  0.00988365  4
8600  102658  0.232743  0.0378566  0.66084  0.167736  -0.00213153  4
8700  102456  0.230516  0.0358583  0.660529  0.16488  -0.00564287  4
8800  103261  0.230245  0.0340399  0.660641  0.163614  0.0055943  4
8900  102747  0.233068  0.0341317  0.659265  0.166371  0.0159621  4
9000  102593  0.227603  0.0353762  0.660663  0.164912  -0.00465183  4
9100  103414  0.236023  0.0422224  0.664093  0.180982  -0.0191389  4
9200  102863  0.230691  0.0390099  0.663669  0.171556  -0.0406912  4
9300  102735  0.227765  0.0370587  0.658916  0.156221  -0.0214903  4
9400  102975  0.230531  0.0353974  0.657686  0.154448  -0.0369084  4
9500  103243  0.229582  0.036954  0.65899  0.150507  -0.0421572  4
9600  102967  0.22805  0.0438477  0.667348  0.169186  -0.131801  4
9700  102210  0.229912  0.0447033  0.668225  0.171672  -0.138008  4
9800  102569  0.224981  0.0452517  0.666358  0.165191  -0.0904799  4
9900  103222  0.229547  0.0435318  0.662899  0.159512  -0.14814  4
