t meta_n emi  mean_info  tr1  tr2  tr3  strategy
0  115639  0.099552  0.498132  0.899861  0.000788332  4.40117e-05  4
100  103174  0.107626  0.411248  0.857247  0.0768376  0.00178404  4
200  103118  0.156063  0.346338  0.788511  0.143925  -0.00826572  4
300  103136  0.182032  0.287116  0.756458  0.205184  -0.0218708  4
400  103635  0.200577  0.253375  0.736332  0.242637  -0.0340597  4
500  102532  0.213228  0.229729  0.734185  0.277115  -0.0256291  4
600  102650  0.215825  0.214716  0.734148  0.300162  -0.0173458  4
700  102370  0.218139  0.210439  0.734449  0.320054  -0.000558554  4
800  103283  0.216616  0.208787  0.737578  0.327855  0.00908622  4
900  103486  0.218767  0.210588  0.742956  0.348747  0.000823433  4
1000  103561  0.221149  0.203499  0.745568  0.346573  -0.00807649  4
1100  103137  0.220962  0.188798  0.749901  0.362668  -0.00558772  4
1200  102137  0.219815  0.186768  0.749616  0.378327  -0.0131754  4
1300  101958  0.220744  0.198227  0.747157  0.388602  -0.0242146  4
1400  102657  0.218489  0.192459  0.758179  0.41114  -0.0255664  4
1500  103059  0.22668  0.196718  0.762791  0.428098  0.00221761  4
1600  102499  0.226898  0.189497  0.766861  0.442987  -0.0212562  4
1700  102858  0.216376  0.198118  0.777689  0.468589  -0.058357  4
1800  103111  0.22126  0.202447  0.787594  0.492252  -0.0688377  4
1900  103127  0.217909  0.191161  0.795542  0.506868  -0.102675  4
2000  103596  0.221082  0.199717  0.797701  0.518897  -0.122853  4
2100  102778  0.215074  0.189709  0.796885  0.51262  -0.136394  4
2200  102517  0.216936  0.187941  0.80091  0.525976  -0.159115  4
2300  103530  0.21516  0.189559  0.800197  0.517312  -0.164366  4
2400  102873  0.209497  0.190256  0.809624  0.53501  -0.19004  4
2500  103513  0.214884  0.192234  0.813722  0.545518  -0.187263  4
2600  103193  0.213665  0.195881  0.822104  0.557229  -0.20036  4
2700  102618  0.205548  0.192057  0.821046  0.555995  -0.220392  4
2800  102604  0.212488  0.200022  0.833484  0.57829  -0.208167  4
2900  103579  0.206514  0.196569  0.831347  0.567675  -0.184039  4
3000  102736  0.212403  0.195051  0.829489  0.572677  -0.171376  4
3100  104028  0.219423  0.20241  0.830862  0.578915  -0.189964  4
3200  104122  0.220298  0.199991  0.83593  0.600227  -0.169973  4
3300  104522  0.221049  0.203992  0.831534  0.587398  -0.218094  4
3400  103200  0.214829  0.197338  0.83596  0.593149  -0.242843  4
3500  103943  0.217358  0.19506  0.838799  0.600163  -0.31022  4
3600  103484  0.218268  0.188929  0.847236  0.621173  -0.321679  4
3700  103698  0.209817  0.183406  0.853049  0.630106  -0.340986  4
3800  103792  0.207323  0.190444  0.865091  0.659367  -0.320358  4
3900  104098  0.206549  0.196859  0.872107  0.669002  -0.321859  4
4000  103434  0.206038  0.203766  0.882754  0.694024  -0.311323  4
4100  102864  0.207644  0.201055  0.881728  0.687729  -0.325637  4
4200  103953  0.211236  0.196525  0.883263  0.689707  -0.283641  4
4300  102626  0.207143  0.191009  0.87522  0.678956  -0.275144  4
4400  103557  0.210406  0.186423  0.872466  0.674487  -0.318811  4
4500  103101  0.203158  0.185228  0.873807  0.676778  -0.320512  4
4600  103940  0.21474  0.186912  0.877192  0.694341  -0.396482  4
4700  104277  0.213993  0.188576  0.868542  0.665905  -0.385095  4
4800  104211  0.212317  0.18461  0.869071  0.661543  -0.40419  4
4900  103418  0.214104  0.177117  0.8631  0.646529  -0.338318  4
5000  103920  0.211207  0.185895  0.869591  0.661714  -0.413556  4
5100  103503  0.215207  0.20079  0.874967  0.684448  -0.446804  4
5200  103204  0.216417  0.194148  0.874798  0.674875  -0.456293  4
5300  104180  0.212966  0.187957  0.878853  0.682566  -0.494807  4
5400  104049  0.212695  0.189274  0.884039  0.694161  -0.517203  4
5500  103406  0.211031  0.183707  0.886272  0.691033  -0.505719  4
5600  103262  0.205874  0.183631  0.883336  0.684128  -0.484177  4
5700  104292  0.215348  0.183078  0.88113  0.680191  -0.488167  4
5800  103170  0.20541  0.176929  0.878352  0.671775  -0.434896  4
5900  102904  0.204097  0.180286  0.881355  0.681735  -0.419204  4
6000  103243  0.207461  0.174807  0.880232  0.678507  -0.442482  4
6100  104076  0.21267  0.182877  0.888186  0.700116  -0.518268  4
6200  102745  0.199998  0.181401  0.885511  0.696439  -0.490175  4
6300  103909  0.211225  0.185201  0.88438  0.696748  -0.567844  4
6400  103606  0.216694  0.183558  0.879754  0.689746  -0.590927  4
6500  103451  0.209451  0.179068  0.87117  0.659653  -0.626109  4
6600  103202  0.213424  0.174633  0.87453  0.667773  -0.654938  4
6700  104248  0.216714  0.182872  0.877409  0.673847  -0.595449  4
6800  103876  0.212897  0.17817  0.877378  0.662713  -0.585389  4
6900  104088  0.216892  0.185871  0.876683  0.662176  -0.561468  4
7000  103008  0.210671  0.185389  0.884619  0.682081  -0.54988  4
7100  103849  0.209981  0.175283  0.878956  0.669802  -0.609232  4
7200  104198  0.209948  0.177845  0.88277  0.686444  -0.676648  4
7300  103883  0.212812  0.170501  0.882262  0.683262  -0.68927  4
7400  103611  0.216403  0.168004  0.881974  0.693014  -0.729659  4
7500  103492  0.212794  0.176743  0.887744  0.702691  -0.724476  4
7600  103194  0.213605  0.178424  0.89339  0.714205  -0.723872  4
7700  103927  0.213834  0.177555  0.886091  0.697102  -0.68598  4
7800  103602  0.215748  0.180064  0.886045  0.704636  -0.689171  4
7900  103976  0.219289  0.188553  0.892696  0.725972  -0.71658  4
8000  103484  0.212338  0.184529  0.890933  0.715562  -0.717264  4
8100  104629  0.216937  0.183773  0.890553  0.708822  -0.732153  4
8200  103725  0.220642  0.183397  0.896806  0.72713  -0.736781  4
8300  104051  0.222508  0.190401  0.897303  0.730358  -0.683568  4
8400  103440  0.22591  0.186258  0.89297  0.716483  -0.614197  4
8500  103790  0.217698  0.184437  0.892241  0.713072  -0.647393  4
8600  103941  0.219915  0.178815  0.886558  0.694346  -0.627706  4
8700  104140  0.215584  0.171239  0.884442  0.690079  -0.627024  4
8800  104146  0.214972  0.177429  0.879873  0.677072  -0.584898  4
8900  104151  0.216199  0.17454  0.880572  0.675262  -0.533021  4
9000  103736  0.21571  0.17715  0.882385  0.68177  -0.577943  4
9100  103823  0.218224  0.180391  0.883826  0.683286  -0.543796  4
9200  103452  0.213074  0.180261  0.885529  0.685208  -0.45268  4
9300  103030  0.213962  0.172767  0.892605  0.6977  -0.471017  4
9400  102882  0.219677  0.173102  0.891312  0.695588  -0.473315  4
9500  104152  0.217279  0.179387  0.90558  0.737597  -0.519489  4
9600  103650  0.216663  0.186226  0.908278  0.744705  -0.533671  4
9700  103357  0.217389  0.16957  0.897987  0.715618  -0.484378  4
9800  103416  0.212244  0.168208  0.89858  0.722318  -0.432935  4
9900  104790  0.216977  0.166922  0.897186  0.715939  -0.416155  4
