t meta_n emi  mean_info  tr1  tr2  tr3  strategy
0  115993  0.099808  0.493819  0.89998  0.000792659  -7.34767e-05  4
100  102655  0.103639  0.338605  0.853837  0.0794603  -0.00149469  4
200  102987  0.152649  0.25051  0.785642  0.143359  0.00738157  4
300  102724  0.185563  0.212286  0.743148  0.184306  -0.000492718  4
400  103252  0.206166  0.171209  0.717161  0.208681  0.0193684  4
500  102687  0.22561  0.156749  0.70522  0.233462  0.0152861  4
600  103262  0.219873  0.143442  0.708941  0.247271  -0.00253921  4
700  102616  0.221904  0.140083  0.711826  0.269441  -0.0108146  4
800  102129  0.227155  0.143235  0.715509  0.294396  -0.011197  4
900  103740  0.232822  0.135881  0.71443  0.304218  0.00371547  4
1000  102982  0.233478  0.130516  0.709412  0.30451  -0.0451162  4
1100  103469  0.234731  0.12549  0.710666  0.311744  -0.040603  4
1200  102447  0.234686  0.12675  0.711765  0.318681  -0.0143319  4
1300  102702  0.230604  0.118261  0.714585  0.326366  0.0140792  4
1400  102628  0.232622  0.113173  0.717017  0.332526  0.0214735  4
1500  102214  0.22713  0.10556  0.717053  0.338877  0.0125959  4
1600  103266  0.225746  0.104905  0.721872  0.338347  0.0654366  4
1700  102009  0.228172  0.104438  0.724116  0.346878  0.0699911  4
1800  102101  0.226648  0.105393  0.72654  0.350607  0.109739  4
1900  102358  0.233542  0.109147  0.731221  0.374432  0.0486355  4
2000  103004  0.229796  0.110856  0.740741  0.395228  0.0550021  4
2100  103414  0.225248  0.107339  0.73992  0.389979  0.0322961  4
2200  102608  0.223806  0.106621  0.749297  0.410851  0.0679148  4
2300  102197  0.224706  0.117283  0.751947  0.427571  0.053537  4
2400  102538  0.226264  0.11473  0.754558  0.426929  0.0494429  4
2500  102708  0.225408  0.104087  0.743873  0.403245  0.0565933  4
2600  102862  0.220893  0.0994999  0.741559  0.40058  0.0411684  4
2700  101493  0.226001  0.100365  0.745102  0.422487  0.00964651  4
2800  102151  0.227446  0.112268  0.747765  0.426967  -0.0222328  4
2900  102743  0.222144  0.104505  0.755457  0.432275  -0.0346253  4
3000  102880  0.225556  0.104314  0.756279  0.430486  -0.0592144  4
3100  103075  0.224139  0.103011  0.75981  0.437072  -0.0445799  4
3200  104021  0.224106  0.102925  0.761  0.439234  -0.0490894  4
3300  102098  0.221179  0.101769  0.759546  0.433356  -0.0590717  4
3400  102883  0.223327  0.105644  0.772856  0.461875  -0.053784  4
3500  102429  0.223949  0.111643  0.784549  0.497439  -0.0660798  4
3600  103338  0.220139  0.117824  0.789259  0.508402  -0.092372  4
3700  103425  0.216133  0.1153  0.791732  0.516261  -0.0863517  4
3800  103289  0.221446  0.115541  0.802702  0.5353  -0.0921112  4
3900  103661  0.222814  0.116145  0.802264  0.542467  -0.107275  4
4000  103104  0.221387  0.120274  0.805408  0.547359  -0.13577  4
4100  103752  0.218138  0.122114  0.802483  0.543513  -0.184271  4
4200  103934  0.219017  0.11501  0.805833  0.548544  -0.181783  4
4300  102835  0.211297  0.111519  0.797369  0.517875  -0.21236  4
4400  103197  0.220641  0.112034  0.799877  0.525218  -0.191715  4
4500  102841  0.214178  0.109434  0.802639  0.524466  -0.148676  4
4600  103728  0.217137  0.114455  0.801436  0.524491  -0.131001  4
4700  103346  0.215488  0.115976  0.800771  0.521329  -0.111765  4
4800  102782  0.222413  0.121993  0.802416  0.533333  -0.071221  4
4900  103332  0.221444  0.12393  0.806862  0.546507  -0.0678159  4
5000  102688  0.22216  0.121915  0.80465  0.539821  -0.0570164  4
5100  102599  0.218149  0.115726  0.797733  0.523724  -0.0435466  4
5200  103025  0.228535  0.112134  0.795709  0.521649  -0.0200456  4
5300  104286  0.221852  0.111576  0.793814  0.517151  -0.0411384  4
5400  103531  0.225099  0.113485  0.79783  0.526172  -0.0428296  4
5500  102717  0.219706  0.103173  0.79423  0.518828  -0.00604803  4
5600  103304  0.22369  0.1084  0.801894  0.54108  -0.010578  4
5700  102778  0.220588  0.117617  0.813305  0.558529  -0.0191711  4
5800  103574  0.222406  0.113536  0.805745  0.537125  -0.00700325  4
5900  103214  0.222108  0.10591  0.79708  0.51397  0.00589695  4
6000  103616  0.219432  0.106804  0.806314  0.537035  0.00109279  4
6100  102476  0.215876  0.112028  0.80907  0.542512  -0.0245928  4
6200  103138  0.218761  0.109954  0.812749  0.543682  -0.0164825  4
6300  102936  0.221508  0.107574  0.807212  0.53403  -0.0382904  4
6400  103465  0.222012  0.110403  0.8028  0.538644  -0.0026179  4
6500  103667  0.223744  0.113124  0.812982  0.565575  -0.0215737  4
6600  102982  0.227625  0.11728  0.818912  0.579912  -0.0121454  4
6700  103086  0.230035  0.11578  0.81971  0.580808  -0.00933537  4
6800  103697  0.220749  0.112626  0.822294  0.580988  -0.00395434  4
6900  103642  0.227422  0.114239  0.834831  0.611566  0.00322819  4
7000  103071  0.218855  0.114885  0.842345  0.618843  0.0167657  4
7100  103599  0.220039  0.116436  0.850119  0.640815  0.0473505  4
7200  102893  0.221406  0.114304  0.849293  0.637714  0.0682006  4
7300  103885  0.219076  0.111899  0.855369  0.644653  0.0510907  4
7400  103514  0.215662  0.109142  0.848329  0.6233  0.0578026  4
7500  103501  0.219437  0.100262  0.853484  0.636781  0.0648919  4
7600  103121  0.220107  0.097462  0.868792  0.671872  0.118139  4
7700  103237  0.2166  0.0966944  0.877241  0.684236  0.119469  4
7800  103723  0.216798  0.0989286  0.888375  0.713194  0.12912  4
7900  103503  0.211169  0.100347  0.89539  0.729984  0.123208  4
8000  103876  0.220053  0.102655  0.900163  0.742583  0.138925  4
8100  103337  0.219427  0.10285  0.909265  0.756894  0.130851  4
8200  102946  0.221931  0.102366  0.907489  0.754141  0.147503  4
8300  103081  0.213684  0.102946  0.919813  0.786917  0.166479  4
8400  103481  0.213809  0.101643  0.922296  0.786716  0.179102  4
8500  103180  0.214256  0.0933877  0.921698  0.778162  0.175618  4
8600  103476  0.211922  0.0928499  0.924442  0.785379  0.168793  4
8700  103504  0.209928  0.0965654  0.927199  0.796278  0.170506  4
8800  103947  0.214172  0.0962029  0.931322  0.805697  0.196316  4
8900  103266  0.211305  0.0955259  0.934896  0.813039  0.209433  4
9000  103614  0.220621  0.0963079  0.939929  0.824729  0.242562  4
9100  103316  0.208979  0.0960512  0.952835  0.848827  0.274097  4
9200  103395  0.214109  0.0957943  0.952852  0.847861  0.277144  4
9300  103057  0.208984  0.0990261  0.951616  0.845076  0.258722  4
9400  103681  0.214695  0.0943243  0.948468  0.839239  0.260334  4
9500  102990  0.211276  0.0905669  0.946842  0.835579  0.269219  4
9600  103888  0.215015  0.0898772  0.955901  0.854904  0.29154  4
9700  103816  0.212282  0.0860764  0.958796  0.858777  0.298933  4
9800  103263  0.210328  0.0955782  0.967108  0.880996  0.328381  4
9900  103800  0.218725  0.0926635  0.973051  0.891317  0.321248  4
