t meta_n emi  mean_info  tr1  tr2  tr3  strategy
0  115353  0.100416  0.495488  0.900158  0.000792446  -1.47247e-05  4
100  102359  0.101919  0.304488  0.858494  0.0767517  0.000581537  4
200  102329  0.149777  0.206903  0.786452  0.151374  -0.00422478  4
300  102257  0.186608  0.165586  0.745787  0.21036  -0.00963007  4
400  102135  0.204517  0.145356  0.732292  0.245745  -0.00884953  4
500  102701  0.212234  0.125137  0.71546  0.255552  -0.0259062  4
600  102345  0.217013  0.121419  0.709143  0.261426  -0.0279344  4
700  101433  0.221334  0.111062  0.709907  0.284617  -0.0166698  4
800  102961  0.226225  0.103304  0.709869  0.284723  -0.0226974  4
900  102605  0.229477  0.0968475  0.702452  0.289601  -0.0380445  4
1000  102798  0.229282  0.0954778  0.706107  0.298076  -0.0361349  4
1100  102774  0.230842  0.0985674  0.710332  0.302091  -0.0435389  4
1200  103038  0.229779  0.0992938  0.708877  0.312357  -0.0765043  4
1300  102553  0.229099  0.0981754  0.709499  0.314453  -0.089934  4
1400  103400  0.236567  0.100218  0.705565  0.324658  -0.0854942  4
1500  101776  0.22765  0.0982716  0.708238  0.324551  -0.0936966  4
1600  102252  0.224565  0.0924749  0.711579  0.326315  -0.138993  4
1700  102195  0.231765  0.0892381  0.704743  0.32457  -0.156764  4
1800  103185  0.232811  0.0853829  0.708963  0.325734  -0.157378  4
1900  102494  0.228824  0.0812936  0.712848  0.336331  -0.140472  4
2000  102179  0.231491  0.0843128  0.709392  0.323692  -0.160247  4
2100  102750  0.228351  0.0776899  0.71609  0.344923  -0.17995  4
2200  102038  0.223239  0.082866  0.724195  0.365424  -0.182  4
2300  102250  0.225987  0.0822239  0.733084  0.375297  -0.159826  4
2400  102491  0.231142  0.0793118  0.729269  0.37778  -0.152066  4
2500  102917  0.230614  0.0762137  0.725354  0.375981  -0.155806  4
2600  102918  0.230094  0.076032  0.7269  0.374631  -0.095129  4
2700  103092  0.223801  0.0777609  0.730858  0.374663  -0.116078  4
2800  102945  0.219756  0.0687686  0.72786  0.365313  -0.123056  4
2900  102878  0.226636  0.0697197  0.731389  0.38382  -0.099238  4
3000  102865  0.227669  0.0685777  0.729599  0.379745  -0.12166  4
3100  102923  0.227037  0.0689295  0.734113  0.388446  -0.124159  4
3200  101780  0.225188  0.0661821  0.733434  0.391535  -0.157382  4
3300  103373  0.223045  0.0639004  0.736196  0.394239  -0.151405  4
3400  102330  0.219714  0.0681161  0.731798  0.386907  -0.149752  4
3500  101320  0.22211  0.0710746  0.733709  0.391447  -0.139706  4
3600  103142  0.221291  0.063189  0.731402  0.374579  -0.127183  4
3700  102899  0.223604  0.068614  0.731128  0.375365  -0.139962  4
3800  102711  0.221475  0.0659664  0.730214  0.374214  -0.13667  4
3900  102102  0.222152  0.0629164  0.722582  0.352841  -0.0838574  4
4000  102660  0.221907  0.0638049  0.72316  0.344761  -0.117394  4
4100  102820  0.225664  0.0648137  0.71514  0.335146  -0.118185  4
4200  103052  0.222935  0.0688776  0.71833  0.336122  -0.13742  4
4300  102199  0.221443  0.072249  0.7216  0.340799  -0.162667  4
4400  102975  0.224922  0.0714612  0.72335  0.345107  -0.215084  4
4500  103866  0.219677  0.0687097  0.723054  0.336837  -0.228273  4
4600  103675  0.220928  0.0656137  0.729215  0.347485  -0.247778  4
4700  103437  0.226014  0.0672597  0.731407  0.357876  -0.240277  4
4800  103135  0.223429  0.0717058  0.731806  0.355952  -0.290691  4
4900  103047  0.217784  0.0816187  0.742508  0.378544  -0.316385  4
5000  103137  0.221643  0.0766417  0.736853  0.374809  -0.318608  4
5100  102490  0.224379  0.0838253  0.74432  0.39232  -0.329014  4
5200  102383  0.220113  0.0787246  0.7416  0.384121  -0.327226  4
5300  102693  0.223551  0.078049  0.737915  0.372323  -0.328324  4
5400  103124  0.221363  0.0764543  0.747153  0.394052  -0.320267  4
5500  103380  0.217116  0.0754905  0.752259  0.39615  -0.306912  4
5600  103380  0.218018  0.0732198  0.747074  0.386056  -0.331604  4
5700  102503  0.217462  0.0672619  0.743694  0.371678  -0.361152  4
5800  102066  0.216291  0.0727949  0.742835  0.366795  -0.362201  4
5900  102162  0.220876  0.0778085  0.745978  0.374954  -0.363172  4
6000  102830  0.221128  0.0742689  0.746415  0.378496  -0.34322  4
6100  102895  0.218149  0.0737716  0.745215  0.366788  -0.345338  4
6200  103162  0.219218  0.0739343  0.746596  0.375491  -0.336501  4
6300  101852  0.213263  0.0707576  0.752573  0.381229  -0.307402  4
6400  102659  0.221891  0.0731048  0.752339  0.391053  -0.315269  4
6500  103438  0.218552  0.0809029  0.757359  0.411949  -0.31044  4
6600  103395  0.219953  0.0737729  0.758005  0.413302  -0.307017  4
6700  103455  0.219209  0.0816826  0.769784  0.44421  -0.318175  4
6800  102109  0.220779  0.0782495  0.771596  0.445814  -0.277369  4
6900  103305  0.222299  0.0682336  0.765415  0.430551  -0.269953  4
7000  102356  0.214421  0.0672748  0.768542  0.439165  -0.282088  4
7100  102529  0.218214  0.0651839  0.767712  0.436473  -0.260761  4
7200  103043  0.218566  0.0757301  0.774973  0.458438  -0.286086  4
7300  102387  0.218433  0.0746502  0.769848  0.443891  -0.278789  4
7400  103262  0.215213  0.0717077  0.767882  0.438643  -0.257522  4
7500  102442  0.220235  0.0721636  0.769149  0.439684  -0.27422  4
7600  103266  0.217051  0.0690102  0.768066  0.4351  -0.24569  4
7700  102708  0.22118  0.0732376  0.771185  0.453217  -0.294946  4
7800  102805  0.2254  0.0641977  0.770253  0.454164  -0.264847  4
7900  103597  0.222869  0.06409  0.771264  0.452475  -0.257343  4
8000  104470  0.22822  0.0654149  0.773427  0.457468  -0.260861  4
8100  102513  0.227815  0.0642871  0.77216  0.450041  -0.244321  4
8200  103416  0.226612  0.0595283  0.769061  0.436988  -0.211808  4
8300  103186  0.225696  0.0582823  0.775955  0.452234  -0.165758  4
8400  102999  0.225631  0.0573293  0.78827  0.482934  -0.116144  4
8500  102399  0.220336  0.066599  0.797251  0.505355  -0.101484  4
8600  103280  0.223813  0.0677444  0.793938  0.500352  -0.081973  4
8700  102341  0.224733  0.0639545  0.794583  0.504299  -0.0738988  4
8800  103765  0.22528  0.0657785  0.802231  0.523816  -0.0581768  4
8900  103351  0.224491  0.0658597  0.799813  0.517646  -0.0976269  4
9000  103701  0.221165  0.0671041  0.794459  0.507028  -0.103736  4
9100  102531  0.225493  0.0584697  0.791182  0.497331  -0.08959  4
9200  103167  0.223662  0.0559855  0.796099  0.513761  -0.087207  4
9300  103192  0.224189  0.0532307  0.805341  0.526787  0.00542837  4
9400  103937  0.224428  0.0535333  0.815285  0.551102  0.0499725  4
9500  103469  0.225642  0.0519319  0.826021  0.577701  0.10981  4
9600  103673  0.23256  0.0559595  0.835072  0.601074  0.105785  4
9700  102789  0.232969  0.0561245  0.838605  0.61043  0.0833002  4
9800  103687  0.231944  0.05112  0.846709  0.635343  0.125789  4
9900  103981  0.229842  0.0524393  0.857438  0.6518  0.14938  4
