t meta_n emi  mean_info  tr1  tr2  tr3  strategy
0  116142  0.100256  0.497774  0.900013  0.000846968  0.000111318  4
100  104857  0.114866  0.566189  0.854029  0.0764287  0.00682325  4
200  104491  0.166524  0.606071  0.800573  0.154482  0.00891684  4
300  104636  0.184852  0.623869  0.781492  0.206757  0.00298747  4
400  104383  0.195064  0.630802  0.778367  0.25276  0.0212851  4
500  103977  0.194633  0.621499  0.77971  0.268247  0.00785974  4
600  105150  0.201077  0.610229  0.776988  0.281979  -0.00140177  4
700  105184  0.198922  0.599118  0.778759  0.295367  0.0188385  4
800  104155  0.203669  0.575875  0.777871  0.317959  0.0120845  4
900  104257  0.19663  0.575306  0.783217  0.320796  0.0129583  4
1000  104921  0.199134  0.57599  0.779422  0.314669  0.00538989  4
1100  104402  0.202698  0.576102  0.776282  0.317879  0.00464125  4
1200  104357  0.195112  0.572409  0.776934  0.318556  0.000629825  4
1300  104939  0.201502  0.572129  0.783196  0.333166  0.0170364  4
1400  104466  0.199552  0.578385  0.787682  0.342546  0.0220516  4
1500  104121  0.200377  0.555098  0.788361  0.359658  -0.00898115  4
1600  104418  0.205643  0.544009  0.787153  0.379587  0.00692156  4
1700  104530  0.204949  0.542594  0.787761  0.380317  -0.00127508  4
1800  105030  0.203717  0.543578  0.792079  0.381876  0.012127  4
1900  105283  0.201148  0.544731  0.791805  0.39807  0.0425352  4
2000  104907  0.200445  0.528647  0.796723  0.398764  0.0156488  4
2100  105097  0.196789  0.515993  0.798057  0.414611  0.0121281  4
2200  104679  0.202754  0.520292  0.805155  0.433199  0.00680914  4
2300  103892  0.196327  0.532856  0.805664  0.426605  0.0264649  4
2400  104309  0.197961  0.533419  0.803558  0.428578  0.0583106  4
2500  104571  0.189541  0.540207  0.808155  0.439857  0.0563803  4
2600  104289  0.198927  0.535718  0.806106  0.434453  0.0616929  4
2700  105279  0.198963  0.546821  0.806542  0.425956  0.059875  4
2800  104962  0.200372  0.531982  0.8055  0.437768  0.103076  4
2900  104872  0.198959  0.531984  0.808799  0.44679  0.120123  4
3000  105381  0.199116  0.520803  0.813219  0.458676  0.154876  4
3100  105029  0.194928  0.511516  0.817904  0.46414  0.13957  4
3200  104044  0.187243  0.52021  0.816089  0.462238  0.152552  4
3300  105296  0.196416  0.51102  0.81376  0.470019  0.148949  4
3400  104366  0.192158  0.502337  0.818614  0.495364  0.232189  4
3500  105352  0.194975  0.493593  0.822281  0.509086  0.266024  4
3600  104680  0.192005  0.492114  0.827165  0.513009  0.248567  4
3700  105767  0.202038  0.478862  0.826851  0.52361  0.287817  4
3800  104247  0.194735  0.479976  0.830142  0.532378  0.278514  4
3900  105101  0.196419  0.476363  0.830134  0.529638  0.314507  4
4000  104245  0.196407  0.484726  0.837129  0.553502  0.348462  4
4100  104036  0.19357  0.488777  0.836985  0.554527  0.384461  4
4200  104237  0.18518  0.48756  0.83768  0.550026  0.335707  4
4300  104868  0.188811  0.493145  0.838163  0.553418  0.298094  4
4400  104289  0.186719  0.487106  0.83901  0.557207  0.293057  4
4500  104448  0.189102  0.482814  0.839416  0.558741  0.276285  4
4600  105115  0.19133  0.480918  0.847426  0.578328  0.245847  4
4700  104659  0.191811  0.473759  0.84623  0.585867  0.239048  4
4800  105451  0.194237  0.471616  0.854301  0.611778  0.25003  4
4900  105759  0.191654  0.467173  0.857744  0.619333  0.297938  4
5000  104819  0.193969  0.462507  0.858019  0.624968  0.306282  4
5100  104695  0.186872  0.455723  0.862535  0.635447  0.288474  4
5200  105329  0.19296  0.45083  0.85865  0.628641  0.273926  4
5300  104890  0.18696  0.442271  0.871354  0.663792  0.309327  4
5400  104876  0.189725  0.439691  0.877364  0.673316  0.263025  4
5500  104757  0.195527  0.444398  0.877005  0.679254  0.28796  4
5600  105809  0.193239  0.444454  0.882783  0.697704  0.302801  4
5700  104559  0.19374  0.4441  0.88439  0.694267  0.357117  4
5800  105632  0.19148  0.439721  0.89315  0.710111  0.37853  4
5900  105162  0.189795  0.438215  0.895794  0.716887  0.369862  4
6000  104797  0.180557  0.435569  0.894963  0.721082  0.350873  4
6100  105201  0.193095  0.429299  0.904435  0.738888  0.379363  4
6200  105524  0.193664  0.425787  0.908493  0.742367  0.335168  4
6300  105630  0.186529  0.419128  0.911465  0.74582  0.321551  4
6400  105264  0.188974  0.42288  0.909299  0.742913  0.303601  4
6500  104936  0.184775  0.427441  0.90953  0.742695  0.27061  4
6600  105421  0.19044  0.434339  0.910724  0.750324  0.281482  4
6700  105651  0.189957  0.41925  0.916197  0.764934  0.278574  4
6800  105300  0.18321  0.409728  0.919225  0.775359  0.298898  4
6900  105921  0.181524  0.411573  0.921936  0.781314  0.33028  4
7000  105061  0.186748  0.406975  0.924387  0.790163  0.374692  4
7100  104840  0.184459  0.406322  0.926967  0.794473  0.386167  4
7200  106092  0.18975  0.408326  0.927374  0.793222  0.356199  4
7300  105784  0.191111  0.407909  0.93146  0.805094  0.413738  4
7400  105204  0.190788  0.404318  0.929696  0.80387  0.400415  4
7500  105535  0.192259  0.402765  0.93685  0.817796  0.382112  4
7600  105098  0.192826  0.401996  0.935661  0.81936  0.370558  4
7700  106036  0.187473  0.400546  0.935742  0.820033  0.349519  4
7800  105657  0.188622  0.400256  0.93985  0.823671  0.373221  4
7900  104629  0.181788  0.398499  0.942701  0.829745  0.388575  4
8000  105688  0.186797  0.398004  0.9454  0.835196  0.367349  4
8100  105759  0.187799  0.393668  0.945528  0.834932  0.382508  4
8200  104366  0.183992  0.39081  0.952908  0.852744  0.419649  4
8300  104963  0.184695  0.391433  0.958269  0.861646  0.453402  4
8400  105252  0.186919  0.387468  0.962309  0.871078  0.450041  4
8500  105464  0.188176  0.382806  0.967124  0.87985  0.463599  4
8600  105154  0.18455  0.382812  0.969903  0.888834  0.469422  4
8700  105302  0.188064  0.379304  0.971556  0.891966  0.448768  4
8800  105587  0.188947  0.375877  0.975054  0.899383  0.436017  4
8900  105752  0.188736  0.375792  0.980556  0.90966  0.419972  4
9000  104122  0.185641  0.373026  0.982815  0.913197  0.42951  4
9100  105233  0.185106  0.36304  0.985299  0.918525  0.394694  4
9200  104917  0.18319  0.356427  0.988184  0.926439  0.367206  4
9300  105672  0.193016  0.357043  0.989239  0.930278  0.400088  4
9400  104405  0.193798  0.358358  0.99005  0.932405  0.363725  4
9500  104957  0.191091  0.349313  0.992479  0.936313  0.404581  4
9600  105210  0.188282  0.348012  0.996778  0.940015  0.42443  4
9700  105046  0.19275  0.34956  0.996775  0.939378  0.393219  4
9800  105702  0.193297  0.352958  0.997986  0.938495  0.433222  4
9900  105206  0.181279  0.353277  0.998109  0.939771  0.452225  4
