t meta_n emi  mean_info  tr1  tr2  tr3  strategy
0  115381  0.099232  0.497605  0.900032  0.00075289  8.60633e-05  4
100  102601  0.106042  0.453989  0.858249  0.0797211  0.00139558  4
200  103306  0.156866  0.419355  0.79203  0.150151  0.00355768  4
300  103219  0.188306  0.38289  0.757852  0.196475  0.0129996  4
400  103313  0.19854  0.347575  0.746306  0.242748  -0.00265117  4
500  103277  0.213627  0.33524  0.738036  0.282973  -0.0123126  4
600  103686  0.224789  0.308111  0.738145  0.319336  -0.00452146  4
700  103193  0.21825  0.288192  0.744773  0.333122  -0.00977047  4
800  103113  0.214107  0.27812  0.755322  0.360363  -0.0204756  4
900  102899  0.217702  0.276168  0.756205  0.37236  -0.0254972  4
1000  103753  0.215633  0.278631  0.764944  0.406745  -0.00493111  4
1100  103214  0.217136  0.278602  0.772425  0.423055  0.0160837  4
1200  103498  0.214232  0.286867  0.789461  0.475036  0.00134359  4
1300  103675  0.224472  0.275334  0.791845  0.487485  -0.0141933  4
1400  102857  0.211742  0.266589  0.803459  0.515908  -0.0136595  4
1500  103772  0.218273  0.260943  0.799987  0.515341  -0.0269146  4
1600  103849  0.214818  0.254967  0.810856  0.533065  -0.0479205  4
1700  103445  0.212959  0.268339  0.817648  0.556562  -0.0426217  4
1800  104077  0.223446  0.268376  0.820656  0.579824  -0.0319539  4
1900  103380  0.21455  0.267765  0.829752  0.58696  -0.034631  4
2000  104107  0.215136  0.275836  0.83453  0.589805  -0.00077763  4
2100  104037  0.212615  0.270887  0.840063  0.599216  0.0562292  4
2200  104126  0.212351  0.265059  0.847479  0.613035  0.133452  4
2300  103646  0.210353  0.257997  0.850375  0.617493  0.140734  4
2400  103600  0.207667  0.253879  0.855105  0.635254  0.185382  4
2500  103707  0.209142  0.242662  0.857393  0.643906  0.172302  4
2600  103476  0.205  0.247063  0.86168  0.650752  0.182024  4
2700  103518  0.211191  0.258933  0.865013  0.665593  0.198768  4
2800  104085  0.209691  0.251652  0.863448  0.654484  0.245081  4
2900  104058  0.21302  0.248361  0.867185  0.663856  0.262828  4
3000  103905  0.207455  0.252234  0.885462  0.704517  0.270333  4
3100  104013  0.216818  0.252904  0.883521  0.713425  0.316769  4
3200  104638  0.208528  0.25878  0.88635  0.707802  0.332906  4
3300  103561  0.210638  0.259058  0.893254  0.721379  0.351134  4
3400  104027  0.203413  0.25586  0.898302  0.731855  0.355746  4
3500  104236  0.212771  0.259323  0.903587  0.754146  0.3477  4
3600  104015  0.203715  0.261578  0.906781  0.749072  0.337422  4
3700  104747  0.2068  0.250334  0.904842  0.744863  0.314979  4
3800  103544  0.205926  0.264068  0.911522  0.754956  0.302522  4
3900  103870  0.205568  0.266379  0.91398  0.75754  0.313707  4
4000  103145  0.204225  0.252924  0.908677  0.756939  0.334664  4
4100  103851  0.21021  0.262557  0.911358  0.770752  0.35389  4
4200  103191  0.206999  0.266356  0.915403  0.78438  0.370773  4
4300  103397  0.200118  0.26036  0.925474  0.793044  0.410047  4
4400  103849  0.202679  0.259293  0.92745  0.799304  0.407267  4
4500  104104  0.211829  0.260407  0.928437  0.809015  0.4267  4
4600  103917  0.20021  0.265402  0.93746  0.824448  0.389239  4
4700  105120  0.208264  0.262545  0.940255  0.828796  0.400534  4
4800  103492  0.201732  0.257104  0.941504  0.827348  0.386008  4
4900  104936  0.214863  0.252111  0.945855  0.841729  0.384636  4
5000  103531  0.204836  0.249208  0.949313  0.846112  0.411563  4
5100  103757  0.205638  0.254873  0.956466  0.857759  0.431965  4
5200  103391  0.196234  0.258458  0.954052  0.851365  0.470612  4
5300  104248  0.197954  0.248238  0.958269  0.859649  0.491854  4
5400  103817  0.204681  0.252738  0.960623  0.868372  0.497989  4
5500  103606  0.198643  0.248594  0.957756  0.858789  0.472331  4
5600  102792  0.195448  0.244937  0.959784  0.86429  0.467048  4
5700  104213  0.202766  0.246588  0.960954  0.863121  0.433289  4
5800  104278  0.200902  0.250195  0.965596  0.872885  0.410977  4
5900  104675  0.205744  0.253705  0.969222  0.880644  0.416848  4
6000  103936  0.201281  0.254939  0.968572  0.875327  0.401698  4
6100  104032  0.199172  0.249928  0.967038  0.874465  0.439342  4
6200  104469  0.204275  0.253128  0.970033  0.882217  0.46124  4
6300  105083  0.19863  0.247924  0.970245  0.880073  0.463273  4
6400  103035  0.196594  0.245762  0.968497  0.878638  0.453215  4
6500  103646  0.204018  0.242425  0.964927  0.870919  0.440343  4
6600  104644  0.203417  0.240665  0.970674  0.884012  0.440335  4
6700  104541  0.205912  0.252222  0.974252  0.893048  0.437128  4
6800  103798  0.197831  0.252842  0.975535  0.890455  0.436287  4
6900  103536  0.196489  0.254903  0.976849  0.892947  0.455207  4
7000  104337  0.201548  0.258024  0.97966  0.89242  0.461509  4
7100  105046  0.191705  0.25744  0.977567  0.885071  0.451343  4
7200  103851  0.185422  0.257709  0.981975  0.893235  0.483713  4
7300  104253  0.198017  0.255359  0.979753  0.891843  0.47124  4
7400  104379  0.195704  0.257276  0.980968  0.896413  0.457673  4
7500  103847  0.18947  0.252945  0.984568  0.90609  0.42826  4
7600  104650  0.196669  0.250779  0.990064  0.919636  0.415948  4
7700  103976  0.197714  0.258008  0.997606  0.938808  0.386741  4
7800  105212  0.199637  0.2541  0.998403  0.941667  0.370516  4
7900  105136  0.19509  0.252695  0.999948  0.94444  0.358685  4
8000  103533  0.201635  0.252818  1.00323  0.951748  0.37921  4
8100  104435  0.206376  0.248666  1.00369  0.948989  0.402822  4
8200  104375  0.196948  0.250153  1.00656  0.957309  0.42664  4
8300  104883  0.197311  0.25221  1.00408  0.955351  0.419028  4
8400  104268  0.191607  0.252079  1.00215  0.949552  0.405034  4
8500  105420  0.200029  0.251109  1.00479  0.956825  0.43012  4
8600  105133  0.200692  0.246536  1.00478  0.95967  0.432835  4
8700  103267  0.19694  0.254492  1.00725  0.969232  0.410353  4
8800  104437  0.206802  0.255809  1.00741  0.969416  0.449656  4
8900  103307  0.195674  0.251982  1.0069  0.970464  0.47846  4
9000  104544  0.20659  0.243234  1.00533  0.964048  0.443316  4
9100  103731  0.195986  0.252505  1.00903  0.976582  0.422712  4
9200  104135  0.202826  0.254713  1.01079  0.980899  0.391532  4
9300  104136  0.195978  0.254134  1.01021  0.981872  0.395576  4
9400  105027  0.208004  0.250688  1.01256  0.987828  0.369834  4
9500  104795  0.196083  0.250673  1.01387  0.988969  0.349913  4
9600  104040  0.194727  0.24934  1.01386  0.989842  0.38062  4
9700  104444  0.203181  0.250486  1.01388  0.993501  0.368031  4
9800  104460  0.199691  0.251012  1.01459  0.994805  0.371808  4
9900  104067  0.203849  0.252553  1.01392  0.993744  0.364504  4
