t meta_n emi  mean_info  tr1  tr2  tr3  strategy
0  116390  0.10172  0.499023  0.900025  0.00082065  0.000137078  4
100  104377  0.110923  0.499234  0.853138  0.079426  -0.0014841  4
200  104303  0.158813  0.520565  0.796945  0.146573  -0.00885979  4
300  103870  0.191547  0.521736  0.762141  0.205037  -0.00608845  4
400  103816  0.198557  0.498898  0.755897  0.23712  -0.0167688  4
500  103537  0.198789  0.490142  0.76438  0.274792  -0.00415827  4
600  104141  0.203393  0.478208  0.761312  0.304876  0.00145464  4
700  104094  0.210015  0.458875  0.759205  0.321695  0.0208079  4
800  103176  0.216274  0.446529  0.76297  0.343742  0.0159753  4
900  103720  0.207126  0.421069  0.770501  0.352915  0.00892418  4
1000  104713  0.204773  0.432527  0.778912  0.374708  0.0637217  4
1100  104287  0.209042  0.42284  0.78277  0.403839  0.0589271  4
1200  104743  0.211526  0.429736  0.785577  0.409366  0.0153129  4
1300  103967  0.20173  0.430063  0.786985  0.410401  0.0205133  4
1400  104029  0.206696  0.413333  0.7836  0.407922  0.01285  4
1500  103870  0.20428  0.420803  0.790191  0.422905  0.0460649  4
1600  103697  0.203772  0.419537  0.793449  0.427198  0.00747267  4
1700  104535  0.207016  0.413094  0.794139  0.43957  -0.0312363  4
1800  104266  0.200193  0.422975  0.799  0.461767  -0.0283699  4
1900  105198  0.213178  0.416603  0.801338  0.477266  -0.00986388  4
2000  103984  0.207014  0.42005  0.806295  0.48904  -0.0501919  4
2100  104882  0.206939  0.406364  0.808074  0.50657  -0.0238913  4
2200  104563  0.209265  0.413874  0.815543  0.516718  -0.00696223  4
2300  104401  0.204151  0.405736  0.818322  0.522436  0.0321962  4
2400  104364  0.208459  0.402115  0.820473  0.53356  0.0215834  4
2500  104346  0.206219  0.383755  0.816815  0.526603  0.0382688  4
2600  103786  0.203701  0.37861  0.821074  0.529011  0.0257161  4
2700  104739  0.202914  0.380378  0.82899  0.543869  0.00816983  4
2800  104233  0.205042  0.383277  0.831336  0.554393  0.0641984  4
2900  105018  0.204229  0.375122  0.830479  0.559848  0.114905  4
3000  105186  0.205655  0.36333  0.836645  0.568911  0.137984  4
3100  103625  0.199768  0.368228  0.846192  0.592734  0.197749  4
3200  103961  0.202588  0.366577  0.85359  0.619453  0.2423  4
3300  105414  0.206687  0.368712  0.863642  0.640065  0.281933  4
3400  104976  0.202082  0.371388  0.872891  0.670239  0.281013  4
3500  104036  0.197319  0.368266  0.874807  0.671054  0.248689  4
3600  104521  0.196761  0.366032  0.882055  0.686049  0.242901  4
3700  104541  0.197205  0.36493  0.883537  0.69029  0.221289  4
3800  105273  0.194279  0.363159  0.890225  0.701266  0.203528  4
3900  104497  0.195218  0.356146  0.89284  0.708356  0.21834  4
4000  103882  0.193983  0.356504  0.902483  0.730324  0.25177  4
4100  104169  0.192369  0.36521  0.905719  0.735867  0.24688  4
4200  104041  0.192348  0.358186  0.909651  0.743539  0.279871  4
4300  104866  0.195107  0.366725  0.912095  0.752169  0.276908  4
4400  104640  0.200027  0.358463  0.915377  0.751356  0.26109  4
4500  104999  0.193523  0.355134  0.917628  0.763493  0.32572  4
4600  104032  0.192398  0.357132  0.920249  0.775552  0.322643  4
4700  103832  0.194566  0.348559  0.927045  0.793742  0.322845  4
4800  104480  0.193998  0.34362  0.937348  0.819612  0.259725  4
4900  104759  0.198648  0.342051  0.943544  0.847704  0.235009  4
5000  105311  0.200944  0.338583  0.949397  0.861495  0.264417  4
5100  104334  0.196849  0.344211  0.955387  0.871957  0.215852  4
5200  104599  0.191729  0.342505  0.957153  0.873335  0.239408  4
5300  105280  0.195717  0.332189  0.9546  0.863837  0.299743  4
5400  104638  0.18595  0.333134  0.958379  0.872293  0.357182  4
5500  104834  0.192568  0.33118  0.965108  0.881815  0.356785  4
5600  104510  0.191827  0.337316  0.966147  0.888416  0.376501  4
5700  104704  0.198485  0.339716  0.971931  0.900408  0.326506  4
5800  105350  0.187237  0.334678  0.974194  0.904907  0.290691  4
5900  104625  0.193475  0.328536  0.975297  0.908347  0.284579  4
6000  104522  0.184629  0.329239  0.980534  0.917387  0.282735  4
6100  105309  0.193055  0.331225  0.985643  0.920788  0.310401  4
6200  103709  0.178466  0.326746  0.985942  0.922475  0.288961  4
6300  104590  0.188531  0.323968  0.98636  0.922755  0.322828  4
6400  104470  0.188314  0.329102  0.989341  0.928156  0.329103  4
6500  105486  0.192144  0.331166  0.98776  0.929352  0.362077  4
6600  105446  0.19086  0.334295  0.993326  0.933346  0.341668  4
6700  104358  0.187978  0.329248  0.99534  0.93501  0.333659  4
6800  103670  0.189706  0.323912  0.999449  0.936995  0.315873  4
6900  103545  0.185767  0.323051  0.996912  0.933693  0.29601  4
7000  104608  0.190403  0.322525  1.00127  0.940544  0.27814  4
7100  105598  0.187761  0.325985  1.0004  0.93706  0.237535  4
7200  104815  0.189618  0.323649  0.998953  0.935182  0.211356  4
7300  104463  0.183904  0.325937  0.998524  0.930352  0.216573  4
7400  104720  0.184159  0.321491  0.997589  0.92775  0.170716  4
7500  105502  0.192711  0.323765  1.0031  0.939507  0.191723  4
7600  104869  0.182259  0.325929  1.00553  0.943387  0.24559  4
7700  105331  0.196796  0.329437  1.00949  0.949855  0.24651  4
7800  105174  0.188805  0.321992  1.01218  0.953734  0.268874  4
7900  106009  0.191111  0.323526  1.01336  0.951738  0.249519  4
8000  105163  0.188184  0.319097  1.0173  0.959977  0.271578  4
8100  105406  0.188411  0.315011  1.01771  0.96174  0.263319  4
8200  105173  0.191597  0.318066  1.01901  0.964299  0.290359  4
8300  105094  0.185594  0.320653  1.02094  0.969558  0.317516  4
8400  105355  0.182234  0.319088  1.02012  0.967374  0.306555  4
8500  104451  0.18325  0.317504  1.02124  0.97056  0.311243  4
8600  105518  0.183827  0.318295  1.02213  0.974779  0.37978  4
8700  105171  0.195415  0.314853  1.02222  0.972426  0.38747  4
8800  104642  0.186668  0.31341  1.02225  0.973911  0.44336  4
8900  104403  0.191396  0.313891  1.02335  0.976566  0.441012  4
9000  105267  0.182996  0.311385  1.02295  0.977706  0.447434  4
9100  104548  0.182244  0.319759  1.02633  0.984879  0.405802  4
9200  104753  0.188554  0.31977  1.02342  0.980116  0.430408  4
9300  105353  0.192802  0.320871  1.02433  0.983021  0.461527  4
9400  105372  0.192021  0.318383  1.02435  0.985107  0.519544  4
9500  104496  0.19173  0.317524  1.02353  0.984987  0.553116  4
9600  105537  0.185565  0.318681  1.0243  0.985791  0.540426  4
9700  105208  0.193137  0.318083  1.02446  0.986232  0.558897  4
9800  105067  0.18932  0.314836  1.02501  0.986417  0.595191  4
9900  104744  0.193956  0.314671  1.02538  0.987648  0.570965  4
