t meta_n emi  mean_info  tr1  tr2  tr3  strategy
0  116491  0.100264  0.49606  0.900001  0.000824038  5.45374e-05  4
100  103561  0.112835  0.464164  0.851897  0.0786215  0.000596859  4
200  104173  0.158634  0.445775  0.786751  0.152398  -0.00532451  4
300  104136  0.18628  0.391922  0.758274  0.208066  0.0088726  4
400  103474  0.203614  0.370323  0.746261  0.249494  0.00358246  4
500  103620  0.209571  0.349052  0.747347  0.27928  0.00513214  4
600  102118  0.212304  0.336539  0.74696  0.308467  0.0124243  4
700  103438  0.216494  0.327436  0.7501  0.332541  0.0131624  4
800  103333  0.213337  0.327148  0.755303  0.344094  0.0394731  4
900  103807  0.225961  0.317576  0.751988  0.359632  0.0382658  4
1000  103432  0.226696  0.304921  0.759548  0.393543  0.0116271  4
1100  103138  0.221186  0.297414  0.761611  0.402292  -0.0259726  4
1200  103632  0.222633  0.302092  0.765437  0.414478  -0.00230099  4
1300  103645  0.220409  0.286923  0.772452  0.439963  -0.023404  4
1400  103002  0.221213  0.293497  0.786404  0.468552  -0.054099  4
1500  103586  0.216537  0.286306  0.796705  0.497889  -0.0382332  4
1600  103486  0.215855  0.286026  0.801782  0.516362  -0.0215823  4
1700  102282  0.209528  0.28739  0.816032  0.548516  -0.0220642  4
1800  103615  0.217374  0.286104  0.810765  0.541757  -0.0169277  4
1900  103986  0.213266  0.28039  0.816189  0.55691  -0.0195234  4
2000  103348  0.215407  0.28491  0.823715  0.580685  0.00602542  4
2100  102598  0.217895  0.290369  0.826208  0.590599  -0.013334  4
2200  103657  0.211121  0.289413  0.837461  0.603209  -0.0178312  4
2300  104384  0.212764  0.280141  0.841144  0.606298  -0.0231039  4
2400  103948  0.210208  0.280295  0.851479  0.62779  -0.0164977  4
2500  103385  0.206561  0.28465  0.858926  0.644397  0.00939371  4
2600  103993  0.210078  0.280918  0.867488  0.657079  0.00171503  4
2700  103839  0.207374  0.274145  0.867461  0.661411  -0.0180557  4
2800  104115  0.207496  0.276268  0.862281  0.644997  -0.0407005  4
2900  103775  0.20338  0.284335  0.873818  0.674842  -0.0273334  4
3000  103885  0.205219  0.288122  0.882725  0.691405  -0.0163366  4
3100  104594  0.204606  0.287905  0.891976  0.709338  0.00135425  4
3200  104114  0.211034  0.290862  0.894259  0.717948  -0.00160943  4
3300  104034  0.205209  0.284735  0.901284  0.739068  0.0206161  4
3400  103599  0.19837  0.292368  0.90969  0.754975  0.05539  4
3500  103890  0.198538  0.285466  0.915631  0.767346  0.0610026  4
3600  103668  0.2004  0.275817  0.916914  0.768297  0.0468804  4
3700  104184  0.200027  0.276457  0.924666  0.7812  0.0666307  4
3800  104617  0.198194  0.276001  0.931019  0.796954  0.0849157  4
3900  104311  0.204836  0.279181  0.932708  0.807709  0.101209  4
4000  104338  0.191341  0.274694  0.93808  0.820306  0.123663  4
4100  103466  0.201226  0.27967  0.944384  0.839615  0.0905461  4
4200  104323  0.19875  0.272895  0.948146  0.84301  0.0579645  4
4300  103543  0.193908  0.267894  0.949049  0.844043  0.100439  4
4400  104235  0.201887  0.256996  0.949386  0.848976  0.129219  4
4500  103248  0.195181  0.256622  0.948371  0.846679  0.102739  4
4600  105356  0.201459  0.25679  0.95851  0.869352  0.111929  4
4700  104110  0.196933  0.266205  0.959638  0.872603  0.127425  4
4800  104959  0.19788  0.260703  0.958454  0.871032  0.136288  4
4900  103545  0.202032  0.262925  0.959112  0.866244  0.0915076  4
5000  104730  0.208844  0.278874  0.961417  0.874479  0.124408  4
5100  104309  0.206838  0.270007  0.956762  0.864825  0.172869  4
5200  103539  0.203084  0.268201  0.962927  0.873296  0.20242  4
5300  104449  0.205065  0.263177  0.964274  0.873237  0.225154  4
5400  103609  0.202995  0.259115  0.964212  0.876933  0.218922  4
5500  103918  0.210083  0.268369  0.963532  0.879047  0.225334  4
5600  104139  0.202737  0.268729  0.969828  0.888861  0.204648  4
5700  103511  0.196635  0.263068  0.966712  0.880232  0.175468  4
5800  103259  0.207197  0.258739  0.966937  0.883119  0.175342  4
5900  104229  0.212044  0.266859  0.970415  0.8911  0.163159  4
6000  104298  0.207164  0.265318  0.969403  0.889662  0.15357  4
6100  104434  0.203666  0.260755  0.971406  0.890136  0.14039  4
6200  103796  0.20234  0.256869  0.97095  0.88773  0.112846  4
6300  104792  0.200983  0.257944  0.967548  0.881284  0.110434  4
6400  104115  0.2004  0.257237  0.972135  0.891953  0.0662664  4
6500  104165  0.197254  0.260199  0.977228  0.907257  0.0997633  4
6600  104285  0.199629  0.258984  0.982708  0.915834  0.0629288  4
6700  104848  0.205014  0.261055  0.983856  0.923446  0.0545405  4
6800  104310  0.206158  0.259985  0.987364  0.92774  0.0358858  4
6900  104084  0.197794  0.262416  0.993082  0.939803  0.0433951  4
7000  104087  0.196039  0.259516  0.996406  0.948466  0.119643  4
7100  104354  0.199446  0.261916  0.999536  0.959239  0.219066  4
7200  103432  0.19946  0.259966  0.998197  0.951626  0.1539  4
7300  104926  0.203221  0.254889  0.996753  0.949608  0.161997  4
7400  103986  0.190758  0.26268  0.995859  0.949008  0.216637  4
7500  104208  0.196494  0.263106  0.995134  0.946196  0.202913  4
7600  105744  0.209011  0.266157  0.994572  0.948457  0.258198  4
7700  103832  0.199822  0.26845  0.990145  0.936318  0.214571  4
7800  103893  0.205277  0.266658  0.991336  0.941571  0.211526  4
7900  104575  0.202494  0.269278  0.995702  0.948614  0.172615  4
8000  104807  0.207022  0.253198  0.994218  0.94309  0.0971102  4
8100  103874  0.197322  0.266618  0.999698  0.952476  0.118389  4
8200  104081  0.199186  0.266974  1.00248  0.956373  0.14583  4
8300  104549  0.20214  0.264813  1.00326  0.95136  0.131873  4
8400  105196  0.19703  0.265526  1.00493  0.953418  0.0818694  4
8500  104760  0.194034  0.26699  1.00675  0.959083  0.164856  4
8600  104949  0.18651  0.256974  1.00828  0.955442  0.0858868  4
8700  104723  0.197865  0.258453  1.01086  0.964247  0.0631686  4
8800  104556  0.197421  0.261546  1.01252  0.970096  0.0892286  4
8900  104010  0.192796  0.263198  1.01428  0.973279  0.0195477  4
9000  104186  0.196402  0.255781  1.01071  0.967553  0.00601773  4
9100  104630  0.188487  0.259775  1.01013  0.967908  -0.0310656  4
9200  104101  0.197779  0.265155  1.00969  0.967153  -0.0249262  4
9300  105021  0.200241  0.265802  1.00902  0.963636  -0.0589809  4
9400  104553  0.195772  0.267139  1.00944  0.96396  -0.0594229  4
9500  104280  0.192412  0.269536  1.00902  0.964832  -0.0385578  4
9600  105296  0.198831  0.269331  1.00897  0.967404  0.0125829  4
9700  105077  0.197446  0.268807  1.00975  0.969483  -0.00562602  4
9800  103484  0.197502  0.265032  1.00574  0.957239  -0.0895661  4
9900  105189  0.198156  0.264622  1.00794  0.965154  -0.0256864  4
