t meta_n emi  mean_info  tr1  tr2  tr3  strategy
0  116960  0.099776  0.497387  0.899999  0.000775689  2.32284e-05  4
100  104558  0.113767  0.557794  0.858359  0.0746257  -0.00198069  4
200  105119  0.154894  0.613758  0.809738  0.13818  -0.00199989  4
300  104576  0.177466  0.648014  0.788285  0.186381  -0.0282311  4
400  105124  0.188896  0.649854  0.781114  0.224852  -0.0171551  4
500  104570  0.195889  0.646273  0.777762  0.247557  -0.027905  4
600  104156  0.196418  0.640012  0.779079  0.253184  -0.048365  4
700  104836  0.20004  0.643086  0.771723  0.26403  -0.0322237  4
800  105233  0.198792  0.638085  0.778509  0.279447  -0.0333028  4
900  104583  0.196338  0.622891  0.781434  0.290032  -0.0276555  4
1000  104624  0.194985  0.616639  0.780609  0.299185  -0.0436312  4
1100  104844  0.19756  0.613831  0.783845  0.306019  -0.0421195  4
1200  104576  0.192725  0.595111  0.790981  0.329995  -0.0361386  4
1300  105640  0.198476  0.600529  0.787982  0.332329  -0.0812137  4
1400  105625  0.198776  0.595964  0.792571  0.3399  -0.104527  4
1500  104122  0.197551  0.593267  0.792373  0.351275  -0.102454  4
1600  105643  0.202937  0.595368  0.795774  0.365167  -0.135719  4
1700  105474  0.196719  0.584686  0.798303  0.377245  -0.171828  4
1800  104947  0.205625  0.576574  0.797056  0.388732  -0.177108  4
1900  105027  0.19149  0.577037  0.79946  0.37218  -0.18916  4
2000  104824  0.192522  0.572861  0.801255  0.376096  -0.211553  4
2100  104290  0.18906  0.570811  0.799751  0.377388  -0.216108  4
2200  104812  0.196295  0.57676  0.800563  0.380575  -0.22912  4
2300  105291  0.197637  0.574565  0.797798  0.391386  -0.181435  4
2400  104697  0.194693  0.57223  0.802711  0.401161  -0.178636  4
2500  105363  0.189397  0.574575  0.804233  0.398686  -0.199717  4
2600  105369  0.195307  0.571211  0.799852  0.392277  -0.19315  4
2700  104818  0.189054  0.565713  0.800623  0.389662  -0.156986  4
2800  104190  0.190635  0.574191  0.803901  0.412219  -0.160405  4
2900  105144  0.193177  0.573513  0.803126  0.40911  -0.169178  4
3000  104876  0.196529  0.570262  0.80544  0.420781  -0.202905  4
3100  105408  0.192922  0.560481  0.806205  0.422032  -0.229028  4
3200  105578  0.192441  0.560397  0.805451  0.418271  -0.239491  4
3300  105136  0.198175  0.553155  0.806988  0.436241  -0.197573  4
3400  105069  0.191279  0.556725  0.807847  0.434915  -0.187781  4
3500  105410  0.191218  0.550168  0.811164  0.44951  -0.224022  4
3600  105190  0.193011  0.555769  0.809794  0.44641  -0.206677  4
3700  104369  0.189068  0.557375  0.811043  0.444732  -0.191535  4
3800  104708  0.188995  0.541988  0.817438  0.468301  -0.207746  4
3900  105124  0.191855  0.543354  0.818316  0.474346  -0.221535  4
4000  105649  0.188977  0.533678  0.819103  0.47795  -0.209343  4
4100  104357  0.184287  0.527894  0.819285  0.494113  -0.230968  4
4200  104722  0.188428  0.52292  0.818619  0.498969  -0.268745  4
4300  105833  0.189947  0.52777  0.825629  0.513603  -0.299305  4
4400  105578  0.188137  0.535111  0.823994  0.515768  -0.318289  4
4500  105193  0.187841  0.530473  0.826228  0.513758  -0.358057  4
4600  104664  0.183206  0.530103  0.830823  0.522201  -0.352956  4
4700  104807  0.18655  0.531873  0.826953  0.517509  -0.320303  4
4800  105469  0.18483  0.533224  0.822305  0.506469  -0.276839  4
4900  105091  0.191523  0.519981  0.822351  0.514781  -0.265057  4
5000  104447  0.188936  0.517603  0.828759  0.532287  -0.234837  4
5100  105360  0.191523  0.510107  0.82847  0.538482  -0.291185  4
5200  104545  0.189784  0.512679  0.832919  0.547783  -0.267766  4
5300  106133  0.193095  0.521606  0.833203  0.552458  -0.255384  4
5400  105741  0.184262  0.524747  0.836308  0.561114  -0.305578  4
5500  105365  0.186467  0.519074  0.837238  0.570803  -0.331432  4
5600  105727  0.187493  0.521148  0.837609  0.572735  -0.360595  4
5700  105240  0.185151  0.525677  0.840715  0.591133  -0.398422  4
5800  104917  0.189029  0.518528  0.845327  0.600917  -0.447777  4
5900  106068  0.181634  0.513744  0.847492  0.595807  -0.454387  4
6000  105395  0.182342  0.51307  0.846754  0.603253  -0.451903  4
6100  105416  0.184494  0.507581  0.847249  0.60424  -0.448571  4
6200  105921  0.18389  0.500298  0.852082  0.61312  -0.42022  4
6300  105357  0.180818  0.494697  0.853712  0.619751  -0.426794  4
6400  105243  0.190669  0.491665  0.854756  0.629727  -0.405544  4
6500  105284  0.178837  0.497597  0.857963  0.639226  -0.423968  4
6600  105447  0.182569  0.49735  0.857868  0.635383  -0.459126  4
6700  104703  0.178369  0.49823  0.858344  0.638121  -0.412494  4
6800  105881  0.1905  0.4921  0.857358  0.642859  -0.411998  4
6900  105395  0.182366  0.486875  0.854408  0.633389  -0.387987  4
7000  104713  0.181255  0.495087  0.857754  0.639588  -0.400636  4
7100  106018  0.189382  0.490446  0.861972  0.655732  -0.398156  4
7200  104670  0.183808  0.485632  0.865266  0.668189  -0.403372  4
7300  105615  0.190883  0.487139  0.862571  0.65928  -0.366521  4
7400  105608  0.186032  0.481797  0.864951  0.664859  -0.370891  4
7500  105219  0.181181  0.477729  0.865478  0.66593  -0.395127  4
7600  103990  0.189324  0.480529  0.866672  0.676035  -0.421523  4
7700  105228  0.176894  0.482548  0.863777  0.666257  -0.390049  4
7800  104983  0.18467  0.479984  0.868905  0.687116  -0.395614  4
7900  104952  0.181044  0.479462  0.871361  0.68995  -0.389357  4
8000  104911  0.175773  0.477954  0.875784  0.70503  -0.350492  4
8100  104823  0.178459  0.476953  0.880851  0.722799  -0.355279  4
8200  105476  0.181407  0.470343  0.877805  0.720968  -0.339904  4
8300  105223  0.175831  0.465159  0.88127  0.727941  -0.349342  4
8400  104590  0.18797  0.468645  0.878774  0.719866  -0.367484  4
8500  104851  0.178532  0.476131  0.88028  0.727221  -0.36537  4
8600  105467  0.185627  0.470474  0.884277  0.734978  -0.369596  4
8700  104794  0.169804  0.458263  0.886671  0.736388  -0.360547  4
8800  106030  0.185492  0.458041  0.882809  0.728266  -0.364884  4
8900  105254  0.180508  0.45785  0.882836  0.731091  -0.383464  4
9000  105911  0.181447  0.45344  0.885833  0.739635  -0.382474  4
9100  105506  0.17768  0.459208  0.883953  0.732674  -0.335443  4
9200  104168  0.178779  0.452792  0.886106  0.739256  -0.287682  4
9300  105454  0.176206  0.449766  0.887872  0.747288  -0.306297  4
9400  105407  0.181093  0.449449  0.887597  0.753258  -0.313652  4
9500  105723  0.184099  0.443137  0.891772  0.766738  -0.30719  4
9600  105477  0.179426  0.446077  0.892879  0.766285  -0.330279  4
9700  104948  0.185997  0.445208  0.895481  0.77498  -0.309494  4
9800  105340  0.180087  0.445445  0.896981  0.778136  -0.364952  4
9900  105754  0.175957  0.449154  0.89679  0.778081  -0.357057  4
