t meta_n emi  mean_info  tr1  tr2  tr3  strategy
0  115270  0.100048  0.492861  0.899969  0.000778895  -8.8323e-05  4
100  102248  0.10489  0.206118  0.851102  0.0796418  0.000192827  4
200  101871  0.155263  0.115041  0.77795  0.149484  0.00378003  4
300  102177  0.191255  0.0865618  0.731153  0.204017  0.00327042  4
400  102339  0.214041  0.0719096  0.704683  0.228328  0.0158275  4
500  100882  0.227538  0.0672763  0.700141  0.275161  0.0314932  4
600  101777  0.232057  0.0674323  0.698354  0.295932  0.0142691  4
700  102723  0.237538  0.0651665  0.695472  0.302766  0.0258406  4
800  102695  0.240557  0.0642033  0.696792  0.308351  0.032414  4
900  103328  0.231666  0.0591475  0.701109  0.30155  0.0127366  4
1000  102350  0.235018  0.0612608  0.697212  0.30125  0.00921375  4
1100  102445  0.234084  0.0589066  0.697654  0.306117  -0.015457  4
1200  102395  0.228486  0.0551877  0.698637  0.295808  -0.0421936  4
1300  102430  0.233226  0.0536316  0.691644  0.291453  -0.0675842  4
1400  102251  0.23465  0.0526314  0.693601  0.294872  -0.0801352  4
1500  101123  0.231122  0.0470506  0.691883  0.289546  -0.0637939  4
1600  102069  0.23246  0.0502051  0.688056  0.284011  -0.0650366  4
1700  102486  0.23556  0.0478259  0.690219  0.295145  -0.0530956  4
1800  101930  0.228559  0.0474232  0.691457  0.290531  -0.0485554  4
1900  102713  0.234763  0.047076  0.69297  0.294568  -0.0438783  4
2000  103242  0.232836  0.0430946  0.694698  0.301696  -0.0387657  4
2100  103071  0.2281  0.0439063  0.69629  0.292457  -0.041511  4
2200  101721  0.226663  0.0428212  0.695109  0.296838  -0.030137  4
2300  101870  0.230428  0.0424894  0.693506  0.305327  -0.0101681  4
2400  102967  0.226937  0.0418151  0.692106  0.290516  -0.0334201  4
2500  102552  0.228942  0.0399035  0.69017  0.285758  -0.0113346  4
2600  102494  0.231017  0.0390608  0.690341  0.297489  0.00853935  4
2700  102541  0.22601  0.0371099  0.69857  0.308441  0.0137605  4
2800  102211  0.229786  0.0336652  0.699227  0.313726  0.00797062  4
2900  102559  0.232647  0.0341117  0.695178  0.306665  -0.0664983  4
3000  103312  0.234801  0.0341439  0.689771  0.29903  -0.0702416  4
3100  102119  0.230604  0.0327861  0.691456  0.301446  -0.13036  4
3200  101625  0.227319  0.0299381  0.693141  0.286951  -0.167707  4
3300  101797  0.228765  0.028115  0.690497  0.286523  -0.120245  4
3400  102079  0.223687  0.0258688  0.694564  0.290043  -0.102934  4
3500  101880  0.221232  0.0236499  0.693373  0.272194  -0.0851936  4
3600  102463  0.220494  0.0247396  0.691648  0.261071  -0.0422829  4
3700  103115  0.22173  0.0239136  0.69435  0.267739  -0.0570547  4
3800  102970  0.223105  0.0249752  0.692847  0.265199  -0.0664405  4
3900  101621  0.22355  0.0222673  0.689907  0.252824  -0.0269507  4
4000  103543  0.228198  0.0248289  0.686625  0.262273  -0.0133956  4
4100  102258  0.221741  0.0251882  0.68375  0.258516  -0.0457192  4
4200  102315  0.227156  0.0245537  0.682987  0.257474  -0.0732106  4
4300  102574  0.224053  0.0203575  0.681879  0.259078  -0.112259  4
4400  102354  0.225718  0.0206109  0.682398  0.258773  -0.118556  4
4500  101897  0.224072  0.0169826  0.683141  0.263086  -0.109432  4
4600  103097  0.228032  0.018088  0.684348  0.266184  -0.127677  4
4700  102210  0.228974  0.0190057  0.680895  0.266393  -0.131273  4
4800  102294  0.230142  0.016452  0.680916  0.269258  -0.117553  4
4900  102832  0.219452  0.016243  0.684433  0.265298  -0.139026  4
5000  102984  0.216487  0.0169593  0.685659  0.267852  -0.0995854  4
5100  102933  0.224271  0.0171632  0.683308  0.265569  -0.125434  4
5200  102731  0.221432  0.0163992  0.682514  0.259989  -0.115163  4
5300  102638  0.225152  0.0160782  0.676691  0.243077  -0.119206  4
5400  102902  0.222774  0.0146431  0.676004  0.244228  -0.101666  4
5500  102445  0.223037  0.0139338  0.677376  0.247114  -0.0771944  4
5600  102776  0.227211  0.0133347  0.675676  0.240155  -0.0872892  4
5700  103592  0.222744  0.0139579  0.674796  0.243196  -0.094865  4
5800  102804  0.221678  0.0125768  0.676481  0.242248  -0.0949503  4
5900  102478  0.228821  0.0129796  0.673922  0.246709  -0.0790022  4
6000  101729  0.226033  0.0115384  0.668915  0.243514  -0.100308  4
6100  102957  0.22965  0.00817716  0.668774  0.241317  -0.0798816  4
6200  103064  0.232272  0.00908763  0.665874  0.227356  -0.077482  4
6300  102410  0.233651  0.00865538  0.661963  0.218385  -0.127057  4
6400  101909  0.23084  0.00821754  0.6629  0.20896  -0.150283  4
6500  102696  0.223987  0.00864078  0.66494  0.210603  -0.195605  4
6600  102009  0.224142  0.00748635  0.665189  0.203671  -0.174097  4
6700  102896  0.225552  0.00863292  0.665044  0.207201  -0.189526  4
6800  102319  0.22719  0.00785129  0.666425  0.21343  -0.199362  4
6900  102415  0.229982  0.00740973  0.668461  0.219127  -0.235814  4
7000  102266  0.224251  0.00783025  0.666643  0.212929  -0.259262  4
7100  102840  0.220878  0.00632942  0.669325  0.2077  -0.271152  4
7200  103509  0.220444  0.00693232  0.669715  0.207005  -0.296716  4
7300  102138  0.219057  0.00813553  0.671006  0.206776  -0.310726  4
7400  103632  0.220467  0.00699133  0.667597  0.19796  -0.313116  4
7500  102122  0.217698  0.00597817  0.66867  0.20325  -0.279091  4
7600  102167  0.223425  0.00674328  0.674316  0.220567  -0.336994  4
7700  102698  0.221909  0.00578788  0.668801  0.206636  -0.335589  4
7800  102268  0.225799  0.0056643  0.66883  0.206492  -0.342888  4
7900  102370  0.22679  0.00498066  0.667339  0.210673  -0.345482  4
8000  103596  0.230484  0.00545405  0.66948  0.218062  -0.374686  4
8100  103267  0.227574  0.00587504  0.670613  0.218897  -0.370075  4
8200  102012  0.226125  0.00521348  0.673567  0.22727  -0.3208  4
8300  101568  0.221678  0.00516739  0.670829  0.229682  -0.351175  4
8400  103054  0.226752  0.00544988  0.665727  0.211724  -0.363788  4
8500  102610  0.225713  0.00569975  0.663506  0.20416  -0.38024  4
8600  102674  0.221435  0.00434944  0.660117  0.191743  -0.398558  4
8700  103686  0.229613  0.00534044  0.661898  0.200698  -0.368999  4
8800  102647  0.226098  0.00452413  0.664683  0.213441  -0.406083  4
8900  102868  0.224664  0.00501079  0.664451  0.21702  -0.414041  4
9000  102403  0.224956  0.00358265  0.66461  0.213946  -0.414367  4
9100  102260  0.224157  0.00277572  0.663137  0.208732  -0.390244  4
9200  102264  0.22501  0.00322834  0.663074  0.207504  -0.364129  4
9300  103073  0.225555  0.00204325  0.662804  0.209044  -0.386415  4
9400  102750  0.227768  0.00291039  0.661679  0.204353  -0.407625  4
9500  103225  0.22508  0.00310662  0.65874  0.187775  -0.426349  4
9600  102988  0.224786  0.00324879  0.657381  0.184066  -0.438952  4
9700  103047  0.227087  0.00319837  0.657062  0.188278  -0.426792  4
9800  103090  0.223952  0.00370418  0.655989  0.184335  -0.458992  4
9900  102672  0.22756  0.00384847  0.656737  0.185353  -0.468546  4
