t meta_n emi  mean_info  tr1  tr2  tr3  strategy
0  115333  0.100456  0.493893  0.900006  0.000798131  6.54622e-05  4
100  101673  0.105145  0.236963  0.846174  0.0766082  -0.000212186  4
200  101857  0.160585  0.140191  0.766771  0.132341  0.00347237  4
300  102962  0.196308  0.107273  0.72552  0.183614  -0.00452309  4
400  102051  0.213197  0.0886926  0.708996  0.220134  -0.0315889  4
500  102783  0.225652  0.0814529  0.700627  0.246794  -0.0473809  4
600  101693  0.225916  0.0775694  0.694342  0.247934  -0.0318775  4
700  102422  0.228658  0.0770097  0.697328  0.255951  -0.0406337  4
800  103320  0.22516  0.0735536  0.704631  0.261523  -0.0361336  4
900  101901  0.225354  0.0714893  0.703103  0.283961  -0.0238066  4
1000  101929  0.223991  0.0731775  0.704968  0.280493  -0.0121651  4
1100  103457  0.222585  0.0702746  0.706047  0.289206  -0.0186034  4
1200  101138  0.220055  0.0688043  0.702738  0.285557  -0.0381298  4
1300  102777  0.227597  0.0694897  0.702531  0.287527  -0.0115354  4
1400  102530  0.238689  0.0638238  0.697523  0.313054  0.00183738  4
1500  101487  0.233116  0.0627813  0.7059  0.325522  -0.0364585  4
1600  101547  0.226903  0.0576406  0.710621  0.32981  -0.0194025  4
1700  103108  0.229145  0.060561  0.717088  0.341942  -0.00114797  4
1800  101962  0.221007  0.0593415  0.719081  0.333591  -0.0412071  4
1900  103076  0.228124  0.0557435  0.710407  0.319012  -0.0742464  4
2000  102489  0.226584  0.0558904  0.70512  0.309883  -0.0593899  4
2100  102821  0.228059  0.0553238  0.703109  0.309033  -0.0683823  4
2200  102406  0.229511  0.051937  0.701065  0.304723  -0.0810375  4
2300  101932  0.231312  0.0509291  0.691538  0.285973  -0.113969  4
2400  102642  0.229119  0.0471146  0.696541  0.298736  -0.096481  4
2500  102607  0.232721  0.0456742  0.691699  0.29007  -0.133829  4
2600  102402  0.230809  0.0450388  0.691243  0.29256  -0.157117  4
2700  102479  0.228957  0.038521  0.693077  0.299069  -0.154099  4
2800  102333  0.232615  0.040793  0.692246  0.295024  -0.186057  4
2900  102177  0.228768  0.0398784  0.694207  0.279185  -0.230567  4
3000  102534  0.226875  0.0400893  0.693841  0.278209  -0.223287  4
3100  102794  0.228048  0.0374733  0.688151  0.266023  -0.181312  4
3200  102242  0.228518  0.0358928  0.6908  0.268718  -0.214161  4
3300  102810  0.22673  0.0361881  0.691966  0.264306  -0.222842  4
3400  102378  0.223823  0.039376  0.688604  0.259056  -0.235525  4
3500  102885  0.22315  0.0362477  0.689955  0.262287  -0.237192  4
3600  102263  0.222766  0.0359953  0.693244  0.265939  -0.225487  4
3700  102888  0.224918  0.0360439  0.686637  0.251625  -0.252677  4
3800  101854  0.225  0.0361929  0.685368  0.243875  -0.211079  4
3900  103382  0.227233  0.0325432  0.682039  0.235837  -0.172903  4
4000  101931  0.218664  0.0302638  0.685404  0.230679  -0.12387  4
4100  102068  0.222325  0.0273502  0.680803  0.226551  -0.121985  4
4200  101889  0.220497  0.0259078  0.681174  0.234486  -0.144061  4
4300  103046  0.227711  0.0243477  0.678201  0.2398  -0.138475  4
4400  101823  0.223906  0.0252066  0.675977  0.22802  -0.124363  4
4500  102620  0.22564  0.0254515  0.67585  0.23164  -0.182188  4
4600  102795  0.228687  0.0231976  0.675039  0.237522  -0.211892  4
4700  102405  0.230412  0.0202871  0.672356  0.230242  -0.228323  4
4800  103020  0.229797  0.020553  0.671056  0.224549  -0.20876  4
4900  103561  0.231636  0.0211307  0.675187  0.245607  -0.234344  4
5000  103614  0.230056  0.0211735  0.674521  0.255418  -0.239164  4
5100  102375  0.23151  0.020092  0.67603  0.260716  -0.274838  4
5200  102213  0.224802  0.01954  0.682312  0.271293  -0.273992  4
5300  103477  0.232903  0.0196772  0.676007  0.258443  -0.295158  4
5400  102836  0.22726  0.0179618  0.675275  0.262831  -0.285295  4
5500  102768  0.227888  0.0159935  0.674329  0.263182  -0.261845  4
5600  102687  0.234614  0.0167851  0.672339  0.260999  -0.236852  4
5700  102945  0.234062  0.0169938  0.672222  0.262966  -0.202122  4
5800  103361  0.226341  0.0155722  0.677487  0.26809  -0.209914  4
5900  102036  0.225127  0.0167099  0.677741  0.260047  -0.199134  4
6000  102394  0.224759  0.0142966  0.679519  0.258471  -0.194846  4
6100  102835  0.228687  0.0143637  0.676277  0.243286  -0.178083  4
6200  102680  0.22738  0.0123413  0.678162  0.247542  -0.183911  4
6300  103284  0.226051  0.0111329  0.678326  0.243552  -0.167812  4
6400  102655  0.223883  0.0133193  0.677275  0.23739  -0.167455  4
6500  102041  0.221683  0.0124378  0.670483  0.213461  -0.176462  4
6600  102840  0.222229  0.0116023  0.668469  0.202212  -0.191142  4
6700  103494  0.222839  0.0106273  0.665146  0.194299  -0.221385  4
6800  102966  0.225117  0.011642  0.663743  0.190773  -0.218531  4
6900  102932  0.224462  0.0104283  0.659341  0.186452  -0.22348  4
7000  103023  0.227508  0.0124124  0.661587  0.206937  -0.262128  4
7100  103062  0.228552  0.0105901  0.661678  0.202639  -0.239679  4
7200  102649  0.226787  0.0115903  0.660248  0.194212  -0.25988  4
7300  103287  0.223769  0.0113346  0.659775  0.192112  -0.294221  4
7400  103175  0.223526  0.0105155  0.658935  0.189799  -0.311153  4
7500  101595  0.221169  0.00988186  0.657937  0.190758  -0.302919  4
7600  103018  0.225062  0.00967902  0.657697  0.187631  -0.280921  4
7700  102285  0.224013  0.00834071  0.657206  0.179611  -0.255791  4
7800  103318  0.228991  0.00945976  0.654199  0.175208  -0.209398  4
7900  103460  0.225196  0.0073466  0.653239  0.176716  -0.259431  4
8000  103526  0.225229  0.00806474  0.65668  0.180647  -0.247331  4
8100  103025  0.222891  0.00734235  0.656267  0.175142  -0.249594  4
8200  102720  0.221221  0.00714536  0.656939  0.168896  -0.210051  4
8300  103401  0.219563  0.00674894  0.655742  0.161457  -0.137525  4
8400  102652  0.224482  0.00725381  0.656115  0.168898  -0.117552  4
8500  102604  0.221454  0.00548665  0.656945  0.167658  -0.105218  4
8600  102656  0.219574  0.00487213  0.658059  0.169667  -0.136238  4
8700  102242  0.219597  0.00546031  0.658305  0.16246  -0.135973  4
8800  102747  0.22353  0.00614065  0.657371  0.155552  -0.153552  4
8900  104035  0.219464  0.00386041  0.656329  0.15577  -0.183181  4
9000  102709  0.222005  0.00402699  0.654477  0.161211  -0.170371  4
9100  102955  0.219641  0.00518995  0.655042  0.158532  -0.185787  4
9200  102485  0.222949  0.00603564  0.654528  0.160532  -0.219877  4
9300  101924  0.22017  0.003161  0.6526  0.156132  -0.212161  4
9400  102898  0.220656  0.00345729  0.652049  0.154396  -0.18848  4
9500  102825  0.221638  0.00351927  0.650931  0.149749  -0.177918  4
9600  102473  0.22235  0.00427034  0.650364  0.144246  -0.132303  4
9700  102214  0.21798  0.00494496  0.650282  0.14535  -0.128278  4
9800  102573  0.221232  0.0044285  0.650407  0.142607  -0.15743  4
9900  102427  0.22223  0.00390871  0.649024  0.139653  -0.150011  4
