t meta_n emi  mean_info  tr1  tr2  tr3  strategy
0  117785  0.100376  0.5  0.899902  0.000756326  7.67907e-05  4
100  104983  0.11902  0.634754  0.861251  0.0849631  -0.0106886  4
200  104736  0.158124  0.722367  0.823743  0.156087  0.000211924  4
300  105025  0.183435  0.757867  0.803754  0.200992  0.00267981  4
400  106032  0.189181  0.782184  0.804588  0.241234  -0.0164886  4
500  106030  0.193707  0.792015  0.806374  0.272351  -0.00276557  4
600  105870  0.199073  0.797416  0.802313  0.271589  -0.000453651  4
700  106868  0.201747  0.810218  0.800897  0.265155  0.0249606  4
800  105393  0.193768  0.805442  0.80684  0.277932  0.045564  4
900  105273  0.187359  0.810862  0.805079  0.268366  0.0649428  4
1000  104875  0.194959  0.808855  0.805488  0.273551  0.070966  4
1100  105237  0.185438  0.804471  0.807366  0.265835  0.117116  4
1200  105652  0.188254  0.804985  0.804117  0.270581  0.127473  4
1300  105641  0.189284  0.803941  0.805522  0.27192  0.124164  4
1400  106032  0.187806  0.808051  0.804036  0.27619  0.122484  4
1500  106160  0.191759  0.810265  0.804474  0.28033  0.127043  4
1600  105825  0.193941  0.813346  0.803174  0.266735  0.128983  4
1700  105298  0.18982  0.809354  0.802419  0.262976  0.132516  4
1800  105811  0.185051  0.809837  0.800822  0.256498  0.140149  4
1900  105596  0.181427  0.807907  0.803524  0.261783  0.110336  4
2000  105273  0.181917  0.804718  0.803898  0.251043  0.1253  4
2100  105637  0.181414  0.814659  0.803831  0.241761  0.112161  4
2200  106291  0.181739  0.81707  0.805793  0.253918  0.121074  4
2300  106126  0.186608  0.813768  0.805016  0.251471  0.0936664  4
2400  105787  0.180749  0.819191  0.806482  0.2504  0.0988876  4
2500  106157  0.183398  0.815908  0.802391  0.243756  0.111969  4
2600  106240  0.18545  0.822066  0.806116  0.261883  0.132582  4
2700  105712  0.185319  0.81983  0.805405  0.256644  0.128821  4
2800  105719  0.180183  0.824261  0.804452  0.256058  0.121002  4
2900  105271  0.18316  0.827485  0.797493  0.251764  0.0841827  4
3000  105763  0.18186  0.824937  0.795278  0.242545  0.070447  4
3100  106374  0.184802  0.83124  0.796336  0.229791  0.031039  4
3200  105213  0.180743  0.83302  0.795011  0.235622  0.0503672  4
3300  106320  0.182969  0.829642  0.794814  0.228429  0.0651189  4
3400  105960  0.18199  0.840513  0.795682  0.228996  0.0651995  4
3500  106004  0.18421  0.842302  0.792639  0.230588  0.0859276  4
3600  106621  0.184578  0.838995  0.795066  0.225275  0.103556  4
3700  107043  0.180641  0.835828  0.794399  0.227887  0.121254  4
3800  105560  0.181643  0.837417  0.793764  0.231769  0.107731  4
3900  106207  0.180933  0.842631  0.792041  0.231808  0.0957972  4
4000  105909  0.179817  0.841883  0.794996  0.236004  0.0956454  4
4100  105908  0.176615  0.829889  0.79252  0.233424  0.0972143  4
4200  106178  0.18462  0.829838  0.791514  0.231154  0.080077  4
4300  106004  0.182951  0.823528  0.790934  0.226384  0.128312  4
4400  106587  0.184261  0.814177  0.794042  0.233164  0.114347  4
4500  105522  0.181203  0.806107  0.793317  0.231276  0.128906  4
4600  106480  0.178972  0.814184  0.795822  0.2345  0.0975102  4
4700  106132  0.178113  0.823882  0.79837  0.230784  0.0786001  4
4800  106043  0.178406  0.81753  0.797072  0.226086  0.0859785  4
4900  106383  0.17608  0.825011  0.797906  0.222247  0.105759  4
5000  106536  0.17363  0.832796  0.798159  0.221104  0.0925226  4
5100  105353  0.177545  0.831319  0.797955  0.220788  0.122389  4
5200  105256  0.17042  0.826358  0.797002  0.216509  0.117354  4
5300  106323  0.172995  0.831686  0.795537  0.209452  0.118591  4
5400  106956  0.175099  0.83365  0.793757  0.202613  0.149218  4
5500  106864  0.175416  0.82785  0.791222  0.201598  0.153423  4
5600  105929  0.172147  0.832452  0.791311  0.195754  0.160677  4
5700  104622  0.170435  0.843185  0.790944  0.194328  0.157553  4
5800  106166  0.180022  0.849122  0.792625  0.204201  0.132931  4
5900  106277  0.178677  0.846433  0.79411  0.204376  0.0900133  4
6000  107170  0.175757  0.846148  0.800754  0.209771  0.112767  4
6100  106174  0.171065  0.848114  0.798174  0.202338  0.103557  4
6200  106342  0.175721  0.851295  0.795621  0.211361  0.10768  4
6300  106528  0.171573  0.846475  0.800129  0.216817  0.0814473  4
6400  106900  0.169281  0.846854  0.800422  0.215204  0.103688  4
6500  105688  0.16481  0.848919  0.802087  0.214681  0.0642536  4
6600  106338  0.16712  0.843327  0.797648  0.208908  0.0647428  4
6700  105702  0.167646  0.848471  0.800221  0.211389  0.0789939  4
6800  106738  0.173151  0.849174  0.801279  0.216713  0.0512762  4
6900  106059  0.166193  0.84002  0.803031  0.223228  0.0706644  4
7000  106333  0.169841  0.845511  0.799486  0.20146  0.0581657  4
7100  105826  0.16578  0.847391  0.80096  0.216214  0.0150682  4
7200  106142  0.173956  0.848292  0.800277  0.214379  -0.00146062  4
7300  105592  0.169838  0.851496  0.798214  0.205881  -0.0261682  4
7400  105816  0.172316  0.851164  0.79955  0.206582  -0.0208606  4
7500  105955  0.17231  0.853096  0.797419  0.21118  -0.0337058  4
7600  106473  0.173542  0.851447  0.798696  0.217084  -0.0291852  4
7700  106356  0.175175  0.852956  0.796766  0.21176  -0.0372522  4
7800  106686  0.173265  0.858568  0.796853  0.204522  -0.0463968  4
7900  106424  0.172816  0.859984  0.797592  0.207265  -0.0408954  4
8000  106253  0.179231  0.867168  0.800806  0.209746  -0.0955001  4
8100  106436  0.171248  0.866222  0.800398  0.207698  -0.0778039  4
8200  106081  0.176389  0.866787  0.800104  0.207878  -0.0768727  4
8300  106166  0.168442  0.860792  0.80071  0.213101  -0.0809655  4
8400  106851  0.17208  0.862341  0.802592  0.214033  -0.0863659  4
8500  106477  0.170012  0.865857  0.801413  0.214996  -0.104921  4
8600  106648  0.173751  0.865415  0.801038  0.217981  -0.0656902  4
8700  106357  0.169897  0.865547  0.800334  0.212883  -0.0604314  4
8800  106297  0.166657  0.863181  0.802462  0.208954  -0.0433289  4
8900  106200  0.168886  0.860699  0.80019  0.202939  -0.0425481  4
9000  105801  0.168606  0.857924  0.799246  0.201363  -0.0168207  4
9100  107265  0.168567  0.849561  0.799968  0.205421  -0.00337214  4
9200  105400  0.162057  0.835935  0.798559  0.210367  0.0080271  4
9300  106297  0.166438  0.835256  0.798285  0.210368  0.0235364  4
9400  106585  0.167416  0.83976  0.797716  0.210256  0.0188565  4
9500  105980  0.168934  0.836457  0.79603  0.199257  0.0284549  4
9600  105831  0.168546  0.830177  0.796243  0.199545  0.063272  4
9700  107004  0.167333  0.829256  0.798196  0.20626  0.0405911  4
9800  107025  0.170943  0.833653  0.797791  0.201335  0.0366605  4
9900  106327  0.169102  0.832738  0.797244  0.200039  0.0253215  4
