t meta_n emi  mean_info  tr1  tr2  tr3  strategy
0  115046  0.10028  0.496577  0.899968  0.000780593  4.7952e-05  4
100  103259  0.108942  0.385161  0.857282  0.0810777  -0.00449721  4
200  103658  0.15646  0.311617  0.788722  0.149804  -0.00575146  4
300  102201  0.189849  0.254829  0.74626  0.212262  -0.00934625  4
400  102819  0.209347  0.218375  0.737923  0.254916  -0.0250603  4
500  102786  0.208501  0.199078  0.728768  0.2704  -0.057119  4
600  103422  0.221065  0.192484  0.719028  0.287515  -0.0568555  4
700  102454  0.225907  0.186653  0.716965  0.292147  -0.0695003  4
800  102558  0.227528  0.180344  0.722152  0.315074  -0.0659943  4
900  102786  0.220467  0.168351  0.725913  0.321434  -0.0705471  4
1000  102369  0.220809  0.167556  0.7247  0.318644  -0.0346591  4
1100  103440  0.229105  0.178855  0.727245  0.346603  -0.0579492  4
1200  102015  0.220583  0.169505  0.734814  0.352768  -0.0348491  4
1300  103026  0.218111  0.166589  0.735188  0.353353  -0.0352728  4
1400  102602  0.222702  0.163913  0.739875  0.371234  -0.0190038  4
1500  103598  0.223441  0.171782  0.737789  0.365086  -0.0158537  4
1600  102711  0.224108  0.167923  0.736911  0.369413  -0.0683084  4
1700  102768  0.220802  0.170087  0.743065  0.376849  -0.118856  4
1800  102573  0.230163  0.168325  0.748618  0.404855  -0.125393  4
1900  102880  0.224297  0.170111  0.754878  0.424541  -0.122306  4
2000  103288  0.228516  0.169299  0.761298  0.444651  -0.0873538  4
2100  103716  0.229357  0.166164  0.763011  0.440712  -0.0483979  4
2200  103038  0.224543  0.163667  0.770073  0.46105  -0.0413888  4
2300  102472  0.218906  0.158279  0.774389  0.477385  -0.0688141  4
2400  102742  0.226513  0.164677  0.785935  0.502971  -0.0416169  4
2500  103024  0.221169  0.17073  0.78314  0.499505  -0.0287226  4
2600  104192  0.221585  0.171162  0.785964  0.503084  -0.0240249  4
2700  102537  0.215414  0.169669  0.78852  0.50565  -0.0184861  4
2800  103240  0.222699  0.167254  0.784219  0.497169  -0.00530977  4
2900  102858  0.217139  0.166319  0.786293  0.492954  -0.0496867  4
3000  102893  0.215751  0.166335  0.790803  0.502323  -0.062255  4
3100  102900  0.2115  0.171916  0.798585  0.520168  -0.0924547  4
3200  103314  0.222683  0.17534  0.795288  0.519049  -0.114821  4
3300  103883  0.2245  0.170714  0.795397  0.524643  -0.14784  4
3400  103129  0.225376  0.16635  0.792956  0.516583  -0.121265  4
3500  103496  0.221504  0.167516  0.80009  0.532465  -0.128313  4
3600  104385  0.220239  0.1659  0.801065  0.533783  -0.126737  4
3700  103412  0.225713  0.169194  0.809986  0.557043  -0.134713  4
3800  102577  0.217747  0.166387  0.808764  0.546813  -0.126443  4
3900  103675  0.214424  0.166646  0.815845  0.560816  -0.148311  4
4000  103418  0.222243  0.166284  0.81783  0.573723  -0.125017  4
4100  102665  0.217649  0.171617  0.825734  0.594959  -0.154652  4
4200  103830  0.226541  0.171402  0.828474  0.601448  -0.202787  4
4300  103664  0.222517  0.172586  0.835474  0.613076  -0.188904  4
4400  103806  0.215731  0.170042  0.831806  0.605435  -0.182189  4
4500  104207  0.221643  0.168709  0.828664  0.595141  -0.148106  4
4600  103222  0.216196  0.163157  0.82766  0.588437  -0.204831  4
4700  104016  0.220343  0.164082  0.829734  0.593773  -0.202838  4
4800  103051  0.212443  0.164411  0.833699  0.599842  -0.209689  4
4900  103082  0.214034  0.166509  0.836889  0.601329  -0.20582  4
5000  103497  0.21519  0.167199  0.845765  0.61996  -0.18495  4
5100  103777  0.221302  0.16314  0.848921  0.624762  -0.199629  4
5200  103878  0.215973  0.165865  0.855622  0.645556  -0.181534  4
5300  103276  0.216303  0.17161  0.867245  0.672967  -0.172254  4
5400  103717  0.216122  0.165477  0.864456  0.668516  -0.169123  4
5500  104702  0.220343  0.16169  0.862718  0.667416  -0.189395  4
5600  102902  0.218401  0.168085  0.866371  0.678378  -0.221404  4
5700  102684  0.209544  0.171924  0.870603  0.68224  -0.188791  4
5800  103895  0.21658  0.171341  0.874956  0.70294  -0.211273  4
5900  103275  0.211963  0.17526  0.881857  0.710608  -0.21003  4
6000  103373  0.21664  0.184864  0.892178  0.733685  -0.222517  4
6100  103967  0.212728  0.181875  0.889186  0.727121  -0.2329  4
6200  103217  0.214848  0.179238  0.895044  0.737135  -0.232978  4
6300  103786  0.21587  0.183076  0.900805  0.757258  -0.250867  4
6400  103200  0.212631  0.177723  0.89503  0.740129  -0.274969  4
6500  103227  0.213744  0.185622  0.905996  0.766148  -0.296943  4
6600  103730  0.210735  0.179036  0.900299  0.748845  -0.26546  4
6700  103642  0.214444  0.174371  0.896234  0.738652  -0.289633  4
6800  103450  0.200328  0.181748  0.90326  0.756773  -0.339227  4
6900  102961  0.214221  0.172103  0.907322  0.766485  -0.318178  4
7000  103645  0.226875  0.164657  0.906639  0.766896  -0.340906  4
7100  103607  0.219422  0.16928  0.900798  0.754094  -0.335341  4
7200  104635  0.216902  0.168403  0.906754  0.763714  -0.33499  4
7300  103561  0.212328  0.169528  0.90889  0.772527  -0.318743  4
7400  103527  0.214981  0.173341  0.908361  0.776766  -0.350436  4
7500  103868  0.216867  0.170726  0.910894  0.779155  -0.309566  4
7600  103871  0.213132  0.164157  0.914475  0.79121  -0.299767  4
7700  104117  0.221668  0.152181  0.912733  0.788906  -0.252104  4
7800  103340  0.213659  0.149472  0.912857  0.788076  -0.235188  4
7900  103847  0.216857  0.153864  0.911336  0.782728  -0.245544  4
8000  104210  0.217377  0.16066  0.914895  0.789938  -0.237585  4
8100  103343  0.208791  0.164388  0.916175  0.794457  -0.208744  4
8200  103028  0.210568  0.159585  0.907398  0.770346  -0.153085  4
8300  104141  0.211167  0.155462  0.908563  0.770903  -0.169609  4
8400  103567  0.211907  0.162064  0.908657  0.770681  -0.183624  4
8500  104182  0.213389  0.16318  0.911765  0.780493  -0.186406  4
8600  103430  0.216059  0.171064  0.914709  0.792113  -0.193576  4
8700  103486  0.215742  0.174719  0.920676  0.801647  -0.238524  4
8800  103503  0.215039  0.177397  0.927106  0.817717  -0.218175  4
8900  103738  0.215238  0.176063  0.930147  0.824099  -0.236126  4
9000  103460  0.220307  0.169661  0.925503  0.811688  -0.24073  4
9100  104231  0.216858  0.174963  0.926044  0.814352  -0.217143  4
9200  103728  0.212489  0.177935  0.93153  0.820791  -0.234817  4
9300  103956  0.218967  0.174896  0.932025  0.815118  -0.174559  4
9400  103540  0.213881  0.169739  0.926888  0.803568  -0.132302  4
9500  103628  0.223821  0.168975  0.920252  0.785642  -0.108477  4
9600  103809  0.213874  0.163523  0.919062  0.78384  -0.12545  4
9700  103581  0.216534  0.162236  0.919957  0.784928  -0.126026  4
9800  103206  0.208307  0.163768  0.913415  0.763879  -0.0904333  4
9900  103434  0.227692  0.16669  0.909775  0.759834  -0.11601  4
