t meta_n emi  mean_info  tr1  tr2  tr3  strategy
0  117606  0.100488  0.499438  0.900024  0.000813337  6.04918e-05  4
100  105860  0.119009  0.6138  0.859353  0.07693  0.000788961  4
200  104991  0.160975  0.714375  0.817481  0.144033  -0.0119015  4
300  105728  0.178011  0.735894  0.801765  0.199083  -0.0168799  4
400  105140  0.191273  0.747946  0.789725  0.222653  -0.0164665  4
500  104874  0.192397  0.747336  0.792113  0.245384  -0.0321572  4
600  105748  0.196925  0.741638  0.792584  0.261197  -0.0254768  4
700  106128  0.198373  0.744763  0.796342  0.270448  -0.00592551  4
800  105973  0.189083  0.757451  0.804759  0.277474  0.0105602  4
900  104805  0.187603  0.745342  0.800517  0.288806  0.00953261  4
1000  105363  0.191893  0.752104  0.801767  0.294701  0.0637067  4
1100  105208  0.185666  0.754238  0.802109  0.300128  0.0718087  4
1200  104921  0.191588  0.742912  0.808819  0.307898  0.0648442  4
1300  104325  0.193105  0.743798  0.799391  0.311007  0.0778421  4
1400  105554  0.1887  0.751093  0.798772  0.304292  0.0851978  4
1500  105401  0.189382  0.742749  0.796684  0.285875  0.0900927  4
1600  105509  0.190469  0.741631  0.800341  0.302068  0.0681726  4
1700  105826  0.188925  0.742244  0.799974  0.300142  0.0774272  4
1800  105998  0.191842  0.732105  0.8046  0.303689  0.0443675  4
1900  105779  0.191578  0.723312  0.805575  0.310825  0.036037  4
2000  105172  0.184555  0.724263  0.80397  0.309446  0.0386115  4
2100  105454  0.188981  0.733682  0.804457  0.318498  0.0186635  4
2200  105386  0.189325  0.734516  0.805551  0.327499  0.0185379  4
2300  104703  0.192763  0.7339  0.800838  0.316278  0.0126559  4
2400  106149  0.191134  0.73664  0.80186  0.303227  0.0277682  4
2500  106133  0.187244  0.744509  0.800269  0.291912  -0.0342246  4
2600  105276  0.179163  0.760483  0.801208  0.280478  -0.0381354  4
2700  105275  0.180908  0.755028  0.799688  0.278948  -0.0503783  4
2800  105505  0.175645  0.745333  0.803799  0.293636  -0.0660698  4
2900  105610  0.18662  0.737673  0.800917  0.293308  -0.0470174  4
3000  106543  0.191233  0.741447  0.801639  0.299995  -0.0683828  4
3100  106141  0.191124  0.748055  0.800438  0.306335  -0.0726017  4
3200  104727  0.176152  0.748416  0.799206  0.29154  -0.0550433  4
3300  105663  0.182271  0.742078  0.798464  0.291842  -0.0568067  4
3400  105175  0.184399  0.733726  0.79415  0.289178  -0.0623252  4
3500  105911  0.181164  0.743826  0.796417  0.290716  -0.0706013  4
3600  105931  0.179699  0.737718  0.799197  0.286796  -0.0866436  4
3700  106344  0.179264  0.751305  0.799948  0.277143  -0.121248  4
3800  105953  0.177835  0.75436  0.803095  0.277152  -0.119517  4
3900  105656  0.171909  0.745382  0.802936  0.280707  -0.139214  4
4000  105611  0.177465  0.740725  0.803482  0.282597  -0.156037  4
4100  106213  0.178209  0.744525  0.804696  0.285979  -0.154322  4
4200  105904  0.173938  0.751585  0.805473  0.280107  -0.207899  4
4300  106045  0.174399  0.749379  0.806512  0.285284  -0.199199  4
4400  105544  0.176579  0.744992  0.804716  0.290738  -0.225991  4
4500  106700  0.174756  0.745431  0.805842  0.283631  -0.20618  4
4600  106010  0.178973  0.740089  0.803112  0.29019  -0.192656  4
4700  105971  0.172877  0.73072  0.799585  0.271365  -0.165078  4
4800  104921  0.171797  0.741689  0.799944  0.273481  -0.140891  4
4900  105779  0.178061  0.737984  0.797671  0.280902  -0.152403  4
5000  105525  0.177011  0.749577  0.797513  0.272724  -0.133222  4
5100  106077  0.17822  0.75345  0.794991  0.267835  -0.11418  4
5200  105253  0.177687  0.757389  0.793757  0.264955  -0.125515  4
5300  105427  0.179479  0.7569  0.791307  0.251811  -0.146276  4
5400  105677  0.177269  0.749201  0.796185  0.258612  -0.123756  4
5500  106645  0.177802  0.741299  0.796183  0.264191  -0.136217  4
5600  106040  0.178905  0.738563  0.796405  0.271988  -0.126592  4
5700  105639  0.177147  0.729975  0.798236  0.278219  -0.132029  4
5800  105261  0.174376  0.72233  0.799338  0.27979  -0.150685  4
5900  105778  0.178961  0.71632  0.798589  0.284614  -0.147497  4
6000  105836  0.177732  0.705849  0.798133  0.292722  -0.141809  4
6100  105496  0.174093  0.709988  0.795784  0.282467  -0.17634  4
6200  106877  0.174766  0.704398  0.799398  0.295566  -0.188204  4
6300  106651  0.175186  0.701221  0.800045  0.295924  -0.173608  4
6400  105502  0.17244  0.698735  0.800535  0.306785  -0.15783  4
6500  105381  0.179231  0.694399  0.800513  0.303875  -0.152942  4
6600  105834  0.175757  0.686053  0.802412  0.317177  -0.179733  4
6700  105591  0.170271  0.679344  0.80391  0.318113  -0.178456  4
6800  104883  0.16577  0.679539  0.804022  0.32381  -0.122074  4
6900  106042  0.179493  0.672925  0.804439  0.32914  -0.101308  4
7000  105179  0.177686  0.670043  0.805745  0.350164  -0.120526  4
7100  105480  0.176558  0.680403  0.808101  0.358035  -0.12627  4
7200  105929  0.179481  0.691345  0.808624  0.362106  -0.14731  4
7300  106840  0.178254  0.688377  0.806002  0.359494  -0.16613  4
7400  105934  0.176176  0.689034  0.806546  0.359849  -0.142342  4
7500  104772  0.17455  0.697364  0.807176  0.352743  -0.145512  4
7600  106015  0.174722  0.692504  0.806654  0.350231  -0.128597  4
7700  106631  0.176906  0.690644  0.806356  0.349191  -0.0891652  4
7800  106669  0.174334  0.679494  0.807164  0.354934  -0.0760533  4
7900  105887  0.17476  0.690688  0.808865  0.368714  -0.0905749  4
8000  105676  0.172726  0.687189  0.806624  0.364119  -0.0811792  4
8100  105520  0.180591  0.681427  0.807226  0.372167  -0.060697  4
8200  105752  0.175618  0.676786  0.806887  0.367418  -0.0604495  4
8300  106089  0.175726  0.669003  0.806307  0.364512  -0.0541323  4
8400  106556  0.177644  0.659511  0.804947  0.36879  -0.100621  4
8500  106725  0.179386  0.657207  0.805083  0.368798  -0.124693  4
8600  105981  0.17647  0.653169  0.805767  0.369178  -0.0931512  4
8700  105427  0.170656  0.646317  0.803618  0.363291  -0.102998  4
8800  105919  0.178632  0.647251  0.804829  0.375281  -0.0953941  4
8900  105922  0.173971  0.656615  0.808964  0.390421  -0.0754284  4
9000  106020  0.172645  0.656451  0.808514  0.39032  -0.0817315  4
9100  105784  0.173874  0.656778  0.807795  0.38852  -0.082861  4
9200  105742  0.174758  0.649847  0.807043  0.391174  -0.0462546  4
9300  105707  0.170751  0.651193  0.806032  0.388888  -0.0561095  4
9400  105146  0.174195  0.652516  0.80623  0.37893  -0.0697278  4
9500  105883  0.171214  0.651053  0.806356  0.383819  -0.0528393  4
9600  107361  0.177485  0.641779  0.807041  0.390221  -0.0389486  4
9700  104993  0.169098  0.648138  0.805657  0.384761  -0.0661775  4
9800  104928  0.176431  0.64387  0.80425  0.378608  -0.0482317  4
9900  106385  0.175609  0.647015  0.805978  0.386732  -0.0494287  4
