t meta_n emi  mean_info  tr1  tr2  tr3  strategy
0  115101  0.098856  0.494844  0.899996  0.000802823  -9.25987e-05  4
100  101451  0.107273  0.221149  0.844382  0.0741231  -0.00362436  4
200  103083  0.157146  0.122225  0.771199  0.144098  -0.00995766  4
300  103305  0.192783  0.0927592  0.729539  0.1912  -0.0084102  4
400  102905  0.215922  0.083095  0.708116  0.220061  0.00622908  4
500  103023  0.219696  0.0775805  0.702764  0.239793  0.00361914  4
600  102354  0.229387  0.0711185  0.696045  0.258122  -0.0286184  4
700  101965  0.233255  0.0674716  0.693069  0.263284  -0.0018913  4
800  103230  0.238726  0.0639732  0.69501  0.285058  -0.0061051  4
900  102583  0.232785  0.0626912  0.695628  0.293657  -0.0290947  4
1000  101870  0.226708  0.0603538  0.700237  0.303776  -0.029508  4
1100  102337  0.234764  0.0563456  0.698373  0.299393  -0.0349965  4
1200  101991  0.235253  0.0595624  0.700694  0.308797  -0.0228826  4
1300  102869  0.232003  0.0585905  0.697707  0.297989  -0.000875465  4
1400  102608  0.232188  0.0554379  0.697912  0.295995  -0.00527994  4
1500  101966  0.23219  0.053772  0.705238  0.318728  0.00895746  4
1600  101452  0.231514  0.0546389  0.708478  0.334221  0.00933756  4
1700  101644  0.232622  0.0515872  0.705493  0.329674  0.0424848  4
1800  102019  0.232202  0.050326  0.700953  0.323292  -0.0109263  4
1900  102943  0.234534  0.0515286  0.705411  0.321029  -0.0364614  4
2000  102067  0.228462  0.0488476  0.699116  0.31875  -0.0868493  4
2100  102949  0.233906  0.0446997  0.700626  0.313587  -0.103173  4
2200  102635  0.234173  0.0431254  0.701155  0.307275  -0.0892081  4
2300  102511  0.229436  0.0439643  0.701762  0.306976  -0.0727745  4
2400  102143  0.230149  0.036458  0.701387  0.312871  -0.0858716  4
2500  103014  0.231117  0.0419109  0.69751  0.31994  -0.0400628  4
2600  102333  0.236097  0.0384184  0.699185  0.328121  -0.0571207  4
2700  101898  0.228005  0.0382453  0.704614  0.339492  -0.0436652  4
2800  102502  0.231691  0.0377547  0.703908  0.338347  -0.0411378  4
2900  103105  0.23093  0.034079  0.706758  0.33547  -0.0498049  4
3000  102096  0.228888  0.0363269  0.705491  0.328098  -0.0719773  4
3100  102160  0.227011  0.0329749  0.709298  0.338421  -0.0514537  4
3200  102681  0.223628  0.0317389  0.708275  0.331439  -0.0511636  4
3300  103191  0.224239  0.028381  0.705868  0.323879  0.00363062  4
3400  101702  0.226181  0.0279787  0.708069  0.334154  -0.0469041  4
3500  103232  0.228931  0.0292255  0.708061  0.33688  -0.0551279  4
3600  101683  0.223813  0.0301223  0.707982  0.334959  -0.0312181  4
3700  102063  0.2192  0.0291778  0.710659  0.336027  -0.0619855  4
3800  102506  0.224384  0.0293726  0.708217  0.326476  -0.034922  4
3900  102355  0.222969  0.0292801  0.713933  0.348923  -0.067185  4
4000  102305  0.22087  0.030402  0.713563  0.33665  -0.0217841  4
4100  102687  0.224551  0.0302293  0.70224  0.310546  0.0509653  4
4200  102691  0.22607  0.029029  0.702852  0.313024  0.0941567  4
4300  101590  0.218391  0.0279286  0.701717  0.296061  0.0741924  4
4400  103314  0.227603  0.025748  0.699743  0.30132  0.0912066  4
4500  102627  0.223926  0.0242098  0.700922  0.318061  0.0551211  4
4600  102216  0.216993  0.0232527  0.701399  0.315655  0.111766  4
4700  102789  0.224382  0.0203627  0.701049  0.310409  0.0948279  4
4800  102861  0.225685  0.0196843  0.701848  0.317165  0.0928466  4
4900  101625  0.222859  0.0187985  0.70208  0.306461  0.127237  4
5000  102634  0.221247  0.0177053  0.694702  0.282491  0.0937204  4
5100  102717  0.219113  0.0171162  0.692121  0.276769  0.0831582  4
5200  103204  0.22405  0.0190104  0.68776  0.268801  0.0223202  4
5300  102953  0.222391  0.0192706  0.691686  0.274985  0.0143774  4
5400  102879  0.214246  0.0182712  0.69325  0.27597  0.0323372  4
5500  103172  0.224481  0.0170336  0.692076  0.28656  0.0558843  4
5600  102394  0.224243  0.0172922  0.69502  0.291218  0.064949  4
5700  102680  0.225366  0.015204  0.690687  0.282145  0.0893396  4
5800  101625  0.220288  0.0156255  0.694579  0.285209  0.0469822  4
5900  102263  0.221187  0.0147613  0.688524  0.26913  0.120602  4
6000  103429  0.222059  0.0134056  0.69127  0.271793  0.0455314  4
6100  102512  0.219658  0.0134368  0.685684  0.261536  0.0424734  4
6200  102197  0.224189  0.0127332  0.685113  0.256513  0.12846  4
6300  102436  0.222479  0.014155  0.684191  0.251507  0.129419  4
6400  102515  0.223794  0.015186  0.68218  0.242611  0.102269  4
6500  102389  0.217121  0.0142557  0.682837  0.238635  0.0451546  4
6600  103413  0.222051  0.0129075  0.681946  0.244341  0.0370182  4
6700  103029  0.221089  0.0115785  0.683246  0.247009  -0.0333605  4
6800  102841  0.216693  0.00962375  0.679178  0.227928  -0.0262971  4
6900  102794  0.221325  0.00941056  0.678933  0.230909  -0.0351726  4
7000  102577  0.22089  0.0110043  0.678961  0.228548  -0.0700738  4
7100  102356  0.221901  0.010358  0.677734  0.223873  -0.0127797  4
7200  103462  0.226186  0.0100206  0.673435  0.223399  0.0322515  4
7300  102007  0.219232  0.00919013  0.675774  0.227937  0.0348767  4
7400  102607  0.222134  0.0076315  0.673639  0.220019  0.0740305  4
7500  103103  0.225386  0.0070234  0.674025  0.220415  0.0583991  4
7600  102476  0.224029  0.00723079  0.671278  0.209011  0.0971267  4
7700  102666  0.223532  0.00728467  0.66655  0.200093  0.0991022  4
7800  102426  0.22291  0.00634097  0.666102  0.201961  0.155637  4
7900  102552  0.221547  0.00562645  0.664554  0.197259  0.161617  4
8000  102815  0.221206  0.00580089  0.661795  0.185277  0.172643  4
8100  102666  0.226595  0.00586939  0.660742  0.177041  0.194279  4
8200  102557  0.223948  0.00499361  0.66079  0.172387  0.157916  4
8300  102657  0.22193  0.00666313  0.661342  0.171501  0.140427  4
8400  103571  0.221661  0.00599754  0.659882  0.166766  0.0835325  4
8500  102321  0.224207  0.00479555  0.659288  0.169841  0.0841313  4
8600  102469  0.220295  0.00537873  0.659923  0.169931  0.0777601  4
8700  102576  0.214572  0.0044232  0.662899  0.175757  0.0832208  4
8800  102855  0.219509  0.00406502  0.663789  0.187201  0.0825039  4
8900  102478  0.220877  0.00421367  0.6656  0.192687  0.10734  4
9000  102704  0.224823  0.00334894  0.664983  0.195524  0.117257  4
9100  103448  0.223901  0.00336181  0.662979  0.18917  0.1257  4
9200  102848  0.223365  0.00295769  0.661925  0.187046  0.21894  4
9300  102939  0.225341  0.00307315  0.660136  0.183955  0.205266  4
9400  102141  0.221342  0.00255648  0.66235  0.190331  0.21074  4
9500  103687  0.223128  0.00245379  0.660463  0.181206  0.185551  4
9600  102153  0.219112  0.00255622  0.66045  0.183334  0.14311  4
9700  102049  0.224062  0.00312426  0.660684  0.187391  0.150657  4
9800  101877  0.22183  0.003421  0.662374  0.187977  0.212442  4
9900  102536  0.224207  0.00351331  0.66096  0.187383  0.269612  4
