t meta_n emi  mean_info  tr1  tr2  tr3  strategy
0  116075  0.099416  0.496668  0.900023  0.000856869  -8.13735e-05  4
100  102723  0.107027  0.447233  0.859233  0.0781212  0.00466604  4
200  102982  0.155072  0.414337  0.788678  0.145729  -0.00616291  4
300  103322  0.183121  0.356118  0.757357  0.198504  -0.0248795  4
400  103878  0.201871  0.315752  0.743678  0.23228  0.00230228  4
500  102796  0.204559  0.294084  0.73644  0.252719  0.0182169  4
600  103102  0.21602  0.269041  0.730116  0.268173  0.0105417  4
700  101882  0.209728  0.269109  0.735113  0.296732  0.0175133  4
800  103422  0.221526  0.253181  0.742201  0.335042  0.00213742  4
900  102883  0.211744  0.251813  0.754423  0.356754  -0.015332  4
1000  103521  0.221648  0.255415  0.754016  0.374067  -0.0281116  4
1100  103226  0.213762  0.252587  0.761635  0.382437  -0.0448178  4
1200  102821  0.218567  0.254925  0.762337  0.392885  -0.0604437  4
1300  103726  0.21631  0.259356  0.771077  0.413086  -0.0671808  4
1400  103776  0.212623  0.254268  0.784101  0.441918  -0.0523496  4
1500  103131  0.209763  0.250279  0.79028  0.463069  -0.0631622  4
1600  103027  0.211324  0.23958  0.792362  0.466322  -0.101895  4
1700  102942  0.211707  0.247823  0.801562  0.502217  -0.102055  4
1800  103052  0.211731  0.251043  0.810155  0.523811  -0.058973  4
1900  103809  0.217915  0.25866  0.814902  0.547285  -0.0597874  4
2000  103844  0.217589  0.257249  0.820494  0.565036  -0.0692222  4
2100  103241  0.213802  0.255791  0.822406  0.56644  -0.110487  4
2200  103427  0.215472  0.252351  0.828832  0.579792  -0.128034  4
2300  103251  0.214014  0.25155  0.833177  0.591845  -0.155535  4
2400  103669  0.20721  0.249242  0.838724  0.603577  -0.136191  4
2500  103847  0.21209  0.244705  0.846551  0.606818  -0.134237  4
2600  103195  0.213571  0.240976  0.849186  0.628039  -0.139019  4
2700  104471  0.209714  0.240847  0.856877  0.627649  -0.155157  4
2800  104506  0.210402  0.237951  0.866869  0.639096  -0.12109  4
2900  104588  0.207557  0.239664  0.874317  0.660496  -0.0678914  4
3000  103995  0.208514  0.239222  0.875754  0.665426  -0.0543977  4
3100  103246  0.203205  0.2418  0.881335  0.678209  -0.0797733  4
3200  104322  0.202699  0.235452  0.880794  0.671868  -0.0973913  4
3300  104038  0.208344  0.235454  0.884614  0.679097  -0.0872761  4
3400  103001  0.209406  0.239042  0.891617  0.69765  -0.0699738  4
3500  103515  0.210227  0.243789  0.893028  0.698276  -0.120803  4
3600  103787  0.20481  0.245104  0.90091  0.711047  -0.170521  4
3700  103868  0.201703  0.23888  0.900974  0.709748  -0.15125  4
3800  104432  0.21195  0.228912  0.895199  0.699182  -0.135369  4
3900  104354  0.206571  0.232695  0.901079  0.72158  -0.209153  4
4000  103752  0.210275  0.228762  0.903277  0.723307  -0.227547  4
4100  103794  0.201344  0.21753  0.906112  0.725573  -0.268993  4
4200  104096  0.20947  0.22917  0.910205  0.738441  -0.303954  4
4300  103830  0.204972  0.219382  0.912068  0.745113  -0.274562  4
4400  104149  0.212922  0.228986  0.913885  0.754275  -0.270382  4
4500  105119  0.213208  0.222344  0.913796  0.748905  -0.285754  4
4600  103977  0.205463  0.223067  0.919525  0.762222  -0.301936  4
4700  103634  0.204705  0.226398  0.925551  0.781946  -0.358889  4
4800  104050  0.20824  0.229655  0.932961  0.795997  -0.373237  4
4900  103766  0.215457  0.233575  0.94221  0.824563  -0.408481  4
5000  104322  0.208064  0.239771  0.953759  0.85139  -0.393902  4
5100  103315  0.203363  0.240184  0.957984  0.863708  -0.364336  4
5200  103787  0.213138  0.235578  0.955878  0.864455  -0.335026  4
5300  104580  0.205077  0.233928  0.961039  0.875317  -0.28622  4
5400  103949  0.20599  0.238918  0.969306  0.888806  -0.243654  4
5500  103774  0.209575  0.238603  0.970505  0.895456  -0.264352  4
5600  103348  0.191745  0.235867  0.970482  0.893265  -0.285872  4
5700  103466  0.203677  0.233755  0.970855  0.89363  -0.223622  4
5800  103996  0.201934  0.235506  0.972495  0.897448  -0.203238  4
5900  103792  0.202817  0.237381  0.974913  0.909393  -0.17116  4
6000  104057  0.197353  0.239373  0.976688  0.912636  -0.224218  4
6100  103830  0.204655  0.235728  0.980782  0.919006  -0.221994  4
6200  103608  0.207083  0.230827  0.981449  0.917086  -0.205192  4
6300  104795  0.204851  0.229851  0.983048  0.919362  -0.132678  4
6400  104557  0.208325  0.239237  0.986734  0.925936  -0.107937  4
6500  104419  0.208579  0.236256  0.983105  0.914678  -0.0923857  4
6600  103743  0.206758  0.233896  0.978683  0.91179  -0.100855  4
6700  104547  0.205196  0.236879  0.984528  0.921488  -0.0631268  4
6800  104793  0.201503  0.233342  0.9854  0.916244  -0.0655257  4
6900  103836  0.200399  0.233468  0.987531  0.920915  -0.0821927  4
7000  104502  0.203406  0.235092  0.9892  0.924849  -0.140336  4
7100  104753  0.210089  0.246681  0.991408  0.934195  -0.161031  4
7200  103480  0.206727  0.237787  0.997175  0.942345  -0.133657  4
7300  104202  0.20501  0.240972  0.998485  0.946151  -0.131428  4
7400  104301  0.199548  0.2363  1.0005  0.941829  -0.0652796  4
7500  104351  0.195189  0.238066  0.997582  0.934904  -0.0349529  4
7600  104013  0.203986  0.241188  0.998699  0.939618  -0.0677133  4
7700  104760  0.197223  0.238109  0.997254  0.935221  -0.0645117  4
7800  103833  0.202754  0.237868  0.998714  0.93694  -0.0495877  4
7900  103711  0.20386  0.232414  0.996067  0.931221  -0.108243  4
8000  104399  0.198473  0.228675  0.994334  0.929726  -0.0914056  4
8100  103474  0.20034  0.234531  0.995311  0.935014  -0.120723  4
8200  104296  0.199733  0.241138  0.997639  0.943159  -0.135001  4
8300  104466  0.209626  0.237732  0.998088  0.945644  -0.136473  4
8400  104062  0.20141  0.235967  0.997783  0.947126  -0.154181  4
8500  104520  0.205363  0.234569  0.997905  0.945304  -0.15209  4
8600  104023  0.206219  0.238822  0.995218  0.944489  -0.165959  4
8700  103830  0.199615  0.232714  0.996509  0.942237  -0.165237  4
8800  103554  0.20422  0.236271  0.999263  0.94813  -0.157806  4
8900  104604  0.205612  0.237354  0.998841  0.945529  -0.14167  4
9000  104211  0.198979  0.233031  0.998513  0.943473  -0.156409  4
9100  104856  0.205822  0.236971  1.00017  0.949831  -0.166699  4
9200  104553  0.205535  0.233304  1.00035  0.952541  -0.220168  4
9300  103529  0.201174  0.23789  1.00025  0.953115  -0.183486  4
9400  104584  0.210329  0.234414  0.999693  0.953094  -0.197768  4
9500  103684  0.200618  0.232373  0.999502  0.95639  -0.164192  4
9600  104523  0.208472  0.23492  1.00113  0.961056  -0.223266  4
9700  104821  0.213324  0.238239  1.00196  0.962675  -0.249068  4
9800  103796  0.204044  0.244157  1.00593  0.970372  -0.234982  4
9900  104220  0.199673  0.239391  1.00694  0.975615  -0.275644  4
