t meta_n emi  mean_info  tr1  tr2  tr3  strategy
0  114542  0.100248  0.493535  0.900046  0.000740922  7.71215e-06  4
100  102092  0.101083  0.169144  0.852813  0.0743824  0.00214765  4
200  102758  0.160144  0.0857738  0.773611  0.13895  -0.0036543  4
300  101868  0.193465  0.0615281  0.72262  0.181856  -0.00078214  4
400  102520  0.211676  0.0563186  0.7097  0.220722  -0.0120857  4
500  101665  0.221209  0.0522919  0.702395  0.246024  -0.027038  4
600  102603  0.225081  0.0518045  0.699121  0.266317  -0.0146557  4
700  102208  0.236664  0.0460195  0.689712  0.265861  -0.00697936  4
800  101724  0.23022  0.050072  0.695289  0.275007  -0.0124264  4
900  102219  0.231779  0.0469652  0.694943  0.275547  -0.0129994  4
1000  102369  0.234155  0.0441864  0.688793  0.272712  -0.0301236  4
1100  101869  0.224919  0.0446247  0.694591  0.278043  -0.0345406  4
1200  102417  0.229956  0.0406949  0.696739  0.287436  -0.0129162  4
1300  102112  0.234827  0.0387293  0.697976  0.293932  -0.00226206  4
1400  102381  0.237649  0.0373369  0.699837  0.305725  0.0161848  4
1500  102327  0.230142  0.0397819  0.704104  0.308812  0.00385906  4
1600  102124  0.22605  0.0369798  0.704824  0.307041  0.0136268  4
1700  102713  0.228675  0.0383733  0.701886  0.30228  0.000943852  4
1800  101820  0.22824  0.0372181  0.697401  0.29929  0.00514503  4
1900  103275  0.223738  0.0338988  0.705225  0.30706  0.0138341  4
2000  102415  0.229856  0.0321277  0.70899  0.325663  0.0199737  4
2100  102257  0.226298  0.0314498  0.716424  0.338819  0.0185366  4
2200  102023  0.227931  0.0318895  0.719551  0.352209  -0.00806989  4
2300  102979  0.23219  0.0296698  0.718536  0.355237  0.00198977  4
2400  102469  0.224757  0.0294922  0.713348  0.341786  -0.00158167  4
2500  101543  0.230843  0.0308264  0.714855  0.351013  -0.0406574  4
2600  102458  0.226131  0.0281743  0.715037  0.345439  0.00694315  4
2700  102569  0.228205  0.029366  0.714151  0.344878  0.0185768  4
2800  102708  0.227723  0.0260393  0.714789  0.342717  0.0434568  4
2900  102286  0.228848  0.0249297  0.713232  0.346345  0.0540928  4
3000  102608  0.225175  0.0215859  0.716762  0.358085  0.0557859  4
3100  103325  0.231141  0.0243769  0.716541  0.3608  0.049451  4
3200  102263  0.221379  0.0229031  0.719058  0.367793  0.0511112  4
3300  103014  0.224821  0.020546  0.711168  0.353216  0.0926022  4
3400  102789  0.224521  0.0190258  0.712368  0.351112  0.0570809  4
3500  101920  0.222985  0.020366  0.70976  0.331899  0.0673002  4
3600  101423  0.224919  0.0205772  0.713844  0.36172  0.081506  4
3700  102283  0.223196  0.0204624  0.717651  0.364504  0.0432783  4
3800  102642  0.219503  0.0184646  0.71523  0.357667  0.00853825  4
3900  103042  0.227323  0.0183946  0.712813  0.357319  0.016781  4
4000  102718  0.222347  0.0189557  0.714012  0.354613  0.0299254  4
4100  102407  0.222706  0.017124  0.71183  0.354446  0.0691897  4
4200  102791  0.225814  0.0159141  0.70696  0.347407  0.0781424  4
4300  103033  0.22557  0.0154626  0.704229  0.339135  0.0441593  4
4400  102526  0.221364  0.0162824  0.705555  0.333525  0.00400004  4
4500  102603  0.225327  0.0124823  0.703293  0.330526  0.0357304  4
4600  103765  0.228251  0.0126218  0.699898  0.326961  0.0559828  4
4700  102676  0.228644  0.0121474  0.699132  0.324073  0.031515  4
4800  102379  0.224722  0.0122981  0.70447  0.337056  0.0824439  4
4900  101637  0.220973  0.0134288  0.703352  0.332665  0.104018  4
5000  102231  0.222707  0.0123819  0.700178  0.318419  0.0948129  4
5100  102097  0.2215  0.0129123  0.69634  0.305039  0.178214  4
5200  103306  0.21842  0.0108808  0.693241  0.291408  0.216013  4
5300  102407  0.222025  0.0112433  0.687518  0.274088  0.232699  4
5400  102358  0.219967  0.010713  0.686331  0.271559  0.210347  4
5500  101794  0.222191  0.0103525  0.686558  0.279927  0.23346  4
5600  102715  0.216725  0.0109127  0.684495  0.261374  0.241907  4
5700  102165  0.215183  0.0104801  0.683966  0.258468  0.245562  4
5800  102883  0.22095  0.0107882  0.685112  0.263108  0.214676  4
5900  103079  0.216667  0.00980295  0.68371  0.267703  0.236048  4
6000  101994  0.219623  0.00853604  0.67893  0.256082  0.182156  4
6100  102614  0.225603  0.00811518  0.67944  0.259976  0.227036  4
6200  102590  0.220305  0.00802161  0.677336  0.244538  0.180139  4
6300  101980  0.217507  0.00827756  0.678045  0.241258  0.158311  4
6400  102314  0.21831  0.00864918  0.676186  0.239156  0.1615  4
6500  101994  0.217221  0.00647961  0.675923  0.23431  0.170807  4
6600  102699  0.217711  0.00581936  0.677505  0.231356  0.1747  4
6700  102044  0.217343  0.00622173  0.677781  0.238909  0.185092  4
6800  103171  0.214823  0.00553534  0.676268  0.226367  0.172061  4
6900  102630  0.219784  0.00567673  0.675679  0.230806  0.130937  4
7000  102228  0.215794  0.00474976  0.673603  0.228203  0.110966  4
7100  101621  0.21696  0.00518565  0.670046  0.21675  0.103197  4
7200  102334  0.220022  0.00512174  0.666817  0.212861  0.110723  4
7300  102350  0.221058  0.00630081  0.662705  0.198129  0.115525  4
7400  101756  0.21659  0.00459612  0.662674  0.197511  0.140068  4
7500  103446  0.218406  0.00416733  0.660077  0.190678  0.174363  4
7600  103193  0.221167  0.0044326  0.660448  0.181701  0.175619  4
7700  102953  0.220237  0.00355767  0.661783  0.181879  0.218261  4
7800  103048  0.220078  0.00479456  0.661407  0.183329  0.269437  4
7900  101959  0.217902  0.00555039  0.660914  0.180663  0.305174  4
8000  103059  0.221598  0.0064023  0.660639  0.182061  0.369953  4
8100  102406  0.22082  0.00416959  0.660918  0.184384  0.36645  4
8200  102443  0.213802  0.00407382  0.664708  0.191748  0.380619  4
8300  103024  0.220512  0.00312309  0.663471  0.192924  0.389199  4
8400  103132  0.219361  0.00253357  0.664722  0.191172  0.40549  4
8500  102809  0.222349  0.00249368  0.66307  0.193117  0.415807  4
8600  101871  0.219453  0.00393816  0.662634  0.196412  0.445223  4
8700  102478  0.218077  0.00307638  0.662848  0.198949  0.430096  4
8800  102892  0.218996  0.00285526  0.663903  0.19839  0.407099  4
8900  101884  0.216404  0.00283153  0.663783  0.1967  0.421215  4
9000  102678  0.22359  0.00245207  0.66244  0.198992  0.412023  4
9100  102928  0.219627  0.0032549  0.662716  0.196967  0.318359  4
9200  103019  0.220381  0.00289432  0.664844  0.207897  0.267427  4
9300  103118  0.217691  0.00306963  0.666632  0.218763  0.233361  4
9400  103192  0.220547  0.00225268  0.665922  0.218937  0.238045  4
9500  102967  0.222142  0.00245124  0.666845  0.223597  0.202789  4
9600  102465  0.22541  0.00249921  0.666823  0.234292  0.17704  4
9700  103342  0.222257  0.00209749  0.669831  0.238786  0.11374  4
9800  101608  0.218851  0.00203059  0.671249  0.242604  0.124415  4
9900  102795  0.221887  0.0017469  0.671471  0.243007  0.123111  4
