t meta_n emi  mean_info  tr1  tr2  tr3  strategy
0  116910  0.099776  0.499716  0.899985  0.000838938  3.61799e-05  4
100  105581  0.116981  0.591659  0.863725  0.0786088  0.00509804  4
200  105447  0.15356  0.662168  0.821349  0.150977  0.00741447  4
300  105507  0.178853  0.706794  0.800123  0.199295  -0.0109688  4
400  105177  0.193171  0.728412  0.790196  0.224717  -0.0258767  4
500  105010  0.18958  0.731445  0.793021  0.249386  -0.0412721  4
600  105265  0.193782  0.727315  0.79494  0.272939  -0.0444052  4
700  105436  0.196944  0.738257  0.794653  0.284719  -0.0708795  4
800  105796  0.19579  0.736433  0.800252  0.297352  -0.0661465  4
900  104733  0.195266  0.726073  0.799428  0.291965  -0.0821124  4
1000  105426  0.191485  0.72987  0.801706  0.30821  -0.063612  4
1100  106020  0.196884  0.731047  0.801447  0.310987  -0.0401998  4
1200  105330  0.189847  0.727258  0.808482  0.322983  -0.0335664  4
1300  104983  0.193361  0.715715  0.79919  0.299199  -0.0193067  4
1400  105552  0.185968  0.730153  0.799166  0.286142  -0.0317391  4
1500  105589  0.186241  0.724915  0.795889  0.276915  -0.0332535  4
1600  105829  0.185555  0.728835  0.797863  0.277144  -0.00558137  4
1700  105028  0.17933  0.726176  0.798088  0.290212  -0.0390201  4
1800  104159  0.184147  0.732011  0.801925  0.310584  -0.0542216  4
1900  105152  0.192087  0.722977  0.797105  0.315294  -0.0718409  4
2000  104699  0.185627  0.70349  0.800086  0.319172  -0.12102  4
2100  104589  0.18612  0.698489  0.799352  0.31781  -0.115852  4
2200  104494  0.189629  0.678379  0.799234  0.319134  -0.111993  4
2300  104657  0.186826  0.68499  0.801771  0.33177  -0.101754  4
2400  105672  0.195533  0.686478  0.801315  0.341162  -0.102372  4
2500  105269  0.186548  0.694149  0.803224  0.336878  -0.114492  4
2600  104735  0.188698  0.69261  0.804676  0.337999  -0.106423  4
2700  104971  0.184209  0.694126  0.799478  0.334239  -0.0846598  4
2800  104575  0.189164  0.687639  0.796666  0.328234  -0.0909422  4
2900  105453  0.19004  0.680827  0.794284  0.329139  -0.0710731  4
3000  105307  0.183851  0.688911  0.795292  0.318588  -0.0456917  4
3100  105147  0.1831  0.694096  0.797632  0.321608  -0.0488647  4
3200  104543  0.178549  0.678507  0.803274  0.333356  -0.0613309  4
3300  105406  0.184759  0.674823  0.799774  0.336348  -0.0661776  4
3400  105224  0.184295  0.662505  0.798242  0.330991  -0.106768  4
3500  105705  0.187234  0.65513  0.799425  0.346401  -0.107378  4
3600  105384  0.185007  0.659412  0.799736  0.345371  -0.138107  4
3700  104987  0.185027  0.65963  0.798931  0.3469  -0.153724  4
3800  106030  0.187752  0.653616  0.798389  0.350732  -0.0923783  4
3900  104598  0.180787  0.650697  0.804016  0.359704  -0.0983339  4
4000  105683  0.185877  0.655526  0.80075  0.356507  -0.109595  4
4100  105661  0.186717  0.655393  0.801564  0.360398  -0.0693662  4
4200  105382  0.182284  0.654131  0.797606  0.344166  -0.0489344  4
4300  105028  0.18351  0.649213  0.801147  0.359368  -0.0289368  4
4400  104802  0.178182  0.646338  0.802865  0.367878  -0.0151268  4
4500  105332  0.18421  0.649008  0.803749  0.362511  0.0270911  4
4600  105730  0.18181  0.654144  0.807144  0.389384  0.0446558  4
4700  106359  0.192044  0.654434  0.806657  0.396814  0.0682005  4
4800  104948  0.187006  0.646215  0.808438  0.407358  0.0755893  4
4900  105596  0.185621  0.635757  0.807461  0.401111  0.0915436  4
5000  105120  0.182513  0.622547  0.808608  0.403368  0.0208172  4
5100  105156  0.182059  0.622889  0.807902  0.40056  0.0310757  4
5200  105959  0.179586  0.61957  0.81181  0.399162  0.0445491  4
5300  105965  0.18243  0.620736  0.809276  0.402481  0.0224356  4
5400  105259  0.180626  0.625425  0.81134  0.403892  0.0158603  4
5500  104745  0.176906  0.623066  0.810967  0.409697  0.00916003  4
5600  104879  0.175033  0.619129  0.813641  0.420533  -0.0554028  4
5700  105898  0.1817  0.615189  0.8157  0.43138  -0.0458479  4
5800  106077  0.178475  0.612106  0.816476  0.430103  -0.033491  4
5900  105594  0.174965  0.601131  0.818605  0.430777  -0.0238762  4
6000  104601  0.174169  0.600708  0.817836  0.434278  -0.0162881  4
6100  106409  0.177898  0.59915  0.819433  0.439432  0.00350337  4
6200  105475  0.175766  0.589955  0.817498  0.429463  -0.0481546  4
6300  105479  0.172698  0.588103  0.816836  0.423307  -0.0535349  4
6400  105190  0.176366  0.595018  0.81559  0.421253  -0.0192429  4
6500  105834  0.176938  0.591942  0.81436  0.434234  -0.0429324  4
6600  104766  0.17536  0.587599  0.813554  0.44031  -0.0165319  4
6700  105103  0.182786  0.584615  0.813438  0.452627  -0.0345143  4
6800  106030  0.183461  0.589317  0.813079  0.45099  -0.0425819  4
6900  104925  0.177059  0.589742  0.814885  0.448241  -0.00516341  4
7000  106271  0.18192  0.590092  0.815621  0.455911  -0.0187251  4
7100  106031  0.180079  0.59493  0.81456  0.460668  -0.0600786  4
7200  105627  0.175632  0.592707  0.817045  0.465353  -0.045508  4
7300  105268  0.181876  0.588193  0.816967  0.471529  -0.103178  4
7400  105774  0.183754  0.575564  0.819978  0.479768  -0.101375  4
7500  106060  0.179956  0.576965  0.822213  0.49869  -0.136053  4
7600  105185  0.180629  0.570357  0.822026  0.499769  -0.177803  4
7700  105852  0.181938  0.566062  0.826109  0.514208  -0.226936  4
7800  105733  0.178008  0.562142  0.827108  0.526692  -0.257418  4
7900  104507  0.173874  0.553062  0.831423  0.539704  -0.303054  4
8000  106044  0.179962  0.556236  0.831146  0.531953  -0.299247  4
8100  105651  0.168895  0.556106  0.832611  0.537269  -0.34528  4
8200  105394  0.18079  0.566409  0.833864  0.539184  -0.319147  4
8300  105963  0.182075  0.569956  0.835348  0.544921  -0.309465  4
8400  105773  0.175137  0.568799  0.835196  0.545362  -0.35062  4
8500  106375  0.179078  0.573097  0.835777  0.535103  -0.300755  4
8600  106707  0.176497  0.572362  0.837605  0.539865  -0.334187  4
8700  106406  0.175568  0.566598  0.838701  0.546451  -0.342155  4
8800  104955  0.175268  0.567468  0.840273  0.563604  -0.399227  4
8900  105500  0.178447  0.566613  0.839761  0.553406  -0.411436  4
9000  105869  0.173635  0.561356  0.839631  0.550699  -0.370189  4
9100  106484  0.180481  0.556984  0.841011  0.553834  -0.441563  4
9200  106124  0.177364  0.554891  0.839674  0.554479  -0.441471  4
9300  106348  0.179208  0.556063  0.839753  0.560031  -0.448622  4
9400  104965  0.167451  0.553982  0.845039  0.578925  -0.491295  4
9500  105859  0.174152  0.554296  0.844825  0.580915  -0.523485  4
9600  106158  0.182222  0.556899  0.844419  0.585346  -0.553129  4
9700  106784  0.173648  0.557347  0.845592  0.591233  -0.528039  4
9800  105532  0.180869  0.554737  0.846754  0.597841  -0.518617  4
9900  106000  0.171567  0.548658  0.848688  0.607662  -0.561206  4
