t meta_n emi  mean_info  tr1  tr2  tr3  strategy
0  114065  0.098944  0.491811  0.899895  0.000832657  -2.21447e-05  4
100  102429  0.109007  0.147957  0.838533  0.0738032  0.00236903  4
200  102693  0.157946  0.0796506  0.765724  0.136825  0.000441068  4
300  102924  0.197574  0.0617967  0.72123  0.185647  -0.00206077  4
400  101468  0.214196  0.0542893  0.705758  0.214198  0.0188681  4
500  102343  0.227265  0.0479358  0.688265  0.228451  0.0232509  4
600  102355  0.234371  0.0465696  0.689227  0.2617  0.0396051  4
700  101248  0.234217  0.0445223  0.689404  0.283396  0.0511776  4
800  102925  0.239461  0.0443075  0.691981  0.289122  0.0338027  4
900  101731  0.237907  0.0410285  0.693525  0.305687  0.0362661  4
1000  101598  0.244932  0.0424706  0.689308  0.319627  0.0113248  4
1100  101868  0.233886  0.0403481  0.695305  0.316024  -0.0145545  4
1200  102971  0.239971  0.0408025  0.697032  0.324357  -0.0331729  4
1300  101436  0.238867  0.039171  0.69332  0.315209  -0.014551  4
1400  101157  0.237829  0.0359858  0.693259  0.318343  -0.0159402  4
1500  101772  0.23523  0.0359169  0.696771  0.325763  -0.011203  4
1600  102936  0.235611  0.0360657  0.695839  0.314731  -0.0184213  4
1700  101786  0.22842  0.0349028  0.705156  0.324713  -0.0314659  4
1800  101921  0.233423  0.0333385  0.700745  0.326509  -0.0202751  4
1900  102512  0.233267  0.030217  0.694727  0.315426  -0.00885627  4
2000  101874  0.238937  0.0302635  0.693108  0.314449  0.0375529  4
2100  103308  0.238526  0.028179  0.692563  0.307382  0.0477369  4
2200  101977  0.237943  0.0254783  0.693339  0.302502  0.013331  4
2300  102271  0.236993  0.0255801  0.691188  0.311523  -0.0209284  4
2400  102545  0.232697  0.0275705  0.687936  0.286288  -0.0204457  4
2500  102986  0.230029  0.0285891  0.691269  0.300222  0.00784768  4
2600  103058  0.236476  0.0279696  0.690602  0.309075  0.00287788  4
2700  102260  0.237576  0.0254174  0.687347  0.309779  -0.0325841  4
2800  101700  0.236223  0.0259566  0.689481  0.302484  -0.00823985  4
2900  102685  0.233953  0.0240425  0.688561  0.30783  -0.0488059  4
3000  101784  0.231848  0.02435  0.695709  0.321999  -0.0932927  4
3100  101684  0.228936  0.0209769  0.692484  0.306064  -0.0668638  4
3200  102445  0.228375  0.0196036  0.69827  0.313403  -0.05777  4
3300  102386  0.229546  0.017837  0.699854  0.321263  -0.0787024  4
3400  101820  0.227274  0.0200228  0.700723  0.319447  -0.0609181  4
3500  102364  0.22256  0.0205205  0.7027  0.325528  -0.0390176  4
3600  103344  0.229338  0.0180688  0.700092  0.321551  0.0140264  4
3700  102408  0.226059  0.0185808  0.700797  0.319176  0.037551  4
3800  101943  0.227323  0.0191268  0.698424  0.324768  0.0147387  4
3900  101974  0.22717  0.0176513  0.69875  0.332192  0.0302799  4
4000  101768  0.224511  0.0163138  0.697245  0.320855  0.00470414  4
4100  102682  0.22627  0.0156626  0.69617  0.315247  0.0167026  4
4200  102659  0.224896  0.0148213  0.694315  0.310257  0.00492854  4
4300  102362  0.223773  0.01292  0.697336  0.318963  -0.0162655  4
4400  102030  0.221986  0.0139098  0.696667  0.322365  -0.0180307  4
4500  101381  0.225109  0.0116553  0.695647  0.331669  -0.00701543  4
4600  102565  0.222589  0.0105579  0.696509  0.331724  0.00238165  4
4700  102009  0.224239  0.0117022  0.699665  0.333468  0.00569107  4
4800  101601  0.222237  0.0104659  0.699364  0.340225  -0.0366677  4
4900  102718  0.225685  0.0115432  0.696809  0.325345  -0.0717251  4
5000  102893  0.219974  0.009794  0.698488  0.314853  -0.0626292  4
5100  101923  0.218577  0.0114424  0.700975  0.321086  -0.0284282  4
5200  102508  0.223087  0.0105992  0.693316  0.301378  -0.0507264  4
5300  102529  0.228649  0.0104239  0.69074  0.308155  -0.0304427  4
5400  103017  0.221718  0.0109539  0.689817  0.302548  -0.0343978  4
5500  102979  0.226019  0.00900079  0.69181  0.307003  -0.0450616  4
5600  102567  0.225773  0.00999836  0.688165  0.290889  -0.0826371  4
5700  102986  0.227403  0.0102294  0.688861  0.293954  -0.0805414  4
5800  102538  0.220628  0.00887558  0.688384  0.288405  -0.0702439  4
5900  103000  0.224802  0.00833779  0.685072  0.284459  -0.096067  4
6000  102575  0.222589  0.00765316  0.689797  0.290941  -0.0516094  4
6100  101778  0.219481  0.00721616  0.686009  0.276516  -0.0193966  4
6200  103092  0.224707  0.00622095  0.68178  0.254415  -0.0391973  4
6300  102492  0.223175  0.00700007  0.677038  0.23991  -0.0296818  4
6400  103968  0.225042  0.0069536  0.675485  0.237016  -0.0241136  4
6500  102941  0.225182  0.00627788  0.675533  0.237173  -0.0523808  4
6600  103068  0.222495  0.00559715  0.67044  0.231787  -0.0182564  4
6700  102539  0.219847  0.00572489  0.668092  0.217348  -0.0363382  4
6800  103280  0.223995  0.00522705  0.665354  0.207914  -0.0575967  4
6900  103158  0.225741  0.00576054  0.66384  0.207703  -0.0490574  4
7000  102189  0.223373  0.00573416  0.66413  0.209142  -0.0558562  4
7100  102780  0.220919  0.00527343  0.661593  0.205631  -0.0523657  4
7200  102599  0.222893  0.00427341  0.662385  0.203596  -0.0943352  4
7300  103499  0.222861  0.00425147  0.663592  0.20129  -0.101367  4
7400  102704  0.22435  0.0044213  0.659773  0.198388  -0.0653493  4
7500  102716  0.223326  0.00380388  0.65684  0.18625  -0.0634773  4
7600  102558  0.225263  0.00481634  0.657522  0.18579  -0.0204474  4
7700  101961  0.225676  0.00397661  0.658102  0.194155  -0.00438285  4
7800  102254  0.225427  0.00347944  0.658808  0.198777  -0.0168143  4
7900  102462  0.227142  0.00341556  0.656864  0.189608  -0.0457364  4
8000  102026  0.228746  0.00382324  0.655007  0.185744  -0.0394269  4
8100  102789  0.226083  0.00328328  0.656738  0.19284  -0.0287725  4
8200  102127  0.227352  0.00429363  0.656161  0.191973  -0.0504505  4
8300  102279  0.22733  0.00425246  0.654777  0.185626  -0.0228588  4
8400  102603  0.22842  0.00370844  0.653196  0.177556  -0.00736087  4
8500  103089  0.22758  0.00287834  0.652307  0.170951  -0.034178  4
8600  102146  0.223116  0.00301951  0.652819  0.171919  -0.0678016  4
8700  102131  0.22354  0.0024858  0.653399  0.179332  -0.0539452  4
8800  102694  0.222874  0.00285708  0.652553  0.174656  -0.0381264  4
8900  102031  0.224864  0.00323755  0.654575  0.185421  -0.0138307  4
9000  102748  0.230561  0.00296015  0.651141  0.174546  -0.050469  4
9100  102467  0.226038  0.0028283  0.65094  0.174279  -0.0750338  4
9200  103033  0.228055  0.00287285  0.653611  0.178919  -0.0861068  4
9300  102723  0.225997  0.00262465  0.650601  0.168336  -0.0841596  4
9400  103060  0.228393  0.00264216  0.649424  0.175038  -0.0785746  4
9500  103080  0.233634  0.00259613  0.648155  0.171915  -0.0941809  4
9600  102832  0.229182  0.00276167  0.64742  0.168835  -0.0908479  4
9700  102898  0.232438  0.00240957  0.647924  0.175122  -0.104681  4
9800  101912  0.227785  0.00195431  0.648572  0.16996  -0.0998809  4
9900  102565  0.229941  0.00195573  0.648854  0.170275  -0.0963655  4
