t meta_n emi  mean_info  tr1  tr2  tr3  strategy
0  113985  0.101248  0.491031  0.899993  0.000782631  -7.63906e-05  4
100  101953  0.105615  0.157756  0.84979  0.0797461  0.0099268  4
200  101997  0.156657  0.0766056  0.777465  0.147797  0.0195192  4
300  102030  0.190483  0.0627356  0.727363  0.178731  0.0391651  4
400  102821  0.20491  0.052498  0.714276  0.209503  0.0431606  4
500  101785  0.214189  0.04893  0.701789  0.232151  0.0573002  4
600  102524  0.226083  0.0464984  0.693865  0.258735  0.0652347  4
700  101775  0.234866  0.0448664  0.689964  0.27109  0.0353976  4
800  102289  0.238087  0.0412721  0.690506  0.274161  0.0279974  4
900  101487  0.230614  0.0435037  0.691825  0.28135  0.0236905  4
1000  102524  0.231498  0.0395045  0.694128  0.286033  0.0119884  4
1100  102506  0.232295  0.0412653  0.697212  0.303549  0.0155974  4
1200  102973  0.239332  0.0413065  0.693173  0.312172  0.030827  4
1300  101360  0.233312  0.039893  0.697407  0.320832  0.0285384  4
1400  102062  0.232948  0.0368499  0.697715  0.307092  0.0499854  4
1500  101666  0.229833  0.035944  0.698058  0.312804  0.0584479  4
1600  102469  0.239727  0.0350497  0.690853  0.299137  0.0906902  4
1700  102526  0.23468  0.032608  0.688749  0.289437  0.102532  4
1800  103438  0.235472  0.0323752  0.688966  0.28613  0.12167  4
1900  102598  0.232791  0.0315209  0.688943  0.284839  0.114246  4
2000  102597  0.237022  0.0294182  0.686388  0.275884  0.118999  4
2100  102845  0.238623  0.0295292  0.686551  0.277176  0.140613  4
2200  102605  0.240236  0.0284922  0.678583  0.266581  0.143553  4
2300  102763  0.236381  0.0269441  0.678771  0.265283  0.158551  4
2400  101589  0.235154  0.0253809  0.677842  0.254729  0.226678  4
2500  101854  0.233634  0.0256254  0.674704  0.248929  0.214615  4
2600  102082  0.229388  0.0247191  0.676933  0.247002  0.169096  4
2700  102446  0.229774  0.0254273  0.678897  0.249879  0.156087  4
2800  102139  0.232025  0.0250774  0.67992  0.256666  0.154352  4
2900  101742  0.234613  0.0250556  0.680707  0.256914  0.191998  4
3000  101850  0.228655  0.0232583  0.678459  0.25473  0.180892  4
3100  102050  0.231929  0.0206592  0.670948  0.240491  0.202094  4
3200  102469  0.232675  0.0211138  0.672384  0.231177  0.229603  4
3300  102083  0.224941  0.0211676  0.673587  0.222393  0.194983  4
3400  102108  0.227596  0.0199217  0.673051  0.228804  0.120362  4
3500  101230  0.233441  0.0177723  0.664326  0.230389  0.124665  4
3600  103156  0.236392  0.0168175  0.668067  0.242638  0.157062  4
3700  102979  0.238736  0.0162544  0.663718  0.239655  0.129237  4
3800  101726  0.234661  0.0158223  0.668768  0.249595  0.145708  4
3900  101472  0.232041  0.0143812  0.674786  0.25911  0.153884  4
4000  102401  0.231099  0.0160424  0.675175  0.24618  0.11798  4
4100  102009  0.231503  0.0148848  0.672713  0.247557  0.128986  4
4200  102237  0.227651  0.0134524  0.673908  0.24823  0.133762  4
4300  103341  0.226335  0.0124559  0.674456  0.241017  0.137504  4
4400  102582  0.233013  0.0124075  0.671811  0.242326  0.200745  4
4500  103414  0.232127  0.0127422  0.66987  0.238709  0.182813  4
4600  102237  0.230319  0.0122808  0.666806  0.238611  0.157551  4
4700  102995  0.230812  0.0122989  0.664365  0.2279  0.158065  4
4800  102970  0.236514  0.0132066  0.661216  0.224991  0.215073  4
4900  103582  0.228784  0.0127336  0.667347  0.227231  0.214415  4
5000  102535  0.223957  0.011541  0.668718  0.220292  0.22914  4
5100  102071  0.231532  0.0100325  0.667103  0.215512  0.232173  4
5200  102970  0.224861  0.00998385  0.669561  0.221483  0.24166  4
5300  102812  0.23148  0.0100327  0.66899  0.226609  0.275039  4
5400  102745  0.22868  0.00951864  0.667772  0.224134  0.232393  4
5500  102902  0.227148  0.00793451  0.670015  0.229902  0.269834  4
5600  102489  0.233113  0.00829125  0.666022  0.236037  0.301584  4
5700  103261  0.234661  0.00872778  0.664903  0.232905  0.323768  4
5800  102484  0.230408  0.00785723  0.662007  0.216487  0.331218  4
5900  101938  0.228901  0.00734229  0.664132  0.222692  0.344818  4
6000  103091  0.225681  0.00655918  0.663574  0.212777  0.334639  4
6100  101845  0.226577  0.00654886  0.660425  0.218059  0.343569  4
6200  102203  0.226717  0.00619747  0.659135  0.208691  0.270723  4
6300  102428  0.229642  0.00623756  0.65939  0.2096  0.258517  4
6400  103121  0.232035  0.00639259  0.663811  0.216394  0.31397  4
6500  102334  0.226706  0.00540778  0.661323  0.212457  0.280694  4
6600  102788  0.231544  0.00590347  0.659248  0.203439  0.292543  4
6700  103042  0.229807  0.00636914  0.66069  0.204231  0.273464  4
6800  102476  0.232116  0.00532757  0.660987  0.210066  0.278576  4
6900  102950  0.227423  0.00478895  0.656992  0.199156  0.354282  4
7000  102799  0.234486  0.00543464  0.654459  0.201058  0.332945  4
7100  102725  0.234988  0.00584889  0.651129  0.194396  0.381687  4
7200  103010  0.230036  0.00470234  0.654843  0.195048  0.295168  4
7300  104119  0.233069  0.0056723  0.654127  0.195927  0.301392  4
7400  103485  0.233976  0.00457107  0.658784  0.212864  0.333063  4
7500  102731  0.228105  0.00401365  0.656292  0.206191  0.300323  4
7600  102993  0.228603  0.00419642  0.652372  0.193735  0.285926  4
7700  102688  0.229108  0.00419537  0.653168  0.19388  0.240615  4
7800  102200  0.232105  0.00475217  0.653921  0.191394  0.269861  4
7900  102321  0.232235  0.00330904  0.652796  0.189461  0.238732  4
8000  102861  0.229283  0.00357144  0.65452  0.184292  0.268172  4
8100  102439  0.22201  0.00376656  0.657167  0.18508  0.259856  4
8200  102393  0.226446  0.00271319  0.652806  0.169354  0.271052  4
8300  102586  0.227438  0.0032958  0.651252  0.163914  0.26861  4
8400  102229  0.229942  0.00197173  0.650932  0.159205  0.22769  4
8500  102919  0.221384  0.0029536  0.6514  0.165525  0.161472  4
8600  102727  0.226616  0.00266797  0.655153  0.172791  0.0951949  4
8700  101928  0.225928  0.00200275  0.653816  0.171178  0.0641735  4
8800  101268  0.226978  0.00182329  0.652973  0.168779  0.0810751  4
8900  102088  0.227455  0.00217648  0.653928  0.174837  0.0279798  4
9000  102838  0.229637  0.00237825  0.651981  0.174948  0.0164394  4
9100  102740  0.226592  0.00239505  0.65271  0.174514  -0.00680888  4
9200  102078  0.223118  0.00189233  0.654139  0.171088  -0.0132029  4
9300  102002  0.226982  0.00161097  0.653987  0.172874  0.0216989  4
9400  103345  0.227894  0.00155844  0.651928  0.163506  0.0792146  4
9500  101730  0.225373  0.00155275  0.651197  0.161968  0.118563  4
9600  101693  0.226671  0.00150633  0.652697  0.161932  0.100021  4
9700  103648  0.228032  0.00161391  0.658451  0.177803  0.0719532  4
9800  102485  0.226896  0.00207871  0.653126  0.165646  0.0885589  4
9900  102761  0.224309  0.00207069  0.653799  0.168385  0.13857  4
