t meta_n emi  mean_info  tr1  tr2  tr3  strategy
0  115336  0.101096  0.494662  0.899983  0.000802977  -5.37426e-05  4
100  102130  0.103083  0.257954  0.848793  0.0796238  -0.000495926  4
200  102410  0.166411  0.158679  0.766041  0.142694  -0.00374472  4
300  102738  0.191672  0.116172  0.724364  0.167302  -0.00637722  4
400  102581  0.210552  0.102025  0.705515  0.207733  0.0128767  4
500  101995  0.220714  0.0878917  0.696074  0.224158  0.0340602  4
600  102852  0.229092  0.0863808  0.688771  0.230823  0.038459  4
700  103142  0.229616  0.0806334  0.684627  0.2327  0.0127475  4
800  101992  0.238194  0.0727143  0.68536  0.248402  -0.00173193  4
900  101900  0.232806  0.0734134  0.686239  0.25967  0.0120023  4
1000  101581  0.23253  0.0708134  0.694046  0.27461  -0.0241212  4
1100  102476  0.232693  0.0694561  0.697111  0.284964  -0.017699  4
1200  101888  0.230812  0.0687226  0.699397  0.288039  0.0142641  4
1300  102631  0.233485  0.0649548  0.700725  0.297488  0.0345854  4
1400  102169  0.231876  0.0683494  0.702331  0.300334  0.00377989  4
1500  102420  0.231243  0.0729157  0.704033  0.319254  0.0128735  4
1600  102135  0.236141  0.0672164  0.701186  0.327493  -0.00402482  4
1700  102915  0.233075  0.0651593  0.703375  0.329001  -0.042496  4
1800  102271  0.235953  0.0581326  0.700606  0.317128  0.0075246  4
1900  102750  0.235301  0.0561163  0.699986  0.320743  0.0528735  4
2000  102717  0.230436  0.0558924  0.703634  0.317021  0.0907706  4
2100  102520  0.228675  0.0556061  0.704396  0.318273  0.108877  4
2200  101982  0.236734  0.0538737  0.702432  0.319847  0.101165  4
2300  101975  0.232242  0.0518844  0.700771  0.319296  0.124755  4
2400  103168  0.234307  0.0515863  0.696338  0.311263  0.139878  4
2500  102595  0.230911  0.0531017  0.691399  0.300296  0.175098  4
2600  102338  0.225851  0.0490979  0.701478  0.319506  0.178191  4
2700  100979  0.231112  0.0473733  0.702908  0.328746  0.191297  4
2800  101742  0.231839  0.0493233  0.697649  0.323278  0.18548  4
2900  101965  0.229431  0.0467761  0.699104  0.331896  0.192705  4
3000  102231  0.226955  0.0460307  0.700279  0.320417  0.194869  4
3100  102401  0.227942  0.042683  0.695563  0.309478  0.211536  4
3200  103058  0.228303  0.0417323  0.696753  0.302603  0.221619  4
3300  102233  0.229275  0.0393464  0.692769  0.29755  0.233045  4
3400  103208  0.230642  0.0411361  0.696307  0.304801  0.226987  4
3500  102226  0.232003  0.0358148  0.694904  0.308055  0.22039  4
3600  102980  0.235679  0.0367694  0.691921  0.297342  0.224648  4
3700  101818  0.230866  0.0378736  0.689928  0.297046  0.217594  4
3800  102102  0.228962  0.0360271  0.694347  0.295608  0.216711  4
3900  102262  0.22476  0.0366032  0.695075  0.28989  0.197575  4
4000  101969  0.229696  0.0347719  0.690572  0.289887  0.232074  4
4100  102591  0.224514  0.0332475  0.694019  0.288193  0.271594  4
4200  103433  0.22282  0.0314861  0.694008  0.286899  0.305071  4
4300  102581  0.229105  0.0305996  0.689612  0.283799  0.291964  4
4400  102485  0.226441  0.0294647  0.6927  0.286478  0.297565  4
4500  102548  0.222544  0.0285293  0.689098  0.28045  0.282248  4
4600  102214  0.224885  0.0279227  0.688352  0.28902  0.320479  4
4700  102257  0.224033  0.025962  0.690155  0.290228  0.340014  4
4800  102176  0.227418  0.0253143  0.690507  0.287378  0.336445  4
4900  103454  0.223934  0.0272765  0.691078  0.284594  0.298622  4
5000  102737  0.222996  0.0252647  0.687104  0.282999  0.261613  4
5100  101966  0.227149  0.0237551  0.688973  0.287186  0.27306  4
5200  102532  0.221759  0.0216512  0.68769  0.280522  0.265074  4
5300  102389  0.222597  0.0230451  0.690044  0.293138  0.25555  4
5400  102420  0.222073  0.0235982  0.689334  0.297935  0.273663  4
5500  103390  0.222002  0.022671  0.686491  0.276865  0.27541  4
5600  102615  0.220476  0.0198523  0.686531  0.277588  0.282472  4
5700  103144  0.224776  0.0239212  0.688472  0.286656  0.270182  4
5800  102264  0.224205  0.0228786  0.68891  0.284766  0.249607  4
5900  103297  0.221474  0.0203791  0.685955  0.269947  0.268954  4
6000  102070  0.217678  0.0188847  0.686331  0.266531  0.305191  4
6100  102729  0.227729  0.0197563  0.684219  0.265892  0.313241  4
6200  102419  0.221134  0.0168732  0.682372  0.264853  0.296701  4
6300  102603  0.222923  0.0167582  0.683397  0.270709  0.282339  4
6400  102712  0.226476  0.0157691  0.677516  0.252172  0.280927  4
6500  102211  0.220904  0.0160622  0.676437  0.248622  0.310058  4
6600  102758  0.223845  0.0154365  0.673713  0.245627  0.309856  4
6700  102352  0.224892  0.0145167  0.677099  0.260387  0.347063  4
6800  103269  0.229949  0.0152119  0.672488  0.256015  0.30782  4
6900  103105  0.22449  0.0142708  0.676311  0.254027  0.305699  4
7000  101733  0.225496  0.0136217  0.673947  0.242332  0.330876  4
7100  102713  0.227754  0.0145603  0.67179  0.243558  0.329653  4
7200  102662  0.222912  0.0138  0.669891  0.237541  0.339604  4
7300  102801  0.226809  0.0120545  0.669698  0.242393  0.378938  4
7400  101752  0.223623  0.0103821  0.669665  0.237837  0.404065  4
7500  102421  0.224778  0.0116012  0.670211  0.244952  0.385455  4
7600  102862  0.228742  0.0102369  0.668747  0.232094  0.36655  4
7700  102525  0.225888  0.0103861  0.666634  0.226212  0.38207  4
7800  101721  0.227062  0.0102032  0.666203  0.225099  0.425958  4
7900  103448  0.225089  0.00969014  0.669485  0.227354  0.433984  4
8000  102130  0.223171  0.00974188  0.672552  0.237814  0.41728  4
8100  102565  0.221678  0.00829432  0.671349  0.234548  0.424346  4
8200  102504  0.221406  0.00924495  0.670079  0.226536  0.414416  4
8300  103562  0.228527  0.00826828  0.668673  0.221226  0.428303  4
8400  103490  0.222683  0.00739902  0.670014  0.228809  0.430568  4
8500  103104  0.224083  0.00803162  0.670542  0.232272  0.426005  4
8600  102601  0.224979  0.00924659  0.67262  0.236457  0.416277  4
8700  103235  0.228181  0.0084723  0.669355  0.224084  0.454175  4
8800  103758  0.226455  0.00801513  0.672228  0.229426  0.473939  4
8900  102609  0.219015  0.00800775  0.674539  0.237359  0.45746  4
9000  101951  0.21915  0.00817245  0.671696  0.222709  0.476144  4
9100  103250  0.222376  0.00779326  0.673686  0.226551  0.493534  4
9200  102332  0.21991  0.00630673  0.672754  0.220322  0.466014  4
9300  102357  0.219407  0.00552956  0.669652  0.218539  0.478266  4
9400  103255  0.224785  0.00603153  0.670066  0.218647  0.521506  4
9500  102685  0.221383  0.00542455  0.669615  0.222881  0.533024  4
9600  101992  0.219058  0.00461001  0.671175  0.232163  0.576316  4
9700  103352  0.219219  0.00389519  0.674762  0.243941  0.614031  4
9800  102156  0.214859  0.00388644  0.67165  0.2276  0.596993  4
9900  102584  0.21863  0.0046134  0.673214  0.236179  0.576238  4
