t meta_n emi  mean_info  tr1  tr2  tr3  strategy
0  116052  0.099736  0.499319  0.90001  0.000775123  9.57666e-05  4
100  104904  0.112293  0.586033  0.862426  0.0840793  0.00546287  4
200  105060  0.163091  0.64119  0.805116  0.15248  -0.00669607  4
300  105508  0.185208  0.668636  0.786098  0.199216  -0.00865986  4
400  105240  0.190618  0.674065  0.779551  0.215856  -0.00728028  4
500  103967  0.192025  0.677849  0.778307  0.244733  -0.0252655  4
600  104712  0.202969  0.682557  0.782917  0.275515  -0.0100725  4
700  105217  0.199655  0.688237  0.78882  0.293384  -0.0267852  4
800  104758  0.1963  0.685985  0.79243  0.30066  -0.0268045  4
900  103795  0.194425  0.672083  0.791542  0.311152  -0.0253884  4
1000  104990  0.19769  0.658467  0.792781  0.314848  -0.0234009  4
1100  103803  0.195871  0.661373  0.78833  0.308133  -0.0183599  4
1200  105452  0.197271  0.650509  0.787257  0.309054  0.0112388  4
1300  104746  0.200637  0.643187  0.788462  0.325455  0.0291008  4
1400  104617  0.198385  0.630573  0.789915  0.330902  0.0216868  4
1500  104680  0.185711  0.637346  0.798941  0.338877  0.0232752  4
1600  105084  0.195848  0.639199  0.797568  0.335781  -0.0104783  4
1700  103845  0.19021  0.63078  0.795632  0.33129  -0.0111702  4
1800  105659  0.191816  0.620478  0.796614  0.343607  -0.00827954  4
1900  105691  0.194785  0.617918  0.801261  0.354699  0.00431104  4
2000  105329  0.19242  0.629518  0.798218  0.349336  0.0170795  4
2100  104972  0.200045  0.620366  0.799197  0.373068  0.0253535  4
2200  105168  0.188137  0.625242  0.801242  0.358282  0.0306689  4
2300  105393  0.195714  0.628053  0.802922  0.367954  0.0528501  4
2400  105898  0.197462  0.624213  0.806682  0.383315  0.0653637  4
2500  104911  0.194871  0.614778  0.805061  0.380684  0.0861598  4
2600  104393  0.187954  0.611428  0.809984  0.398549  0.113273  4
2700  105750  0.193692  0.589618  0.81407  0.40355  0.122252  4
2800  102995  0.184263  0.588809  0.81183  0.40956  0.135241  4
2900  104734  0.190304  0.585628  0.813111  0.411411  0.151596  4
3000  105081  0.19156  0.594881  0.816237  0.409885  0.131978  4
3100  106082  0.189617  0.593127  0.820927  0.428679  0.126413  4
3200  105246  0.187933  0.593941  0.821981  0.419492  0.14766  4
3300  104176  0.189019  0.588308  0.820349  0.424005  0.136009  4
3400  105288  0.184335  0.585565  0.824749  0.438611  0.151042  4
3500  105043  0.185269  0.584538  0.825147  0.450851  0.171495  4
3600  105200  0.184728  0.597698  0.830703  0.45717  0.146293  4
3700  105193  0.183099  0.593367  0.826962  0.457798  0.136086  4
3800  104446  0.183479  0.58552  0.826093  0.454202  0.147933  4
3900  105327  0.188564  0.584639  0.827554  0.45713  0.168224  4
4000  105844  0.185025  0.586156  0.823048  0.44974  0.172273  4
4100  105271  0.186762  0.58935  0.818927  0.445848  0.151366  4
4200  105788  0.192642  0.573315  0.825525  0.471876  0.146479  4
4300  105102  0.183302  0.568926  0.826731  0.471792  0.183969  4
4400  105066  0.188473  0.572524  0.829927  0.482612  0.150463  4
4500  105502  0.191158  0.56752  0.833097  0.483627  0.135429  4
4600  105482  0.193754  0.560848  0.833714  0.488976  0.0698525  4
4700  105385  0.183229  0.560274  0.837135  0.49118  0.0735702  4
4800  104827  0.184646  0.563187  0.833805  0.488916  0.05975  4
4900  105106  0.181628  0.552435  0.842444  0.5215  0.0765388  4
5000  105786  0.193522  0.547838  0.843881  0.533237  0.114055  4
5100  105600  0.182282  0.541399  0.843573  0.528239  0.144881  4
5200  105536  0.182813  0.538799  0.844788  0.535046  0.153537  4
5300  105367  0.185323  0.54249  0.845185  0.551524  0.133516  4
5400  104783  0.183412  0.552316  0.845435  0.547402  0.146837  4
5500  105018  0.182312  0.554885  0.846621  0.544723  0.133747  4
5600  104973  0.181376  0.558829  0.850356  0.557014  0.144549  4
5700  104781  0.183617  0.558037  0.852674  0.563928  0.130698  4
5800  106159  0.178411  0.55751  0.853517  0.565634  0.145771  4
5900  104963  0.18168  0.554841  0.854849  0.571297  0.164603  4
6000  105225  0.173729  0.542838  0.859628  0.579222  0.14284  4
6100  106142  0.174794  0.540648  0.86607  0.597025  0.163411  4
6200  105328  0.175107  0.544985  0.870054  0.607518  0.12394  4
6300  105940  0.178673  0.547116  0.873433  0.610516  0.128191  4
6400  106418  0.173757  0.547525  0.876057  0.62005  0.143614  4
6500  105555  0.170368  0.532686  0.884051  0.645705  0.122087  4
6600  105657  0.171582  0.518897  0.884803  0.645714  0.0968124  4
6700  105101  0.176725  0.522763  0.883015  0.659321  0.119966  4
6800  105503  0.182841  0.519405  0.878777  0.653286  0.149369  4
6900  105714  0.183655  0.514857  0.878662  0.649821  0.156579  4
7000  105440  0.179856  0.51661  0.879121  0.652033  0.146343  4
7100  104822  0.177457  0.512933  0.88066  0.666895  0.167947  4
7200  105748  0.184864  0.507671  0.884116  0.674827  0.156414  4
7300  105447  0.180134  0.508438  0.880685  0.67033  0.198682  4
7400  106174  0.179661  0.50496  0.87992  0.666524  0.172537  4
7500  106176  0.180667  0.506373  0.882241  0.675458  0.163236  4
7600  105490  0.179484  0.500114  0.883112  0.682839  0.158116  4
7700  105666  0.186753  0.498869  0.880782  0.675959  0.165261  4
7800  104589  0.185891  0.495206  0.882035  0.678918  0.186209  4
7900  106113  0.177919  0.489268  0.880005  0.678379  0.203651  4
8000  105381  0.176818  0.493006  0.88123  0.680293  0.230792  4
8100  105520  0.179734  0.49299  0.883162  0.684782  0.254162  4
8200  105429  0.189553  0.488061  0.886527  0.691449  0.255358  4
8300  105556  0.176494  0.481624  0.890438  0.706482  0.229971  4
8400  105284  0.181233  0.479817  0.892042  0.710035  0.217159  4
8500  105441  0.174446  0.477504  0.894648  0.718422  0.217264  4
8600  105355  0.178676  0.475314  0.895973  0.726771  0.229668  4
8700  105282  0.17831  0.474106  0.892854  0.725108  0.204921  4
8800  104822  0.180328  0.471805  0.894516  0.734661  0.196751  4
8900  105326  0.180385  0.473533  0.898674  0.744027  0.235759  4
9000  105451  0.175857  0.46806  0.901186  0.747823  0.240914  4
9100  105349  0.179115  0.471373  0.899574  0.744062  0.187057  4
9200  105698  0.181202  0.466685  0.898824  0.748773  0.200545  4
9300  106212  0.190497  0.468833  0.900471  0.755781  0.231402  4
9400  106085  0.181839  0.469002  0.902152  0.76113  0.200677  4
9500  105204  0.179991  0.463012  0.905779  0.768147  0.199446  4
9600  105538  0.181719  0.461117  0.905389  0.771971  0.183225  4
9700  105720  0.177802  0.460185  0.903165  0.771648  0.180117  4
9800  106072  0.184354  0.450542  0.90484  0.777588  0.139799  4
9900  105336  0.183975  0.451013  0.90572  0.77787  0.180785  4
