t meta_n emi  mean_info  tr1  tr2  tr3  strategy
0  114421  0.099424  0.492009  0.900031  0.000817006  6.23794e-05  4
100  101262  0.10827  0.170654  0.843847  0.075848  0.00474366  4
200  102768  0.164308  0.0900733  0.766289  0.149358  0.00537667  4
300  102197  0.201071  0.0635847  0.717691  0.187166  -0.0184279  4
400  101693  0.21742  0.054311  0.697564  0.213411  -0.0180945  4
500  102526  0.231478  0.0537321  0.68514  0.233351  -0.0153609  4
600  102287  0.234214  0.0552734  0.689747  0.258636  -0.0605832  4
700  102935  0.234593  0.0505306  0.690369  0.265778  -0.0662259  4
800  101345  0.233884  0.051063  0.688396  0.258501  -0.0676338  4
900  102283  0.232733  0.0517618  0.691278  0.269702  -0.0857682  4
1000  101605  0.23001  0.0471033  0.694601  0.276016  -0.0902314  4
1100  101452  0.224058  0.0470519  0.6961  0.281462  -0.0756354  4
1200  101662  0.235428  0.0446523  0.694987  0.287205  -0.0706345  4
1300  102939  0.236377  0.0402155  0.695073  0.298229  -0.0636503  4
1400  101810  0.236596  0.041054  0.692716  0.302027  -0.0754807  4
1500  102138  0.236691  0.0376475  0.691543  0.305392  -0.0511177  4
1600  102196  0.236318  0.0385816  0.689483  0.299548  -0.0190283  4
1700  102866  0.237682  0.0388939  0.684898  0.294994  -0.0395028  4
1800  102454  0.240081  0.0373754  0.685816  0.293699  -0.0555156  4
1900  101979  0.233473  0.0378463  0.691901  0.302827  -0.0791603  4
2000  103214  0.235836  0.0384444  0.689984  0.290512  -0.104852  4
2100  103035  0.2288  0.0368379  0.688536  0.282895  -0.0862489  4
2200  102112  0.227779  0.0340125  0.685132  0.283885  -0.107027  4
2300  101807  0.237196  0.0337863  0.682003  0.285583  -0.116968  4
2400  102631  0.241596  0.0335206  0.683097  0.296363  -0.101812  4
2500  103117  0.238526  0.0309911  0.683966  0.29038  -0.0912593  4
2600  102190  0.236655  0.030745  0.682382  0.286123  -0.110616  4
2700  102382  0.238783  0.0293214  0.681024  0.288673  -0.128674  4
2800  101879  0.237519  0.0269864  0.674367  0.267921  -0.189182  4
2900  101762  0.243331  0.0260726  0.672388  0.253616  -0.178284  4
3000  101965  0.240992  0.0247547  0.669262  0.250227  -0.238424  4
3100  102240  0.238085  0.0240009  0.673062  0.26154  -0.239627  4
3200  102297  0.237861  0.0218663  0.673026  0.256995  -0.258395  4
3300  102159  0.239328  0.0184819  0.670155  0.254027  -0.285838  4
3400  102360  0.237543  0.0212212  0.671114  0.250091  -0.242746  4
3500  102753  0.236716  0.0194355  0.674309  0.253131  -0.238343  4
3600  102613  0.235664  0.0195727  0.672572  0.258944  -0.239244  4
3700  101794  0.234577  0.0177008  0.673558  0.261469  -0.290227  4
3800  102432  0.234456  0.0183983  0.675458  0.270148  -0.239938  4
3900  102720  0.234929  0.0176393  0.675732  0.263784  -0.230139  4
4000  102875  0.231881  0.0194014  0.673452  0.258518  -0.225391  4
4100  103527  0.229211  0.0190384  0.678268  0.268895  -0.212304  4
4200  102676  0.228778  0.016838  0.678832  0.271056  -0.203115  4
4300  102099  0.227123  0.015669  0.683135  0.271575  -0.205031  4
4400  102307  0.229541  0.0146257  0.677016  0.265886  -0.165533  4
4500  101887  0.225893  0.0157452  0.678867  0.249703  -0.169382  4
4600  102911  0.223488  0.0146081  0.676464  0.245507  -0.151629  4
4700  102397  0.22217  0.01469  0.676178  0.24773  -0.167516  4
4800  103336  0.225712  0.0130267  0.676249  0.246914  -0.153085  4
4900  103016  0.229346  0.013974  0.677489  0.258177  -0.129306  4
5000  103012  0.226521  0.0122411  0.680394  0.27286  -0.120658  4
5100  102038  0.219137  0.0119847  0.680754  0.26058  -0.120108  4
5200  102201  0.22597  0.0113707  0.67533  0.249765  -0.149742  4
5300  102919  0.227167  0.0114918  0.670349  0.248801  -0.200727  4
5400  101678  0.226479  0.0119328  0.670413  0.244413  -0.218083  4
5500  102812  0.229512  0.0103711  0.670847  0.245938  -0.239814  4
5600  102097  0.223512  0.00992079  0.669577  0.231946  -0.245457  4
5700  102439  0.22496  0.0104087  0.669709  0.225918  -0.257409  4
5800  101535  0.223199  0.0104839  0.668654  0.218848  -0.299518  4
5900  101678  0.222615  0.00917779  0.668354  0.227596  -0.28543  4
6000  102274  0.224198  0.00961536  0.666706  0.222416  -0.289246  4
6100  102819  0.228321  0.00844726  0.666539  0.220888  -0.310368  4
6200  102878  0.231405  0.00900034  0.663791  0.226186  -0.243532  4
6300  102810  0.229737  0.00934308  0.663303  0.221132  -0.238148  4
6400  102379  0.224722  0.00733547  0.666268  0.223082  -0.206651  4
6500  102422  0.22208  0.00737386  0.665396  0.215595  -0.20603  4
6600  102627  0.222363  0.00692598  0.661339  0.200258  -0.167517  4
6700  102466  0.228172  0.00679268  0.661181  0.202665  -0.140893  4
6800  102913  0.224762  0.00671733  0.663368  0.213087  -0.127609  4
6900  102905  0.225747  0.00811012  0.666342  0.226378  -0.135245  4
7000  101796  0.225718  0.0076438  0.667593  0.229051  -0.151524  4
7100  102708  0.222673  0.00543515  0.667566  0.23582  -0.151406  4
7200  103327  0.226179  0.0061138  0.667122  0.231408  -0.157617  4
7300  102437  0.227138  0.00506699  0.665462  0.218971  -0.161868  4
7400  103081  0.222307  0.00630418  0.664885  0.210129  -0.15751  4
7500  103044  0.221467  0.00512447  0.663808  0.206096  -0.161657  4
7600  103581  0.226517  0.00643365  0.659949  0.19843  -0.13783  4
7700  102932  0.22574  0.0064037  0.661795  0.203437  -0.146191  4
7800  102741  0.226524  0.00558841  0.658544  0.20085  -0.119747  4
7900  102261  0.224225  0.00602336  0.659208  0.196233  -0.121321  4
8000  101738  0.224906  0.00509777  0.658419  0.185708  -0.125611  4
8100  103042  0.228053  0.00457872  0.659029  0.193036  -0.164861  4
8200  103098  0.225521  0.00326225  0.660392  0.196658  -0.179602  4
8300  103936  0.226842  0.00386738  0.658573  0.192062  -0.175726  4
8400  101999  0.22664  0.00430298  0.658873  0.192483  -0.187374  4
8500  102476  0.222764  0.00452904  0.657079  0.184729  -0.172407  4
8600  102774  0.225307  0.00332005  0.655669  0.178483  -0.185813  4
8700  102866  0.223434  0.00307803  0.653515  0.17385  -0.229094  4
8800  102595  0.226807  0.00341675  0.6553  0.184563  -0.256138  4
8900  103446  0.225019  0.00293644  0.658383  0.193572  -0.26537  4
9000  103209  0.227103  0.00269656  0.660011  0.187297  -0.265521  4
9100  102641  0.222194  0.00258419  0.660874  0.193023  -0.2382  4
9200  102789  0.219306  0.00252245  0.665437  0.205143  -0.243171  4
9300  102380  0.226023  0.00225038  0.662842  0.19313  -0.218034  4
9400  103396  0.220337  0.00231045  0.662027  0.192151  -0.208479  4
9500  103149  0.221291  0.0027716  0.663971  0.195165  -0.242053  4
9600  103632  0.22022  0.00240351  0.660964  0.191107  -0.206465  4
9700  102537  0.220626  0.00211064  0.660799  0.185448  -0.20077  4
9800  102991  0.223141  0.00250744  0.657967  0.175958  -0.230243  4
9900  102654  0.22188  0.00121242  0.656732  0.170208  -0.254177  4
