t meta_n emi  mean_info  tr1  tr2  tr3  strategy
0  115534  0.099824  0.496746  0.899855  0.000842724  -2.63227e-05  4
100  102660  0.109169  0.318512  0.846356  0.079667  -0.0040506  4
200  102780  0.16431  0.216323  0.771361  0.147354  -0.0116549  4
300  102132  0.191074  0.166785  0.733188  0.19596  -0.0270439  4
400  102531  0.213367  0.139622  0.715116  0.233555  -0.0250827  4
500  102704  0.221222  0.124077  0.712728  0.265084  -0.0355536  4
600  101541  0.225299  0.117415  0.709152  0.289314  -0.0525663  4
700  102351  0.227525  0.110322  0.714051  0.301319  -0.0362548  4
800  102251  0.232717  0.115596  0.71235  0.319801  -0.0143372  4
900  102367  0.226936  0.107962  0.720664  0.342503  -0.0254408  4
1000  103018  0.230644  0.109991  0.715807  0.337062  -0.0174478  4
1100  103529  0.231133  0.108888  0.718461  0.343199  0.00594045  4
1200  102305  0.23144  0.102016  0.725949  0.361382  -0.0117092  4
1300  102090  0.233866  0.104079  0.724673  0.363995  -0.0319828  4
1400  103031  0.228802  0.103862  0.727708  0.371854  -0.0338896  4
1500  102039  0.23084  0.0999051  0.724019  0.370631  0.0200632  4
1600  102435  0.233036  0.0966758  0.726242  0.370633  0.0362622  4
1700  102735  0.230268  0.0957075  0.726088  0.360033  0.0633004  4
1800  102351  0.236477  0.0962354  0.722617  0.354049  0.0517499  4
1900  103184  0.229099  0.0927041  0.730619  0.359175  0.051925  4
2000  102471  0.22576  0.0911888  0.727239  0.356529  0.0274018  4
2100  102204  0.225105  0.0952327  0.728642  0.3551  0.0541683  4
2200  103143  0.230486  0.100399  0.728055  0.36967  0.0790825  4
2300  103267  0.226997  0.0983577  0.726612  0.365493  0.0538035  4
2400  103065  0.229419  0.0926042  0.725003  0.368153  0.0787135  4
2500  102633  0.229096  0.0985558  0.723619  0.363719  0.0845089  4
2600  102782  0.222333  0.0973191  0.730468  0.370426  0.113883  4
2700  103333  0.21865  0.0933965  0.728836  0.36431  0.122042  4
2800  102679  0.222904  0.0932903  0.726566  0.36222  0.161998  4
2900  102922  0.22222  0.0881412  0.730097  0.363952  0.177173  4
3000  103413  0.226727  0.0932827  0.724776  0.356972  0.192204  4
3100  103099  0.228105  0.0898187  0.726036  0.360085  0.220659  4
3200  102445  0.225568  0.0871247  0.729677  0.360288  0.230014  4
3300  102311  0.219293  0.0918842  0.730524  0.359662  0.262863  4
3400  102697  0.225504  0.0954713  0.729507  0.36129  0.286927  4
3500  102730  0.228829  0.093956  0.724609  0.355107  0.338518  4
3600  102852  0.22944  0.0889781  0.726618  0.362236  0.35485  4
3700  102850  0.229923  0.0934022  0.727045  0.371833  0.359739  4
3800  102753  0.232056  0.0875835  0.722739  0.374687  0.362117  4
3900  102940  0.229622  0.0873371  0.726602  0.368189  0.3296  4
4000  103976  0.232585  0.0824833  0.718105  0.351491  0.294118  4
4100  103114  0.229778  0.0835078  0.722575  0.358126  0.333826  4
4200  102396  0.231695  0.0823451  0.725692  0.369989  0.341146  4
4300  101930  0.225855  0.0820363  0.727507  0.372318  0.373779  4
4400  103907  0.231338  0.0819343  0.72275  0.36946  0.381233  4
4500  102298  0.231938  0.0801899  0.717251  0.355968  0.379551  4
4600  103399  0.23467  0.0851017  0.727584  0.379951  0.359621  4
4700  102365  0.230663  0.0865582  0.734014  0.389581  0.3715  4
4800  103021  0.230267  0.0929348  0.739434  0.404037  0.39901  4
4900  103369  0.234916  0.0873896  0.730823  0.389645  0.429651  4
5000  102137  0.230834  0.0951732  0.732245  0.390511  0.476076  4
5100  102842  0.229975  0.0934277  0.736535  0.392445  0.485868  4
5200  102589  0.228761  0.0878788  0.733368  0.378724  0.483646  4
5300  103070  0.222644  0.0895791  0.73665  0.388465  0.438251  4
5400  101906  0.227294  0.0797501  0.732679  0.375444  0.455678  4
5500  102915  0.22774  0.0791094  0.729936  0.367714  0.48054  4
5600  102332  0.228891  0.0878669  0.740439  0.387071  0.38234  4
5700  102473  0.223731  0.0866922  0.742618  0.38828  0.319061  4
5800  102927  0.228183  0.0882362  0.743421  0.389294  0.313749  4
5900  102535  0.223387  0.0860613  0.740723  0.378977  0.31906  4
6000  103530  0.228424  0.0906199  0.743451  0.384276  0.274602  4
6100  102797  0.225137  0.0929245  0.747015  0.399628  0.30764  4
6200  102357  0.225663  0.0961753  0.751308  0.408217  0.260213  4
6300  102763  0.227095  0.0976371  0.753001  0.406368  0.269699  4
6400  103744  0.228168  0.0926907  0.744501  0.384865  0.309553  4
6500  103220  0.222802  0.0871856  0.738142  0.367666  0.333302  4
6600  103643  0.227291  0.0863121  0.733849  0.362619  0.393594  4
6700  102990  0.225339  0.0872847  0.734565  0.36088  0.383069  4
6800  103431  0.228301  0.0831389  0.731342  0.356573  0.45208  4
6900  102880  0.226148  0.0800115  0.728485  0.350891  0.467811  4
7000  103479  0.231156  0.0809179  0.725464  0.35132  0.489949  4
7100  103404  0.229714  0.0789626  0.726362  0.351999  0.498501  4
7200  103046  0.226457  0.0825597  0.727785  0.346292  0.478665  4
7300  102770  0.224858  0.0796939  0.727719  0.3461  0.496401  4
7400  103186  0.227708  0.0787857  0.727053  0.341736  0.496464  4
7500  102646  0.225168  0.0793001  0.725801  0.336251  0.492803  4
7600  103356  0.221234  0.0829963  0.73259  0.348418  0.498262  4
7700  103254  0.223624  0.0842462  0.734137  0.354775  0.478613  4
7800  103637  0.226599  0.0840141  0.734774  0.365208  0.536565  4
7900  103294  0.231916  0.0836847  0.738735  0.374298  0.520738  4
8000  103326  0.22683  0.0833477  0.742171  0.385056  0.508314  4
8100  102889  0.223305  0.0819472  0.740053  0.371036  0.532503  4
8200  102951  0.226322  0.0834111  0.740171  0.370309  0.546275  4
8300  103655  0.226942  0.0821131  0.740115  0.375749  0.551111  4
8400  102808  0.225899  0.0865374  0.745509  0.389061  0.50657  4
8500  104144  0.226376  0.0859281  0.744787  0.375639  0.575203  4
8600  103252  0.220755  0.0854911  0.745771  0.379683  0.542922  4
8700  103561  0.221066  0.0863935  0.747813  0.381356  0.502071  4
8800  103269  0.227929  0.0815633  0.744391  0.370287  0.5067  4
8900  103149  0.224614  0.0824143  0.742376  0.367851  0.503183  4
9000  102722  0.225503  0.0771952  0.736296  0.353951  0.566158  4
9100  102586  0.223492  0.0770331  0.733169  0.343659  0.579271  4
9200  102731  0.223078  0.0770242  0.73051  0.336383  0.598938  4
9300  102866  0.221807  0.0741459  0.735652  0.358149  0.619055  4
9400  103379  0.223358  0.080343  0.739044  0.369153  0.608776  4
9500  103331  0.225866  0.0802337  0.736378  0.355633  0.605836  4
9600  103955  0.229468  0.081302  0.737854  0.363556  0.632315  4
9700  102993  0.222008  0.0792821  0.735209  0.356457  0.632561  4
9800  103507  0.225543  0.0770801  0.733628  0.350214  0.620392  4
9900  103193  0.224472  0.0819425  0.739446  0.369608  0.591891  4
