t meta_n emi  mean_info  tr1  tr2  tr3  strategy
0  115442  0.099184  0.494572  0.899992  0.000816078  -3.56593e-05  4
100  102491  0.10839  0.371623  0.852187  0.0852542  0.00357476  4
200  103334  0.166156  0.264248  0.776175  0.158511  0.00789037  4
300  102888  0.192386  0.205389  0.736086  0.203228  0.0151205  4
400  102612  0.211006  0.18212  0.724713  0.243003  0.0131947  4
500  103308  0.223203  0.171023  0.718129  0.282674  0.0115568  4
600  102589  0.221281  0.160422  0.72585  0.305228  0.010999  4
700  102319  0.223071  0.160868  0.730786  0.326518  -0.00233013  4
800  102723  0.228491  0.160306  0.72812  0.340207  -0.00687046  4
900  102963  0.225972  0.161317  0.727759  0.344611  0.0017888  4
1000  102753  0.227868  0.154989  0.723501  0.341282  -0.0135739  4
1100  102010  0.224337  0.153007  0.726955  0.347523  0.00156526  4
1200  102079  0.226263  0.15758  0.727591  0.346867  -0.00205954  4
1300  102772  0.229428  0.153099  0.724271  0.346666  0.00101099  4
1400  102335  0.225968  0.148695  0.73286  0.369391  -0.014008  4
1500  102826  0.226071  0.146499  0.736198  0.372403  -0.0041533  4
1600  102108  0.223352  0.144053  0.738373  0.374952  -0.000859179  4
1700  103088  0.23025  0.146509  0.736262  0.390913  -0.0266348  4
1800  102899  0.228908  0.145664  0.731979  0.378656  -0.00190972  4
1900  103166  0.232346  0.141337  0.73586  0.388399  -0.0235707  4
2000  103313  0.234595  0.14056  0.737689  0.401739  0.0236255  4
2100  101778  0.223689  0.129435  0.735302  0.397428  0.0200067  4
2200  103323  0.232193  0.13153  0.740041  0.413238  0.0280229  4
2300  103394  0.237696  0.132217  0.739409  0.416587  0.0336533  4
2400  102659  0.229917  0.132278  0.746713  0.420771  0.050653  4
2500  103240  0.224761  0.135519  0.750351  0.420735  0.0315961  4
2600  103080  0.230613  0.133319  0.753504  0.433048  0.0537882  4
2700  103154  0.23071  0.136796  0.756604  0.445178  0.0529328  4
2800  102850  0.220273  0.134909  0.762942  0.455312  0.0408634  4
2900  103235  0.218765  0.131268  0.758175  0.429577  0.0639702  4
3000  103332  0.222633  0.138226  0.761134  0.433877  0.06869  4
3100  102347  0.21889  0.139486  0.765269  0.445613  0.0954474  4
3200  102459  0.217778  0.135455  0.768231  0.449297  0.101602  4
3300  102776  0.215517  0.139181  0.777847  0.475496  0.0841264  4
3400  103951  0.226984  0.140614  0.781539  0.486171  0.0788142  4
3500  103053  0.217317  0.141514  0.79125  0.508721  0.117048  4
3600  102806  0.218071  0.143951  0.794069  0.515014  0.146532  4
3700  103665  0.221227  0.13691  0.794055  0.522146  0.16245  4
3800  103939  0.223287  0.13773  0.802254  0.540357  0.186441  4
3900  103027  0.219112  0.137416  0.797254  0.528277  0.21875  4
4000  103636  0.224741  0.143015  0.795018  0.524428  0.24922  4
4100  102821  0.219591  0.139548  0.799588  0.528484  0.266433  4
4200  102823  0.213858  0.140635  0.809017  0.555014  0.266328  4
4300  103916  0.21867  0.138242  0.807568  0.539607  0.2422  4
4400  102803  0.220469  0.135427  0.796608  0.513924  0.244255  4
4500  103183  0.216376  0.142933  0.807431  0.545862  0.212505  4
4600  103040  0.220178  0.136769  0.811461  0.55149  0.243003  4
4700  102780  0.216716  0.137654  0.813064  0.564452  0.242932  4
4800  103689  0.222756  0.13852  0.813018  0.561487  0.215544  4
4900  103043  0.224121  0.144572  0.811925  0.563359  0.203458  4
5000  103872  0.219983  0.144164  0.806116  0.554039  0.179792  4
5100  103177  0.22063  0.145557  0.810807  0.558411  0.198959  4
5200  103186  0.217127  0.141316  0.811439  0.557115  0.172973  4
5300  102936  0.216806  0.15288  0.820552  0.58639  0.213172  4
5400  103019  0.216531  0.147463  0.81532  0.569409  0.216594  4
5500  103033  0.223333  0.151359  0.819217  0.584249  0.228279  4
5600  103009  0.216054  0.146768  0.820532  0.575079  0.245048  4
5700  103915  0.21878  0.145926  0.81426  0.561033  0.261099  4
5800  103376  0.218029  0.14106  0.809915  0.548607  0.235694  4
5900  102962  0.212963  0.140487  0.813475  0.561009  0.211996  4
6000  103219  0.222355  0.148684  0.815129  0.564563  0.188456  4
6100  103139  0.215347  0.147569  0.818198  0.569567  0.178847  4
6200  103790  0.220519  0.144081  0.822451  0.577092  0.214074  4
6300  102866  0.217995  0.1383  0.824522  0.582568  0.238039  4
6400  102463  0.216517  0.131244  0.836177  0.613253  0.217088  4
6500  103227  0.219913  0.133981  0.842703  0.627535  0.221365  4
6600  102075  0.21969  0.145037  0.844786  0.629086  0.284866  4
6700  104042  0.222773  0.146344  0.840122  0.617955  0.257996  4
6800  103292  0.225627  0.145278  0.841745  0.624365  0.218685  4
6900  103771  0.220329  0.143397  0.848354  0.644021  0.25626  4
7000  103055  0.22051  0.146524  0.848981  0.646246  0.266516  4
7100  103692  0.21796  0.137398  0.84112  0.622941  0.278991  4
7200  103853  0.224168  0.142814  0.847078  0.64332  0.228524  4
7300  103672  0.22749  0.141886  0.844515  0.635934  0.226126  4
7400  103071  0.221527  0.139893  0.841359  0.622713  0.217032  4
7500  103259  0.222964  0.135894  0.835383  0.607261  0.241524  4
7600  102896  0.218985  0.133773  0.83654  0.606335  0.249115  4
7700  103875  0.221825  0.132155  0.839955  0.613772  0.239245  4
7800  103348  0.212781  0.134343  0.845085  0.624982  0.216473  4
7900  104218  0.226608  0.128945  0.845121  0.630642  0.204732  4
8000  103890  0.219276  0.141084  0.855149  0.65317  0.238969  4
8100  103460  0.22576  0.143607  0.863208  0.672597  0.272477  4
8200  103647  0.223045  0.144531  0.859744  0.665092  0.213558  4
8300  102684  0.217394  0.146834  0.865927  0.68296  0.210342  4
8400  102656  0.222231  0.145048  0.866432  0.687041  0.168004  4
8500  104112  0.223997  0.139155  0.864311  0.673004  0.171426  4
8600  103321  0.216831  0.139743  0.868436  0.690013  0.110493  4
8700  103530  0.217887  0.136536  0.863194  0.684942  0.0975595  4
8800  103618  0.219625  0.135165  0.867683  0.69466  0.0815065  4
8900  103406  0.215746  0.134599  0.86659  0.688461  0.0493367  4
9000  103073  0.21245  0.141409  0.876854  0.711652  0.0531065  4
9100  103094  0.219076  0.142825  0.875  0.708479  0.0351893  4
9200  103748  0.218724  0.140163  0.87739  0.716105  -0.0121521  4
9300  103458  0.215065  0.152662  0.880004  0.724398  0.0272424  4
9400  103645  0.221335  0.153057  0.883041  0.732898  0.0972703  4
9500  104506  0.215453  0.153328  0.882316  0.732748  0.056064  4
9600  104200  0.215438  0.158792  0.890246  0.759084  0.0298889  4
9700  104090  0.221327  0.13986  0.879941  0.730381  -0.00667839  4
9800  103462  0.214911  0.137331  0.881996  0.73459  0.0131211  4
9900  104028  0.22016  0.133205  0.879513  0.728329  -0.0387026  4
