t meta_n emi  mean_info  tr1  tr2  tr3  strategy
0  114555  0.1002  0.490963  0.900057  0.000853372  -5.076e-05  4
100  101759  0.106139  0.172792  0.845422  0.0736217  0.00562558  4
200  102976  0.158544  0.0926944  0.767573  0.126679  0.00627656  4
300  102798  0.193063  0.0668787  0.72105  0.179014  0.00408034  4
400  102066  0.211029  0.063049  0.705572  0.207609  -0.00488258  4
500  101375  0.223494  0.0538201  0.694775  0.22445  0.00343661  4
600  101119  0.228004  0.0519416  0.688952  0.244074  -0.00192501  4
700  102260  0.240294  0.0504671  0.686878  0.265938  -0.000299586  4
800  102629  0.234251  0.0485941  0.690211  0.278106  -0.00947647  4
900  101860  0.236011  0.0481997  0.689472  0.281417  0.00808676  4
1000  102828  0.23747  0.0475683  0.695766  0.311193  0.0196396  4
1100  101647  0.239104  0.0456142  0.69761  0.3128  0.0407767  4
1200  101558  0.232413  0.0425681  0.702912  0.325572  0.0479498  4
1300  101917  0.236551  0.0439863  0.697284  0.325799  0.0752145  4
1400  101476  0.234307  0.0419761  0.698148  0.326457  0.139699  4
1500  101949  0.234613  0.0390955  0.698288  0.334987  0.103647  4
1600  102650  0.237691  0.0407144  0.693145  0.325243  0.109839  4
1700  101986  0.231181  0.040132  0.694647  0.304393  0.0996146  4
1800  102145  0.230192  0.0376324  0.695759  0.306452  0.129354  4
1900  101925  0.236937  0.0348546  0.693578  0.304055  0.102624  4
2000  102221  0.230236  0.0337574  0.69814  0.316434  0.086958  4
2100  102432  0.229912  0.0335011  0.694999  0.304662  0.117039  4
2200  102378  0.239391  0.031974  0.689823  0.304837  0.14828  4
2300  101643  0.237491  0.0316522  0.690111  0.314111  0.156984  4
2400  101717  0.237321  0.0306881  0.685078  0.296448  0.159457  4
2500  102779  0.234512  0.0311808  0.683376  0.290927  0.148765  4
2600  102491  0.238603  0.0271666  0.683883  0.288089  0.171647  4
2700  102739  0.235783  0.0257721  0.685561  0.292544  0.138279  4
2800  101620  0.232366  0.0240553  0.686764  0.301722  0.158267  4
2900  102782  0.240586  0.0237232  0.678513  0.287969  0.154738  4
3000  103041  0.239713  0.0234581  0.677822  0.284673  0.136417  4
3100  101819  0.238312  0.024213  0.683714  0.298185  0.0767079  4
3200  102155  0.239937  0.0217873  0.682934  0.300382  0.0876064  4
3300  102211  0.230611  0.0214155  0.687249  0.301787  0.0916688  4
3400  102645  0.234944  0.0214555  0.689691  0.309219  0.0991866  4
3500  101691  0.235512  0.0201879  0.687586  0.294173  0.152884  4
3600  102804  0.237013  0.0203372  0.684487  0.288974  0.154741  4
3700  102358  0.237156  0.0196896  0.680129  0.289759  0.103057  4
3800  102476  0.239322  0.020999  0.682121  0.288162  0.136612  4
3900  101699  0.237203  0.0185148  0.680037  0.285366  0.184339  4
4000  102816  0.237512  0.017831  0.677354  0.278895  0.187297  4
4100  103127  0.236368  0.0179924  0.680927  0.28107  0.183088  4
4200  102391  0.234901  0.0168582  0.679702  0.268037  0.176983  4
4300  102887  0.227129  0.0167048  0.677867  0.261215  0.134339  4
4400  102296  0.230092  0.013625  0.675193  0.247652  0.112056  4
4500  102845  0.234067  0.0129285  0.669362  0.248565  0.138401  4
4600  102185  0.228933  0.0126376  0.673462  0.252918  0.135295  4
4700  102297  0.23528  0.0147473  0.672861  0.25412  0.142591  4
4800  102986  0.234215  0.0141088  0.672987  0.254447  0.131724  4
4900  102331  0.229966  0.0112052  0.672372  0.240167  0.163964  4
5000  102792  0.226887  0.0103432  0.670542  0.236002  0.162798  4
5100  102151  0.226691  0.0112061  0.67265  0.233774  0.152986  4
5200  102560  0.227828  0.0107384  0.67523  0.24079  0.122938  4
5300  102802  0.226196  0.010846  0.676009  0.24647  0.0879715  4
5400  102823  0.222949  0.0105609  0.673349  0.235161  0.0943477  4
5500  103354  0.224178  0.0104214  0.670323  0.229475  0.0591199  4
5600  102442  0.225251  0.00999785  0.667989  0.219674  0.0751118  4
5700  102237  0.226856  0.0101916  0.663177  0.212736  0.0952225  4
5800  102130  0.225939  0.00912918  0.665022  0.210865  0.139572  4
5900  102798  0.227832  0.0093798  0.665347  0.214655  0.177505  4
6000  101458  0.221965  0.00961282  0.663294  0.203079  0.145184  4
6100  103370  0.227124  0.00881088  0.662323  0.194621  0.156655  4
6200  102707  0.223157  0.00849404  0.662572  0.202816  0.120681  4
6300  103283  0.225111  0.00747176  0.66117  0.196128  0.145464  4
6400  102541  0.22438  0.00830275  0.659288  0.189274  0.152464  4
6500  102536  0.221918  0.00706088  0.660895  0.191599  0.130395  4
6600  102741  0.223461  0.00711859  0.662428  0.194647  0.171056  4
6700  102889  0.220944  0.00645475  0.66507  0.198575  0.181526  4
6800  102427  0.223256  0.00644607  0.666932  0.205188  0.21886  4
6900  102655  0.220515  0.00680033  0.666665  0.211146  0.273097  4
7000  102695  0.219655  0.00569001  0.667954  0.214076  0.292275  4
7100  102705  0.220567  0.00414196  0.66469  0.205672  0.297301  4
7200  102685  0.220407  0.00513619  0.664797  0.209719  0.283397  4
7300  101861  0.216014  0.00458415  0.667755  0.219704  0.249624  4
7400  102322  0.222452  0.00417552  0.666297  0.212828  0.218948  4
7500  102408  0.22221  0.0030137  0.667065  0.21651  0.163064  4
7600  103002  0.222898  0.00380913  0.665378  0.212279  0.162467  4
7700  102258  0.219396  0.00459578  0.665776  0.209436  0.223847  4
7800  102055  0.218212  0.00452596  0.664285  0.20658  0.190679  4
7900  102221  0.217149  0.00387129  0.665908  0.209641  0.166408  4
8000  103562  0.220225  0.00447718  0.66595  0.203582  0.141087  4
8100  102002  0.219568  0.0041439  0.665604  0.19625  0.147965  4
8200  102312  0.218675  0.0033514  0.667632  0.197527  0.156097  4
8300  102375  0.213675  0.00350845  0.667366  0.18856  0.159195  4
8400  102897  0.214963  0.00370753  0.666012  0.18521  0.0985667  4
8500  102888  0.215823  0.00322473  0.66443  0.181537  0.103751  4
8600  102434  0.218195  0.00342124  0.662585  0.182391  0.109347  4
8700  102561  0.221618  0.0023726  0.662435  0.183939  0.0857968  4
8800  102704  0.217642  0.00260744  0.665291  0.197018  0.100058  4
8900  102738  0.216698  0.00275854  0.664641  0.194195  0.0670819  4
9000  103129  0.219512  0.00165226  0.665091  0.197864  0.0634859  4
9100  102573  0.216585  0.00134189  0.66521  0.198592  0.0871855  4
9200  103314  0.219453  0.00228268  0.666311  0.200457  0.0896769  4
9300  102960  0.219266  0.00252509  0.667495  0.20709  0.0942974  4
9400  102488  0.218268  0.00227535  0.666801  0.200244  0.123745  4
9500  102496  0.218175  0.00209864  0.667477  0.207416  0.0619814  4
9600  102069  0.217191  0.0016017  0.667963  0.205954  0.0488723  4
9700  103002  0.217988  0.00198513  0.66928  0.20817  0.0777055  4
9800  102994  0.220763  0.00176602  0.667459  0.201841  0.0968827  4
9900  103152  0.221721  0.00138995  0.665773  0.199745  0.0608088  4
