t meta_n emi  mean_info  tr1  tr2  tr3  strategy
0  115101  0.098336  0.493758  0.899936  0.000822875  -1.3601e-05  4
100  102146  0.107099  0.254541  0.843059  0.0764018  -0.00476783  4
200  102375  0.158467  0.152218  0.776117  0.148111  -0.000921797  4
300  102949  0.192287  0.114139  0.728373  0.180511  0.00282  4
400  101488  0.205842  0.096161  0.710301  0.20923  0.0149687  4
500  102243  0.222628  0.0897002  0.703379  0.247491  0.0160069  4
600  102725  0.233493  0.0849803  0.697768  0.267121  0.0280043  4
700  102228  0.228136  0.0800484  0.694479  0.262042  -0.00158836  4
800  101585  0.238184  0.076058  0.691993  0.267775  0.0217183  4
900  102832  0.235295  0.0758846  0.693778  0.28325  0.0352979  4
1000  102392  0.235113  0.0704124  0.699311  0.29993  -0.00443037  4
1100  102885  0.23377  0.0661154  0.70232  0.299529  -0.0261393  4
1200  102276  0.229337  0.0664195  0.70047  0.288032  -0.029539  4
1300  103105  0.232355  0.063032  0.696422  0.288855  -0.00369823  4
1400  102394  0.232204  0.0643893  0.698943  0.292212  0.0221007  4
1500  102744  0.231704  0.068622  0.697239  0.286011  0.0435684  4
1600  102935  0.228734  0.0641933  0.6956  0.288283  0.102722  4
1700  101768  0.23007  0.0612226  0.693427  0.284509  0.0685955  4
1800  103680  0.23083  0.0618106  0.700368  0.297794  0.0983052  4
1900  101915  0.233373  0.0563985  0.692148  0.29715  0.0921831  4
2000  102863  0.232275  0.0538172  0.696049  0.299243  0.14454  4
2100  102108  0.232085  0.0514427  0.694461  0.304132  0.150874  4
2200  102335  0.233826  0.0505863  0.694441  0.307549  0.105007  4
2300  102740  0.232626  0.0527224  0.692958  0.309255  0.107022  4
2400  102795  0.236211  0.0527182  0.68996  0.309262  0.113895  4
2500  102886  0.231489  0.0490229  0.69147  0.304522  0.0670668  4
2600  102158  0.232444  0.0469527  0.694653  0.312943  0.0760034  4
2700  101632  0.233253  0.0435792  0.691566  0.313377  0.0779508  4
2800  102173  0.228472  0.0442474  0.695426  0.30664  0.0616212  4
2900  104208  0.229429  0.0432032  0.692258  0.307676  0.0822481  4
3000  103284  0.237636  0.0424283  0.686751  0.298376  0.0723175  4
3100  102218  0.227932  0.0464334  0.689888  0.283581  0.0390503  4
3200  102950  0.22931  0.0406613  0.688476  0.287558  0.0402241  4
3300  101625  0.227318  0.0381259  0.693786  0.29267  0.0334976  4
3400  102503  0.228759  0.0396048  0.689612  0.290611  0.0216828  4
3500  103034  0.232256  0.0375442  0.685582  0.29487  0.0267362  4
3600  102670  0.234315  0.0378329  0.683942  0.284423  0.0331927  4
3700  102123  0.230657  0.0338823  0.683357  0.28173  0.0522473  4
3800  102224  0.234547  0.0330834  0.683369  0.285564  0.0821667  4
3900  102192  0.231078  0.0329841  0.68098  0.276076  0.102892  4
4000  103490  0.236871  0.0327566  0.689262  0.301438  0.080383  4
4100  102303  0.233659  0.0336681  0.689108  0.300105  0.142458  4
4200  102849  0.230395  0.0319523  0.689342  0.2982  0.154459  4
4300  102602  0.227811  0.0298943  0.682857  0.288156  0.187492  4
4400  101911  0.226126  0.03067  0.684831  0.286181  0.196411  4
4500  102139  0.229073  0.0274939  0.681909  0.288122  0.22221  4
4600  103291  0.227143  0.0226925  0.680049  0.278664  0.251629  4
4700  103330  0.231239  0.0246303  0.680654  0.278759  0.277671  4
4800  102091  0.226618  0.0232077  0.683076  0.285134  0.26113  4
4900  102334  0.228502  0.0196565  0.680546  0.285507  0.234599  4
5000  103209  0.232063  0.0204553  0.677394  0.278809  0.191945  4
5100  102948  0.231379  0.0218895  0.678237  0.279744  0.223443  4
5200  102516  0.229079  0.0214179  0.678841  0.277632  0.239017  4
5300  102217  0.229646  0.0214244  0.678527  0.276104  0.222224  4
5400  103147  0.224762  0.020379  0.679652  0.279292  0.232869  4
5500  102774  0.223023  0.019549  0.679713  0.277187  0.19024  4
5600  102306  0.22579  0.0189928  0.675183  0.264007  0.173317  4
5700  103069  0.222835  0.0169744  0.675392  0.258036  0.221938  4
5800  102721  0.222829  0.0200101  0.677866  0.259663  0.253313  4
5900  103002  0.222491  0.0202054  0.677508  0.254297  0.271837  4
6000  102574  0.224487  0.0197654  0.672783  0.238763  0.318994  4
6100  102386  0.220087  0.0176664  0.673624  0.235229  0.319643  4
6200  103259  0.226572  0.0178466  0.671486  0.230243  0.278106  4
6300  102996  0.222637  0.0166694  0.669144  0.225096  0.280499  4
6400  103223  0.218707  0.0138217  0.671832  0.228531  0.28442  4
6500  102172  0.219933  0.0135636  0.670405  0.22919  0.357542  4
6600  102986  0.224787  0.0132261  0.668163  0.225186  0.288902  4
6700  103435  0.222185  0.0132272  0.670449  0.22193  0.268892  4
6800  102678  0.22588  0.0133405  0.670175  0.222563  0.309617  4
6900  102158  0.224189  0.0108896  0.670069  0.227306  0.256311  4
7000  102964  0.224797  0.0104179  0.671433  0.225285  0.289969  4
7100  102483  0.221457  0.0103942  0.673746  0.22792  0.24056  4
7200  102585  0.215554  0.0101029  0.674055  0.232678  0.261095  4
7300  102456  0.222575  0.00940824  0.67183  0.231088  0.291376  4
7400  103016  0.223405  0.0111224  0.674359  0.22957  0.288477  4
7500  102871  0.217973  0.00984853  0.673201  0.233358  0.254026  4
7600  103057  0.221646  0.00880041  0.672891  0.242089  0.259351  4
7700  102960  0.223058  0.00903348  0.672092  0.240302  0.29147  4
7800  103190  0.223018  0.00783427  0.672885  0.243876  0.27737  4
7900  102801  0.223261  0.00677589  0.674022  0.253872  0.254538  4
8000  102191  0.223082  0.00557067  0.675532  0.259687  0.224829  4
8100  102462  0.224355  0.00629475  0.675006  0.258965  0.263468  4
8200  103284  0.227346  0.00686137  0.673805  0.258189  0.210789  4
8300  102143  0.223167  0.00655484  0.67357  0.252126  0.145409  4
8400  102623  0.222765  0.00589692  0.672847  0.24427  0.148473  4
8500  103119  0.225831  0.005534  0.670969  0.241021  0.203318  4
8600  103468  0.221678  0.00541237  0.668694  0.226436  0.229523  4
8700  102263  0.219689  0.00615073  0.670968  0.226588  0.280665  4
8800  102966  0.221677  0.00656649  0.669613  0.218617  0.296606  4
8900  102001  0.218253  0.00645016  0.667411  0.210538  0.356773  4
9000  103495  0.218604  0.0056038  0.669992  0.218342  0.343608  4
9100  102155  0.220516  0.0049233  0.669336  0.209248  0.330549  4
9200  102913  0.223598  0.00345655  0.668625  0.213696  0.404374  4
9300  102886  0.223253  0.00383963  0.664817  0.197215  0.474616  4
9400  103756  0.226302  0.00255502  0.667818  0.216335  0.457367  4
9500  103017  0.221552  0.00320569  0.667648  0.215452  0.393537  4
9600  102601  0.215914  0.00326651  0.669236  0.210129  0.36933  4
9700  103215  0.220047  0.00358724  0.671705  0.218023  0.424729  4
9800  102856  0.215773  0.00298665  0.67239  0.217679  0.429953  4
9900  102816  0.22173  0.00255527  0.67004  0.206941  0.415081  4
