t meta_n emi  mean_info  tr1  tr2  tr3  strategy
0  115471  0.100016  0.496646  0.899983  0.000762309  8.11698e-06  4
100  102795  0.107544  0.454575  0.856109  0.0781064  -0.00161025  4
200  102904  0.150327  0.428266  0.795922  0.149681  -0.011805  4
300  103086  0.186548  0.371529  0.753398  0.19277  -0.0186725  4
400  103427  0.199263  0.35858  0.744257  0.232029  -0.0109374  4
500  103667  0.209507  0.332451  0.742763  0.262064  -0.00194479  4
600  102711  0.213449  0.326862  0.742631  0.300885  -0.0163819  4
700  103136  0.209447  0.312493  0.746788  0.314047  -0.00554825  4
800  103429  0.208362  0.305489  0.75032  0.323697  0.0056364  4
900  103346  0.213038  0.29255  0.753426  0.337501  0.0127055  4
1000  104157  0.213041  0.285971  0.765848  0.385791  0.0323362  4
1100  102842  0.215555  0.275455  0.770824  0.419509  0.0144676  4
1200  103334  0.215698  0.266877  0.779203  0.439984  0.0205008  4
1300  103488  0.211738  0.278012  0.789744  0.464214  0.0154783  4
1400  103141  0.219831  0.272091  0.793509  0.487735  0.0573057  4
1500  103237  0.218099  0.268097  0.802218  0.518558  0.0666191  4
1600  103837  0.212213  0.275021  0.813423  0.539371  0.0596187  4
1700  104134  0.216526  0.268727  0.815442  0.554462  0.0492674  4
1800  103541  0.216704  0.279635  0.824475  0.569059  0.0452962  4
1900  103311  0.219589  0.269098  0.822954  0.577488  0.0160619  4
2000  103592  0.209268  0.258658  0.832196  0.592107  0.0337635  4
2100  102879  0.214716  0.275854  0.833862  0.594549  0.0304309  4
2200  103689  0.208948  0.265  0.837404  0.603029  0.03595  4
2300  103976  0.208985  0.270566  0.845521  0.625539  0.0350357  4
2400  103110  0.211013  0.266712  0.853609  0.659508  0.0158929  4
2500  104479  0.212335  0.266156  0.865004  0.675303  -0.00192725  4
2600  104607  0.210955  0.255944  0.868421  0.679455  -0.0444565  4
2700  104360  0.203536  0.258676  0.869585  0.675091  -0.0507721  4
2800  103047  0.203648  0.264783  0.871693  0.679261  -0.0874135  4
2900  104592  0.211907  0.260802  0.872723  0.681366  -0.0932082  4
3000  102933  0.205929  0.262987  0.875177  0.686959  -0.0526557  4
3100  103388  0.204396  0.265656  0.883592  0.705237  -0.0646466  4
3200  104000  0.212722  0.269987  0.885124  0.716072  -0.0901512  4
3300  103574  0.214484  0.265045  0.879077  0.718207  -0.0820205  4
3400  103555  0.2172  0.264501  0.881624  0.725023  -0.093439  4
3500  103678  0.211307  0.260206  0.885282  0.728083  -0.126137  4
3600  104117  0.208018  0.257373  0.88729  0.740496  -0.0919072  4
3700  103705  0.214341  0.254089  0.89831  0.755478  -0.0818577  4
3800  103760  0.205334  0.249781  0.903736  0.759422  -0.0917608  4
3900  104054  0.20729  0.259227  0.910131  0.771431  -0.100816  4
4000  103794  0.2053  0.26517  0.913816  0.771241  -0.05353  4
4100  104153  0.204333  0.268772  0.920507  0.779747  -0.0622933  4
4200  105170  0.200924  0.263917  0.931522  0.797665  -0.0955186  4
4300  104098  0.201489  0.259948  0.934454  0.806311  -0.100084  4
4400  103676  0.203911  0.260371  0.929397  0.798276  -0.116194  4
4500  103389  0.197039  0.26072  0.932456  0.806593  -0.110125  4
4600  104189  0.201772  0.249835  0.929666  0.79222  -0.102683  4
4700  103916  0.203595  0.251697  0.933044  0.803498  -0.0698893  4
4800  104182  0.195713  0.25325  0.935126  0.796607  -0.0676484  4
4900  103631  0.19938  0.255325  0.9421  0.816134  -0.0868145  4
5000  103402  0.19696  0.257726  0.948423  0.837222  -0.107275  4
5100  103537  0.20485  0.255071  0.955768  0.858199  -0.123868  4
5200  103992  0.209404  0.250397  0.960963  0.86856  -0.124234  4
5300  104412  0.199881  0.257252  0.965623  0.884223  -0.122423  4
5400  104398  0.203742  0.253932  0.967184  0.887016  -0.115082  4
5500  103834  0.202424  0.246101  0.969612  0.894163  -0.133133  4
5600  103703  0.201386  0.240187  0.9682  0.895837  -0.127705  4
5700  103861  0.20309  0.24149  0.96962  0.899431  -0.177388  4
5800  104323  0.202515  0.247669  0.970866  0.898311  -0.157672  4
5900  104313  0.198644  0.2447  0.970811  0.898131  -0.210049  4
6000  103828  0.196736  0.250084  0.973592  0.910607  -0.223875  4
6100  104031  0.196895  0.254487  0.975038  0.909535  -0.190187  4
6200  103670  0.19675  0.255761  0.975276  0.916087  -0.184187  4
6300  104292  0.191896  0.257429  0.979661  0.9252  -0.17986  4
6400  104604  0.20322  0.265692  0.98117  0.930578  -0.191514  4
6500  103924  0.199554  0.26112  0.984514  0.939895  -0.164593  4
6600  103656  0.19638  0.25576  0.984462  0.940184  -0.187974  4
6700  103888  0.206969  0.249955  0.979749  0.932102  -0.206088  4
6800  104902  0.194657  0.250672  0.979859  0.930267  -0.198571  4
6900  104101  0.206456  0.257283  0.978961  0.930382  -0.197262  4
7000  104234  0.196982  0.255538  0.983995  0.932843  -0.194896  4
7100  104991  0.207828  0.258596  0.984713  0.937195  -0.183139  4
7200  104591  0.201513  0.253096  0.984861  0.931474  -0.160116  4
7300  104774  0.193171  0.258503  0.988411  0.930874  -0.167869  4
7400  105217  0.201888  0.258465  0.990516  0.935582  -0.191584  4
7500  104115  0.198224  0.259947  0.997566  0.947194  -0.208495  4
7600  104084  0.198835  0.264427  0.99835  0.94912  -0.213576  4
7700  103792  0.191979  0.268848  0.999417  0.951424  -0.210264  4
7800  103853  0.19363  0.270605  0.997706  0.949418  -0.215016  4
7900  104499  0.19824  0.270674  0.997178  0.948835  -0.247458  4
8000  104285  0.196118  0.273182  0.996661  0.945256  -0.2573  4
8100  104272  0.202466  0.27431  0.998001  0.951913  -0.256542  4
8200  105330  0.196548  0.26972  0.998136  0.950021  -0.263063  4
8300  105341  0.192841  0.270138  0.999849  0.949883  -0.274884  4
8400  104155  0.196325  0.262429  1.00065  0.946412  -0.27285  4
8500  103530  0.18764  0.262365  1.00537  0.953821  -0.284591  4
8600  104123  0.191736  0.26399  1.00711  0.957624  -0.290848  4
8700  103477  0.190996  0.264889  1.00233  0.951011  -0.324134  4
8800  104083  0.189948  0.26437  1.00453  0.957052  -0.338845  4
8900  104830  0.184378  0.260582  1.00734  0.960305  -0.332281  4
9000  103497  0.181064  0.263279  1.0065  0.95886  -0.351076  4
9100  104279  0.191481  0.259681  1.00363  0.954306  -0.355612  4
9200  104081  0.196508  0.258524  1.006  0.959163  -0.369242  4
9300  103711  0.188946  0.259795  1.00821  0.960797  -0.381389  4
9400  103594  0.191571  0.260402  1.01208  0.968087  -0.41006  4
9500  104729  0.191645  0.262193  1.01548  0.975465  -0.439376  4
9600  104184  0.190883  0.256934  1.01744  0.978899  -0.44926  4
9700  104820  0.193342  0.256346  1.01803  0.979992  -0.441421  4
9800  104095  0.193594  0.249597  1.02034  0.980794  -0.472509  4
9900  103703  0.191578  0.246309  1.02054  0.983585  -0.483971  4
