t meta_n emi  mean_info  tr1  tr2  tr3  strategy
0  116158  0.099352  0.498766  0.899994  0.000731209  0.000158211  4
100  104663  0.116177  0.549066  0.856431  0.0830448  -0.00570836  4
200  105270  0.159744  0.607439  0.806965  0.150924  -0.00419182  4
300  103637  0.1779  0.614992  0.782241  0.202161  -0.0153866  4
400  104463  0.198225  0.591453  0.771493  0.236631  -0.0142888  4
500  103625  0.198236  0.575617  0.76808  0.258036  -0.0213391  4
600  103752  0.198076  0.564744  0.768445  0.28372  -0.0258601  4
700  104238  0.200226  0.543613  0.771769  0.30387  -0.011466  4
800  105330  0.201859  0.517795  0.780149  0.330048  -0.0182974  4
900  104799  0.202909  0.521604  0.779199  0.348831  -0.0112253  4
1000  104556  0.209544  0.508369  0.777769  0.360323  0.000263193  4
1100  104394  0.205906  0.502575  0.781122  0.368686  0.00757529  4
1200  104629  0.207354  0.498555  0.786424  0.372454  0.0170378  4
1300  103357  0.205086  0.512787  0.785916  0.386581  -0.00682189  4
1400  104002  0.209627  0.505578  0.78819  0.403635  -0.023801  4
1500  104123  0.194231  0.499813  0.801888  0.414581  -0.0452908  4
1600  105226  0.195516  0.493523  0.811762  0.447834  -0.0361565  4
1700  104095  0.191367  0.494621  0.810813  0.452762  -0.0251026  4
1800  104566  0.201397  0.494007  0.816481  0.466271  0.0082617  4
1900  105463  0.207412  0.486169  0.814915  0.466324  0.0501746  4
2000  103940  0.200783  0.473657  0.815009  0.490047  0.0660109  4
2100  104644  0.205826  0.452739  0.824492  0.512064  0.0553457  4
2200  105245  0.197983  0.460681  0.829766  0.525283  0.0558648  4
2300  105030  0.202531  0.46452  0.833223  0.529725  0.0460438  4
2400  103568  0.194172  0.463528  0.839301  0.54036  0.0561141  4
2500  104271  0.193917  0.456173  0.841913  0.557083  0.0794616  4
2600  104530  0.202519  0.44443  0.852824  0.579867  0.116977  4
2700  104665  0.203029  0.447883  0.855574  0.584317  0.134046  4
2800  104574  0.201609  0.441531  0.856287  0.587666  0.111381  4
2900  104466  0.203164  0.443668  0.863403  0.605557  0.109519  4
3000  104453  0.201226  0.437066  0.865276  0.602625  0.0994465  4
3100  104695  0.196959  0.434433  0.868607  0.615641  0.112499  4
3200  104915  0.196404  0.430257  0.876327  0.631225  0.105048  4
3300  104018  0.192875  0.434111  0.879358  0.654445  0.0904597  4
3400  104514  0.195666  0.426148  0.88576  0.667385  0.0914384  4
3500  104204  0.188739  0.415611  0.894107  0.678358  0.105354  4
3600  104904  0.193947  0.414032  0.893647  0.688198  0.132577  4
3700  104902  0.18815  0.401849  0.896888  0.698084  0.115844  4
3800  104757  0.193374  0.395185  0.900534  0.706281  0.11032  4
3900  104639  0.197397  0.403215  0.892197  0.684942  0.113583  4
4000  104289  0.193606  0.398816  0.890359  0.685332  0.140787  4
4100  104985  0.193546  0.39815  0.895341  0.698192  0.157072  4
4200  104783  0.196954  0.406167  0.911565  0.735988  0.126855  4
4300  104567  0.185842  0.401645  0.919713  0.749304  0.125936  4
4400  104544  0.189093  0.397259  0.920261  0.75429  0.129494  4
4500  105512  0.192606  0.395665  0.931466  0.77921  0.158503  4
4600  104848  0.193987  0.39053  0.936555  0.7947  0.172198  4
4700  104880  0.190203  0.394796  0.942387  0.809441  0.201595  4
4800  105760  0.190654  0.390423  0.946665  0.8111  0.20155  4
4900  104936  0.184956  0.374502  0.943565  0.808173  0.196556  4
5000  104857  0.1847  0.355325  0.951578  0.823992  0.244281  4
5100  104999  0.187536  0.358181  0.959674  0.844975  0.226434  4
5200  104773  0.196426  0.365003  0.960468  0.851358  0.251656  4
5300  105101  0.186723  0.366865  0.96323  0.864314  0.269873  4
5400  104950  0.18444  0.364115  0.97072  0.878163  0.288623  4
5500  104527  0.193132  0.363058  0.96871  0.880955  0.316828  4
5600  104148  0.188689  0.353295  0.978352  0.899254  0.312492  4
5700  104949  0.183591  0.365386  0.977521  0.893491  0.342167  4
5800  104419  0.18767  0.367141  0.980031  0.904472  0.357579  4
5900  104971  0.190476  0.369681  0.980416  0.902257  0.360666  4
6000  104940  0.186559  0.369151  0.985113  0.911158  0.363379  4
6100  106619  0.194396  0.369433  0.988276  0.91119  0.358949  4
6200  105782  0.186402  0.361783  0.994456  0.92063  0.377422  4
6300  106090  0.181462  0.367897  0.994715  0.920565  0.386741  4
6400  105013  0.177396  0.360937  0.995126  0.921144  0.380169  4
6500  104081  0.173021  0.362797  0.995468  0.925677  0.375416  4
6600  105621  0.183375  0.36487  0.996775  0.926885  0.350608  4
6700  104600  0.181891  0.368865  0.997928  0.930748  0.342074  4
6800  105021  0.180959  0.369119  0.996671  0.924217  0.339962  4
6900  104355  0.181017  0.357657  0.999201  0.929695  0.344013  4
7000  104962  0.177875  0.356101  1.00261  0.934878  0.3884  4
7100  105458  0.192482  0.349405  1.00753  0.945778  0.401929  4
7200  104249  0.172719  0.344174  1.01132  0.951181  0.395085  4
7300  104985  0.190956  0.345564  1.01283  0.954289  0.39091  4
7400  104741  0.179187  0.346339  1.01365  0.956378  0.394484  4
7500  105630  0.181347  0.342719  1.01579  0.960398  0.393772  4
7600  104780  0.188469  0.345529  1.01587  0.96457  0.397718  4
7700  104867  0.181814  0.347304  1.02001  0.968979  0.4045  4
7800  104818  0.1866  0.350714  1.01985  0.971666  0.378082  4
7900  104996  0.169581  0.350913  1.02011  0.972007  0.411101  4
8000  104661  0.182153  0.350935  1.02224  0.972753  0.376988  4
8100  105036  0.172848  0.351159  1.02335  0.974265  0.361669  4
8200  104364  0.165302  0.348694  1.02235  0.972254  0.355572  4
8300  105751  0.185614  0.34638  1.01901  0.969619  0.324139  4
8400  105531  0.176655  0.34963  1.01912  0.969283  0.306771  4
8500  105342  0.177544  0.353454  1.01937  0.96958  0.302569  4
8600  105801  0.17208  0.347521  1.02284  0.972175  0.26992  4
8700  105443  0.18261  0.350729  1.02385  0.973239  0.238355  4
8800  105361  0.181829  0.347264  1.02462  0.974269  0.256594  4
8900  104862  0.186948  0.345686  1.0274  0.979163  0.257005  4
9000  105628  0.181853  0.348245  1.02759  0.979356  0.261895  4
9100  104209  0.169644  0.347035  1.02802  0.97924  0.260125  4
9200  105094  0.174764  0.343531  1.03098  0.982672  0.314989  4
9300  104332  0.171684  0.345516  1.02978  0.98158  0.310855  4
9400  104563  0.173486  0.347111  1.03191  0.985209  0.343125  4
9500  106326  0.187775  0.349356  1.03105  0.983822  0.334841  4
9600  104619  0.177338  0.348573  1.03179  0.985769  0.335671  4
9700  105051  0.174679  0.345524  1.03346  0.986326  0.346568  4
9800  105269  0.184419  0.343376  1.03353  0.988254  0.325744  4
9900  104925  0.179411  0.343688  1.03174  0.98601  0.27531  4
