t meta_n emi  mean_info  tr1  tr2  tr3  strategy
0  116309  0.100688  0.497042  0.900133  0.000788661  -3.56691e-05  4
100  103430  0.103931  0.38359  0.856797  0.0784019  0.00485738  4
200  103414  0.155665  0.315592  0.783745  0.145522  0.0169763  4
300  101916  0.183003  0.255482  0.747678  0.200649  0.0137252  4
400  103227  0.197853  0.220913  0.733366  0.237091  0.000991924  4
500  102756  0.217115  0.195642  0.725025  0.270029  0.00399098  4
600  103102  0.216829  0.188811  0.727029  0.288989  0.00915407  4
700  102635  0.220104  0.184683  0.728012  0.309584  -0.0104176  4
800  103590  0.223132  0.177537  0.724454  0.326037  -0.00543478  4
900  102670  0.226305  0.176982  0.726456  0.335771  0.00886875  4
1000  103181  0.225572  0.167546  0.731181  0.344641  0.00126412  4
1100  102960  0.231665  0.168569  0.728164  0.340391  0.00182184  4
1200  103081  0.23006  0.170895  0.730099  0.364675  0.006935  4
1300  103730  0.232156  0.170907  0.734429  0.374052  0.017317  4
1400  102733  0.227271  0.169418  0.741338  0.395976  -0.00660719  4
1500  102681  0.233388  0.175466  0.745287  0.411565  -0.00437188  4
1600  102809  0.230168  0.174085  0.751631  0.414378  -0.00170958  4
1700  102858  0.226046  0.172602  0.758922  0.43158  -0.0263108  4
1800  103648  0.223655  0.174117  0.766288  0.454734  -0.0137623  4
1900  103163  0.222374  0.174795  0.771781  0.461823  0.031237  4
2000  102447  0.218839  0.177884  0.777985  0.479489  0.0153159  4
2100  103041  0.218258  0.180264  0.781314  0.477587  0.0365132  4
2200  103696  0.223589  0.177082  0.776353  0.472399  -0.0271769  4
2300  102985  0.216655  0.177016  0.784429  0.486558  -0.0757862  4
2400  102920  0.217346  0.167675  0.787244  0.489409  -0.0949118  4
2500  104097  0.222008  0.172516  0.785943  0.483525  -0.0920162  4
2600  103117  0.216693  0.181877  0.793894  0.506444  -0.117465  4
2700  102763  0.217994  0.179882  0.798315  0.511992  -0.114449  4
2800  104087  0.216873  0.178293  0.802144  0.51895  -0.126193  4
2900  102822  0.221491  0.181683  0.806977  0.534533  -0.198047  4
3000  104428  0.221174  0.174396  0.806164  0.529476  -0.15914  4
3100  103624  0.216192  0.178869  0.816702  0.547267  -0.198343  4
3200  103664  0.21442  0.185882  0.821003  0.564743  -0.222144  4
3300  102983  0.213878  0.172575  0.814318  0.547056  -0.218187  4
3400  103079  0.216801  0.176217  0.820902  0.565644  -0.219644  4
3500  102996  0.218579  0.177479  0.82662  0.584771  -0.235062  4
3600  103368  0.217904  0.176836  0.831188  0.591636  -0.231417  4
3700  103562  0.213557  0.170761  0.835939  0.595295  -0.255106  4
3800  103045  0.221739  0.171906  0.838549  0.611929  -0.230368  4
3900  103817  0.219792  0.181742  0.841425  0.62143  -0.211472  4
4000  103125  0.215537  0.183843  0.85306  0.651778  -0.242761  4
4100  104270  0.221203  0.182027  0.85714  0.661258  -0.275473  4
4200  103855  0.216302  0.17664  0.85781  0.658531  -0.294835  4
4300  103135  0.204633  0.17556  0.860843  0.664828  -0.319581  4
4400  103485  0.213239  0.171317  0.861789  0.661666  -0.295216  4
4500  102457  0.208756  0.173237  0.862339  0.666833  -0.338627  4
4600  103231  0.214381  0.172826  0.861821  0.666346  -0.319003  4
4700  104183  0.220077  0.183045  0.87248  0.694141  -0.385463  4
4800  103812  0.217576  0.179936  0.87269  0.692908  -0.339653  4
4900  103520  0.212893  0.179089  0.878896  0.707573  -0.375463  4
5000  103481  0.207731  0.175846  0.871037  0.692717  -0.399107  4
5100  102899  0.211314  0.180309  0.874085  0.700729  -0.404351  4
5200  103880  0.211585  0.186071  0.88205  0.722461  -0.369998  4
5300  102957  0.212444  0.184034  0.878164  0.711673  -0.335717  4
5400  103507  0.204094  0.176468  0.87885  0.713067  -0.338062  4
5500  103777  0.213674  0.17994  0.882351  0.721071  -0.392666  4
5600  104142  0.209515  0.176692  0.888849  0.732436  -0.376213  4
5700  102811  0.203696  0.169848  0.886743  0.728604  -0.368183  4
5800  104200  0.210986  0.168007  0.890413  0.731667  -0.32477  4
5900  104293  0.211025  0.170142  0.882724  0.717562  -0.298873  4
6000  104133  0.219246  0.169812  0.882915  0.717375  -0.286469  4
6100  102667  0.210105  0.173745  0.882647  0.708994  -0.290992  4
6200  103743  0.210543  0.176793  0.88465  0.719006  -0.288479  4
6300  103568  0.21114  0.17513  0.886677  0.721631  -0.290891  4
6400  103293  0.2132  0.175696  0.88631  0.710902  -0.290245  4
6500  103102  0.207636  0.175084  0.88735  0.722242  -0.301144  4
6600  103932  0.209762  0.182887  0.89606  0.742487  -0.300616  4
6700  103820  0.217296  0.179347  0.890598  0.734545  -0.263077  4
6800  103452  0.213895  0.175051  0.895208  0.75048  -0.261347  4
6900  102782  0.21657  0.175686  0.895539  0.743725  -0.2776  4
7000  103408  0.210972  0.170438  0.893237  0.735974  -0.250495  4
7100  103343  0.216957  0.165713  0.896558  0.746276  -0.2232  4
7200  103723  0.211009  0.16792  0.902251  0.757068  -0.248497  4
7300  103703  0.215646  0.172825  0.904987  0.769193  -0.290621  4
7400  103749  0.209425  0.165982  0.906837  0.765126  -0.280155  4
7500  103760  0.212677  0.169541  0.913274  0.767298  -0.287199  4
7600  104554  0.219311  0.177417  0.919323  0.781912  -0.309465  4
7700  103887  0.211037  0.175998  0.915965  0.770111  -0.278907  4
7800  103709  0.202927  0.174615  0.912225  0.763528  -0.312149  4
7900  104489  0.217534  0.168457  0.910295  0.760845  -0.304716  4
8000  103642  0.211603  0.172888  0.912309  0.768704  -0.326488  4
8100  104572  0.21643  0.180667  0.919746  0.792127  -0.372542  4
8200  103986  0.212811  0.186251  0.923817  0.797532  -0.355507  4
8300  103679  0.208952  0.184222  0.923585  0.793923  -0.337802  4
8400  103829  0.215558  0.178076  0.923333  0.796151  -0.354094  4
8500  104189  0.214174  0.173299  0.925479  0.7994  -0.352717  4
8600  104443  0.219467  0.172514  0.921798  0.786238  -0.315519  4
8700  104179  0.21498  0.169737  0.915026  0.768477  -0.267083  4
8800  103170  0.215396  0.170984  0.917225  0.775135  -0.285482  4
8900  104139  0.21694  0.162766  0.920346  0.780487  -0.261791  4
9000  103396  0.213508  0.167992  0.922691  0.788  -0.268852  4
9100  103988  0.21188  0.171285  0.921272  0.786316  -0.274575  4
9200  103662  0.216716  0.176241  0.923375  0.793005  -0.299635  4
9300  103157  0.214533  0.175777  0.927904  0.804871  -0.357178  4
9400  103846  0.209875  0.168232  0.921911  0.789263  -0.319767  4
9500  104026  0.217884  0.171088  0.925594  0.796847  -0.354045  4
9600  103316  0.213389  0.173286  0.92675  0.804283  -0.372107  4
9700  104053  0.217301  0.172191  0.923691  0.80127  -0.382221  4
9800  104248  0.210768  0.173845  0.92638  0.805544  -0.379139  4
9900  104401  0.213899  0.166606  0.922992  0.793513  -0.371165  4
