t meta_n emi  mean_info  tr1  tr2  tr3  strategy
0  115375  0.100704  0.494075  0.900034  0.000862961  3.44071e-05  4
100  101733  0.102307  0.293441  0.849901  0.0766159  -0.00245701  4
200  102032  0.157699  0.18761  0.772599  0.140267  -0.00296743  4
300  102265  0.194897  0.146375  0.730206  0.187553  -0.0191248  4
400  101728  0.216124  0.118257  0.707033  0.227569  -0.0564799  4
500  102000  0.21979  0.108743  0.705378  0.250059  -0.0279653  4
600  102948  0.229079  0.101805  0.704992  0.264769  -0.0477344  4
700  102579  0.226813  0.0989979  0.707756  0.287107  -0.0452558  4
800  102010  0.22297  0.093948  0.710226  0.293783  -0.0427667  4
900  102093  0.229105  0.0900696  0.710874  0.306946  -0.000825322  4
1000  101953  0.225901  0.0895322  0.707503  0.312471  0.0044726  4
1100  102629  0.242461  0.0935428  0.697075  0.301418  -0.0098658  4
1200  101628  0.239969  0.0865243  0.699849  0.310677  -0.0123166  4
1300  102805  0.235069  0.0861488  0.705057  0.308241  0.0254102  4
1400  102346  0.235088  0.0848382  0.711764  0.332009  0.0118767  4
1500  102922  0.228262  0.0825117  0.710108  0.324247  0.017644  4
1600  102032  0.234506  0.0732267  0.69979  0.292091  0.0444936  4
1700  101951  0.227552  0.0714422  0.697616  0.297734  -0.0167502  4
1800  102931  0.233276  0.0688319  0.695474  0.292355  -0.044001  4
1900  102535  0.227859  0.0663343  0.700362  0.294135  -0.0606502  4
2000  102943  0.228003  0.0657541  0.699013  0.287683  -0.0399039  4
2100  101729  0.229909  0.0656527  0.695845  0.285196  -0.026304  4
2200  101852  0.230839  0.0602363  0.690922  0.288536  -0.0334762  4
2300  102550  0.235286  0.061293  0.693488  0.308642  -0.00861267  4
2400  102620  0.228922  0.0641737  0.702564  0.312701  0.0183988  4
2500  102421  0.229428  0.0647296  0.708809  0.32454  -0.0215681  4
2600  102582  0.220208  0.0574451  0.709395  0.325623  0.0223944  4
2700  102595  0.223364  0.0628152  0.705245  0.315336  0.0135801  4
2800  102367  0.220056  0.0628987  0.708811  0.314939  0.0152455  4
2900  102578  0.224443  0.0611895  0.712816  0.336908  -0.0142919  4
3000  103089  0.229672  0.0613905  0.713702  0.342294  0.0231664  4
3100  103096  0.226725  0.058269  0.710469  0.338773  0.0337247  4
3200  102614  0.22523  0.054416  0.70491  0.318996  0.0683811  4
3300  102780  0.222497  0.0543135  0.699965  0.298258  0.11307  4
3400  101593  0.222928  0.0521689  0.70299  0.316925  0.131673  4
3500  102826  0.233822  0.0540156  0.700226  0.328561  0.128276  4
3600  102491  0.22289  0.0524654  0.707603  0.336198  0.157023  4
3700  101838  0.232216  0.0558624  0.70803  0.345085  0.158751  4
3800  103312  0.22987  0.046157  0.708281  0.355812  0.175473  4
3900  102654  0.231626  0.0475092  0.703139  0.352273  0.169106  4
4000  102322  0.234244  0.0475338  0.705361  0.346513  0.147988  4
4100  102831  0.228993  0.0471245  0.703668  0.344941  0.151243  4
4200  102490  0.236522  0.0444968  0.701368  0.33414  0.136762  4
4300  102082  0.227127  0.0397186  0.697524  0.319608  0.112941  4
4400  102859  0.231195  0.0399937  0.693898  0.311471  0.11556  4
4500  102879  0.221993  0.0389672  0.70082  0.325551  0.108778  4
4600  101777  0.227383  0.0344716  0.697438  0.321395  0.0767558  4
4700  102459  0.228047  0.0396334  0.694307  0.314814  0.0754191  4
4800  102254  0.227845  0.0387088  0.691352  0.303922  0.0806605  4
4900  102184  0.225874  0.0369109  0.694667  0.302697  0.0859746  4
5000  101285  0.221721  0.0365655  0.694737  0.301212  0.0640254  4
5100  103401  0.226137  0.0357985  0.693188  0.289304  0.0523166  4
5200  102702  0.226992  0.0377185  0.691887  0.301626  0.059245  4
5300  102441  0.224501  0.0365904  0.690762  0.29415  0.0976219  4
5400  102710  0.220228  0.0393756  0.696497  0.304525  0.123317  4
5500  102466  0.221604  0.0449059  0.698294  0.303036  0.147532  4
5600  103421  0.230554  0.0421449  0.697748  0.317421  0.118087  4
5700  102357  0.229747  0.0418247  0.698793  0.317509  0.122144  4
5800  102599  0.226777  0.0383978  0.703526  0.331075  0.152182  4
5900  103084  0.231366  0.0381378  0.701521  0.322262  0.180817  4
6000  103208  0.22772  0.0348932  0.69409  0.302516  0.19699  4
6100  102521  0.232519  0.0354717  0.691938  0.29511  0.235294  4
6200  102398  0.223385  0.0394139  0.693697  0.296828  0.225071  4
6300  102139  0.232912  0.0397532  0.697228  0.311717  0.233005  4
6400  102721  0.230054  0.0394912  0.702569  0.323274  0.240981  4
6500  102850  0.227538  0.0391798  0.70341  0.320456  0.286248  4
6600  102774  0.222044  0.0323927  0.695694  0.29965  0.280661  4
6700  102648  0.220278  0.0302823  0.69162  0.286053  0.305551  4
6800  102682  0.219775  0.0352445  0.696988  0.29248  0.264272  4
6900  102388  0.225364  0.0365011  0.695119  0.297717  0.249537  4
7000  102294  0.223791  0.0366411  0.698244  0.305298  0.265291  4
7100  102747  0.223446  0.0383831  0.700251  0.312763  0.243796  4
7200  102672  0.227082  0.0379493  0.695663  0.302296  0.233208  4
7300  102719  0.228172  0.0284582  0.68728  0.285598  0.300572  4
7400  102357  0.225215  0.0285822  0.68589  0.282134  0.296759  4
7500  102799  0.230537  0.0278212  0.681449  0.265763  0.274534  4
7600  102817  0.228422  0.0254094  0.682473  0.268155  0.284574  4
7700  102791  0.22773  0.0281188  0.683742  0.269948  0.230569  4
7800  103330  0.230887  0.0301962  0.68298  0.261248  0.226975  4
7900  103514  0.226778  0.0312444  0.684416  0.264109  0.260722  4
8000  102905  0.227301  0.0314395  0.68333  0.261375  0.272636  4
8100  102336  0.219951  0.0281657  0.678191  0.245491  0.298326  4
8200  103046  0.226722  0.0262569  0.677351  0.240709  0.313244  4
8300  102701  0.223471  0.0276945  0.678172  0.238849  0.292453  4
8400  103320  0.231315  0.0282988  0.675121  0.228106  0.298324  4
8500  102020  0.223909  0.0309298  0.67759  0.241616  0.283825  4
8600  102030  0.225263  0.0376972  0.680415  0.2523  0.333621  4
8700  103807  0.234002  0.0379542  0.676796  0.235355  0.342173  4
8800  102697  0.225764  0.0367204  0.675614  0.237771  0.324343  4
8900  102898  0.231963  0.0361554  0.676128  0.24334  0.360834  4
9000  102666  0.228482  0.0390137  0.678467  0.24369  0.347791  4
9100  103219  0.228767  0.038796  0.67983  0.244798  0.346501  4
9200  103489  0.230197  0.0337722  0.677854  0.241841  0.382827  4
9300  102909  0.226893  0.0366026  0.67962  0.242309  0.418056  4
9400  102433  0.224645  0.0318983  0.677086  0.237685  0.377956  4
9500  103114  0.225071  0.033676  0.676614  0.233788  0.383903  4
9600  103064  0.229008  0.0344776  0.680493  0.247543  0.417122  4
9700  102349  0.228163  0.0339895  0.683067  0.252534  0.385073  4
9800  102268  0.224411  0.0322413  0.683688  0.256989  0.368597  4
9900  102797  0.225696  0.0334352  0.684364  0.261096  0.369525  4
