t meta_n emi  mean_info  tr1  tr2  tr3  strategy
0  117202  0.100216  0.497685  0.899955  0.000768618  2.06625e-05  4
100  105178  0.113063  0.56978  0.862238  0.0787289  0.00545244  4
200  104155  0.156918  0.631904  0.812471  0.155937  0.0111195  4
300  104076  0.178006  0.640835  0.784549  0.194855  0.0239088  4
400  104626  0.190333  0.63745  0.777814  0.235674  0.0261192  4
500  104147  0.19771  0.645988  0.776064  0.262616  0.021769  4
600  104632  0.20046  0.641945  0.782542  0.292376  0.0225425  4
700  105368  0.19609  0.643228  0.788358  0.302544  0.0383141  4
800  104683  0.201279  0.645225  0.782945  0.294762  0.0528171  4
900  104377  0.201417  0.631606  0.778448  0.299666  0.0526647  4
1000  104866  0.203454  0.624611  0.777719  0.297267  0.0723126  4
1100  105047  0.20075  0.620709  0.781522  0.304248  0.0724408  4
1200  105166  0.195455  0.615577  0.786679  0.319937  0.0668756  4
1300  104858  0.193252  0.618017  0.78731  0.316463  0.055028  4
1400  105448  0.198631  0.605134  0.783081  0.328965  0.0527183  4
1500  104169  0.195135  0.594181  0.785369  0.319084  0.0266349  4
1600  103898  0.192553  0.595614  0.784214  0.322918  0.0398843  4
1700  104881  0.199444  0.59288  0.784343  0.343853  0.0606208  4
1800  105081  0.202345  0.57254  0.786989  0.364914  0.0701856  4
1900  104671  0.19868  0.567279  0.790294  0.374381  0.0484193  4
2000  105016  0.205041  0.585711  0.789069  0.370666  0.0348847  4
2100  104481  0.193125  0.594732  0.795777  0.373607  -0.0367784  4
2200  105106  0.19447  0.595773  0.79622  0.384038  -0.0242068  4
2300  105047  0.19524  0.594925  0.795921  0.39514  -0.00382097  4
2400  104906  0.196197  0.577064  0.799713  0.394223  -0.00902804  4
2500  104101  0.188603  0.584857  0.805254  0.401623  0.00536401  4
2600  105198  0.192161  0.576427  0.799482  0.405252  0.0114355  4
2700  104808  0.18971  0.560389  0.802034  0.408815  -0.0115611  4
2800  106150  0.194275  0.571647  0.806021  0.423642  0.0126509  4
2900  104797  0.189648  0.572158  0.807398  0.430944  0.0203299  4
3000  104525  0.187245  0.554366  0.809992  0.444168  0.00669622  4
3100  104721  0.196176  0.542334  0.80892  0.454035  -0.0414696  4
3200  104693  0.193254  0.539013  0.815145  0.473808  -0.0219079  4
3300  104095  0.193981  0.543055  0.815877  0.492002  -0.00721951  4
3400  104368  0.192081  0.536366  0.811304  0.467738  0.0307983  4
3500  105265  0.194555  0.538057  0.81356  0.471443  -0.0126614  4
3600  104256  0.190152  0.543574  0.817938  0.490561  -0.0158625  4
3700  105308  0.190056  0.534125  0.822432  0.509194  0.0310999  4
3800  105344  0.197057  0.521729  0.830277  0.531818  0.00976823  4
3900  104912  0.183733  0.527612  0.835164  0.536759  -0.0337674  4
4000  104664  0.188368  0.528686  0.832697  0.529143  -0.0501591  4
4100  105110  0.187393  0.531036  0.837493  0.543034  -0.00386261  4
4200  104814  0.190371  0.52594  0.839377  0.554496  0.0411593  4
4300  105608  0.19133  0.517179  0.840826  0.548111  0.0322478  4
4400  105303  0.190078  0.512735  0.840556  0.5558  0.0742734  4
4500  104966  0.189504  0.504499  0.83912  0.557325  0.0471838  4
4600  104672  0.18801  0.519969  0.839117  0.565538  0.0453774  4
4700  104530  0.185877  0.520674  0.842588  0.562939  0.0603562  4
4800  105272  0.188237  0.50729  0.841678  0.563396  0.0773611  4
4900  104794  0.178821  0.506523  0.843705  0.559864  0.0986867  4
5000  105249  0.179241  0.513273  0.8424  0.554214  0.0701779  4
5100  105906  0.188211  0.512903  0.839724  0.560284  0.0443394  4
5200  104765  0.183608  0.517127  0.842271  0.555248  -0.0105591  4
5300  104794  0.176297  0.505384  0.843768  0.565641  0.0121277  4
5400  104655  0.176384  0.505284  0.841005  0.556223  0.0508554  4
5500  104371  0.17622  0.50511  0.845444  0.574566  0.0792545  4
5600  104948  0.187334  0.505368  0.848199  0.594109  0.124327  4
5700  105301  0.183806  0.501669  0.850657  0.608786  0.140125  4
5800  105108  0.181457  0.495861  0.85055  0.609452  0.126224  4
5900  104965  0.186546  0.488491  0.847401  0.610836  0.129437  4
6000  105136  0.184972  0.489246  0.851671  0.618671  0.106873  4
6100  105956  0.185058  0.484299  0.85342  0.625679  0.10594  4
6200  104313  0.182832  0.478242  0.856927  0.644811  0.10967  4
6300  105589  0.180244  0.481992  0.861219  0.652835  0.141579  4
6400  105393  0.183405  0.48727  0.865179  0.662515  0.183576  4
6500  105222  0.181361  0.483244  0.86267  0.658332  0.180474  4
6600  104672  0.183724  0.486088  0.86138  0.663346  0.153045  4
6700  105085  0.186632  0.482184  0.86306  0.669736  0.111308  4
6800  105149  0.183961  0.476689  0.865038  0.679659  0.1085  4
6900  106013  0.190613  0.466948  0.870189  0.687347  0.140293  4
7000  105512  0.189732  0.461801  0.873231  0.69561  0.164172  4
7100  106269  0.188072  0.465241  0.874904  0.706496  0.144078  4
7200  104815  0.181848  0.459749  0.876851  0.706941  0.169367  4
7300  105226  0.191937  0.455606  0.880693  0.721557  0.161843  4
7400  105234  0.183227  0.449513  0.882826  0.729071  0.134548  4
7500  105455  0.182249  0.450969  0.886396  0.743423  0.119061  4
7600  105753  0.187106  0.448056  0.891084  0.758008  0.13195  4
7700  105283  0.18979  0.446091  0.8917  0.762451  0.101739  4
7800  105468  0.183767  0.45041  0.889463  0.757812  0.0693852  4
7900  105443  0.187091  0.453725  0.885353  0.747919  0.0513643  4
8000  105281  0.187123  0.454301  0.889353  0.758107  0.0536464  4
8100  105311  0.190451  0.455912  0.886313  0.749577  0.0334703  4
8200  105464  0.19268  0.454682  0.886713  0.753303  0.00314217  4
8300  105158  0.188692  0.451891  0.888991  0.760692  0.0279549  4
8400  105046  0.185511  0.446022  0.888601  0.757602  0.0380583  4
8500  106047  0.190513  0.440653  0.890273  0.761044  0.0283078  4
8600  105345  0.179841  0.44084  0.888465  0.760067  0.011003  4
8700  105043  0.181425  0.44219  0.889558  0.759924  0.0712609  4
8800  105543  0.188954  0.450211  0.888536  0.758756  0.0641123  4
8900  105220  0.18477  0.452254  0.888949  0.758881  0.0852207  4
9000  105607  0.183107  0.449097  0.892349  0.766241  0.101174  4
9100  105158  0.181041  0.444084  0.897888  0.779153  0.125795  4
9200  105198  0.177305  0.436774  0.896316  0.776216  0.120508  4
9300  105737  0.178892  0.435816  0.898516  0.779738  0.174598  4
9400  105613  0.184742  0.43462  0.9011  0.787312  0.173554  4
9500  105784  0.183609  0.437586  0.901476  0.788746  0.209063  4
9600  105586  0.180685  0.43343  0.904199  0.797056  0.226716  4
9700  105460  0.177692  0.432997  0.908094  0.806251  0.25635  4
9800  106495  0.185738  0.426492  0.910944  0.814461  0.245861  4
9900  105159  0.179689  0.422184  0.912835  0.817631  0.22862  4
