t meta_n emi  mean_info  tr1  tr2  tr3  strategy
0  114753  0.099864  0.494945  0.899905  0.000803737  0.000112319  4
100  102171  0.102639  0.218605  0.848417  0.078914  0.00306069  4
200  101882  0.159325  0.129849  0.769928  0.146319  0.00361861  4
300  100778  0.191304  0.0956651  0.724151  0.188147  -0.011489  4
400  103091  0.211735  0.0781021  0.704304  0.21597  -0.00147142  4
500  102004  0.226194  0.0744457  0.696163  0.238488  -0.00220563  4
600  102414  0.222476  0.0670877  0.696841  0.251421  0.00895625  4
700  102788  0.229161  0.0683565  0.69798  0.262855  0.00128579  4
800  102137  0.225631  0.0632046  0.703551  0.281962  -0.000468708  4
900  101937  0.227517  0.0618761  0.701052  0.286032  -0.0395479  4
1000  103387  0.240053  0.0649531  0.704411  0.304144  0.0152852  4
1100  101902  0.229176  0.0598206  0.704938  0.305172  0.0276477  4
1200  102247  0.23201  0.0573076  0.704837  0.315843  0.004934  4
1300  102216  0.234097  0.0554145  0.708019  0.331443  0.0115838  4
1400  101908  0.233231  0.0531552  0.704771  0.312869  -0.042354  4
1500  101724  0.233179  0.0542808  0.702222  0.310696  -0.030271  4
1600  102190  0.231953  0.0551705  0.702785  0.324142  -0.010973  4
1700  103014  0.232453  0.0535799  0.701697  0.325353  0.0058209  4
1800  102271  0.229382  0.0484041  0.706633  0.32539  -0.00261275  4
1900  102126  0.231149  0.0459718  0.706765  0.320611  0.00175079  4
2000  103129  0.225428  0.0456862  0.709268  0.328262  0.0032731  4
2100  101325  0.219369  0.0404911  0.709903  0.325827  0.00328548  4
2200  101312  0.228713  0.0366949  0.704424  0.322896  0.00168358  4
2300  102488  0.230438  0.039983  0.699931  0.31071  -0.0443115  4
2400  102811  0.230114  0.0375939  0.69783  0.297111  -0.0134734  4
2500  103002  0.22932  0.0370458  0.693197  0.293226  0.0747463  4
2600  103297  0.23408  0.0414344  0.690484  0.289305  0.095539  4
2700  102773  0.230846  0.037103  0.693553  0.28783  0.155764  4
2800  102301  0.227513  0.0375055  0.693422  0.284532  0.200704  4
2900  102581  0.230894  0.0358389  0.69231  0.280924  0.191309  4
3000  102064  0.225539  0.0387152  0.687293  0.277  0.220568  4
3100  101811  0.229914  0.0362609  0.692985  0.296299  0.260609  4
3200  103115  0.228155  0.0360261  0.688644  0.279902  0.270992  4
3300  103308  0.229529  0.0306184  0.68764  0.282937  0.266704  4
3400  102971  0.227822  0.0309224  0.688493  0.28529  0.195191  4
3500  102352  0.230219  0.0274775  0.687009  0.283597  0.229552  4
3600  101996  0.224869  0.0285683  0.691831  0.287161  0.250488  4
3700  102346  0.223065  0.030826  0.697729  0.300655  0.319733  4
3800  101837  0.222447  0.0314672  0.69745  0.295855  0.298414  4
3900  102624  0.225522  0.0302552  0.696507  0.293859  0.293024  4
4000  104066  0.228  0.0292411  0.692068  0.291362  0.266232  4
4100  102790  0.223282  0.0253772  0.688525  0.26718  0.228692  4
4200  102198  0.223061  0.0272635  0.691527  0.272597  0.234759  4
4300  104081  0.226675  0.0266433  0.68439  0.251918  0.254026  4
4400  102664  0.225569  0.0224225  0.682183  0.252089  0.209603  4
4500  103065  0.22413  0.0226579  0.684601  0.270016  0.211527  4
4600  101642  0.217831  0.0223571  0.684471  0.249986  0.269276  4
4700  100967  0.219705  0.0199676  0.686463  0.264798  0.350889  4
4800  102470  0.22864  0.0170031  0.688142  0.284132  0.373585  4
4900  102847  0.228508  0.0191593  0.687506  0.292516  0.378102  4
5000  102620  0.226734  0.0174167  0.684731  0.289809  0.331612  4
5100  102269  0.227168  0.0185101  0.690031  0.313838  0.287266  4
5200  103064  0.227271  0.0184525  0.687792  0.298881  0.282701  4
5300  101651  0.222172  0.0174656  0.684502  0.2805  0.281398  4
5400  102848  0.220935  0.0155494  0.683355  0.271641  0.277434  4
5500  101436  0.220935  0.0174078  0.685826  0.267333  0.285863  4
5600  103417  0.228072  0.0164194  0.683525  0.264469  0.27205  4
5700  103545  0.221954  0.0137051  0.683318  0.266861  0.277459  4
5800  102010  0.222383  0.0129028  0.681075  0.261781  0.332799  4
5900  102634  0.224831  0.0127104  0.678201  0.258796  0.298169  4
6000  102100  0.220588  0.012536  0.683664  0.265165  0.291732  4
6100  102162  0.222271  0.0123394  0.685857  0.272938  0.305383  4
6200  101237  0.217032  0.0117637  0.685831  0.269304  0.312535  4
6300  102555  0.226537  0.0109047  0.682559  0.259371  0.320889  4
6400  102639  0.221102  0.00980968  0.683864  0.25855  0.321202  4
6500  102355  0.228478  0.0106935  0.681877  0.261916  0.359181  4
6600  102531  0.223801  0.0110541  0.681074  0.258259  0.31328  4
6700  102916  0.226466  0.00960456  0.679847  0.253575  0.284652  4
6800  102790  0.224317  0.00940693  0.680938  0.26008  0.293467  4
6900  103491  0.22477  0.0109417  0.68257  0.261644  0.280242  4
7000  103151  0.224312  0.0103559  0.682873  0.263206  0.206037  4
7100  103018  0.217969  0.0113984  0.68302  0.262076  0.176483  4
7200  102709  0.218997  0.0083702  0.681835  0.253055  0.15609  4
7300  103081  0.223995  0.00906451  0.683652  0.252492  0.1478  4
7400  102888  0.220042  0.00854472  0.682218  0.249736  0.21842  4
7500  102734  0.219624  0.00705572  0.680799  0.250397  0.263115  4
7600  102736  0.225481  0.00663088  0.680081  0.256242  0.290178  4
7700  102757  0.219882  0.00781361  0.680545  0.257585  0.289013  4
7800  102071  0.223986  0.00728894  0.678291  0.24352  0.263681  4
7900  102305  0.220275  0.00723133  0.676844  0.239678  0.300585  4
8000  103178  0.221059  0.00610645  0.676905  0.235443  0.3021  4
8100  102869  0.222128  0.00576228  0.678552  0.2475  0.318994  4
8200  103036  0.217742  0.00479684  0.67912  0.237809  0.313869  4
8300  103435  0.22159  0.00541141  0.675783  0.232405  0.265232  4
8400  101850  0.224461  0.00519001  0.675758  0.231595  0.24474  4
8500  103481  0.224644  0.00471725  0.675993  0.231157  0.241478  4
8600  102434  0.222211  0.00451989  0.674426  0.226896  0.232328  4
8700  103966  0.222569  0.00426719  0.670162  0.217599  0.198964  4
8800  102932  0.222954  0.00495974  0.670942  0.221672  0.185449  4
8900  103799  0.223424  0.00435661  0.668786  0.213904  0.172453  4
9000  102240  0.225664  0.00391573  0.66652  0.205965  0.151389  4
9100  101592  0.217869  0.00345718  0.668254  0.216611  0.205349  4
9200  102463  0.223518  0.00432732  0.672762  0.228294  0.188174  4
9300  103097  0.221389  0.00472845  0.677694  0.237127  0.176089  4
9400  103027  0.221816  0.00420214  0.673038  0.229464  0.17148  4
9500  102314  0.222978  0.00453848  0.673114  0.227672  0.173479  4
9600  102184  0.223582  0.00427056  0.672593  0.223998  0.12739  4
9700  102949  0.221312  0.00435656  0.669774  0.215788  0.138631  4
9800  101830  0.220679  0.0043379  0.668872  0.21343  0.134699  4
9900  102550  0.22535  0.00436524  0.667439  0.213004  0.135971  4
