t meta_n emi  mean_info  tr1  tr2  tr3  strategy
0  114394  0.09876  0.49437  0.900014  0.000753519  1.00749e-05  4
100  102762  0.102918  0.274661  0.8577  0.08366  -0.00302946  4
200  102592  0.160088  0.177673  0.773751  0.155197  -0.00147975  4
300  102469  0.191338  0.128609  0.733973  0.198865  -0.00145254  4
400  102514  0.211031  0.114081  0.714942  0.230544  -0.00497987  4
500  102639  0.22014  0.099343  0.709201  0.248154  -0.00324471  4
600  102049  0.219012  0.0963227  0.705449  0.262486  0.0110293  4
700  102066  0.227988  0.0863636  0.698266  0.27402  0.0130908  4
800  101929  0.234365  0.0896617  0.698898  0.278164  0.0437768  4
900  101650  0.229074  0.079204  0.703411  0.292515  0.0402095  4
1000  101770  0.230317  0.0761733  0.704961  0.298349  0.0476  4
1100  102660  0.235297  0.071646  0.701102  0.307158  0.0180873  4
1200  102833  0.236539  0.0688377  0.699767  0.311341  0.0272806  4
1300  102614  0.238989  0.0717855  0.702105  0.324856  0.0267268  4
1400  102844  0.23255  0.0754327  0.706819  0.328515  0.0361101  4
1500  102278  0.234044  0.0707287  0.708643  0.34082  0.0216521  4
1600  101352  0.228263  0.0724876  0.708534  0.334787  0.0197975  4
1700  102412  0.232657  0.0742134  0.716523  0.354869  0.0386689  4
1800  102468  0.233646  0.0709796  0.717645  0.357087  0.0271842  4
1900  103141  0.232258  0.0730226  0.715913  0.358805  0.0231683  4
2000  101971  0.230376  0.0698838  0.712541  0.353443  -0.00612749  4
2100  102752  0.239569  0.0645297  0.714334  0.362024  -0.0525568  4
2200  102105  0.22878  0.0612672  0.717484  0.362761  -0.105777  4
2300  102102  0.230882  0.0681964  0.716148  0.357809  -0.122576  4
2400  103341  0.230907  0.060252  0.708542  0.335705  -0.110187  4
2500  101868  0.226162  0.0621997  0.710973  0.326913  -0.0931053  4
2600  102266  0.229287  0.0603346  0.709163  0.327677  -0.0713753  4
2700  101761  0.226143  0.0570258  0.710582  0.332325  -0.0579063  4
2800  101934  0.234305  0.0559298  0.702513  0.336537  -0.0589657  4
2900  101424  0.227221  0.0503911  0.700592  0.324108  -0.0431473  4
3000  102964  0.227218  0.0510403  0.700092  0.323813  -0.0490574  4
3100  102007  0.229627  0.0574798  0.706941  0.338463  -0.0678053  4
3200  102441  0.230787  0.0538738  0.702386  0.331442  -0.0538861  4
3300  102216  0.231404  0.0482329  0.701855  0.335532  -0.0663837  4
3400  102340  0.231027  0.0464381  0.703111  0.346186  -0.0682279  4
3500  103238  0.230172  0.0411962  0.70244  0.340181  -0.0612451  4
3600  102273  0.231371  0.0376724  0.698967  0.331289  -0.0346918  4
3700  102763  0.227475  0.0384224  0.696867  0.32335  -0.0161279  4
3800  102103  0.226535  0.0400598  0.699072  0.325016  -0.00251092  4
3900  102300  0.231252  0.039536  0.695637  0.31954  -0.0189515  4
4000  102796  0.227226  0.0353644  0.694283  0.31174  -0.044359  4
4100  101439  0.224576  0.0369357  0.689898  0.301551  -0.00893792  4
4200  101544  0.224277  0.0326908  0.694084  0.302213  -0.0161789  4
4300  102659  0.227607  0.0356149  0.690694  0.306267  -0.0329374  4
4400  102751  0.230579  0.0300328  0.692469  0.303059  -0.0468797  4
4500  102992  0.220872  0.0290742  0.692692  0.294029  -0.0501417  4
4600  102862  0.226439  0.0291386  0.693592  0.30247  -0.0510332  4
4700  102505  0.224253  0.028089  0.693932  0.301831  -0.0495907  4
4800  102145  0.22158  0.0290337  0.694926  0.303141  -0.0449315  4
4900  102245  0.217532  0.0306762  0.693694  0.299399  -0.0683782  4
5000  102534  0.222093  0.0305566  0.69405  0.298199  -0.0756564  4
5100  101724  0.220868  0.0276061  0.6945  0.305212  -0.101562  4
5200  102300  0.228204  0.0273203  0.695308  0.313277  -0.0825183  4
5300  103544  0.226462  0.0295688  0.696899  0.320352  -0.0875  4
5400  102771  0.224467  0.0244798  0.697424  0.322091  -0.0725636  4
5500  103340  0.227943  0.0241386  0.693977  0.313418  -0.0737513  4
5600  102561  0.227746  0.0258194  0.691017  0.307381  -0.0949308  4
5700  103249  0.225108  0.0251881  0.692471  0.308162  -0.0898077  4
5800  103326  0.224736  0.0270782  0.692782  0.305256  -0.0728695  4
5900  102026  0.225104  0.0231176  0.690261  0.299689  -0.0627849  4
6000  102699  0.224025  0.02008  0.688469  0.296552  -0.0742433  4
6100  102790  0.221751  0.0207314  0.686275  0.284313  -0.0766268  4
6200  102241  0.220904  0.0204598  0.684252  0.275461  -0.0767642  4
6300  103165  0.227175  0.0197231  0.685405  0.280319  -0.0939835  4
6400  102845  0.22545  0.0213564  0.685689  0.285522  -0.0946987  4
6500  102187  0.22186  0.0183839  0.685389  0.289835  -0.132279  4
6600  103167  0.223445  0.0172519  0.688195  0.291177  -0.0967371  4
6700  103324  0.222678  0.0174372  0.685469  0.27921  -0.0728223  4
6800  103368  0.225535  0.0164571  0.682667  0.276734  -0.064975  4
6900  102977  0.22376  0.0169421  0.680714  0.268848  -0.0604224  4
7000  101870  0.220431  0.0163503  0.678939  0.265862  -0.0704595  4
7100  102320  0.226172  0.0136824  0.676024  0.269746  -0.0671929  4
7200  103189  0.230142  0.0129829  0.676409  0.266069  -0.0916582  4
7300  101968  0.218829  0.0119029  0.678362  0.264379  -0.1226  4
7400  102645  0.221155  0.0127031  0.680177  0.267698  -0.107464  4
7500  102106  0.220257  0.0109113  0.678501  0.26634  -0.0890377  4
7600  102687  0.221015  0.0112093  0.680889  0.271727  -0.0680196  4
7700  102697  0.223763  0.0116438  0.682936  0.284055  -0.0701065  4
7800  102514  0.219935  0.0105818  0.679063  0.271406  -0.061237  4
7900  102935  0.219362  0.0100458  0.674687  0.264861  -0.0628515  4
8000  102218  0.221392  0.0120571  0.676609  0.26539  -0.0915631  4
8100  102686  0.223788  0.012017  0.676058  0.265889  -0.102679  4
8200  102080  0.221042  0.0110779  0.676018  0.260065  -0.0781492  4
8300  103401  0.216603  0.0094128  0.677243  0.263186  -0.0867747  4
8400  102208  0.222553  0.00790438  0.675455  0.259643  -0.0805166  4
8500  102435  0.217119  0.00816492  0.675808  0.252529  -0.0575665  4
8600  102354  0.214463  0.00957383  0.677517  0.256448  -0.0635186  4
8700  102838  0.220649  0.00824478  0.677261  0.262871  -0.0452226  4
8800  101407  0.220541  0.0077321  0.679195  0.272137  -0.0586868  4
8900  101811  0.221383  0.0056603  0.676965  0.273017  -0.0423984  4
9000  102738  0.227053  0.00584713  0.677396  0.278033  -0.0789341  4
9100  102679  0.221263  0.00589306  0.679632  0.282655  -0.117245  4
9200  102229  0.221284  0.00500153  0.68523  0.297087  -0.129656  4
9300  102838  0.220527  0.00428782  0.683268  0.29727  -0.169196  4
9400  102592  0.221699  0.00419802  0.680902  0.290571  -0.138654  4
9500  102224  0.221623  0.00582887  0.682581  0.290747  -0.131601  4
9600  102152  0.224857  0.00556729  0.67916  0.28543  -0.103385  4
9700  102723  0.224041  0.0056113  0.678835  0.28939  -0.107632  4
9800  101553  0.223004  0.00469223  0.67972  0.289167  -0.119187  4
9900  103123  0.221797  0.00421248  0.678822  0.286079  -0.0872617  4
