t meta_n emi  mean_info  tr1  tr2  tr3  strategy
0  116790  0.10096  0.499318  0.899918  0.000815639  -7.04398e-05  4
100  105933  0.119182  0.612392  0.861645  0.0744187  0.000563104  4
200  105321  0.155046  0.67471  0.822562  0.143865  -0.0143019  4
300  104985  0.182006  0.719119  0.795569  0.184265  -0.00919561  4
400  104847  0.184928  0.73263  0.790065  0.214414  1.68233e-06  4
500  105314  0.195063  0.743765  0.789855  0.240557  0.0103603  4
600  105450  0.192117  0.737796  0.794776  0.260555  0.0166432  4
700  106225  0.199154  0.74198  0.797154  0.280111  0.0153718  4
800  105696  0.192669  0.75062  0.796967  0.290202  0.0433358  4
900  105183  0.197077  0.750874  0.800621  0.294145  0.0340403  4
1000  105070  0.191124  0.746465  0.802944  0.302266  0.0555634  4
1100  106031  0.187126  0.745071  0.803781  0.296436  0.0409174  4
1200  105142  0.189996  0.748038  0.801518  0.299203  0.0505099  4
1300  104778  0.190256  0.750801  0.799945  0.295988  0.0694225  4
1400  104439  0.186372  0.737155  0.799867  0.286919  0.0526042  4
1500  105303  0.192161  0.741499  0.798092  0.281633  -0.00218978  4
1600  105573  0.188854  0.744146  0.798696  0.290816  -0.0267277  4
1700  105799  0.192072  0.740574  0.79803  0.307015  -0.00867353  4
1800  104830  0.191962  0.740108  0.802507  0.309899  0.0145127  4
1900  105922  0.187199  0.741136  0.801573  0.302542  -0.0086048  4
2000  104907  0.185332  0.741469  0.803812  0.312638  0.00089062  4
2100  105596  0.189691  0.73946  0.798374  0.300889  -0.000997726  4
2200  105465  0.188498  0.734372  0.792677  0.285136  -0.0567481  4
2300  106325  0.191248  0.729361  0.800043  0.312279  -0.063104  4
2400  104771  0.187859  0.722363  0.805285  0.318848  -0.115517  4
2500  104958  0.187205  0.719438  0.804352  0.329004  -0.131012  4
2600  105855  0.188112  0.727961  0.80323  0.332766  -0.175343  4
2700  105174  0.187268  0.738316  0.803848  0.321502  -0.147441  4
2800  105717  0.187993  0.723222  0.80591  0.324958  -0.127246  4
2900  105389  0.182345  0.736762  0.812084  0.333375  -0.0836833  4
3000  105101  0.177619  0.729383  0.81428  0.336319  -0.0996727  4
3100  106246  0.177233  0.733994  0.817104  0.35026  -0.0562281  4
3200  104908  0.177599  0.724116  0.814529  0.351489  -0.114705  4
3300  105267  0.184885  0.720553  0.812741  0.344822  -0.100739  4
3400  106709  0.183993  0.715457  0.813501  0.360392  -0.0729878  4
3500  106153  0.18686  0.711727  0.816109  0.368663  -0.087229  4
3600  106347  0.186324  0.706548  0.811674  0.364772  -0.0795654  4
3700  104939  0.179927  0.720058  0.811079  0.363189  -0.0945783  4
3800  105007  0.181192  0.716255  0.811927  0.358301  -0.155837  4
3900  105683  0.183625  0.717913  0.809916  0.349726  -0.185145  4
4000  106117  0.185384  0.7145  0.810173  0.354789  -0.153457  4
4100  105714  0.181684  0.711097  0.808355  0.348915  -0.203254  4
4200  105972  0.185399  0.691665  0.806348  0.346246  -0.222225  4
4300  105611  0.181463  0.700178  0.803449  0.327291  -0.244281  4
4400  105116  0.180498  0.697988  0.80793  0.340265  -0.271817  4
4500  106186  0.181592  0.69017  0.809862  0.348869  -0.26223  4
4600  105593  0.180027  0.678844  0.807573  0.354729  -0.303097  4
4700  105914  0.187534  0.675705  0.809253  0.361775  -0.281728  4
4800  104872  0.180852  0.668689  0.809068  0.375678  -0.278718  4
4900  106077  0.182416  0.671331  0.810188  0.368531  -0.216564  4
5000  106046  0.182142  0.681376  0.809009  0.355033  -0.202017  4
5100  105291  0.17599  0.686267  0.811556  0.368787  -0.250268  4
5200  105515  0.178346  0.685096  0.812524  0.37191  -0.224943  4
5300  106191  0.179769  0.684621  0.81198  0.36432  -0.185089  4
5400  105482  0.177327  0.682194  0.807085  0.352307  -0.141049  4
5500  105614  0.181104  0.688172  0.808704  0.359358  -0.118902  4
5600  106037  0.176653  0.681828  0.812306  0.361175  -0.158238  4
5700  105933  0.177088  0.680944  0.815122  0.373513  -0.221772  4
5800  106283  0.175725  0.674702  0.815819  0.378446  -0.268441  4
5900  105412  0.174887  0.673314  0.813546  0.372461  -0.221567  4
6000  105444  0.168431  0.66354  0.815576  0.389727  -0.228916  4
6100  105493  0.17168  0.668283  0.817769  0.386001  -0.156837  4
6200  106017  0.179327  0.679729  0.813233  0.381989  -0.163869  4
6300  105431  0.176045  0.680525  0.811667  0.380372  -0.165868  4
6400  106878  0.175733  0.683057  0.813834  0.379361  -0.181301  4
6500  105502  0.170652  0.677751  0.813924  0.384821  -0.103037  4
6600  105631  0.174065  0.672338  0.808615  0.376149  -0.0341188  4
6700  106530  0.18399  0.664811  0.810283  0.386104  -0.0570946  4
6800  106568  0.179215  0.660511  0.813742  0.389935  -0.0360888  4
6900  104704  0.172933  0.670156  0.814332  0.388687  -0.0785662  4
7000  106136  0.171032  0.668456  0.814657  0.388972  -0.111197  4
7100  105766  0.179839  0.667468  0.812018  0.383417  -0.119139  4
7200  105752  0.176392  0.66848  0.81269  0.385453  -0.0848954  4
7300  106485  0.170864  0.661947  0.811589  0.383787  -0.0750362  4
7400  106536  0.176674  0.656225  0.81031  0.378777  -0.0679718  4
7500  105601  0.177287  0.656186  0.805477  0.369933  -0.0237074  4
7600  105833  0.18041  0.654761  0.806054  0.373859  -0.0673747  4
7700  105187  0.1811  0.655451  0.806743  0.381387  -0.100453  4
7800  105852  0.176782  0.653527  0.809317  0.388201  -0.182604  4
7900  105059  0.179589  0.645491  0.809287  0.387147  -0.153389  4
8000  106243  0.179639  0.642343  0.807436  0.385519  -0.165966  4
8100  106355  0.181432  0.642026  0.807872  0.389515  -0.117941  4
8200  105092  0.174642  0.633799  0.810084  0.40233  -0.179198  4
8300  105578  0.182949  0.634134  0.811785  0.411526  -0.211416  4
8400  105948  0.177511  0.63901  0.8099  0.398736  -0.206709  4
8500  105628  0.178376  0.636489  0.810259  0.400735  -0.307472  4
8600  106157  0.178115  0.642223  0.80981  0.392374  -0.211446  4
8700  106629  0.17461  0.640837  0.809053  0.385643  -0.171744  4
8800  105330  0.171208  0.639275  0.808891  0.383901  -0.225042  4
8900  105648  0.179651  0.639909  0.810571  0.394416  -0.250847  4
9000  105619  0.170643  0.646389  0.815173  0.409529  -0.295132  4
9100  105621  0.170276  0.648967  0.819193  0.425701  -0.309617  4
9200  105745  0.172373  0.645428  0.819732  0.430367  -0.32212  4
9300  105440  0.173342  0.640845  0.82146  0.436106  -0.343709  4
9400  106507  0.176227  0.638709  0.821364  0.439603  -0.301459  4
9500  106497  0.167454  0.638802  0.822453  0.443952  -0.366659  4
9600  105610  0.173741  0.636009  0.821157  0.442652  -0.309501  4
9700  106116  0.164794  0.63418  0.820739  0.431461  -0.257562  4
9800  105552  0.168509  0.636507  0.82103  0.433673  -0.296223  4
9900  106687  0.176546  0.636493  0.820975  0.432652  -0.291049  4
