t meta_n emi  mean_info  tr1  tr2  tr3  strategy
0  114923  0.098944  0.496905  0.900002  0.000833412  7.83973e-05  4
100  102523  0.112728  0.400345  0.846848  0.0769344  -0.000227568  4
200  102824  0.16206  0.333965  0.777681  0.140958  -0.0101759  4
300  102682  0.191963  0.296654  0.741867  0.19568  -0.025721  4
400  103269  0.208931  0.259482  0.726877  0.231278  -0.0217889  4
500  102323  0.211764  0.247522  0.725747  0.262816  -0.0185054  4
600  104046  0.222769  0.226884  0.727184  0.296486  -0.0132554  4
700  103484  0.22229  0.210047  0.729291  0.301508  0.0186419  4
800  103036  0.223806  0.209561  0.727109  0.320096  0.0362748  4
900  102878  0.229459  0.204671  0.732456  0.357318  0.0221536  4
1000  103603  0.230733  0.205193  0.738336  0.380177  0.0628347  4
1100  103123  0.231417  0.208145  0.740819  0.384442  0.0240203  4
1200  102611  0.221671  0.214781  0.755416  0.405843  0.0223065  4
1300  102874  0.226183  0.211427  0.757863  0.424314  0.0159113  4
1400  103319  0.226399  0.216774  0.767576  0.432341  0.0655823  4
1500  102936  0.219658  0.207612  0.773343  0.449532  0.0538736  4
1600  103048  0.214759  0.199264  0.779617  0.453616  0.0932271  4
1700  103741  0.219632  0.1965  0.788491  0.488428  0.0951938  4
1800  103052  0.217931  0.211807  0.789455  0.490222  0.100051  4
1900  103230  0.217312  0.212593  0.800274  0.508084  0.110442  4
2000  102766  0.209646  0.215148  0.804956  0.509875  0.0931241  4
2100  102726  0.212881  0.215449  0.818869  0.55151  0.0687255  4
2200  103860  0.216665  0.21306  0.822692  0.557437  0.0549827  4
2300  103471  0.210929  0.210372  0.822362  0.557293  0.0474533  4
2400  102561  0.207859  0.214512  0.830949  0.580725  0.0626968  4
2500  103767  0.210488  0.21788  0.832784  0.58652  0.0826205  4
2600  103468  0.216906  0.21268  0.830515  0.595365  0.0522319  4
2700  103460  0.215417  0.219114  0.838917  0.612411  0.0919792  4
2800  103158  0.2167  0.210426  0.837083  0.598653  0.0975746  4
2900  104066  0.209434  0.216336  0.836593  0.595881  0.145175  4
3000  102706  0.215405  0.214448  0.84138  0.614555  0.174769  4
3100  103323  0.213476  0.197846  0.836341  0.602078  0.176683  4
3200  102978  0.213768  0.194942  0.835328  0.590658  0.203327  4
3300  103842  0.212116  0.202313  0.841512  0.602634  0.150735  4
3400  103291  0.210401  0.201306  0.846292  0.618816  0.163739  4
3500  103519  0.21485  0.202492  0.855929  0.651494  0.160517  4
3600  103772  0.22195  0.198438  0.853437  0.651318  0.206279  4
3700  103772  0.216796  0.198534  0.857728  0.653287  0.250231  4
3800  103810  0.215766  0.19561  0.863109  0.656997  0.250163  4
3900  103413  0.215614  0.207663  0.866259  0.676969  0.270834  4
4000  103560  0.211328  0.208202  0.875109  0.697486  0.288395  4
4100  103862  0.209984  0.205179  0.875651  0.693145  0.254547  4
4200  104225  0.219183  0.20564  0.876633  0.69909  0.273917  4
4300  103138  0.215476  0.208967  0.877003  0.697818  0.285434  4
4400  103868  0.218254  0.208032  0.881222  0.709404  0.287309  4
4500  103384  0.209071  0.206737  0.884443  0.705902  0.274001  4
4600  102845  0.20748  0.21021  0.889162  0.720005  0.331831  4
4700  103860  0.207221  0.210992  0.886501  0.706513  0.307594  4
4800  103785  0.210769  0.215523  0.90016  0.737041  0.328835  4
4900  103231  0.208952  0.209985  0.90271  0.738404  0.332617  4
5000  103894  0.211303  0.219618  0.907903  0.753402  0.360168  4
5100  103751  0.208288  0.218753  0.906373  0.753389  0.372718  4
5200  103468  0.207691  0.203197  0.903496  0.753372  0.341716  4
5300  103772  0.21028  0.199434  0.907688  0.760337  0.324088  4
5400  103858  0.21068  0.202891  0.912647  0.774192  0.290662  4
5500  103607  0.208617  0.198488  0.913303  0.767412  0.316472  4
5600  104313  0.209317  0.197418  0.919072  0.781584  0.30435  4
5700  103860  0.21213  0.200704  0.91754  0.777236  0.285907  4
5800  103921  0.20788  0.202728  0.91911  0.780994  0.297582  4
5900  104410  0.220617  0.199028  0.917306  0.771412  0.282156  4
6000  104364  0.211324  0.211404  0.918207  0.78353  0.301882  4
6100  103978  0.20763  0.211144  0.915407  0.783833  0.269087  4
6200  102958  0.207476  0.204007  0.915979  0.776194  0.285171  4
6300  103536  0.200774  0.210247  0.914772  0.77576  0.288364  4
6400  104372  0.21265  0.205408  0.912479  0.771464  0.311164  4
6500  103505  0.208208  0.210859  0.916082  0.782989  0.288549  4
6600  103814  0.213702  0.209974  0.914953  0.790116  0.25438  4
6700  103797  0.213225  0.21505  0.918044  0.79715  0.291082  4
6800  103801  0.214346  0.203142  0.912047  0.779747  0.296516  4
6900  104351  0.221928  0.204877  0.920029  0.797056  0.311988  4
7000  103349  0.210854  0.207383  0.924606  0.805663  0.25675  4
7100  103266  0.215514  0.205027  0.926739  0.813146  0.235983  4
7200  104759  0.215735  0.204665  0.925836  0.812218  0.238892  4
7300  103387  0.215268  0.202705  0.927244  0.820464  0.252905  4
7400  103347  0.214405  0.19761  0.92601  0.81524  0.24569  4
7500  103841  0.213593  0.199734  0.921349  0.80274  0.236686  4
7600  104187  0.211627  0.210201  0.927445  0.81226  0.23985  4
7700  103443  0.209877  0.20471  0.922622  0.801053  0.225356  4
7800  103368  0.205229  0.203606  0.922326  0.797158  0.229005  4
7900  102827  0.205848  0.205602  0.933203  0.820199  0.215796  4
8000  103973  0.206446  0.208192  0.933803  0.819145  0.195961  4
8100  104526  0.209334  0.200703  0.924849  0.794693  0.203737  4
8200  103152  0.204218  0.197775  0.927613  0.801097  0.208784  4
8300  103420  0.206884  0.203535  0.925085  0.799228  0.1431  4
8400  103465  0.209796  0.196878  0.918907  0.786502  0.129571  4
8500  103576  0.200701  0.204007  0.920701  0.79004  0.135432  4
8600  103942  0.211025  0.208486  0.926283  0.805669  0.101023  4
8700  104114  0.206567  0.206411  0.926913  0.807757  0.0919444  4
8800  103557  0.214848  0.212213  0.930049  0.816262  0.0854645  4
8900  103729  0.214365  0.209716  0.927938  0.81068  0.0957479  4
9000  103207  0.20096  0.195834  0.928055  0.808221  0.0988205  4
9100  103536  0.206541  0.198917  0.927558  0.803887  0.105734  4
9200  104377  0.212793  0.190227  0.92545  0.794429  0.144953  4
9300  103560  0.204856  0.200451  0.93321  0.813076  0.165819  4
9400  104277  0.203339  0.211115  0.940475  0.829132  0.150861  4
9500  103788  0.207392  0.20304  0.935118  0.814491  0.122068  4
9600  103642  0.206333  0.199995  0.93768  0.818313  0.163097  4
9700  102831  0.203383  0.203397  0.939809  0.826479  0.150232  4
9800  103687  0.209364  0.20874  0.946375  0.845284  0.108291  4
9900  103638  0.203576  0.205444  0.940943  0.830707  0.125411  4
