t meta_n emi  mean_info  tr1  tr2  tr3  strategy
0  116409  0.102344  0.499122  0.900037  0.000707213  4.39067e-05  4
100  105287  0.117194  0.576918  0.865096  0.079529  -0.00495016  4
200  105154  0.157641  0.637601  0.816038  0.161909  -0.0126725  4
300  105073  0.17733  0.673811  0.797691  0.210032  -0.0277964  4
400  104194  0.187232  0.684612  0.787994  0.235684  -0.0292056  4
500  104812  0.191415  0.686125  0.782905  0.250137  -0.00428121  4
600  104742  0.193918  0.680033  0.789587  0.269211  -0.00832379  4
700  104310  0.195067  0.679016  0.791267  0.282013  -0.00953079  4
800  104808  0.197181  0.665486  0.79106  0.304481  -0.00766308  4
900  105060  0.198856  0.679794  0.797661  0.331324  -0.00215276  4
1000  104511  0.192122  0.67042  0.801583  0.33966  0.0431138  4
1100  104608  0.197137  0.66932  0.79978  0.329868  0.0476069  4
1200  105064  0.192612  0.66932  0.799602  0.3381  0.0504612  4
1300  104320  0.197125  0.673017  0.800728  0.342784  0.107855  4
1400  105108  0.196971  0.65498  0.80495  0.356223  0.0992972  4
1500  105120  0.189538  0.656729  0.805743  0.352228  0.0874421  4
1600  105152  0.192879  0.652598  0.805553  0.361793  0.0912645  4
1700  105129  0.195629  0.645958  0.806498  0.369072  0.0853997  4
1800  104540  0.192451  0.644796  0.812302  0.382513  0.0791362  4
1900  104944  0.194421  0.636029  0.813336  0.391812  0.0925796  4
2000  105185  0.190947  0.619228  0.814614  0.395584  0.11791  4
2100  105220  0.186611  0.607173  0.814284  0.400976  0.115303  4
2200  104749  0.187922  0.602318  0.815334  0.417427  0.116137  4
2300  105197  0.194158  0.604195  0.813701  0.422299  0.130475  4
2400  104883  0.187558  0.596368  0.820884  0.435916  0.104714  4
2500  104780  0.181855  0.60037  0.827129  0.452552  0.136488  4
2600  105011  0.183122  0.60273  0.830828  0.461408  0.161578  4
2700  105761  0.187884  0.61093  0.831213  0.468162  0.172136  4
2800  105269  0.192308  0.614473  0.828241  0.461231  0.147144  4
2900  105153  0.186374  0.62194  0.825385  0.443011  0.169528  4
3000  104874  0.194831  0.62585  0.814795  0.42815  0.16532  4
3100  104598  0.182214  0.618386  0.820189  0.442136  0.182527  4
3200  105636  0.191128  0.61901  0.819439  0.441196  0.165228  4
3300  104672  0.187467  0.62432  0.820909  0.439404  0.147393  4
3400  105338  0.188525  0.613593  0.821761  0.447841  0.0995743  4
3500  105866  0.19434  0.61118  0.821092  0.453149  0.112961  4
3600  105237  0.188432  0.60636  0.823907  0.446331  0.125497  4
3700  106086  0.191616  0.60618  0.824002  0.455801  0.0830674  4
3800  105712  0.187031  0.610392  0.819382  0.447835  0.0749771  4
3900  104539  0.186635  0.601628  0.819727  0.445305  0.102608  4
4000  104257  0.188437  0.593776  0.825318  0.464057  0.0700737  4
4100  105352  0.189328  0.582953  0.821686  0.454304  0.0985629  4
4200  105177  0.179099  0.57215  0.820423  0.441494  0.0828169  4
4300  104945  0.18446  0.566936  0.823992  0.45123  0.102401  4
4400  105578  0.178297  0.562468  0.827168  0.453068  0.0717266  4
4500  105313  0.187109  0.559826  0.832127  0.469848  0.133164  4
4600  105482  0.184103  0.56308  0.832495  0.479077  0.164  4
4700  105394  0.187767  0.565897  0.834058  0.487639  0.166179  4
4800  105263  0.180008  0.564093  0.833389  0.487851  0.178847  4
4900  105092  0.179336  0.559508  0.837601  0.497052  0.214031  4
5000  105384  0.176286  0.562518  0.839548  0.508933  0.219651  4
5100  106158  0.183514  0.563372  0.839079  0.50383  0.234366  4
5200  106080  0.185132  0.550124  0.836248  0.507366  0.251045  4
5300  104485  0.18351  0.551419  0.842661  0.533552  0.272827  4
5400  105061  0.181084  0.544355  0.844867  0.536793  0.317686  4
5500  104629  0.182057  0.542094  0.846463  0.544167  0.32328  4
5600  104918  0.180449  0.528866  0.855126  0.567054  0.338424  4
5700  105330  0.184052  0.536565  0.857473  0.567603  0.328454  4
5800  105141  0.187296  0.52925  0.859915  0.58281  0.341053  4
5900  105686  0.187411  0.532848  0.859427  0.589704  0.336284  4
6000  104514  0.175007  0.516869  0.861329  0.603777  0.370463  4
6100  104535  0.179701  0.511156  0.865131  0.61544  0.375782  4
6200  105491  0.183811  0.504029  0.865859  0.619421  0.374159  4
6300  105007  0.181097  0.506966  0.867768  0.618555  0.388205  4
6400  105376  0.180556  0.506128  0.869651  0.62722  0.39351  4
6500  104371  0.178755  0.507972  0.872754  0.622267  0.499196  4
6600  104802  0.180083  0.506206  0.873844  0.634762  0.523897  4
6700  105527  0.184784  0.502786  0.87565  0.648065  0.528252  4
6800  105388  0.183786  0.503815  0.876346  0.646326  0.563366  4
6900  105916  0.185988  0.49832  0.872899  0.63788  0.574154  4
7000  104971  0.179264  0.498646  0.874169  0.64048  0.569417  4
7100  105635  0.182925  0.491227  0.872255  0.634583  0.600102  4
7200  105592  0.186997  0.493674  0.876255  0.644657  0.623176  4
7300  106093  0.184166  0.487887  0.882989  0.664535  0.612719  4
7400  105360  0.174255  0.481417  0.884774  0.66764  0.615541  4
7500  105764  0.179454  0.485681  0.887287  0.674449  0.617194  4
7600  104830  0.182096  0.484889  0.884964  0.677528  0.652714  4
7700  104979  0.174151  0.476352  0.888256  0.685554  0.636556  4
7800  105281  0.179278  0.471248  0.887684  0.684595  0.630231  4
7900  103821  0.179459  0.47449  0.891096  0.692379  0.675283  4
8000  105279  0.181987  0.472082  0.889033  0.688508  0.6767  4
8100  105783  0.179444  0.461556  0.886863  0.687827  0.716695  4
8200  105049  0.174946  0.457993  0.889875  0.692057  0.716966  4
8300  105230  0.179856  0.454464  0.894873  0.708647  0.678451  4
8400  106399  0.185154  0.448329  0.894806  0.709851  0.665611  4
8500  105182  0.173678  0.448335  0.901295  0.728289  0.666822  4
8600  105982  0.178692  0.444554  0.899216  0.722167  0.643334  4
8700  104764  0.172706  0.447513  0.906919  0.737404  0.659191  4
8800  104734  0.17643  0.444936  0.910275  0.748757  0.647339  4
8900  107108  0.181898  0.445484  0.913427  0.7542  0.641844  4
9000  105042  0.171603  0.444467  0.917054  0.765393  0.592452  4
9100  105840  0.181338  0.445671  0.916795  0.76987  0.587555  4
9200  105350  0.180505  0.441376  0.918183  0.774917  0.605198  4
9300  105424  0.18032  0.442653  0.916637  0.771213  0.613207  4
9400  105711  0.178361  0.439745  0.920196  0.775182  0.63403  4
9500  104935  0.175494  0.446895  0.918193  0.773207  0.650171  4
9600  105252  0.173949  0.448599  0.921128  0.775407  0.694872  4
9700  105300  0.171523  0.451773  0.926783  0.787256  0.75769  4
9800  105670  0.179165  0.446185  0.931504  0.795286  0.744227  4
9900  105626  0.176573  0.440513  0.932489  0.799627  0.769925  4
