t meta_n emi  mean_info  tr1  tr2  tr3  strategy
0  114547  0.100976  0.491487  0.900071  0.000829428  1.58762e-05  4
100  101747  0.105959  0.213564  0.847185  0.0808375  0.00438959  4
200  102493  0.161137  0.120539  0.769633  0.139985  -0.00889961  4
300  102196  0.199248  0.0863335  0.718438  0.1835  -0.0150276  4
400  101906  0.224445  0.0697222  0.68696  0.201849  -0.019492  4
500  101588  0.226531  0.0645676  0.688727  0.214545  -0.00946836  4
600  101810  0.229068  0.0621462  0.682364  0.230694  -0.0279822  4
700  102376  0.240893  0.0588291  0.680816  0.246693  -0.0212047  4
800  102045  0.235261  0.0574017  0.680684  0.249876  -0.0326405  4
900  102034  0.235563  0.0579832  0.686428  0.266722  -0.0110204  4
1000  101630  0.240164  0.0545958  0.680227  0.267475  -0.0127132  4
1100  101882  0.237199  0.0570333  0.686377  0.284904  -0.00720699  4
1200  101983  0.238621  0.0545196  0.690314  0.299429  0.0242525  4
1300  102490  0.238204  0.0504205  0.686222  0.28572  0.0387046  4
1400  101928  0.233775  0.0494575  0.691499  0.287737  0.0604593  4
1500  101975  0.240113  0.0474252  0.68872  0.306651  0.0469823  4
1600  101778  0.234124  0.0479119  0.688828  0.296277  0.0525303  4
1700  102055  0.242529  0.04455  0.684757  0.297804  0.0477074  4
1800  101810  0.235066  0.0425535  0.689992  0.299937  0.0427299  4
1900  102045  0.234142  0.0418876  0.691756  0.298094  0.0410579  4
2000  101996  0.233516  0.0390791  0.693924  0.313696  0.0509261  4
2100  102150  0.234626  0.0368848  0.69255  0.315615  0.065334  4
2200  102768  0.235725  0.0386898  0.687872  0.298746  0.0451534  4
2300  101696  0.229842  0.0395017  0.694009  0.301953  0.0801691  4
2400  101797  0.231567  0.0376579  0.697953  0.314897  0.0496826  4
2500  102363  0.22973  0.0360547  0.699329  0.322301  0.020815  4
2600  101852  0.23156  0.0372534  0.698083  0.316639  0.0159941  4
2700  103068  0.232978  0.0370809  0.696293  0.313154  0.018948  4
2800  102731  0.238496  0.0353258  0.693777  0.311357  0.00679985  4
2900  102901  0.229536  0.0322257  0.69079  0.303187  0.017846  4
3000  103355  0.232924  0.0335447  0.697716  0.318709  0.044829  4
3100  102475  0.230352  0.0343653  0.703481  0.331279  0.0301913  4
3200  102794  0.22944  0.0359082  0.70311  0.32522  0.00269996  4
3300  102540  0.230663  0.0305984  0.70036  0.322305  -0.0370815  4
3400  102632  0.228991  0.0295204  0.695992  0.300305  -0.0721996  4
3500  102614  0.225561  0.0269258  0.691473  0.289271  -0.120006  4
3600  101674  0.224708  0.0266324  0.691261  0.286026  -0.11927  4
3700  102283  0.221267  0.0245349  0.692682  0.282634  -0.118046  4
3800  102703  0.224249  0.0251477  0.690724  0.286619  -0.144736  4
3900  101854  0.23  0.0246805  0.686854  0.280212  -0.181033  4
4000  103425  0.227443  0.0232403  0.682532  0.266405  -0.147192  4
4100  102092  0.220686  0.0231716  0.685454  0.268218  -0.114297  4
4200  102032  0.221314  0.0229964  0.682676  0.266513  -0.0930295  4
4300  102797  0.225521  0.0220759  0.682056  0.272927  -0.0771717  4
4400  102526  0.228677  0.0189537  0.679492  0.263048  -0.0470081  4
4500  102053  0.229609  0.0170396  0.677149  0.261775  -0.06974  4
4600  102653  0.22846  0.0172805  0.674922  0.25614  -0.0923983  4
4700  102408  0.232243  0.0158453  0.669098  0.246643  -0.0992826  4
4800  102710  0.23195  0.0170955  0.667125  0.230158  -0.112955  4
4900  102912  0.225759  0.0190277  0.670422  0.226117  -0.162442  4
5000  103170  0.228849  0.0155396  0.664599  0.211351  -0.198342  4
5100  102748  0.228171  0.0151575  0.667146  0.219579  -0.182417  4
5200  102598  0.224485  0.0147264  0.671711  0.217387  -0.144147  4
5300  102069  0.225061  0.0150492  0.669602  0.211407  -0.164737  4
5400  102877  0.227817  0.0130748  0.667589  0.211609  -0.165976  4
5500  101994  0.229681  0.0129116  0.66658  0.221479  -0.196404  4
5600  102221  0.227885  0.0141729  0.667781  0.226635  -0.166978  4
5700  102692  0.228991  0.013721  0.666007  0.228966  -0.124643  4
5800  103158  0.232089  0.0117902  0.667138  0.24381  -0.144588  4
5900  102411  0.232844  0.0126697  0.661925  0.238733  -0.168612  4
6000  102142  0.226725  0.0130758  0.661754  0.23401  -0.201896  4
6100  103202  0.237376  0.0116811  0.65976  0.218753  -0.172178  4
6200  104114  0.233889  0.0100856  0.659735  0.211846  -0.16041  4
6300  103094  0.228382  0.01063  0.660107  0.204719  -0.172564  4
6400  101394  0.22466  0.0131585  0.662158  0.208372  -0.189607  4
6500  102693  0.224709  0.0112416  0.663757  0.217484  -0.171536  4
6600  102643  0.22265  0.00907903  0.661191  0.214506  -0.157591  4
6700  102562  0.229442  0.00946718  0.663765  0.220542  -0.137569  4
6800  102048  0.225967  0.00848668  0.663461  0.214833  -0.197989  4
6900  102229  0.225651  0.00887203  0.66331  0.21479  -0.154449  4
7000  102399  0.22719  0.00753173  0.661675  0.213881  -0.15121  4
7100  103224  0.230565  0.00746056  0.660755  0.214575  -0.12873  4
7200  103580  0.229743  0.00681658  0.6653  0.230942  -0.119536  4
7300  102557  0.228813  0.00775154  0.661237  0.226057  -0.147971  4
7400  101631  0.228558  0.00697573  0.663084  0.227878  -0.132622  4
7500  102784  0.230691  0.00767647  0.661803  0.234498  -0.116305  4
7600  102108  0.233114  0.00685892  0.664011  0.250835  -0.133823  4
7700  102190  0.233794  0.00619459  0.65997  0.243401  -0.146918  4
7800  102665  0.240288  0.0060963  0.660612  0.241184  -0.141986  4
7900  101304  0.232558  0.00647851  0.657425  0.225812  -0.183983  4
8000  102328  0.228949  0.00547329  0.656467  0.225846  -0.205578  4
8100  102469  0.229299  0.00705012  0.660888  0.233512  -0.183483  4
8200  102687  0.22906  0.00631257  0.660061  0.223626  -0.142547  4
8300  102154  0.236307  0.00394656  0.656503  0.224277  -0.188589  4
8400  102795  0.231996  0.00491166  0.657536  0.22317  -0.156039  4
8500  103541  0.228153  0.00398122  0.659413  0.225834  -0.195706  4
8600  103293  0.23011  0.00499374  0.658796  0.218461  -0.117268  4
8700  103148  0.230082  0.00410054  0.660332  0.227928  -0.126035  4
8800  102970  0.229713  0.00439746  0.658356  0.220566  -0.124962  4
8900  102282  0.227834  0.00443067  0.660607  0.227185  -0.0956598  4
9000  102794  0.226012  0.00383523  0.661798  0.226373  -0.10801  4
9100  103292  0.228382  0.00300031  0.664204  0.233776  -0.136763  4
9200  103468  0.225353  0.00371704  0.661116  0.21912  -0.12715  4
9300  102949  0.228316  0.00305908  0.663427  0.2331  -0.105677  4
9400  102847  0.224761  0.00281788  0.66471  0.244482  -0.0229089  4
9500  102145  0.228355  0.00279039  0.665713  0.247554  0.00162546  4
9600  102702  0.227223  0.00225446  0.666558  0.243796  -0.01068  4
9700  102659  0.22381  0.00227147  0.664373  0.232306  -0.0370793  4
9800  103323  0.22047  0.0024955  0.664602  0.233871  -0.0474218  4
9900  103141  0.222495  0.00155002  0.667151  0.240781  -0.0479212  4
