t meta_n emi  mean_info  tr1  tr2  tr3  strategy
0  114546  0.099768  0.492024  0.900051  0.000785997  -4.27513e-05  4
100  102844  0.102104  0.222936  0.850301  0.0781871  0.00438933  4
200  102496  0.153718  0.124318  0.780751  0.151869  0.0121167  4
300  101784  0.187501  0.0913844  0.734914  0.189108  0.0143762  4
400  102037  0.207038  0.080859  0.715188  0.224013  0.0198094  4
500  101950  0.222585  0.0725258  0.701319  0.250068  0.019099  4
600  102088  0.22882  0.0721352  0.698688  0.27247  0.0196891  4
700  102239  0.234715  0.0660585  0.692379  0.275205  0.00331897  4
800  102812  0.230784  0.0637407  0.693114  0.27171  -0.0155614  4
900  101810  0.236595  0.0602145  0.688094  0.287172  -0.0265461  4
1000  102307  0.231139  0.0586317  0.690831  0.287278  -0.00577717  4
1100  102752  0.241374  0.0559759  0.687832  0.291097  0.0162649  4
1200  102671  0.233422  0.0548503  0.689204  0.280393  0.0105957  4
1300  101649  0.228098  0.0531263  0.692463  0.288708  0.00907355  4
1400  101888  0.230717  0.053632  0.696565  0.303487  -0.00394564  4
1500  102196  0.231307  0.0519265  0.704208  0.310082  -0.0202803  4
1600  101405  0.226366  0.0471634  0.705793  0.323152  -0.0139789  4
1700  102020  0.233033  0.0468151  0.703758  0.322579  -0.0136687  4
1800  102911  0.228216  0.0434054  0.70521  0.315506  -0.00978726  4
1900  102579  0.238117  0.0454867  0.704704  0.318247  -0.0019667  4
2000  101691  0.229037  0.0407054  0.700698  0.303875  -0.0383291  4
2100  102131  0.230411  0.0385953  0.705081  0.309033  0.0173819  4
2200  102931  0.227535  0.0428787  0.707627  0.321264  0.0135972  4
2300  101251  0.225921  0.0407897  0.703687  0.31103  -0.0197042  4
2400  102230  0.230762  0.037473  0.699272  0.308674  -0.0345268  4
2500  102256  0.230774  0.0377501  0.697282  0.30002  -0.0177478  4
2600  101912  0.23069  0.0387583  0.693834  0.289369  0.0078932  4
2700  102276  0.231434  0.0382361  0.695135  0.287161  0.0392188  4
2800  102651  0.232702  0.036459  0.691786  0.285249  0.0677621  4
2900  101899  0.226609  0.0365353  0.693503  0.268243  0.0534418  4
3000  102376  0.22369  0.0363538  0.693468  0.266142  0.0435141  4
3100  103159  0.223941  0.0362599  0.694817  0.263509  0.0406893  4
3200  102951  0.223693  0.0338837  0.691692  0.251322  0.00238462  4
3300  102847  0.22524  0.0363289  0.685041  0.240688  -0.0144329  4
3400  102694  0.229103  0.0334641  0.684022  0.237403  0.0119528  4
3500  102111  0.228028  0.0326506  0.681729  0.237671  0.0197266  4
3600  102287  0.228632  0.0272969  0.678496  0.233914  -0.0461295  4
3700  102745  0.228391  0.0259906  0.679506  0.239321  -0.0645948  4
3800  103140  0.227766  0.0238889  0.678525  0.230971  -0.051976  4
3900  102700  0.224813  0.0255163  0.675946  0.233213  -0.0717818  4
4000  102825  0.226077  0.0252102  0.680084  0.249489  -0.0534159  4
4100  102060  0.227738  0.0220515  0.681953  0.253318  -0.0856598  4
4200  102294  0.231594  0.0239761  0.6865  0.264383  -0.100017  4
4300  102330  0.22656  0.025058  0.684272  0.249469  -0.0882117  4
4400  102794  0.228434  0.0209533  0.686171  0.255187  -0.095263  4
4500  101721  0.229274  0.0180904  0.686467  0.262084  -0.11378  4
4600  103222  0.224863  0.020723  0.688459  0.260753  -0.134238  4
4700  102879  0.222274  0.0189453  0.684809  0.259305  -0.147784  4
4800  103423  0.222519  0.0200924  0.68546  0.264418  -0.112184  4
4900  102130  0.220843  0.0182812  0.686204  0.265707  -0.121087  4
5000  103134  0.22704  0.0165197  0.682425  0.262983  -0.0918183  4
5100  103114  0.225359  0.0144994  0.683407  0.261177  -0.0961069  4
5200  103558  0.227461  0.0163093  0.685604  0.261278  -0.113347  4
5300  102994  0.226129  0.0175608  0.688384  0.274079  -0.134155  4
5400  101971  0.223953  0.0144734  0.683568  0.259849  -0.131618  4
5500  102491  0.225657  0.0152785  0.681034  0.26403  -0.12094  4
5600  101837  0.226573  0.0165048  0.68549  0.260888  -0.149751  4
5700  102507  0.224965  0.0130745  0.687433  0.26684  -0.147626  4
5800  102286  0.225267  0.0115026  0.68289  0.257978  -0.202207  4
5900  101872  0.226213  0.0110385  0.681889  0.258285  -0.239383  4
6000  102428  0.224574  0.0102146  0.678121  0.237876  -0.284378  4
6100  102284  0.225757  0.0123224  0.678932  0.24019  -0.287581  4
6200  102921  0.230676  0.0114066  0.676219  0.23978  -0.276475  4
6300  102316  0.226535  0.0108577  0.678358  0.242829  -0.277222  4
6400  103520  0.224603  0.0100193  0.673476  0.223401  -0.295594  4
6500  102020  0.225719  0.0107942  0.668873  0.21228  -0.265405  4
6600  101892  0.228218  0.0099864  0.662952  0.200555  -0.291557  4
6700  102421  0.221608  0.00891082  0.663798  0.200297  -0.289727  4
6800  102257  0.229697  0.00802492  0.658232  0.185201  -0.304873  4
6900  103182  0.225463  0.00797121  0.659685  0.186416  -0.317539  4
7000  102998  0.227129  0.00731425  0.661741  0.187887  -0.31273  4
7100  102574  0.228798  0.00784636  0.659718  0.192566  -0.279673  4
7200  103011  0.229576  0.00794826  0.663343  0.201186  -0.254869  4
7300  102477  0.227677  0.00621211  0.661048  0.196766  -0.257267  4
7400  102550  0.227604  0.00799583  0.658388  0.194151  -0.261555  4
7500  102069  0.225246  0.00800135  0.658564  0.193204  -0.269078  4
7600  102569  0.227384  0.00798635  0.660705  0.198136  -0.282327  4
7700  102127  0.227682  0.0056661  0.657973  0.19659  -0.272452  4
7800  103072  0.232142  0.00671574  0.660869  0.198769  -0.251232  4
7900  103491  0.229306  0.00613083  0.663329  0.202628  -0.235644  4
8000  102088  0.22542  0.00447656  0.661312  0.199476  -0.231411  4
8100  104009  0.229559  0.00454182  0.661794  0.20472  -0.226186  4
8200  102205  0.226435  0.00416012  0.661238  0.201912  -0.20845  4
8300  102535  0.228162  0.00422624  0.661658  0.211693  -0.197717  4
8400  102313  0.230014  0.00423144  0.665368  0.221124  -0.155554  4
8500  103826  0.232743  0.00389897  0.668754  0.228646  -0.131676  4
8600  103089  0.230857  0.00491846  0.667475  0.215997  -0.115027  4
8700  101910  0.22916  0.00531169  0.667441  0.2154  -0.114463  4
8800  101853  0.227212  0.00471254  0.663455  0.209856  -0.0919447  4
8900  102879  0.234635  0.00507174  0.662942  0.211551  -0.130986  4
9000  102692  0.229457  0.00534245  0.663337  0.209529  -0.135395  4
9100  103388  0.227532  0.0042064  0.6622  0.206607  -0.129181  4
9200  101979  0.229452  0.00349398  0.666214  0.208528  -0.173379  4
9300  102558  0.226647  0.00370931  0.664602  0.206666  -0.198418  4
9400  103565  0.228156  0.00341353  0.666845  0.212968  -0.201222  4
9500  102886  0.228106  0.00329206  0.669489  0.218888  -0.168019  4
9600  103042  0.225406  0.00320538  0.664472  0.20815  -0.211751  4
9700  103077  0.225133  0.00259538  0.666542  0.210571  -0.214614  4
9800  103052  0.223464  0.00229202  0.666456  0.211921  -0.258197  4
9900  103054  0.220283  0.00257233  0.666851  0.215593  -0.265528  4
