t meta_n emi  mean_info  tr1  tr2  tr3  strategy
0  116091  0.10012  0.497628  0.899908  0.000889975  0.000127774  4
100  105270  0.117311  0.588994  0.859121  0.0756288  0.00402019  4
200  105253  0.158508  0.669667  0.815808  0.14316  0.00274275  4
300  105926  0.18549  0.713633  0.790061  0.185387  -0.00105933  4
400  104726  0.187397  0.722548  0.789306  0.219231  -0.00428457  4
500  105665  0.196454  0.732497  0.788675  0.243589  -0.0202992  4
600  105356  0.197631  0.748747  0.787747  0.267981  -0.0238652  4
700  106125  0.199245  0.7402  0.795752  0.263982  -0.0120057  4
800  104788  0.194288  0.741645  0.794617  0.276358  -0.0414446  4
900  105458  0.195665  0.752245  0.794827  0.270372  -0.0030667  4
1000  105806  0.196729  0.751188  0.797288  0.286017  -0.0095029  4
1100  104839  0.198618  0.753192  0.796222  0.295668  0.0016551  4
1200  104764  0.196438  0.742475  0.792702  0.295317  0.0296581  4
1300  105338  0.194691  0.752648  0.800221  0.29558  0.0708877  4
1400  104719  0.192882  0.764939  0.80124  0.30247  0.10991  4
1500  105523  0.191786  0.760353  0.799997  0.305285  0.170649  4
1600  105151  0.189095  0.751526  0.804123  0.311897  0.188036  4
1700  105825  0.187038  0.754214  0.803798  0.307476  0.197405  4
1800  105064  0.191753  0.747351  0.798294  0.304378  0.184227  4
1900  104599  0.190552  0.750784  0.798093  0.302376  0.202614  4
2000  106113  0.193972  0.745714  0.799827  0.309263  0.184923  4
2100  105513  0.19168  0.747434  0.798467  0.300229  0.166154  4
2200  104998  0.186773  0.741196  0.797629  0.2909  0.187255  4
2300  105312  0.189114  0.747121  0.797186  0.284752  0.183551  4
2400  104992  0.184993  0.745091  0.798242  0.279249  0.184933  4
2500  105711  0.189921  0.741393  0.795808  0.282304  0.180201  4
2600  106005  0.191685  0.740685  0.795279  0.280455  0.208175  4
2700  105359  0.182686  0.735179  0.799588  0.283655  0.238167  4
2800  105428  0.179124  0.729144  0.80069  0.29229  0.243484  4
2900  106152  0.188537  0.717209  0.79463  0.295516  0.233249  4
3000  105821  0.184493  0.715585  0.791086  0.290772  0.186021  4
3100  104788  0.187181  0.720051  0.794816  0.299588  0.15559  4
3200  104795  0.191679  0.726645  0.794556  0.303046  0.18159  4
3300  105786  0.184469  0.73988  0.792536  0.298735  0.16758  4
3400  105731  0.188364  0.732463  0.79637  0.303169  0.121657  4
3500  106027  0.192389  0.724891  0.798386  0.311668  0.138065  4
3600  105879  0.189303  0.71928  0.793402  0.300296  0.112956  4
3700  106465  0.189752  0.713231  0.796484  0.306988  0.0898499  4
3800  105472  0.189608  0.710531  0.798292  0.316666  0.0511608  4
3900  106164  0.185006  0.716291  0.800784  0.319748  0.0363018  4
4000  105883  0.185059  0.722853  0.800651  0.319714  0.0391627  4
4100  105637  0.18156  0.722276  0.800374  0.319689  -0.000465894  4
4200  104954  0.182457  0.722643  0.800975  0.321221  -0.00329757  4
4300  105582  0.185702  0.717154  0.802603  0.329006  -0.0284593  4
4400  106233  0.181533  0.725228  0.807535  0.334236  0.0143958  4
4500  105180  0.180491  0.723514  0.804483  0.336894  0.0281959  4
4600  106162  0.179045  0.718029  0.80221  0.327836  0.0321412  4
4700  105613  0.18077  0.723902  0.805211  0.32787  0.00987043  4
4800  105929  0.179771  0.72041  0.803061  0.308663  0.0132426  4
4900  105800  0.172366  0.717589  0.804118  0.312417  0.00775911  4
5000  106444  0.175378  0.716562  0.804735  0.308037  -0.00400324  4
5100  105517  0.175259  0.722989  0.802703  0.306433  -0.0414908  4
5200  105209  0.173586  0.718715  0.79977  0.311001  -0.0451217  4
5300  105971  0.179274  0.709335  0.797861  0.304444  -0.0436478  4
5400  105949  0.17771  0.716188  0.799239  0.312424  -0.0893655  4
5500  106354  0.18104  0.724751  0.800141  0.31313  -0.0705474  4
5600  105891  0.180698  0.712928  0.799312  0.320858  -0.0785946  4
5700  105379  0.175681  0.715904  0.800964  0.319605  -0.111541  4
5800  105599  0.17547  0.703867  0.804277  0.33421  -0.126669  4
5900  105380  0.176876  0.702437  0.805164  0.33631  -0.171411  4
6000  105036  0.178083  0.698914  0.804471  0.33929  -0.202705  4
6100  105065  0.172824  0.692906  0.802918  0.340109  -0.231022  4
6200  105459  0.172689  0.681675  0.803666  0.348584  -0.24164  4
6300  106206  0.180579  0.680036  0.805989  0.349737  -0.255986  4
6400  105564  0.175767  0.680945  0.804893  0.352296  -0.226023  4
6500  105559  0.174806  0.683412  0.807699  0.360795  -0.205994  4
6600  105253  0.17104  0.676808  0.80992  0.372303  -0.227953  4
6700  106083  0.176458  0.67967  0.81053  0.367982  -0.234415  4
6800  106296  0.173359  0.671306  0.808668  0.360957  -0.20677  4
6900  106090  0.174581  0.674339  0.810764  0.373941  -0.197418  4
7000  105902  0.173035  0.673981  0.813323  0.383404  -0.124893  4
7100  105351  0.169906  0.670818  0.814673  0.381867  -0.108333  4
7200  106791  0.172802  0.675262  0.813375  0.374672  -0.102261  4
7300  105955  0.176052  0.669525  0.811985  0.384035  -0.0950463  4
7400  106327  0.173285  0.665852  0.813255  0.39595  -0.131265  4
7500  105712  0.173766  0.660427  0.813842  0.410604  -0.122605  4
7600  105498  0.171383  0.656023  0.812893  0.41707  -0.10374  4
7700  106244  0.179099  0.657516  0.815226  0.413711  -0.101159  4
7800  106397  0.176077  0.654746  0.814868  0.411388  -0.0934014  4
7900  106040  0.174471  0.650217  0.814219  0.415953  -0.085437  4
8000  106755  0.180216  0.657126  0.815277  0.420733  -0.150929  4
8100  105417  0.174018  0.654781  0.816818  0.42635  -0.162966  4
8200  105576  0.175716  0.652021  0.816028  0.413782  -0.1754  4
8300  106039  0.17838  0.655755  0.816535  0.413711  -0.170807  4
8400  105275  0.168335  0.651098  0.816566  0.41526  -0.174874  4
8500  105431  0.172876  0.649965  0.8172  0.418795  -0.162832  4
8600  105416  0.173593  0.648521  0.821057  0.429152  -0.165676  4
8700  105400  0.175082  0.640477  0.822515  0.442723  -0.15821  4
8800  105699  0.172936  0.644893  0.820346  0.431403  -0.18638  4
8900  105335  0.16599  0.640079  0.820772  0.434553  -0.205943  4
9000  105742  0.168574  0.637432  0.820776  0.438091  -0.210773  4
9100  106108  0.174012  0.645876  0.820368  0.432285  -0.225154  4
9200  105832  0.169251  0.642216  0.821181  0.432715  -0.205189  4
9300  105489  0.169795  0.642614  0.820564  0.438001  -0.195137  4
9400  106915  0.174443  0.640202  0.821043  0.438631  -0.221105  4
9500  105388  0.1737  0.636384  0.822263  0.448432  -0.219786  4
9600  105368  0.169581  0.640699  0.820236  0.436164  -0.246063  4
9700  105898  0.169932  0.642165  0.821282  0.442956  -0.243405  4
9800  106068  0.172088  0.643625  0.821872  0.439541  -0.253285  4
9900  106228  0.17024  0.642435  0.820944  0.438683  -0.233895  4
