t meta_n emi  mean_info  tr1  tr2  tr3  strategy
0  114980  0.099496  0.497679  0.900016  0.000852041  5.65464e-05  4
100  102416  0.108067  0.32132  0.847787  0.0708579  0.00221293  4
200  103107  0.161954  0.212213  0.772553  0.138788  0.00713273  4
300  102730  0.186696  0.166728  0.736935  0.17977  0.00184266  4
400  102453  0.203051  0.141041  0.71843  0.210345  -0.000203419  4
500  102832  0.210571  0.130008  0.708813  0.226931  -0.00211851  4
600  102856  0.223188  0.116816  0.701354  0.24475  0.0185766  4
700  102623  0.225075  0.105029  0.697481  0.242195  0.0383331  4
800  102436  0.236132  0.0974015  0.691038  0.261809  0.0286619  4
900  102801  0.233476  0.102558  0.696329  0.266344  0.0297241  4
1000  101729  0.232358  0.105047  0.705471  0.302091  0.0373756  4
1100  103100  0.228837  0.10404  0.708424  0.29333  0.0480836  4
1200  102568  0.229727  0.103381  0.710153  0.316594  0.055859  4
1300  102509  0.232035  0.0955976  0.709904  0.324465  0.0566561  4
1400  102340  0.230608  0.0946521  0.715445  0.32766  0.0314728  4
1500  102587  0.231223  0.0843683  0.711678  0.324746  0.0113914  4
1600  102921  0.228334  0.084475  0.715591  0.321675  -0.0140824  4
1700  102995  0.227961  0.0800792  0.715464  0.328951  -0.0018281  4
1800  102717  0.231778  0.0811548  0.712114  0.328902  0.0245281  4
1900  102900  0.23149  0.0768626  0.711626  0.329017  0.0273907  4
2000  102591  0.225277  0.0825566  0.709458  0.314074  0.0517821  4
2100  102716  0.22669  0.0831987  0.707554  0.312078  0.051779  4
2200  101597  0.218112  0.0842319  0.711242  0.301362  0.0775962  4
2300  102259  0.21576  0.0772041  0.714285  0.304779  0.0937071  4
2400  101861  0.218997  0.0766961  0.712341  0.302999  0.119924  4
2500  102672  0.219528  0.0803097  0.723015  0.325996  0.0501595  4
2600  102258  0.222251  0.0843491  0.718392  0.32278  0.0596219  4
2700  102939  0.220182  0.0807192  0.717286  0.315427  0.0414553  4
2800  102604  0.223208  0.0763891  0.71231  0.311705  0.0499371  4
2900  102694  0.217943  0.0790773  0.712549  0.314379  0.0525887  4
3000  102647  0.223717  0.0735909  0.710302  0.321662  0.0380721  4
3100  102844  0.227847  0.0713936  0.713794  0.333914  0.0453442  4
3200  102500  0.230724  0.072365  0.705324  0.322609  0.0451396  4
3300  102715  0.232416  0.0655787  0.70319  0.32567  -0.000860866  4
3400  102712  0.233094  0.0635592  0.703174  0.330148  -0.000280991  4
3500  102150  0.233373  0.0670261  0.694493  0.31633  -0.0372353  4
3600  102768  0.241355  0.0660218  0.692475  0.316158  -0.0635576  4
3700  102586  0.234901  0.0673306  0.701178  0.329822  -0.0764701  4
3800  102574  0.229095  0.0684432  0.704101  0.32284  -0.0712502  4
3900  103465  0.229215  0.0670092  0.69892  0.316189  -0.0826672  4
4000  102665  0.23121  0.070387  0.705693  0.32512  -0.100266  4
4100  102805  0.231277  0.0680662  0.709286  0.331026  -0.0739361  4
4200  103002  0.228556  0.0701975  0.713605  0.337475  -0.100696  4
4300  103170  0.228574  0.0687848  0.714557  0.340561  -0.132421  4
4400  102743  0.227775  0.0702062  0.715397  0.347331  -0.154005  4
4500  103395  0.224657  0.0752021  0.723106  0.353946  -0.13637  4
4600  102206  0.220006  0.073296  0.719315  0.343107  -0.1607  4
4700  102190  0.220178  0.0723043  0.720936  0.349521  -0.154618  4
4800  102533  0.225807  0.0684385  0.718931  0.349977  -0.140563  4
4900  102633  0.222284  0.0687342  0.717351  0.341335  -0.162308  4
5000  102746  0.227964  0.071365  0.712663  0.328196  -0.135501  4
5100  103511  0.222878  0.066392  0.71236  0.321188  -0.134538  4
5200  103352  0.219498  0.0650419  0.711513  0.316845  -0.147933  4
5300  102804  0.229234  0.0617447  0.710682  0.315524  -0.158808  4
5400  103167  0.234632  0.0622061  0.713451  0.317797  -0.134849  4
5500  104003  0.231129  0.0659138  0.714332  0.327874  -0.168736  4
5600  103864  0.229319  0.0651119  0.714527  0.325282  -0.19387  4
5700  102123  0.225165  0.0640837  0.715302  0.329741  -0.169068  4
5800  103256  0.224385  0.0614499  0.714682  0.320571  -0.20365  4
5900  103303  0.225266  0.058777  0.70981  0.314842  -0.178331  4
6000  102098  0.223245  0.0629676  0.712718  0.316944  -0.186849  4
6100  103163  0.226587  0.0645923  0.713465  0.315985  -0.196648  4
6200  102817  0.226459  0.0747863  0.715695  0.324289  -0.111114  4
6300  103027  0.231614  0.0743512  0.714093  0.319578  -0.0694153  4
6400  102845  0.231379  0.0744546  0.712253  0.317851  -0.0619764  4
6500  103242  0.230151  0.0690809  0.709949  0.303549  -0.0921021  4
6600  103869  0.233248  0.0641771  0.702773  0.286931  -0.109059  4
6700  103405  0.232175  0.0680082  0.701403  0.291292  -0.118863  4
6800  103506  0.231436  0.0641158  0.699365  0.289548  -0.128148  4
6900  102824  0.232467  0.0608646  0.698971  0.288644  -0.113882  4
7000  103525  0.227052  0.0691112  0.705426  0.295437  -0.113633  4
7100  103333  0.221325  0.0628765  0.703773  0.284637  -0.123685  4
7200  103686  0.222956  0.0626568  0.708275  0.30112  -0.116591  4
7300  102927  0.227679  0.0703524  0.712398  0.312696  -0.108812  4
7400  101886  0.223263  0.070642  0.717425  0.321238  -0.119087  4
7500  102244  0.229763  0.0764341  0.719985  0.327123  -0.124327  4
7600  103118  0.226249  0.0772541  0.722327  0.327441  -0.133338  4
7700  103483  0.22163  0.0749437  0.716063  0.307135  -0.123205  4
7800  102932  0.223196  0.0733091  0.718754  0.315404  -0.139843  4
7900  103664  0.224545  0.071163  0.717467  0.305797  -0.140694  4
8000  103208  0.222613  0.0640274  0.711909  0.289739  -0.150702  4
8100  104067  0.227344  0.0600951  0.71184  0.293076  -0.148519  4
8200  103432  0.223631  0.0625321  0.710784  0.291531  -0.1292  4
8300  102975  0.215788  0.0626789  0.710039  0.284399  -0.199679  4
8400  103623  0.221568  0.0557926  0.707064  0.277147  -0.242326  4
8500  103250  0.217818  0.0565287  0.709621  0.285653  -0.22993  4
8600  103966  0.225416  0.0560734  0.706429  0.276436  -0.286495  4
8700  103712  0.219013  0.0552282  0.711138  0.284407  -0.276486  4
8800  103230  0.221015  0.0584669  0.712574  0.292996  -0.306801  4
8900  103184  0.222528  0.0641035  0.716102  0.297788  -0.268052  4
9000  103541  0.225406  0.0581576  0.71063  0.282761  -0.337986  4
9100  103512  0.222512  0.058248  0.707049  0.265342  -0.354005  4
9200  101610  0.216237  0.0605209  0.70836  0.263643  -0.35581  4
9300  103086  0.220169  0.0617915  0.709078  0.25958  -0.336714  4
9400  102694  0.21633  0.060079  0.70767  0.25489  -0.402061  4
9500  103276  0.220595  0.0599456  0.707837  0.254781  -0.449629  4
9600  103032  0.223171  0.0611196  0.704837  0.243105  -0.499457  4
9700  102776  0.218391  0.0578453  0.70547  0.243955  -0.510875  4
9800  102545  0.219127  0.0653497  0.708435  0.256574  -0.489668  4
9900  103171  0.222667  0.0633344  0.705959  0.248536  -0.512452  4
