t meta_n emi  mean_info  tr1  tr2  tr3  strategy
0  114900  0.098824  0.495063  0.899837  0.000852215  -2.86437e-05  4
100  102245  0.103321  0.245958  0.849001  0.0744696  0.00187687  4
200  102957  0.153198  0.155155  0.778849  0.138044  0.0165943  4
300  101922  0.187967  0.108283  0.731107  0.184271  0.0112241  4
400  101667  0.205678  0.0902091  0.71083  0.218435  0.0209716  4
500  102299  0.218691  0.0816199  0.698286  0.239826  0.0322756  4
600  102327  0.231567  0.0778379  0.692993  0.260052  0.0578794  4
700  102651  0.231913  0.0760346  0.692976  0.261167  0.0624757  4
800  102595  0.230363  0.0743994  0.698125  0.266052  0.0677578  4
900  102727  0.233156  0.0684779  0.689717  0.259319  0.0540535  4
1000  102675  0.229123  0.0678669  0.695526  0.253208  0.0335449  4
1100  102943  0.235841  0.0678758  0.692114  0.266493  0.0508878  4
1200  101430  0.235392  0.0660689  0.688118  0.269677  0.0396448  4
1300  102195  0.234006  0.0656399  0.692489  0.281554  0.0250014  4
1400  102406  0.233761  0.0629181  0.691996  0.279579  0.0365053  4
1500  101759  0.232562  0.0622957  0.691786  0.281303  0.0340829  4
1600  102778  0.236655  0.0638506  0.684646  0.270314  0.0502218  4
1700  102797  0.234727  0.0652175  0.679282  0.268477  0.035082  4
1800  102775  0.236989  0.0588085  0.675889  0.260692  0.015243  4
1900  103079  0.2328  0.0521689  0.682937  0.272021  0.032737  4
2000  102170  0.230411  0.052862  0.68728  0.276203  0.0463185  4
2100  102394  0.223361  0.0510163  0.689266  0.276872  0.0289749  4
2200  103249  0.2237  0.0447053  0.697381  0.287428  0.0602994  4
2300  102730  0.229489  0.0451226  0.696838  0.293499  0.0500603  4
2400  102407  0.226133  0.0437387  0.696124  0.285442  0.0795473  4
2500  102848  0.225453  0.044597  0.692607  0.283966  0.0945243  4
2600  103298  0.231438  0.0462416  0.688597  0.282997  0.0948703  4
2700  102672  0.22525  0.0451384  0.695008  0.295279  0.0725781  4
2800  103158  0.226158  0.0462882  0.695255  0.297936  0.0562608  4
2900  102876  0.228062  0.0440223  0.693658  0.289406  0.0951698  4
3000  102032  0.227221  0.0446233  0.693805  0.292197  0.0860505  4
3100  102640  0.230323  0.043073  0.691979  0.281694  0.0606557  4
3200  102312  0.225177  0.0423118  0.689929  0.283887  0.0388914  4
3300  102157  0.225636  0.0418092  0.692582  0.298689  0.0141935  4
3400  102746  0.224338  0.0376881  0.691933  0.295468  0.0526561  4
3500  102746  0.227907  0.0363523  0.683481  0.28635  0.0765566  4
3600  102617  0.236145  0.0341823  0.676234  0.270823  0.0722818  4
3700  102093  0.23502  0.0304122  0.673796  0.262694  0.0636971  4
3800  102676  0.230779  0.0312359  0.678534  0.264972  0.0502517  4
3900  102569  0.237513  0.028907  0.672227  0.255962  0.0471794  4
4000  102447  0.226503  0.0303042  0.672304  0.241507  0.0651569  4
4100  102035  0.229531  0.0243564  0.671678  0.241183  0.00966475  4
4200  102647  0.231548  0.0224068  0.668697  0.236515  0.0104067  4
4300  102301  0.226906  0.0239416  0.669616  0.234889  -0.00316524  4
4400  102569  0.230557  0.0227933  0.669511  0.221425  0.0293692  4
4500  102305  0.228009  0.0213603  0.666575  0.219095  0.000333225  4
4600  103428  0.230854  0.0228052  0.666242  0.224858  -0.0113868  4
4700  102749  0.233134  0.0228936  0.666613  0.228653  -0.00656811  4
4800  102716  0.22649  0.0219087  0.665638  0.228024  -0.0274796  4
4900  102428  0.229693  0.0201067  0.666756  0.233483  -0.0418204  4
5000  101736  0.227881  0.0204668  0.665759  0.229613  -0.0167676  4
5100  102092  0.227568  0.0188947  0.66335  0.224641  -0.0501372  4
5200  103748  0.231844  0.0200941  0.664831  0.227501  -0.0422298  4
5300  102158  0.223  0.0171257  0.666468  0.228928  -0.0439501  4
5400  102145  0.229887  0.0166122  0.663612  0.221557  -0.0282428  4
5500  102189  0.222164  0.0154573  0.668756  0.227776  -0.0291532  4
5600  102732  0.228475  0.0168668  0.666087  0.219074  0.000713709  4
5700  101641  0.223433  0.017273  0.668589  0.223027  0.0163676  4
5800  102689  0.216096  0.0155803  0.667736  0.214575  0.00383149  4
5900  102636  0.224802  0.0171179  0.666005  0.209731  0.0112213  4
6000  101978  0.223563  0.0171676  0.666675  0.207154  0.0346149  4
6100  103033  0.222586  0.0145995  0.666727  0.209693  0.0190352  4
6200  103521  0.225284  0.0130903  0.667515  0.207376  0.0540065  4
6300  102724  0.224224  0.0127726  0.665941  0.20563  0.0302961  4
6400  102801  0.224995  0.014414  0.665068  0.210838  0.0173894  4
6500  103072  0.223588  0.0124666  0.666278  0.215187  0.0860895  4
6600  102257  0.221377  0.0106628  0.666289  0.212646  0.0793262  4
6700  102800  0.222587  0.014506  0.665898  0.213204  0.0959761  4
6800  102069  0.225935  0.0130665  0.664598  0.211176  0.105849  4
6900  102794  0.225596  0.0117134  0.665107  0.210056  0.0951712  4
7000  102467  0.223408  0.0118011  0.665931  0.213217  0.109666  4
7100  103052  0.226827  0.0110618  0.664793  0.221726  0.0841263  4
7200  102633  0.227764  0.00922092  0.662157  0.222365  0.121731  4
7300  102976  0.232341  0.00823632  0.661343  0.222849  0.0964092  4
7400  102546  0.229398  0.00883162  0.661696  0.224867  0.154045  4
7500  102216  0.231056  0.00820078  0.661923  0.223851  0.104932  4
7600  102269  0.225027  0.00849034  0.660653  0.214285  0.100294  4
7700  102874  0.233908  0.00957235  0.66005  0.216003  0.0519426  4
7800  103212  0.2273  0.00667175  0.659387  0.208274  0.0405512  4
7900  102851  0.225283  0.00643785  0.657478  0.206884  0.0754041  4
8000  102944  0.230962  0.00750396  0.657172  0.210055  0.0985988  4
8100  102473  0.229197  0.00701746  0.656783  0.217848  0.0830153  4
8200  102617  0.229954  0.00608706  0.656617  0.215047  0.0848978  4
8300  102626  0.234489  0.0062376  0.656598  0.213675  0.089048  4
8400  102754  0.225492  0.00605821  0.656251  0.198258  0.0795744  4
8500  102316  0.227973  0.00591334  0.655846  0.192653  0.0869238  4
8600  102597  0.227433  0.00532276  0.654888  0.19207  0.100253  4
8700  102808  0.229325  0.00526594  0.654462  0.190981  0.0850763  4
8800  102925  0.22631  0.00487407  0.657615  0.200809  0.095128  4
8900  102789  0.228515  0.00487883  0.657575  0.202812  0.0862345  4
9000  102599  0.226336  0.00457966  0.658373  0.208175  0.117803  4
9100  102665  0.226188  0.00341023  0.657005  0.211028  0.100656  4
9200  103407  0.2271  0.00440198  0.658596  0.216499  0.0968067  4
9300  102006  0.22657  0.00318145  0.66012  0.217242  0.0971825  4
9400  102927  0.225476  0.00376247  0.662665  0.224376  0.127949  4
9500  102327  0.229365  0.00363078  0.66333  0.228053  0.162498  4
9600  103325  0.225403  0.00428933  0.661946  0.221668  0.153404  4
9700  102608  0.226159  0.00515004  0.661485  0.220845  0.136462  4
9800  103526  0.224841  0.00597966  0.660645  0.219191  0.157027  4
9900  102019  0.227141  0.00616926  0.660825  0.223497  0.194841  4
