t meta_n emi  mean_info  tr1  tr2  tr3  strategy
0  114556  0.099784  0.491869  0.899975  0.000822435  -1.01328e-05  4
100  102579  0.0999271  0.170588  0.853689  0.080102  -0.00478079  4
200  102253  0.159995  0.090742  0.777998  0.14877  0.00894771  4
300  101097  0.188506  0.0631653  0.733847  0.195147  0.0180894  4
400  101714  0.207038  0.0561236  0.712295  0.230952  -0.00296145  4
500  102506  0.221743  0.0520421  0.704625  0.254087  0.00148154  4
600  101959  0.227129  0.0505799  0.696588  0.268063  -0.0117432  4
700  102110  0.22787  0.0517207  0.693625  0.27992  -0.0259777  4
800  101644  0.234844  0.0477015  0.698411  0.296205  -0.0234099  4
900  103373  0.237191  0.0478292  0.700644  0.312044  -0.0529043  4
1000  101619  0.230177  0.0486069  0.708668  0.32167  -0.0867523  4
1100  102224  0.222854  0.0438844  0.7136  0.325934  -0.070851  4
1200  102376  0.223168  0.0407833  0.717429  0.334788  -0.0955526  4
1300  102344  0.23047  0.039108  0.72237  0.355726  -0.103117  4
1400  101878  0.226289  0.0368384  0.718801  0.363321  -0.108289  4
1500  103111  0.237875  0.0375103  0.709333  0.358066  -0.0874768  4
1600  102817  0.235816  0.0337299  0.709084  0.371316  -0.114017  4
1700  102812  0.238485  0.0319151  0.704974  0.354103  -0.167723  4
1800  102020  0.234075  0.0317203  0.706219  0.350726  -0.171652  4
1900  102834  0.232207  0.0317425  0.710677  0.359063  -0.172246  4
2000  102585  0.229183  0.0319728  0.709244  0.344135  -0.172189  4
2100  102004  0.231813  0.0329151  0.701004  0.323031  -0.198686  4
2200  102582  0.232439  0.0299087  0.700994  0.320652  -0.211055  4
2300  102541  0.229636  0.0289629  0.693475  0.305586  -0.252848  4
2400  102554  0.235711  0.0287967  0.690286  0.308296  -0.27134  4
2500  102769  0.232881  0.0254881  0.689261  0.297181  -0.285466  4
2600  102236  0.22781  0.0252168  0.687999  0.287664  -0.268583  4
2700  102366  0.230629  0.0277971  0.686545  0.275179  -0.302975  4
2800  101862  0.230471  0.0249987  0.688186  0.28779  -0.338066  4
2900  102195  0.22648  0.0246015  0.689947  0.294604  -0.310936  4
3000  101542  0.228453  0.02479  0.684936  0.284339  -0.276678  4
3100  102010  0.230097  0.0231856  0.688004  0.289237  -0.22009  4
3200  102669  0.229881  0.0220589  0.683954  0.28454  -0.195397  4
3300  101779  0.225009  0.0208282  0.68506  0.278032  -0.161701  4
3400  103011  0.228015  0.0186491  0.684411  0.270152  -0.128737  4
3500  103123  0.228109  0.0200553  0.684763  0.275241  -0.114101  4
3600  102559  0.224177  0.0207684  0.685051  0.269136  -0.108586  4
3700  102312  0.228131  0.0203536  0.680845  0.262822  -0.129236  4
3800  101757  0.226964  0.0173548  0.679648  0.262451  -0.14523  4
3900  102635  0.228658  0.0172015  0.680477  0.271746  -0.154137  4
4000  102477  0.22763  0.0164301  0.683624  0.272479  -0.104114  4
4100  103155  0.223573  0.0169635  0.684009  0.269765  -0.114323  4
4200  102806  0.230447  0.015428  0.679393  0.269665  -0.14231  4
4300  102235  0.224507  0.0152848  0.679053  0.257017  -0.134846  4
4400  102391  0.221783  0.0161628  0.68167  0.262095  -0.127154  4
4500  102618  0.221212  0.0154031  0.67734  0.240228  -0.11888  4
4600  101966  0.221493  0.0132127  0.673626  0.23421  -0.0599351  4
4700  102878  0.226939  0.0144143  0.671289  0.229121  -0.0898407  4
4800  102544  0.227103  0.012446  0.673102  0.231893  -0.135488  4
4900  102137  0.23029  0.011199  0.672183  0.24544  -0.0997345  4
5000  102620  0.22862  0.0114906  0.668054  0.234951  -0.106093  4
5100  101283  0.223498  0.0107499  0.668342  0.22463  -0.110295  4
5200  102328  0.230169  0.0103356  0.663477  0.218756  -0.124988  4
5300  103070  0.22919  0.0105128  0.66318  0.212315  -0.201563  4
5400  102254  0.228784  0.0102049  0.668733  0.233382  -0.198236  4
5500  102830  0.231277  0.00946849  0.665831  0.229355  -0.171209  4
5600  102779  0.232751  0.0103654  0.666972  0.216268  -0.212736  4
5700  103866  0.228597  0.00894012  0.666151  0.213373  -0.184444  4
5800  102540  0.227036  0.00893668  0.664392  0.203225  -0.221788  4
5900  102668  0.222247  0.0080489  0.666933  0.200889  -0.190086  4
6000  102789  0.225589  0.00808906  0.664765  0.197551  -0.186452  4
6100  102881  0.224848  0.00835798  0.664931  0.193328  -0.23066  4
6200  103207  0.22538  0.00856127  0.665805  0.193911  -0.278395  4
6300  104121  0.227235  0.00710243  0.664575  0.200038  -0.275506  4
6400  102447  0.223756  0.00689764  0.666701  0.189808  -0.260081  4
6500  102409  0.226521  0.00780521  0.659858  0.183028  -0.28472  4
6600  102200  0.222852  0.00592782  0.659014  0.181568  -0.332872  4
6700  103656  0.229213  0.00549497  0.658983  0.190905  -0.364528  4
6800  102246  0.226417  0.00539984  0.657203  0.188566  -0.37721  4
6900  102009  0.223869  0.00580688  0.656293  0.180829  -0.388214  4
7000  103097  0.235232  0.00555254  0.651834  0.168929  -0.402973  4
7100  102991  0.226113  0.00514249  0.652654  0.170611  -0.46786  4
7200  102251  0.223728  0.00551545  0.653409  0.168036  -0.590734  4
7300  102379  0.223014  0.00500493  0.656118  0.176301  -0.586121  4
7400  101238  0.218044  0.00484621  0.657495  0.171697  -0.569368  4
7500  102808  0.224495  0.00558531  0.660924  0.183313  -0.554582  4
7600  103188  0.223911  0.00479511  0.661178  0.189469  -0.525429  4
7700  103206  0.227298  0.00446977  0.658229  0.180839  -0.497541  4
7800  102407  0.220082  0.00426196  0.658685  0.183102  -0.51652  4
7900  103099  0.224183  0.00443882  0.658372  0.179857  -0.540251  4
8000  102209  0.227238  0.00321025  0.654303  0.171186  -0.578529  4
8100  103216  0.230859  0.00347411  0.656118  0.184961  -0.554193  4
8200  101930  0.220004  0.00326723  0.657728  0.175764  -0.610846  4
8300  103485  0.221794  0.00330715  0.659538  0.182851  -0.608764  4
8400  103004  0.223156  0.00241375  0.659456  0.188624  -0.578163  4
8500  103563  0.22036  0.00368824  0.657789  0.178809  -0.53372  4
8600  102532  0.220469  0.00332381  0.65737  0.185175  -0.467177  4
8700  102129  0.226128  0.00336653  0.654379  0.181105  -0.494962  4
8800  102467  0.225534  0.00308268  0.65351  0.176059  -0.50352  4
8900  102424  0.218593  0.00200838  0.653712  0.172436  -0.46877  4
9000  102940  0.219662  0.00232158  0.653631  0.166622  -0.49918  4
9100  101758  0.220934  0.00269981  0.654898  0.166016  -0.477186  4
9200  103444  0.227375  0.00270793  0.654169  0.16316  -0.47457  4
9300  103391  0.222777  0.00188134  0.655713  0.169151  -0.504737  4
9400  102665  0.219838  0.00192797  0.655413  0.165644  -0.538577  4
9500  102652  0.222512  0.00187245  0.655994  0.166535  -0.542619  4
9600  102658  0.21661  0.00197669  0.656424  0.167043  -0.566507  4
9700  102119  0.22375  0.00148403  0.657402  0.167229  -0.514531  4
9800  103011  0.220536  0.00152118  0.656756  0.169853  -0.474671  4
9900  103468  0.222088  0.00227701  0.656875  0.166937  -0.478303  4
