t meta_n emi  mean_info  tr1  tr2  tr3  strategy
0  115372  0.099888  0.498416  0.899921  0.000818959  -2.57294e-05  4
100  103117  0.1083  0.479622  0.854979  0.0783712  0.00260834  4
200  103066  0.158149  0.475494  0.796066  0.148358  0.00710898  4
300  103060  0.186245  0.434672  0.760747  0.214211  0.0380013  4
400  103192  0.201983  0.402946  0.753143  0.259494  0.0584271  4
500  102244  0.205615  0.386647  0.750372  0.28088  0.0596103  4
600  102879  0.209519  0.357639  0.751768  0.322391  0.0473735  4
700  103315  0.215368  0.345886  0.759802  0.361745  0.0477437  4
800  103512  0.209248  0.344996  0.761141  0.359403  0.0373719  4
900  103402  0.221703  0.339804  0.757307  0.368465  -0.000932842  4
1000  104143  0.21966  0.331394  0.751722  0.364183  0.00838363  4
1100  103568  0.218396  0.33074  0.760117  0.376289  -0.0102896  4
1200  103001  0.211012  0.334616  0.768662  0.377637  -0.0114558  4
1300  104748  0.214993  0.336784  0.773099  0.386832  0.0161535  4
1400  103036  0.207688  0.336299  0.780249  0.408541  0.0267896  4
1500  104321  0.2104  0.326795  0.786305  0.420594  0.0356179  4
1600  104140  0.209447  0.327908  0.788916  0.443348  0.0478736  4
1700  103903  0.210891  0.322094  0.789998  0.449914  0.053733  4
1800  103926  0.212471  0.313533  0.793439  0.465206  0.0570367  4
1900  103800  0.216123  0.303065  0.798857  0.474375  0.047163  4
2000  104473  0.215695  0.308975  0.800211  0.487326  0.0433492  4
2100  103234  0.209544  0.305579  0.81368  0.504726  0.0384789  4
2200  103445  0.209109  0.302204  0.816715  0.529547  0.0474392  4
2300  103674  0.207473  0.294866  0.822049  0.53584  0.0749557  4
2400  103834  0.209857  0.299543  0.828543  0.55351  0.0603869  4
2500  103597  0.206504  0.293192  0.834592  0.568041  0.0115641  4
2600  104530  0.208429  0.298706  0.842663  0.591597  0.0147809  4
2700  103793  0.200929  0.295798  0.8498  0.613333  0.00647038  4
2800  103953  0.205913  0.295493  0.853044  0.623291  0.00856239  4
2900  104464  0.207189  0.299368  0.856346  0.627065  0.0048727  4
3000  104581  0.210243  0.303072  0.86012  0.629998  -0.0570878  4
3100  104032  0.20489  0.291981  0.868097  0.653407  -0.0105843  4
3200  103791  0.201874  0.295569  0.880131  0.675422  -0.00662284  4
3300  104817  0.209452  0.299097  0.88869  0.698787  -0.0319209  4
3400  104403  0.209974  0.298081  0.889169  0.706041  -0.0138225  4
3500  104068  0.204565  0.306055  0.897446  0.726834  -0.0411824  4
3600  103876  0.203618  0.306376  0.908273  0.748775  -0.0749613  4
3700  104839  0.200913  0.295382  0.914388  0.760483  -0.109002  4
3800  103949  0.19806  0.297104  0.924471  0.792891  -0.143053  4
3900  103196  0.195424  0.294773  0.927553  0.796294  -0.171711  4
4000  104185  0.204374  0.291235  0.928158  0.801249  -0.168995  4
4100  104623  0.195653  0.30102  0.935971  0.819584  -0.194001  4
4200  103722  0.193135  0.297368  0.93619  0.823549  -0.210714  4
4300  103491  0.200065  0.298615  0.943429  0.834174  -0.269386  4
4400  104441  0.196784  0.300694  0.948084  0.850311  -0.276089  4
4500  104502  0.208188  0.291346  0.951796  0.862835  -0.267449  4
4600  105297  0.207285  0.28965  0.959326  0.876074  -0.293623  4
4700  104451  0.202574  0.292958  0.962209  0.879404  -0.283773  4
4800  103619  0.201501  0.295233  0.965183  0.883326  -0.283616  4
4900  104425  0.197827  0.296378  0.969795  0.885329  -0.281673  4
5000  104110  0.195529  0.290368  0.966219  0.88207  -0.262515  4
5100  104616  0.197714  0.291692  0.968406  0.884772  -0.258978  4
5200  104715  0.19976  0.287823  0.971295  0.891503  -0.252649  4
5300  103986  0.191673  0.290482  0.975142  0.897073  -0.203808  4
5400  104719  0.198748  0.294174  0.980865  0.90943  -0.206027  4
5500  104379  0.196377  0.292713  0.988206  0.926829  -0.236567  4
5600  105233  0.196012  0.289268  0.988259  0.928097  -0.229964  4
5700  105951  0.205055  0.292192  0.990592  0.934993  -0.254889  4
5800  104806  0.194001  0.292185  0.988632  0.933415  -0.283157  4
5900  103811  0.189339  0.287086  0.988496  0.929973  -0.276794  4
6000  103986  0.189842  0.29257  0.989561  0.930952  -0.279724  4
6100  104455  0.197266  0.29312  0.987952  0.926636  -0.244209  4
6200  104859  0.202018  0.294029  0.987456  0.927728  -0.243889  4
6300  105596  0.191933  0.292606  0.98797  0.926448  -0.230674  4
6400  104481  0.192822  0.286003  0.989555  0.928409  -0.224432  4
6500  104488  0.188233  0.279779  0.993164  0.933083  -0.237182  4
6600  104403  0.189755  0.28368  0.995323  0.9377  -0.25018  4
6700  103924  0.192892  0.280307  0.995369  0.936417  -0.219937  4
6800  105696  0.196172  0.28378  1.00171  0.948147  -0.208354  4
6900  104147  0.191365  0.279641  1.00313  0.953869  -0.194135  4
7000  103760  0.192061  0.282644  1.00341  0.956721  -0.183641  4
7100  104244  0.202149  0.276757  1.00511  0.959445  -0.151907  4
7200  104073  0.193036  0.278946  1.01014  0.969719  -0.11252  4
7300  104854  0.19918  0.276872  1.0114  0.969849  -0.158834  4
7400  104569  0.191679  0.279001  1.0118  0.97293  -0.14536  4
7500  104568  0.186364  0.279866  1.01433  0.974487  -0.13757  4
7600  103649  0.185776  0.282901  1.01359  0.974579  -0.129538  4
7700  104278  0.19694  0.289213  1.01691  0.981322  -0.152279  4
7800  104781  0.197881  0.291545  1.01641  0.982203  -0.131076  4
7900  104478  0.190437  0.292865  1.01745  0.983252  -0.106763  4
8000  105743  0.19322  0.287762  1.01834  0.982592  -0.0873594  4
8100  104545  0.190561  0.285381  1.01671  0.977734  -0.0724268  4
8200  104528  0.185795  0.290153  1.01901  0.980123  -0.0681669  4
8300  104692  0.192635  0.290642  1.01921  0.98103  -0.0799188  4
8400  104896  0.194616  0.287906  1.02198  0.987011  -0.0941381  4
8500  104306  0.195077  0.284485  1.02131  0.9884  -0.0882416  4
8600  105167  0.192575  0.285178  1.02335  0.987171  -0.0724241  4
8700  104837  0.193625  0.28223  1.02477  0.990219  -0.0598181  4
8800  104329  0.186362  0.285167  1.02393  0.990159  -0.0706661  4
8900  105200  0.192703  0.286086  1.02416  0.990636  -0.0715979  4
9000  105354  0.192891  0.289218  1.02477  0.993842  -0.0800146  4
9100  103908  0.190949  0.286886  1.02409  0.99355  -0.0301281  4
9200  104417  0.185814  0.28795  1.02396  0.994421  0.00339659  4
9300  104220  0.189282  0.287477  1.02439  0.992894  -0.008912  4
9400  104135  0.190298  0.286944  1.02333  0.989828  0.0109311  4
9500  104488  0.189922  0.284416  1.02206  0.987673  0.0121051  4
9600  104706  0.189513  0.286803  1.02289  0.988832  0.065339  4
9700  104315  0.194764  0.28782  1.02066  0.986037  0.0602585  4
9800  104718  0.190152  0.287866  1.02108  0.988437  0.0705267  4
9900  105485  0.196577  0.287171  1.02232  0.989541  0.113198  4
