t meta_n emi  mean_info  tr1  tr2  tr3  strategy
0  115596  0.100704  0.497794  0.899998  0.00082334  -0.000114275  4
100  102323  0.107432  0.379117  0.851794  0.0783829  0.00408156  4
200  103167  0.165408  0.310006  0.773286  0.154102  0.00808422  4
300  102615  0.194325  0.253448  0.733769  0.184086  0.0238446  4
400  102738  0.211562  0.218315  0.714897  0.217395  0.00553955  4
500  101928  0.221204  0.185073  0.710827  0.242493  -0.0208682  4
600  103326  0.220749  0.183034  0.716772  0.254504  -0.0399797  4
700  102310  0.220392  0.164346  0.714134  0.265572  -0.0521515  4
800  102531  0.220013  0.168814  0.717228  0.280204  -0.0622285  4
900  103188  0.222703  0.169638  0.723132  0.298912  -0.025707  4
1000  103222  0.218805  0.170634  0.722987  0.312566  0.0169253  4
1100  103621  0.227149  0.177757  0.736101  0.340102  0.0105811  4
1200  102268  0.220994  0.169768  0.741681  0.359242  0.001243  4
1300  103159  0.229425  0.16342  0.73815  0.356971  -0.019408  4
1400  102695  0.22492  0.166792  0.744817  0.385798  -0.0291177  4
1500  103005  0.22309  0.156348  0.745374  0.391069  -0.00777547  4
1600  102561  0.22516  0.157049  0.749869  0.409944  0.000615306  4
1700  103046  0.229292  0.157908  0.758199  0.429409  -0.0169296  4
1800  102663  0.227652  0.157368  0.760263  0.426123  -0.0527385  4
1900  102975  0.221407  0.155755  0.773198  0.463388  -0.0700586  4
2000  103281  0.22459  0.152487  0.769796  0.467615  -0.0404934  4
2100  102623  0.22907  0.146208  0.767882  0.454721  -0.020375  4
2200  103021  0.228588  0.151118  0.765423  0.45078  -0.0462783  4
2300  102695  0.22153  0.146333  0.76658  0.445142  -0.0532794  4
2400  102686  0.226842  0.154888  0.773948  0.451067  -0.02455  4
2500  103178  0.225949  0.167997  0.772398  0.455259  -0.0354512  4
2600  102106  0.219149  0.157293  0.770748  0.445774  -0.0153402  4
2700  103462  0.221966  0.15764  0.768612  0.442929  0.00260105  4
2800  103709  0.224965  0.15332  0.767543  0.448028  -0.0145702  4
2900  102367  0.224513  0.16926  0.778729  0.488795  -0.0377327  4
3000  103069  0.229845  0.17625  0.790898  0.516267  -0.0932572  4
3100  103717  0.227254  0.168259  0.78608  0.501307  -0.0884755  4
3200  102326  0.219262  0.159772  0.789498  0.491133  -0.0877038  4
3300  103709  0.21942  0.154699  0.79449  0.496512  -0.0944807  4
3400  102412  0.212841  0.153791  0.79779  0.497667  -0.145423  4
3500  102757  0.222108  0.156648  0.789679  0.492131  -0.140242  4
3600  102806  0.218735  0.158074  0.797303  0.50431  -0.192289  4
3700  102749  0.217952  0.148859  0.793282  0.491099  -0.2009  4
3800  103245  0.221631  0.154776  0.797796  0.504071  -0.184211  4
3900  103267  0.216776  0.159703  0.802257  0.512867  -0.207525  4
4000  103542  0.218023  0.164609  0.806546  0.523177  -0.234749  4
4100  103727  0.218429  0.157673  0.802278  0.50749  -0.187322  4
4200  103686  0.220312  0.149991  0.803889  0.510848  -0.169553  4
4300  103297  0.216129  0.164063  0.807898  0.521998  -0.220623  4
4400  103735  0.225105  0.153916  0.812563  0.533738  -0.243297  4
4500  102504  0.220974  0.14972  0.807803  0.520329  -0.249926  4
4600  103168  0.214707  0.149978  0.813829  0.52671  -0.226262  4
4700  103672  0.2166  0.142544  0.811555  0.523749  -0.257602  4
4800  103016  0.215014  0.13829  0.808702  0.521267  -0.267625  4
4900  104118  0.214798  0.143261  0.811068  0.53298  -0.310557  4
5000  103142  0.218027  0.14044  0.80633  0.520647  -0.296226  4
5100  103300  0.224862  0.140946  0.808753  0.527933  -0.288281  4
5200  103535  0.217954  0.136184  0.803978  0.519745  -0.299399  4
5300  103439  0.226014  0.15211  0.812362  0.545301  -0.293598  4
5400  103630  0.222199  0.149815  0.808566  0.539106  -0.306417  4
5500  103206  0.222239  0.149483  0.808957  0.543025  -0.32621  4
5600  103785  0.220648  0.146508  0.803424  0.52673  -0.304517  4
5700  103767  0.223193  0.157057  0.810724  0.544281  -0.260195  4
5800  103502  0.22038  0.167849  0.81945  0.559675  -0.233373  4
5900  103233  0.216925  0.157922  0.811645  0.541887  -0.200742  4
6000  103339  0.224127  0.161219  0.810643  0.548549  -0.204915  4
6100  102858  0.218555  0.156086  0.806642  0.537649  -0.199278  4
6200  104077  0.217449  0.148636  0.799777  0.520501  -0.203316  4
6300  103606  0.218953  0.148992  0.805504  0.537349  -0.206247  4
6400  103034  0.221401  0.145172  0.808729  0.544883  -0.20703  4
6500  103437  0.217578  0.149463  0.810072  0.547834  -0.217943  4
6600  102824  0.219662  0.1456  0.807948  0.541415  -0.1867  4
6700  102033  0.211361  0.140405  0.810822  0.548876  -0.186476  4
6800  104374  0.216555  0.140082  0.815453  0.560308  -0.203554  4
6900  103623  0.2114  0.143146  0.813927  0.554132  -0.201062  4
7000  103260  0.219108  0.149551  0.819764  0.571388  -0.203356  4
7100  104415  0.219784  0.156056  0.822534  0.580069  -0.22368  4
7200  102956  0.220707  0.159669  0.825141  0.585031  -0.209199  4
7300  104608  0.220965  0.157381  0.821992  0.566873  -0.210951  4
7400  103638  0.216885  0.151207  0.819273  0.554043  -0.211278  4
7500  104040  0.221889  0.148874  0.81762  0.548673  -0.212742  4
7600  103433  0.218706  0.144237  0.817845  0.544579  -0.206372  4
7700  103501  0.213802  0.142308  0.821388  0.553863  -0.216089  4
7800  104186  0.223537  0.144321  0.822972  0.566165  -0.200117  4
7900  103422  0.223273  0.149376  0.8387  0.605229  -0.177573  4
8000  103611  0.224428  0.149033  0.841248  0.615426  -0.157454  4
8100  103290  0.223843  0.151037  0.844256  0.627244  -0.17044  4
8200  103492  0.219649  0.153746  0.843732  0.619328  -0.188915  4
8300  103144  0.222671  0.154831  0.843103  0.612568  -0.178598  4
8400  103480  0.222717  0.152783  0.840961  0.609626  -0.134893  4
8500  103577  0.216263  0.143006  0.836922  0.595973  -0.143274  4
8600  103671  0.219468  0.145245  0.834849  0.588725  -0.110454  4
8700  104504  0.216505  0.14738  0.83848  0.603978  -0.0957901  4
8800  103216  0.218248  0.150373  0.844585  0.626071  -0.0974443  4
8900  103578  0.220346  0.152054  0.846067  0.628237  -0.0901863  4
9000  104033  0.221791  0.149258  0.848439  0.633851  -0.0963358  4
9100  104092  0.222758  0.155116  0.853345  0.652888  -0.100975  4
9200  103614  0.219499  0.157322  0.852673  0.64879  -0.0847833  4
9300  103497  0.220392  0.158832  0.857162  0.659302  -0.0766555  4
9400  103031  0.222632  0.155371  0.855934  0.654053  -0.0753775  4
9500  103950  0.230169  0.153751  0.857197  0.652172  -0.089847  4
9600  104502  0.230903  0.154742  0.853963  0.645509  -0.110767  4
9700  102957  0.218061  0.152965  0.861201  0.659807  -0.14608  4
9800  103348  0.22531  0.160322  0.864388  0.675895  -0.142746  4
9900  104451  0.226229  0.155233  0.863775  0.675883  -0.140335  4
