t meta_n emi  mean_info  tr1  tr2  tr3  strategy
0  114374  0.09884  0.493031  0.900018  0.00081007  5.45954e-05  4
100  102220  0.105418  0.205547  0.850116  0.082849  -0.0069925  4
200  103029  0.152692  0.109736  0.782559  0.144169  -0.00473968  4
300  102128  0.198836  0.0827926  0.725627  0.193109  0.00177696  4
400  101891  0.221751  0.0739287  0.695619  0.214413  -0.00914808  4
500  102419  0.226138  0.062841  0.696533  0.242895  -0.0125491  4
600  102071  0.229859  0.0612206  0.692705  0.255236  -0.0164038  4
700  103339  0.231066  0.0629003  0.69797  0.275113  -0.00915366  4
800  102418  0.233618  0.0616707  0.693679  0.295167  -0.0208015  4
900  102705  0.243618  0.0603943  0.690872  0.297426  -0.0290477  4
1000  101712  0.237052  0.0567308  0.686941  0.282276  -0.0178275  4
1100  102882  0.236479  0.0577805  0.687432  0.285805  -0.00171135  4
1200  101758  0.240254  0.0541677  0.683889  0.293611  -0.00700582  4
1300  102830  0.243015  0.0505046  0.684318  0.294527  -0.0263791  4
1400  102002  0.237681  0.0486755  0.683289  0.286442  -0.0336448  4
1500  101955  0.237173  0.0483246  0.682503  0.286165  -0.0493928  4
1600  102140  0.238625  0.0456266  0.681185  0.271475  -0.144764  4
1700  102140  0.237485  0.0450715  0.682423  0.275802  -0.146785  4
1800  103191  0.230813  0.0454976  0.68624  0.263236  -0.119192  4
1900  101609  0.231636  0.0435328  0.68252  0.254474  -0.138083  4
2000  101651  0.23769  0.0420374  0.674052  0.246589  -0.16193  4
2100  102596  0.237228  0.0368052  0.669428  0.23622  -0.148927  4
2200  102196  0.234165  0.0383428  0.668126  0.232108  -0.110683  4
2300  101349  0.234918  0.0345863  0.666541  0.227199  -0.0782834  4
2400  102662  0.237755  0.0382302  0.670555  0.244883  -0.0353007  4
2500  102366  0.237838  0.0317473  0.67073  0.248724  -0.045317  4
2600  101923  0.234688  0.0325997  0.672788  0.259429  -0.040963  4
2700  102064  0.239139  0.0361181  0.672581  0.259148  -0.00771725  4
2800  102248  0.236039  0.0335164  0.670174  0.254212  -0.0335232  4
2900  102492  0.236989  0.0290134  0.672781  0.249203  -0.0243578  4
3000  102127  0.237799  0.0286507  0.674034  0.256519  -0.0530671  4
3100  102970  0.240746  0.0279935  0.672606  0.267648  -0.0948397  4
3200  103688  0.239575  0.027201  0.679795  0.276511  -0.059851  4
3300  103048  0.239243  0.0281889  0.671658  0.261347  -0.0323088  4
3400  101644  0.238369  0.0275331  0.672201  0.27437  -0.020672  4
3500  102256  0.234026  0.0279564  0.675504  0.270661  -0.0151405  4
3600  101777  0.235379  0.0261982  0.673943  0.268685  -0.0146065  4
3700  102031  0.227862  0.0262876  0.677497  0.268465  -0.0143067  4
3800  102230  0.231406  0.024078  0.675054  0.269919  -0.000500492  4
3900  102192  0.224057  0.0209313  0.679636  0.263098  0.0381395  4
4000  103814  0.230954  0.0215543  0.678568  0.267598  0.0757998  4
4100  102442  0.225525  0.019867  0.67877  0.262207  0.0446361  4
4200  102350  0.224606  0.0197683  0.676926  0.241752  0.0347382  4
4300  102504  0.225234  0.0208299  0.67748  0.237831  0.0479702  4
4400  102514  0.229168  0.0195838  0.67463  0.241219  0.0553901  4
4500  101341  0.228456  0.0189223  0.676281  0.250383  0.00283463  4
4600  102848  0.231084  0.0175853  0.671178  0.240898  0.024795  4
4700  102454  0.232403  0.0165921  0.665384  0.238677  -0.0343857  4
4800  101721  0.228666  0.0170698  0.669209  0.240504  -0.0439129  4
4900  103577  0.230172  0.0160568  0.674291  0.244904  -0.0404829  4
5000  102323  0.229754  0.0157548  0.66947  0.238469  -0.0642616  4
5100  102849  0.228972  0.0146749  0.669386  0.245945  -0.0103585  4
5200  102512  0.227576  0.0147115  0.666392  0.241026  -0.00098576  4
5300  102635  0.236704  0.0140806  0.663664  0.235618  0.034421  4
5400  102269  0.230098  0.0132245  0.663331  0.224595  0.065256  4
5500  102865  0.228888  0.0133085  0.663647  0.229342  0.132163  4
5600  102925  0.22719  0.0148961  0.667012  0.230806  0.157206  4
5700  101744  0.229383  0.0159715  0.663953  0.22801  0.143058  4
5800  102082  0.226817  0.0122522  0.664481  0.235149  0.138236  4
5900  102535  0.232245  0.0120305  0.664062  0.23583  0.170362  4
6000  102374  0.229454  0.0102349  0.663683  0.232878  0.186036  4
6100  102367  0.227756  0.0105487  0.666125  0.239372  0.135917  4
6200  102232  0.225222  0.00924313  0.668592  0.232168  0.166404  4
6300  102802  0.222805  0.0112478  0.670368  0.234856  0.1793  4
6400  102524  0.223966  0.00970604  0.673656  0.245104  0.121195  4
6500  102025  0.22414  0.0108209  0.672675  0.246385  0.191703  4
6600  102283  0.22722  0.00991294  0.673817  0.24527  0.127814  4
6700  103073  0.224364  0.00917779  0.673624  0.249147  0.11037  4
6800  103187  0.223799  0.00868264  0.673589  0.241145  0.100454  4
6900  103273  0.224237  0.00879755  0.672596  0.248651  0.0503415  4
7000  103006  0.22266  0.00739336  0.67338  0.24597  0.0353521  4
7100  102007  0.219382  0.00830378  0.672727  0.241802  -0.00765833  4
7200  102400  0.219639  0.00727573  0.670456  0.224597  -0.0136951  4
7300  102724  0.221226  0.00729498  0.671631  0.219736  -0.0435585  4
7400  102343  0.220023  0.00700298  0.669931  0.217733  -0.0298329  4
7500  102731  0.219215  0.0077251  0.669715  0.222521  -0.0698807  4
7600  103144  0.224642  0.00686837  0.666872  0.215826  -0.0756057  4
7700  103371  0.219918  0.00635015  0.668705  0.230776  -0.0703469  4
7800  102578  0.226078  0.00526701  0.669353  0.243839  -0.0434474  4
7900  102223  0.229132  0.00506599  0.67019  0.248658  -0.0648764  4
8000  102999  0.222853  0.00430908  0.669855  0.242729  -0.073908  4
8100  103223  0.222379  0.00339935  0.672468  0.253004  -0.0782542  4
8200  102616  0.223586  0.00447869  0.671835  0.258625  -0.102772  4
8300  102295  0.223202  0.00553895  0.67451  0.270718  -0.129591  4
8400  103321  0.224549  0.00451757  0.675712  0.278052  -0.15431  4
8500  103099  0.228803  0.00432614  0.67309  0.274774  -0.133345  4
8600  102799  0.227122  0.00476909  0.674212  0.269694  -0.143704  4
8700  102705  0.22613  0.00466486  0.671223  0.262582  -0.144072  4
8800  102171  0.221026  0.0055819  0.670662  0.260195  -0.147254  4
8900  103280  0.225701  0.00599387  0.673409  0.275677  -0.16201  4
9000  102697  0.223862  0.00429042  0.67106  0.264662  -0.158553  4
9100  103188  0.231621  0.00373137  0.673472  0.266555  -0.135627  4
9200  102829  0.225594  0.00260285  0.674174  0.272636  -0.142859  4
9300  102236  0.227389  0.0024066  0.673077  0.272051  -0.224042  4
9400  103019  0.226296  0.00288263  0.673757  0.272753  -0.283067  4
9500  102339  0.223378  0.00224725  0.673825  0.275502  -0.30957  4
9600  102625  0.226479  0.00248816  0.673769  0.271934  -0.313309  4
9700  102898  0.221845  0.001848  0.672205  0.26771  -0.329664  4
9800  102490  0.225228  0.00211125  0.673315  0.264055  -0.372154  4
9900  102324  0.223462  0.00190542  0.673806  0.262708  -0.392222  4
