t meta_n emi  mean_info  tr1  tr2  tr3  strategy
0  113649  0.099432  0.491665  0.900056  0.000791113  -6.61936e-06  4
100  101955  0.109883  0.148192  0.839278  0.0772435  -0.00221291  4
200  102127  0.157587  0.0772014  0.775195  0.147409  -0.00918792  4
300  102220  0.198505  0.0606622  0.724284  0.196486  -0.00863034  4
400  102180  0.21356  0.0524272  0.70967  0.229031  0.00135046  4
500  102095  0.221175  0.0487871  0.702028  0.262184  0.013727  4
600  102502  0.230078  0.0461522  0.700406  0.289858  0.00946629  4
700  102667  0.235186  0.0479184  0.697093  0.29954  0.00728235  4
800  102048  0.237342  0.0446263  0.69073  0.287146  -0.0138289  4
900  101326  0.234763  0.0406107  0.694798  0.292451  -0.0198893  4
1000  102629  0.237906  0.0404489  0.695569  0.302858  -0.0280265  4
1100  102027  0.23678  0.0395278  0.68965  0.300279  -0.0522974  4
1200  101248  0.236786  0.0386127  0.692583  0.297584  -0.0300962  4
1300  102531  0.235452  0.0357307  0.693666  0.288596  -0.0738204  4
1400  102430  0.245378  0.0357433  0.681792  0.285425  -0.0826736  4
1500  101649  0.237517  0.0336133  0.684662  0.290604  -0.0625104  4
1600  102206  0.239864  0.0336431  0.683937  0.288043  -0.070399  4
1700  101075  0.234854  0.0341329  0.686824  0.28683  -0.0641632  4
1800  102306  0.232459  0.0341884  0.690177  0.279352  -0.0699842  4
1900  102098  0.23434  0.0318396  0.691246  0.29018  -0.106859  4
2000  100443  0.23735  0.0320953  0.683791  0.279746  -0.129614  4
2100  102445  0.233341  0.0306556  0.689539  0.274377  -0.177619  4
2200  101323  0.225232  0.0304823  0.688817  0.262442  -0.203674  4
2300  102431  0.235108  0.0283093  0.686115  0.264409  -0.204604  4
2400  102912  0.226692  0.0248101  0.684635  0.258436  -0.143698  4
2500  102493  0.237119  0.0231078  0.679296  0.250803  -0.183144  4
2600  102546  0.226021  0.0273148  0.680529  0.246103  -0.22924  4
2700  102576  0.232438  0.0238746  0.673606  0.233452  -0.197896  4
2800  101614  0.233732  0.0255143  0.673233  0.242113  -0.259589  4
2900  102801  0.23203  0.0206319  0.674487  0.244628  -0.264644  4
3000  102827  0.230942  0.0212654  0.675172  0.252339  -0.27697  4
3100  102334  0.226494  0.0201164  0.679518  0.262886  -0.32736  4
3200  102314  0.226945  0.0207114  0.677629  0.257822  -0.353973  4
3300  102738  0.232303  0.0199589  0.674806  0.255478  -0.347404  4
3400  102225  0.23003  0.0185894  0.67631  0.253999  -0.342598  4
3500  102891  0.229328  0.0172941  0.677925  0.260987  -0.337717  4
3600  101949  0.227062  0.0171458  0.674518  0.24574  -0.292612  4
3700  103455  0.228699  0.0157919  0.673198  0.233746  -0.340898  4
3800  102797  0.229904  0.0165984  0.669176  0.227782  -0.336159  4
3900  102262  0.227935  0.0165081  0.66635  0.217978  -0.36639  4
4000  103050  0.228306  0.0163456  0.668519  0.223043  -0.333489  4
4100  102208  0.226823  0.0162584  0.667015  0.226461  -0.323684  4
4200  102552  0.231878  0.015881  0.669081  0.232178  -0.317043  4
4300  102791  0.228035  0.0138243  0.669686  0.235768  -0.317862  4
4400  101761  0.233228  0.0133495  0.669296  0.233623  -0.345343  4
4500  102052  0.2275  0.0124571  0.670094  0.227517  -0.29335  4
4600  102368  0.227827  0.0123022  0.670987  0.234135  -0.299224  4
4700  102729  0.227467  0.0131805  0.670976  0.236069  -0.346512  4
4800  102911  0.226657  0.0125136  0.663252  0.208165  -0.336261  4
4900  102490  0.229792  0.0115815  0.659594  0.200392  -0.330322  4
5000  102380  0.229343  0.0115421  0.662255  0.209096  -0.301181  4
5100  102430  0.228885  0.0100262  0.663384  0.217636  -0.322347  4
5200  102491  0.227386  0.00995635  0.663929  0.213598  -0.359251  4
5300  102498  0.230844  0.00985452  0.663001  0.217569  -0.385762  4
5400  102616  0.22958  0.0105639  0.658183  0.205112  -0.383129  4
5500  103293  0.234443  0.0105328  0.652577  0.185687  -0.389697  4
5600  102921  0.229802  0.00944492  0.655239  0.186927  -0.428342  4
5700  102309  0.225564  0.00773547  0.656011  0.192429  -0.455812  4
5800  103048  0.226673  0.00753637  0.659976  0.205692  -0.450815  4
5900  102133  0.229081  0.00662882  0.658341  0.208038  -0.463511  4
6000  102340  0.235163  0.00680356  0.657056  0.202661  -0.472773  4
6100  102891  0.233136  0.00612834  0.658021  0.199265  -0.498235  4
6200  102919  0.231515  0.00674582  0.658104  0.204646  -0.500896  4
6300  101873  0.232407  0.0063472  0.658282  0.202155  -0.487303  4
6400  102537  0.229466  0.00631689  0.660204  0.211303  -0.450064  4
6500  103379  0.230709  0.00672725  0.656466  0.2042  -0.44081  4
6600  102106  0.229108  0.0057633  0.655799  0.195103  -0.42719  4
6700  102550  0.227426  0.00622056  0.655287  0.192581  -0.440988  4
6800  101551  0.228824  0.0055788  0.655706  0.192458  -0.446976  4
6900  102883  0.226794  0.0046301  0.656401  0.189749  -0.489836  4
7000  101808  0.225861  0.00461273  0.654533  0.181  -0.510252  4
7100  102298  0.226553  0.0048824  0.655089  0.183238  -0.500551  4
7200  102541  0.229357  0.00491497  0.65538  0.17479  -0.527181  4
7300  102909  0.229667  0.00540433  0.65656  0.180569  -0.477989  4
7400  102583  0.222339  0.00457304  0.653643  0.178446  -0.488346  4
7500  102394  0.22791  0.00437331  0.64742  0.173521  -0.448318  4
7600  103642  0.231162  0.00399563  0.645246  0.165139  -0.442146  4
7700  102611  0.22995  0.00451804  0.643521  0.153231  -0.427066  4
7800  103200  0.22502  0.00456494  0.645654  0.15341  -0.422821  4
7900  103053  0.224047  0.00339503  0.64635  0.155434  -0.412398  4
8000  102844  0.224679  0.00375728  0.647215  0.155165  -0.429072  4
8100  102204  0.226736  0.00265036  0.646988  0.147879  -0.408333  4
8200  102773  0.226858  0.00323708  0.644194  0.138133  -0.3595  4
8300  102116  0.225246  0.003446  0.642278  0.131226  -0.357099  4
8400  102366  0.222758  0.00274772  0.64392  0.139511  -0.354077  4
8500  101809  0.225548  0.00242381  0.643959  0.144736  -0.349157  4
8600  102806  0.226646  0.00260432  0.642153  0.138523  -0.32072  4
8700  102699  0.229334  0.00222608  0.640289  0.130934  -0.327153  4
8800  102740  0.223636  0.00210229  0.640433  0.12853  -0.313404  4
8900  102438  0.22407  0.00223272  0.640093  0.122235  -0.334964  4
9000  102099  0.222551  0.00199199  0.639468  0.125012  -0.342936  4
9100  102720  0.226954  0.0023336  0.639765  0.124515  -0.322948  4
9200  102449  0.224494  0.00225398  0.639492  0.129522  -0.295809  4
9300  102138  0.227293  0.00224297  0.641708  0.13885  -0.329346  4
9400  102415  0.225672  0.00226254  0.642384  0.136141  -0.307835  4
9500  103289  0.225505  0.00223491  0.642374  0.132085  -0.319849  4
9600  102907  0.226533  0.00227442  0.642027  0.129673  -0.319746  4
9700  101983  0.222912  0.00192832  0.642324  0.124244  -0.341106  4
9800  102314  0.226708  0.00217539  0.642299  0.120178  -0.364021  4
9900  102517  0.223216  0.00152338  0.641863  0.123308  -0.345828  4
