t meta_n emi  mean_info  tr1  tr2  tr3  strategy
0  116001  0.099952  0.496746  0.899999  0.000777615  7.45647e-05  4
100  103066  0.105762  0.392617  0.855144  0.0737731  -0.00161562  4
200  102268  0.153379  0.319797  0.786231  0.147747  0.00339975  4
300  103244  0.189603  0.262263  0.74113  0.186593  0.00564709  4
400  103221  0.21048  0.229412  0.72021  0.217346  0.0145091  4
500  102946  0.217793  0.194414  0.713677  0.242807  0.0153588  4
600  102462  0.226211  0.185601  0.714167  0.26985  0.00434156  4
700  102360  0.223311  0.178493  0.710922  0.266391  0.017212  4
800  103148  0.221765  0.179244  0.716639  0.272927  0.0145946  4
900  103413  0.224116  0.176152  0.726864  0.312761  0.00766089  4
1000  102360  0.219362  0.168854  0.732472  0.328702  0.03503  4
1100  102904  0.225152  0.169962  0.736192  0.348697  0.0741383  4
1200  103411  0.227236  0.16446  0.743848  0.378556  0.0864564  4
1300  101734  0.222259  0.169237  0.75114  0.396792  0.112681  4
1400  103097  0.220575  0.16774  0.751474  0.394077  0.0843688  4
1500  103196  0.226724  0.18042  0.757794  0.416627  0.0809353  4
1600  103213  0.224133  0.181672  0.771099  0.445393  0.0848928  4
1700  103714  0.223135  0.180392  0.782119  0.45818  0.109265  4
1800  103386  0.216769  0.174446  0.783973  0.462834  0.11105  4
1900  103243  0.221588  0.175474  0.784848  0.469084  0.115022  4
2000  103544  0.222135  0.176298  0.789184  0.487018  0.12943  4
2100  103236  0.218931  0.177341  0.788918  0.479832  0.137814  4
2200  103709  0.214482  0.171932  0.801751  0.514612  0.158989  4
2300  103447  0.215671  0.18032  0.807331  0.526919  0.188614  4
2400  102773  0.218879  0.169582  0.805983  0.524597  0.201167  4
2500  104348  0.218462  0.166067  0.794789  0.508301  0.210613  4
2600  103577  0.209064  0.172961  0.80617  0.533277  0.233435  4
2700  103365  0.214659  0.173723  0.816156  0.546721  0.257031  4
2800  103087  0.210013  0.175022  0.815674  0.549027  0.271942  4
2900  102701  0.208053  0.182314  0.823055  0.566827  0.287377  4
3000  103698  0.217692  0.18298  0.824535  0.583671  0.260229  4
3100  104237  0.22113  0.178704  0.826438  0.5827  0.247251  4
3200  102819  0.216724  0.178323  0.832379  0.597112  0.28046  4
3300  102802  0.216059  0.186472  0.84446  0.625181  0.300108  4
3400  102634  0.213866  0.179773  0.843867  0.624641  0.297697  4
3500  103348  0.210465  0.183807  0.83855  0.606697  0.300142  4
3600  103619  0.204138  0.177256  0.844288  0.61495  0.330773  4
3700  102376  0.209587  0.179239  0.846775  0.628619  0.32788  4
3800  103872  0.206236  0.183585  0.854765  0.641881  0.295883  4
3900  103628  0.208829  0.185071  0.858485  0.643467  0.278886  4
4000  103126  0.20591  0.180634  0.866139  0.655553  0.293618  4
4100  103358  0.209634  0.183087  0.859041  0.648034  0.281491  4
4200  103720  0.211764  0.182797  0.858192  0.649655  0.309444  4
4300  103745  0.20676  0.175067  0.861428  0.646813  0.325533  4
4400  102593  0.211114  0.184036  0.865613  0.660763  0.316315  4
4500  103536  0.218478  0.1816  0.869878  0.668251  0.360077  4
4600  103132  0.209307  0.190124  0.872191  0.667306  0.326813  4
4700  104975  0.21289  0.179894  0.865924  0.656536  0.355498  4
4800  103992  0.22104  0.180591  0.863517  0.651808  0.311414  4
4900  103926  0.214611  0.178746  0.859322  0.637405  0.304425  4
5000  103879  0.211422  0.173728  0.855307  0.625383  0.273945  4
5100  103808  0.213892  0.175889  0.854893  0.630071  0.25849  4
5200  103068  0.208699  0.186293  0.856147  0.630984  0.226681  4
5300  103331  0.216688  0.183292  0.858812  0.637424  0.232477  4
5400  103510  0.212003  0.188511  0.86365  0.651482  0.213867  4
5500  102801  0.205258  0.186185  0.862365  0.648067  0.182031  4
5600  103880  0.214483  0.176721  0.864413  0.650452  0.173465  4
5700  103574  0.212507  0.177578  0.86799  0.664439  0.133832  4
5800  103088  0.207348  0.174782  0.866553  0.663825  0.149003  4
5900  102745  0.21219  0.172865  0.869199  0.676764  0.146443  4
6000  103003  0.219484  0.166776  0.872485  0.675577  0.119476  4
6100  103903  0.21391  0.170008  0.87444  0.674335  0.0861387  4
6200  104362  0.215981  0.173001  0.880665  0.689514  0.0922247  4
6300  104121  0.219029  0.169343  0.87893  0.687812  0.0759266  4
6400  103904  0.222907  0.173472  0.877907  0.681266  0.0612244  4
6500  103300  0.21384  0.175348  0.873554  0.674222  0.0591004  4
6600  103627  0.207673  0.169511  0.87581  0.673481  0.0467352  4
6700  104381  0.2081  0.1782  0.882407  0.690813  -0.00274991  4
6800  103400  0.210307  0.182176  0.889164  0.711297  -0.0095419  4
6900  103359  0.211418  0.171219  0.878102  0.678681  -0.0198349  4
7000  103428  0.20831  0.173226  0.880115  0.68073  0.00586753  4
7100  103368  0.213685  0.163808  0.871769  0.660538  0.0136984  4
7200  103957  0.208139  0.167659  0.870534  0.654084  0.0216572  4
7300  103215  0.208953  0.153847  0.863708  0.636603  0.0563168  4
7400  103488  0.214886  0.159911  0.865396  0.643057  0.0238837  4
7500  103479  0.218994  0.166153  0.869397  0.661482  0.0247897  4
7600  104383  0.219697  0.164939  0.869439  0.662996  -0.0151071  4
7700  103453  0.208021  0.170234  0.875957  0.675844  -0.0640195  4
7800  104015  0.212329  0.174616  0.885831  0.703519  -0.0809171  4
7900  104200  0.211752  0.174855  0.88707  0.704334  -0.0921692  4
8000  103572  0.213027  0.181352  0.885971  0.705913  -0.115985  4
8100  103700  0.216321  0.173834  0.875394  0.676277  -0.0705499  4
8200  104153  0.216503  0.169796  0.87726  0.682636  -0.0464274  4
8300  102860  0.201442  0.173231  0.884556  0.69724  -0.0300541  4
8400  103161  0.214415  0.172389  0.879429  0.687573  -0.00825121  4
8500  104209  0.215062  0.165163  0.873237  0.670436  -0.0164747  4
8600  103884  0.209953  0.169856  0.879374  0.684672  -0.0165574  4
8700  103617  0.213406  0.173365  0.884706  0.701273  -0.0683906  4
8800  103705  0.214872  0.169941  0.886555  0.704549  -0.0491603  4
8900  103688  0.212155  0.17528  0.89068  0.714576  -0.0466187  4
9000  104143  0.214537  0.174713  0.885924  0.700626  -0.0565524  4
9100  103755  0.214203  0.173272  0.88672  0.695842  -0.0586417  4
9200  105001  0.212466  0.170215  0.885249  0.687959  -0.107373  4
9300  103555  0.204912  0.166176  0.88749  0.690465  -0.0863844  4
9400  103792  0.202474  0.16551  0.891855  0.696698  -0.0470684  4
9500  104138  0.214018  0.167444  0.894039  0.705699  -0.0564401  4
9600  103516  0.207546  0.163815  0.896062  0.71167  0.000857679  4
9700  103121  0.209725  0.164977  0.905241  0.730613  0.0219523  4
9800  104184  0.211616  0.1673  0.902458  0.72915  0.021098  4
9900  104106  0.212358  0.165729  0.915456  0.760214  0.0118595  4
