t meta_n emi  mean_info  tr1  tr2  tr3  strategy
0  116539  0.099168  0.498377  0.900004  0.000797891  1.81396e-05  4
100  104721  0.117501  0.540854  0.857083  0.0767318  0.000957416  4
200  105019  0.159056  0.593517  0.8003  0.147263  0.00253642  4
300  103284  0.184749  0.582209  0.777604  0.198353  -0.00520545  4
400  103663  0.198287  0.571229  0.771293  0.249499  -0.0153233  4
500  104788  0.19524  0.552097  0.772569  0.285542  -0.0361499  4
600  104066  0.201121  0.544857  0.773898  0.308852  -0.0849854  4
700  104070  0.205708  0.546784  0.779241  0.335471  -0.094537  4
800  104512  0.204604  0.553409  0.780482  0.349143  -0.0847559  4
900  104818  0.204223  0.542667  0.787822  0.374486  -0.0976513  4
1000  103708  0.208035  0.54157  0.788722  0.377872  -0.0883594  4
1100  104534  0.199112  0.517476  0.795616  0.391462  -0.0741564  4
1200  104700  0.203444  0.500632  0.797798  0.408393  -0.0639689  4
1300  105105  0.199425  0.503  0.80457  0.405271  -0.0722244  4
1400  103353  0.200523  0.501378  0.798941  0.410038  -0.0337089  4
1500  104368  0.204455  0.493958  0.80063  0.42265  -0.0145295  4
1600  104573  0.206232  0.483432  0.807217  0.44675  -0.0355661  4
1700  103636  0.199637  0.477599  0.81124  0.457193  -0.0454  4
1800  104868  0.199213  0.469255  0.81849  0.47458  -0.028902  4
1900  104263  0.200762  0.468234  0.824393  0.484975  -0.015053  4
2000  104084  0.192868  0.472036  0.827827  0.499195  0.00436846  4
2100  104996  0.203888  0.482688  0.827759  0.500058  0.0194264  4
2200  104402  0.192701  0.473016  0.832192  0.510598  0.0679988  4
2300  103683  0.190882  0.46183  0.840115  0.534776  0.106247  4
2400  104709  0.19131  0.4592  0.844605  0.535219  0.121137  4
2500  104236  0.192977  0.449546  0.84908  0.54867  0.170917  4
2600  104482  0.193371  0.439969  0.850704  0.564546  0.17952  4
2700  104376  0.196223  0.440686  0.8453  0.567859  0.18154  4
2800  104451  0.19474  0.428257  0.854798  0.57928  0.195942  4
2900  104411  0.19818  0.437212  0.859457  0.600184  0.223402  4
3000  103869  0.194616  0.435102  0.854713  0.603021  0.197554  4
3100  104173  0.199219  0.438873  0.860731  0.622766  0.171563  4
3200  104716  0.199738  0.437969  0.860807  0.623251  0.160644  4
3300  104618  0.194876  0.436613  0.8616  0.620653  0.135025  4
3400  104764  0.19964  0.437279  0.861547  0.616226  0.113467  4
3500  104855  0.193846  0.434342  0.863142  0.622037  0.0628523  4
3600  104893  0.198364  0.440753  0.868652  0.631324  0.0376359  4
3700  104777  0.190543  0.440461  0.864978  0.627769  0.0328991  4
3800  106012  0.195723  0.438972  0.864008  0.625573  0.0106269  4
3900  105233  0.195436  0.437923  0.865751  0.628699  -0.029901  4
4000  104421  0.18856  0.440144  0.863939  0.629039  -0.0512811  4
4100  105065  0.190343  0.440006  0.871158  0.640188  -0.0694719  4
4200  105302  0.190845  0.427476  0.871712  0.652137  -0.0746885  4
4300  104602  0.192266  0.421058  0.881142  0.666698  -0.0598845  4
4400  104875  0.19028  0.431406  0.884202  0.672257  -0.0430209  4
4500  104858  0.193766  0.422596  0.895377  0.692356  -0.00947532  4
4600  105979  0.190209  0.425977  0.900896  0.708034  0.00674253  4
4700  104118  0.182119  0.412053  0.906865  0.729436  0.0347492  4
4800  105441  0.191813  0.401927  0.913625  0.739477  0.0377574  4
4900  105301  0.192992  0.405998  0.911726  0.745944  0.0236832  4
5000  104409  0.180698  0.399407  0.917112  0.760213  0.0413427  4
5100  104705  0.18235  0.398273  0.91696  0.764836  0.052956  4
5200  105723  0.192301  0.389982  0.924553  0.77683  0.0471294  4
5300  103984  0.184473  0.383425  0.935567  0.795391  0.0709218  4
5400  104118  0.177742  0.388632  0.943213  0.81341  0.0742257  4
5500  105215  0.17747  0.379296  0.946191  0.819113  0.0654711  4
5600  104741  0.191102  0.376758  0.951264  0.838289  0.0541567  4
5700  105754  0.18814  0.373319  0.954322  0.851126  0.093075  4
5800  104328  0.189181  0.368723  0.956928  0.855986  0.111009  4
5900  105413  0.186277  0.379058  0.958599  0.860463  0.108068  4
6000  104685  0.181496  0.380577  0.961297  0.868743  0.0993145  4
6100  104890  0.183849  0.382959  0.957289  0.867057  0.0928815  4
6200  104665  0.18817  0.391688  0.955283  0.86132  0.0951016  4
6300  105663  0.193754  0.390261  0.957937  0.868655  0.0462238  4
6400  104349  0.187675  0.384573  0.963763  0.876361  0.0445812  4
6500  105425  0.191003  0.37609  0.971904  0.885316  0.0447318  4
6600  104704  0.177564  0.375791  0.973285  0.886056  0.0152621  4
6700  105686  0.187921  0.370633  0.979011  0.900874  0.013854  4
6800  105097  0.186158  0.369471  0.981402  0.904316  0.0146892  4
6900  104526  0.184629  0.364572  0.981411  0.906997  0.0428641  4
7000  105017  0.185377  0.36304  0.984549  0.907975  0.0710522  4
7100  104807  0.185586  0.367388  0.98082  0.900025  0.0872827  4
7200  105211  0.180584  0.366353  0.982634  0.902864  0.0898717  4
7300  103800  0.179302  0.367705  0.984139  0.906411  0.102823  4
7400  104936  0.185501  0.36539  0.990706  0.918624  0.0908112  4
7500  105006  0.18194  0.360352  0.994424  0.921539  0.0841124  4
7600  105190  0.186251  0.358933  0.995425  0.926539  0.0742802  4
7700  104698  0.192776  0.361115  0.99533  0.925887  0.0844105  4
7800  105316  0.183099  0.358055  0.993937  0.921689  0.0777018  4
7900  104508  0.18781  0.364286  0.993479  0.924214  0.0642089  4
8000  105083  0.177692  0.35743  0.99958  0.931632  0.0701817  4
8100  104568  0.184678  0.355968  1.00054  0.934907  0.0726667  4
8200  104338  0.17835  0.35671  1.00273  0.939841  0.0789357  4
8300  106125  0.189708  0.353267  1.00423  0.942013  0.0678558  4
8400  106081  0.183172  0.348198  1.00931  0.949857  0.0728752  4
8500  104962  0.18857  0.346768  1.01218  0.953896  0.0808875  4
8600  105939  0.184312  0.346524  1.01298  0.953227  0.0642691  4
8700  105366  0.184229  0.340001  1.01519  0.959152  0.0349005  4
8800  105318  0.18425  0.338544  1.0178  0.962714  0.0158506  4
8900  105578  0.171125  0.340044  1.01988  0.964541  0.0307641  4
9000  104990  0.181667  0.343237  1.02282  0.968489  0.0668834  4
9100  105139  0.18321  0.336433  1.0264  0.972378  0.0589395  4
9200  104921  0.18276  0.337879  1.02492  0.971899  0.0410734  4
9300  105193  0.185476  0.334512  1.02868  0.979731  0.0374275  4
9400  104873  0.185665  0.336227  1.0262  0.979822  0.0508281  4
9500  104898  0.186449  0.338647  1.02601  0.980802  0.0473972  4
9600  105373  0.179026  0.334571  1.0273  0.983369  0.0644816  4
9700  105386  0.191323  0.334972  1.02593  0.981661  0.0720652  4
9800  103885  0.178834  0.338864  1.02543  0.980948  0.0729949  4
9900  105059  0.186927  0.337516  1.02687  0.98562  0.0723105  4
