t meta_n emi  mean_info  tr1  tr2  tr3  strategy
0  114732  0.099072  0.493698  0.900035  0.000758269  3.49593e-05  4
100  102227  0.104875  0.189329  0.847368  0.0740501  0.00206825  4
200  102311  0.161142  0.105359  0.767013  0.137202  0.0087334  4
300  103171  0.198413  0.0770709  0.723827  0.183105  0.0131983  4
400  101287  0.211468  0.0673728  0.705468  0.210187  0.00797865  4
500  102436  0.218833  0.0615953  0.697646  0.22614  -0.00574024  4
600  101783  0.220438  0.0600569  0.695794  0.252587  0.00423056  4
700  102344  0.230098  0.0566118  0.690168  0.256958  0.00544293  4
800  101721  0.227387  0.0552014  0.696401  0.277697  -0.0268843  4
900  102815  0.234641  0.0511237  0.692826  0.279564  -0.0368476  4
1000  102549  0.233461  0.0525444  0.695142  0.292099  -0.0532395  4
1100  102800  0.236419  0.051584  0.690457  0.280624  -0.0568681  4
1200  102833  0.237639  0.0470445  0.691178  0.286562  -0.083535  4
1300  102733  0.236053  0.0458614  0.687527  0.276355  -0.0899154  4
1400  102159  0.237641  0.0479704  0.68915  0.282222  -0.0953698  4
1500  102386  0.232057  0.0480488  0.691487  0.292791  -0.104625  4
1600  102533  0.234219  0.0450156  0.68709  0.28439  -0.0759943  4
1700  102386  0.235953  0.0418033  0.681116  0.265951  -0.0534605  4
1800  101515  0.22935  0.0377925  0.689869  0.280536  -0.0839933  4
1900  102266  0.235582  0.0372156  0.688208  0.275142  -0.0986073  4
2000  102165  0.232838  0.0374782  0.689963  0.274522  -0.0892823  4
2100  102851  0.23421  0.0400253  0.680335  0.257587  -0.0725781  4
2200  102285  0.237328  0.0332214  0.680437  0.261292  -0.0375025  4
2300  101391  0.237035  0.033759  0.682022  0.280578  -0.0426772  4
2400  101342  0.233698  0.0332328  0.686236  0.295748  -0.0946387  4
2500  102326  0.234212  0.0311159  0.687172  0.298352  -0.0733463  4
2600  102542  0.229259  0.0304734  0.691523  0.288636  -0.0660443  4
2700  101910  0.230509  0.0313173  0.690009  0.280885  -0.0638671  4
2800  102456  0.23133  0.029377  0.686382  0.288241  -0.0321657  4
2900  102003  0.230164  0.031707  0.691962  0.298675  -0.0189289  4
3000  102932  0.228791  0.0279227  0.694935  0.296388  -0.0114753  4
3100  101792  0.220805  0.0281789  0.696016  0.282818  -0.0323627  4
3200  101642  0.224552  0.027343  0.692734  0.285415  -0.0239386  4
3300  102616  0.227444  0.0270844  0.690209  0.283196  -0.00535005  4
3400  102625  0.231024  0.0246292  0.691872  0.294171  0.0293577  4
3500  102297  0.228061  0.0239986  0.69373  0.298271  0.00440096  4
3600  103052  0.221539  0.0252188  0.695388  0.289462  0.0134957  4
3700  103039  0.225581  0.0211326  0.689611  0.282184  0.0167952  4
3800  102392  0.225444  0.0216282  0.686826  0.269141  0.00976355  4
3900  103531  0.226378  0.0208442  0.679174  0.252108  0.0280398  4
4000  102226  0.226277  0.019703  0.677483  0.250104  0.0165799  4
4100  102992  0.223756  0.0199657  0.675802  0.248256  -0.0181278  4
4200  102104  0.230105  0.0174719  0.676944  0.248231  -0.00298591  4
4300  102040  0.223  0.0182752  0.681232  0.255352  -0.00699583  4
4400  102796  0.223551  0.0164727  0.679353  0.251581  -0.00617635  4
4500  102632  0.230831  0.0164228  0.674475  0.242062  0.0300439  4
4600  102196  0.225772  0.0170658  0.673092  0.237269  0.0413005  4
4700  102294  0.22823  0.0159132  0.672193  0.242287  0.00634764  4
4800  102955  0.233945  0.0143009  0.669897  0.24715  0.0370857  4
4900  101969  0.231386  0.0122785  0.672229  0.255633  0.0301091  4
5000  102786  0.23007  0.0146843  0.674354  0.255835  0.0341186  4
5100  102974  0.237597  0.0129141  0.669128  0.254278  0.0138386  4
5200  102360  0.227038  0.014866  0.675817  0.255742  0.0119696  4
5300  101872  0.228415  0.0127102  0.674327  0.252703  0.00674902  4
5400  101612  0.2217  0.0106715  0.675414  0.245252  0.0163993  4
5500  102746  0.223687  0.0113946  0.674964  0.241498  -0.0149391  4
5600  103321  0.221226  0.00950384  0.678554  0.2489  -0.00160382  4
5700  102984  0.22469  0.00978372  0.677163  0.243238  0.0252197  4
5800  102765  0.226176  0.00923129  0.680187  0.253073  0.028295  4
5900  102304  0.225659  0.00929483  0.679724  0.258132  -0.00296349  4
6000  103134  0.227201  0.00964898  0.678998  0.251143  0.0349669  4
6100  102158  0.225823  0.0101814  0.674861  0.241632  0.0875741  4
6200  102388  0.227658  0.010555  0.669948  0.232537  0.117668  4
6300  103143  0.229807  0.00828448  0.666892  0.222191  0.156386  4
6400  102597  0.226132  0.00894534  0.667844  0.215222  0.12537  4
6500  102146  0.22321  0.0087086  0.666685  0.219366  0.130883  4
6600  102233  0.230053  0.00865036  0.664156  0.221914  0.15975  4
6700  102985  0.232066  0.00797879  0.66155  0.2143  0.147286  4
6800  102278  0.231385  0.00732181  0.664844  0.222344  0.140977  4
6900  102319  0.226943  0.00808974  0.666143  0.231529  0.0838487  4
7000  102871  0.228688  0.00748736  0.666514  0.230315  0.0803058  4
7100  102594  0.230631  0.00693189  0.663466  0.221624  0.100825  4
7200  102140  0.226294  0.00642649  0.665251  0.233108  0.109932  4
7300  101806  0.223503  0.00659873  0.661968  0.219802  0.101105  4
7400  102678  0.228263  0.00527334  0.659379  0.21687  0.0617316  4
7500  102547  0.230114  0.00430758  0.657405  0.209097  0.0570984  4
7600  102790  0.228804  0.00592547  0.655088  0.189555  0.0484498  4
7700  102861  0.22985  0.005285  0.652808  0.178139  0.0210519  4
7800  102305  0.227491  0.00600085  0.655084  0.186148  0.0477829  4
7900  103035  0.22861  0.00524133  0.65734  0.196202  0.00108371  4
8000  102565  0.228647  0.00516523  0.655361  0.189242  0.0315959  4
8100  102673  0.225469  0.0050805  0.653016  0.187576  0.0352952  4
8200  102717  0.231427  0.00411312  0.655298  0.198123  -0.0104262  4
8300  102762  0.2295  0.00534046  0.655179  0.190318  -0.0153761  4
8400  102531  0.230109  0.00555851  0.653032  0.186461  0.0105651  4
8500  103433  0.22696  0.00404576  0.654713  0.189582  0.0356739  4
8600  102574  0.228883  0.00340332  0.656319  0.200668  0.0380885  4
8700  103164  0.226565  0.00343483  0.65275  0.188818  0.0775341  4
8800  102684  0.229914  0.00375278  0.651661  0.187919  0.0374426  4
8900  102682  0.232213  0.00422899  0.650612  0.188323  0.0783279  4
9000  102645  0.227995  0.00397567  0.649166  0.183859  0.119438  4
9100  101906  0.23366  0.00415953  0.6491  0.184754  0.0836471  4
9200  102047  0.232445  0.00309655  0.649814  0.194777  0.150844  4
9300  102608  0.232611  0.00347005  0.650129  0.199432  0.143933  4
9400  102712  0.230381  0.00339024  0.652444  0.200687  0.112485  4
9500  102768  0.23115  0.00248191  0.652423  0.208862  0.0904321  4
9600  102385  0.232893  0.00173001  0.649953  0.195615  0.104001  4
9700  102470  0.235759  0.00259875  0.649359  0.20323  0.0977388  4
9800  102801  0.236864  0.00237538  0.649862  0.207475  0.102728  4
9900  103253  0.235152  0.00251542  0.650116  0.206188  0.101001  4
