t meta_n emi  mean_info  tr1  tr2  tr3  strategy
0  114603  0.098888  0.492218  0.899946  0.0008391  -2.86533e-05  4
100  102361  0.106261  0.239195  0.844191  0.0761011  0.00433998  4
200  102766  0.161243  0.134386  0.764985  0.126668  0.00757037  4
300  102083  0.198242  0.097503  0.723539  0.173231  0.0264062  4
400  102606  0.215035  0.0776364  0.704056  0.214393  0.0222605  4
500  102048  0.224529  0.073818  0.692695  0.224591  0.0336437  4
600  102373  0.229105  0.0704629  0.688184  0.232751  0.0294148  4
700  102247  0.229869  0.0694496  0.698977  0.263575  0.0288215  4
800  102132  0.224159  0.06906  0.703132  0.271345  0.0271354  4
900  102093  0.228793  0.0685988  0.702039  0.287796  0.0181633  4
1000  102027  0.230704  0.0629687  0.700876  0.290513  0.0101138  4
1100  102029  0.227015  0.0626813  0.699924  0.295728  0.0212634  4
1200  102690  0.241324  0.061342  0.694531  0.306092  -0.0218331  4
1300  102222  0.239471  0.0624976  0.697915  0.311145  -0.0170754  4
1400  102864  0.236616  0.0635043  0.691953  0.303644  -0.00205369  4
1500  102664  0.239814  0.059783  0.686396  0.28931  0.0227048  4
1600  102510  0.235105  0.0538291  0.689282  0.282861  0.0229476  4
1700  102051  0.237818  0.0515823  0.686288  0.280582  0.0696127  4
1800  102397  0.233747  0.0489877  0.689555  0.288409  0.0668189  4
1900  101420  0.230721  0.0470905  0.694534  0.299647  0.0729709  4
2000  102090  0.232502  0.0503702  0.690836  0.301289  0.0648032  4
2100  101991  0.235529  0.0515006  0.688006  0.293509  0.0774197  4
2200  101600  0.23135  0.0508694  0.686938  0.280423  0.0666341  4
2300  102990  0.234923  0.0434206  0.684899  0.277781  0.103121  4
2400  101914  0.230175  0.0456222  0.688385  0.280958  0.131652  4
2500  101966  0.235615  0.0412344  0.684408  0.28196  0.139348  4
2600  103261  0.232445  0.0398736  0.685554  0.291559  0.134343  4
2700  102487  0.235849  0.0423806  0.683389  0.280321  0.0748583  4
2800  102635  0.229639  0.0405476  0.684269  0.274171  0.037827  4
2900  102290  0.227799  0.0378571  0.687143  0.280517  -0.00627822  4
3000  102246  0.231825  0.038344  0.685277  0.28499  -0.0536106  4
3100  102848  0.228347  0.0373625  0.688077  0.290615  -0.0506752  4
3200  101983  0.227742  0.0363944  0.684864  0.282121  -0.1228  4
3300  101844  0.232628  0.0405478  0.683562  0.278527  -0.0841772  4
3400  102694  0.228071  0.0340738  0.68496  0.277688  -0.0812732  4
3500  102085  0.226428  0.0338264  0.683416  0.275393  -0.0493883  4
3600  102717  0.227222  0.0318174  0.685213  0.284898  -0.0643696  4
3700  102692  0.228778  0.0337797  0.686658  0.292539  -0.0613108  4
3800  102351  0.224754  0.0334168  0.688772  0.290255  -0.111124  4
3900  101767  0.222611  0.0326803  0.68635  0.281892  -0.107501  4
4000  102246  0.22683  0.0288201  0.686358  0.276556  -0.059847  4
4100  103013  0.224781  0.0311506  0.684807  0.272774  -0.0439862  4
4200  101917  0.226218  0.0265521  0.684612  0.282027  -0.00683422  4
4300  102059  0.225883  0.0236772  0.68406  0.281097  -0.0324703  4
4400  102305  0.227495  0.0252396  0.685354  0.281524  0.0157042  4
4500  102261  0.226906  0.0240402  0.681675  0.267236  -0.0129792  4
4600  102815  0.226738  0.0238098  0.680069  0.258713  0.0204629  4
4700  103093  0.226378  0.0220769  0.681234  0.264952  0.00785833  4
4800  102344  0.224277  0.0208371  0.679468  0.259501  0.0444784  4
4900  103139  0.224215  0.0193379  0.674639  0.240516  0.0747937  4
5000  102060  0.22372  0.0189727  0.674341  0.235854  0.105653  4
5100  102417  0.227332  0.0179445  0.673545  0.24153  0.146911  4
5200  102845  0.225445  0.0205363  0.67607  0.245566  0.121006  4
5300  103089  0.227494  0.0175354  0.671309  0.235753  0.119437  4
5400  102690  0.225646  0.0163405  0.674379  0.237584  0.138268  4
5500  102516  0.220135  0.0166836  0.67835  0.239724  0.0806921  4
5600  101878  0.224474  0.0152625  0.677659  0.242057  0.0406541  4
5700  101790  0.22326  0.0147851  0.677209  0.247552  0.0465097  4
5800  102326  0.221276  0.0167901  0.678242  0.244132  0.019924  4
5900  104174  0.227476  0.0182657  0.676898  0.251644  0.0314527  4
6000  102784  0.225819  0.0159263  0.675385  0.241909  0.0505158  4
6100  104297  0.232007  0.0139894  0.676948  0.245999  0.0735728  4
6200  103545  0.227446  0.015419  0.673171  0.243433  0.0524464  4
6300  102877  0.22838  0.0138087  0.67247  0.240317  0.0591646  4
6400  102587  0.228325  0.0116354  0.670208  0.237178  0.0459407  4
6500  102897  0.228331  0.0116166  0.668472  0.23057  0.00468989  4
6600  102266  0.227594  0.0120057  0.667868  0.229427  0.0298122  4
6700  103016  0.226324  0.0106986  0.669668  0.238516  0.115877  4
6800  102964  0.229478  0.0101389  0.670332  0.231297  0.0854188  4
6900  101510  0.221876  0.00969785  0.668237  0.224994  0.145685  4
7000  103419  0.226324  0.00875113  0.667668  0.230777  0.217915  4
7100  102451  0.22687  0.00903603  0.669341  0.23698  0.175435  4
7200  102519  0.227715  0.0090799  0.66749  0.224818  0.197126  4
7300  103002  0.225535  0.00829431  0.667952  0.216271  0.197307  4
7400  102512  0.22625  0.00754199  0.664437  0.205937  0.223983  4
7500  102783  0.227121  0.00782742  0.664122  0.204498  0.226764  4
7600  102740  0.222768  0.00858109  0.661016  0.201671  0.216718  4
7700  101926  0.219932  0.00840426  0.661997  0.202457  0.240434  4
7800  103538  0.22608  0.00793415  0.657165  0.190363  0.233331  4
7900  103049  0.22477  0.00649904  0.657703  0.191498  0.206345  4
8000  101514  0.219091  0.00836061  0.65652  0.188202  0.224401  4
8100  102650  0.229007  0.00565781  0.653637  0.180293  0.295499  4
8200  102813  0.223654  0.00500117  0.654526  0.185949  0.334865  4
8300  102996  0.223775  0.00642724  0.654659  0.18915  0.356703  4
8400  102699  0.226481  0.00753274  0.654442  0.183804  0.315255  4
8500  102269  0.226477  0.00736146  0.655009  0.17914  0.313775  4
8600  103929  0.227272  0.00668652  0.656061  0.180523  0.299383  4
8700  103259  0.223026  0.00552913  0.654431  0.177182  0.240958  4
8800  103373  0.229651  0.00557368  0.654373  0.1757  0.180971  4
8900  102916  0.2254  0.00453656  0.657843  0.185492  0.144163  4
9000  102052  0.225394  0.00504856  0.658212  0.186827  0.154242  4
9100  102416  0.22259  0.0041086  0.65653  0.185995  0.149016  4
9200  102905  0.22412  0.00449637  0.655608  0.184571  0.153852  4
9300  103173  0.224561  0.00503614  0.65668  0.184726  0.133142  4
9400  103708  0.224348  0.00461025  0.658756  0.185868  0.136402  4
9500  101900  0.222647  0.00550898  0.65757  0.181564  0.122687  4
9600  102834  0.224224  0.00586185  0.660744  0.186678  0.121273  4
9700  102020  0.216865  0.00410658  0.660407  0.175767  0.0900733  4
9800  103022  0.223481  0.00447948  0.661599  0.180891  0.0743222  4
9900  102761  0.224859  0.0044107  0.660887  0.173993  0.0440188  4
