0.886916  1.16944  0.298252
0.886916  1.16944  0.664874
0.886916  1.16944  0.401108
1.00375  1.03019  0.0970814
0.899789  1.14648  0.584521
0.886916  1.16944  0.664874
0.899789  1.14648  0.584521
0.899789  1.14648  0.584521
0.886916  1.16944  0.401108
0.886916  1.16944  0.401108
0.862255  1.17621  -0.210827
0.886916  1.16944  0.134601
0.886916  1.16944  0.401108
0.810162  1.2423  0.146116
0.961118  1.0624  0.699525
0.961118  0.962256  -0.156898
0.886916  1.16944  0.401108
0.759472  1.3778  1.10906
0.864158  1.17621  -0.859166
0.899789  1.14648  0.584521
0.961118  1.0624  0.699525
0.886916  1.16944  0.664874
0.886916  1.16944  0.401108
0.874063  1.17621  -0.27392
0.899789  1.14648  0.584521
0.981492  1.0143  -0.890114
0.886916  1.16944  0.401108
0.862255  1.17621  -0.210827
0.886916  1.16944  0.664874
1.00375  1.03019  0.0970814
1.00375  1.03019  -0.0250875
0.961118  1.0624  0.699525
0.981492  1.0143  -0.962547
0.899789  1.14648  0.584521
0.899789  1.14648  0.584521
0.886916  1.16944  0.664874
0.874063  1.17621  -0.27392
0.886916  1.16944  0.298252
0.759472  1.3778  1.23363
0.886916  1.16944  0.401108
0.874063  1.17621  -0.27392
0.886916  1.16944  0.664874
0.874063  1.17621  -0.27392
0.899789  1.14648  0.519055
0.886916  1.16944  0.401108
0.899789  1.14648  0.584521
0.886916  1.16944  0.664874
0.862255  1.17621  -0.210827
0.937649  1.10356  -0.95509
0.759472  1.3778  1.23363
0.886916  1.16944  0.664874
0.886916  1.16944  0.664874
0.87374  1.17621  -0.682299
1.00375  1.03019  -0.0250875
0.810162  1.2423  0.146116
0.981492  1.0143  -0.890114
0.886916  1.16944  0.664874
0.961118  0.962256  -0.156898
0.886916  1.16944  0.401108
0.810162  1.2423  0.146116
0.899789  1.14648  0.584521
1.00375  1.03019  -0.0250875
0.810162  1.2423  0.146116
0.899789  1.14648  0.584521
0.961118  1.0624  0.699525
0.899789  1.14648  0.519055
1.00375  1.03019  0.0970814
1.00375  1.03019  -0.0250875
0.886916  1.16944  0.655758
0.759472  1.3778  1.23363
0.759472  1.3778  1.10906
0.886916  1.16944  0.664874
0.886916  1.16944  0.664874
1.00375  1.03019  -0.0250875
1.00375  1.03019  0.0970814
0.899789  1.14648  0.584521
0.984842  0.987526  0.192067
1.00375  1.03019  -0.0250875
0.961118  1.0624  0.699525
1.00375  1.03019  0.0970814
1.00375  1.03019  0.0970814
1.00375  1.03019  -0.0250875
0.886916  1.16944  0.401108
0.759472  1.3778  1.23363
1.00375  1.03019  0.0970814
0.984842  0.987526  0.192067
0.899789  1.14648  0.584521
0.981492  1.0143  -0.890114
0.899789  1.14648  0.584521
0.759472  1.3778  1.23363
0.886916  1.16944  0.664874
0.981492  1.0143  -0.890114
0.886916  1.16944  0.664874
1.00375  1.03019  0.0970814
0.886916  1.16944  0.664874
0.981492  1.0143  -0.890114
0.886916  1.16944  0.664874
0.886916  1.16944  0.401108
1.00375  1.03019  0.0970814
0.886916  1.16944  0.664874
0.981492  1.0143  -0.890114
0.961118  0.962256  -0.156898
0.962405  1.08232  -0.149238
0.984842  0.987526  0.192067
0.961118  1.0624  0.699525
1.00375  1.03019  0.0970814
0.886916  1.16944  0.664874
0.759472  1.3778  1.10906
0.874063  1.17621  -0.27392
0.886916  1.16944  0.664874
0.874063  1.17621  -0.27392
0.874063  1.17621  -0.27392
1.00375  1.03019  -0.0250875
0.861204  1.16041  -0.471299
0.961118  1.0624  0.699525
0.981492  1.0143  -0.890114
1.00375  1.03019  -0.0250875
0.886916  1.16944  0.298252
0.899789  1.14648  0.584521
0.899789  1.14648  0.519055
1.00375  1.03019  0.0970814
0.874063  1.17621  -0.27392
0.886916  1.16944  0.298252
1.00375  1.03019  -0.0250875
1.00375  1.03019  -0.0250875
0.962405  1.08232  -0.149238
0.981492  1.0143  -0.890114
0.861204  1.16041  -0.471299
0.937649  1.10356  -0.95509
0.886916  1.16944  0.401108
0.937649  1.10356  -0.95509
0.862255  1.17621  -0.210827
0.864158  1.17621  -0.859166
0.886916  1.16944  0.664874
0.984842  0.987526  0.192067
0.899789  1.14648  0.584521
0.899789  1.14648  0.584521
0.886916  1.16944  0.664874
0.886916  1.16944  0.401108
0.886916  1.16944  0.401108
0.886916  1.16944  0.401108
0.886916  1.16944  0.401108
0.886916  1.16944  0.664874
1.00375  1.03019  0.0970814
0.886916  1.16944  0.664874
0.886916  1.16944  0.134601
0.810162  1.2423  0.146116
0.886916  1.16944  0.401108
0.981492  1.0143  -0.962547
1.00375  1.03019  -0.0250875
0.810162  1.2423  0.146116
0.899789  1.14648  0.519055
0.899789  1.14648  0.584521
0.810162  1.2423  0.146116
1.00375  1.03019  0.0970814
0.886916  1.16944  0.664874
0.886916  1.16944  0.401108
0.886916  1.16944  0.664874
0.981492  1.0143  -0.890114
0.981492  1.0143  -0.890114
0.886916  1.16944  0.401108
0.810162  1.2423  0.146116
0.886916  1.16944  0.401108
0.899789  1.14648  0.584521
0.810162  1.2423  0.146116
0.874063  1.17621  -0.27392
0.899789  1.14648  0.584521
0.961118  1.0624  0.699525
0.984842  0.987526  0.192067
0.899789  1.14648  0.519055
0.886916  1.16944  0.664874
0.874063  1.17621  -0.27392
0.984842  0.987526  0.192067
0.862255  1.17621  -0.210827
0.886916  1.16944  0.401108
0.899789  1.14648  0.584521
0.961118  1.0624  0.699525
0.810162  1.2423  0.146116
1.00375  1.03019  -0.0250875
0.810162  1.2423  0.146116
1.00375  1.03019  0.0970814
0.899789  1.14648  0.584521
0.961118  1.0624  0.699525
0.886916  1.16944  0.664874
0.886916  1.16944  0.298252
0.886916  1.16944  0.664874
0.886916  1.16944  0.664874
0.984842  0.987526  0.192067
1.00375  1.03019  -0.0250875
0.886916  1.16944  0.664874
0.899789  1.14648  0.584521
0.937649  1.10356  -0.95509
0.886916  1.16944  0.401108
0.961118  1.0624  0.699525
0.862255  1.17621  -0.210827
0.886916  1.16944  0.655758
0.886916  1.16944  0.298252
0.886916  1.16944  0.664874
0.899789  1.14648  0.584521
0.886916  1.16944  0.401108
1.00375  1.03019  0.0970814
0.886916  1.16944  0.664874
0.937649  1.10356  -0.95509
0.759472  1.3778  1.23363
0.981492  1.0143  -0.962547
0.899789  1.14648  0.584521
0.886916  1.16944  0.401108
0.961118  1.0624  0.699525
0.886916  1.16944  0.664874
0.874063  1.17621  -0.27392
0.899789  1.14648  0.519055
0.899789  1.14648  0.584521
0.886916  1.16944  0.298252
0.961118  1.0624  0.699525
0.861204  1.16041  -0.471299
0.862255  1.17621  -0.210827
0.961118  1.0624  0.699525
0.961118  1.0624  0.699525
0.886916  1.16944  0.664874
1.00375  1.03019  0.0970814
0.899789  1.14648  0.519055
0.886916  1.16944  0.664874
0.759472  1.3778  1.23363
0.981492  1.0143  -0.890114
0.886916  1.16944  0.664874
0.886916  1.16944  0.298252
0.759472  1.3778  1.10906
0.961118  1.0624  0.699525
0.810162  1.2423  0.146116
0.899789  1.14648  0.584521
1.00375  1.03019  0.0970814
0.886916  1.16944  0.401108
0.886916  1.16944  0.664874
0.984842  0.987526  0.192067
0.899789  1.14648  0.519055
0.886916  1.16944  0.134601
1.00375  1.03019  -0.0250875
0.886916  1.16944  0.664874
0.981492  1.0143  -0.890114
0.759472  1.3778  1.23363
0.981492  1.0143  -0.890114
0.886916  1.16944  0.664874
0.886916  1.16944  0.298252
0.937649  1.10356  -0.95509
0.886916  1.16944  0.664874
0.899789  1.14648  0.584521
0.862255  1.17621  -0.210827
0.886916  1.16944  0.664874
0.886916  1.16944  0.401108
0.899789  1.14648  0.519055
0.899789  1.14648  0.584521
0.886916  1.16944  0.401108
0.862255  1.17621  -0.210827
0.886916  1.16944  0.298252
0.981492  1.0143  -0.890114
0.886916  1.16944  0.664874
0.886916  1.16944  0.664874
0.899789  1.14648  0.584521
0.899789  1.14648  0.584521
1.00375  1.03019  -0.0250875
0.937649  1.10356  -0.95509
0.899789  1.14648  0.584521
0.984842  0.987526  0.192067
0.886916  1.16944  0.664874
0.874063  1.17621  -0.27392
0.759472  1.3778  1.10906
0.886916  1.16944  0.664874
0.981492  1.0143  -0.890114
1.00375  1.03019  -0.0250875
0.886916  1.16944  0.664874
0.886916  1.16944  0.664874
0.886916  1.16944  0.134601
0.886916  1.16944  0.664874
0.886916  1.16944  0.401108
0.759472  1.3778  1.10906
1.00375  1.03019  0.0970814
1.00375  1.03019  -0.0250875
0.984842  0.987526  0.192067
0.899789  1.14648  0.584521
0.874063  1.17621  -0.27392
0.886916  1.16944  0.401108
1.00375  1.03019  -0.0250875
0.899789  1.14648  0.584521
0.810162  1.2423  0.146116
0.899789  1.14648  0.584521
0.759472  1.3778  1.23363
0.861204  1.16041  -0.471299
1.00375  1.03019  -0.0250875
0.899789  1.14648  0.584521
0.981492  1.0143  -0.890114
0.899789  1.14648  0.519055
0.984842  0.987526  0.192067
0.961118  1.0624  0.699525
0.862255  1.17621  -0.210827
0.886916  1.16944  0.664874
0.899789  1.14648  0.584521
0.862255  1.17621  -0.210827
0.899789  1.14648  0.584521
0.899789  1.14648  0.584521
0.759472  1.3778  1.23363
0.862255  1.17621  -0.210827
0.886916  1.16944  0.664874
0.886916  1.16944  0.664874
0.886916  1.16944  0.664874
0.899789  1.14648  0.584521
0.962405  1.08232  -0.149238
0.861204  1.16041  -0.471299
0.886916  1.16944  0.401108
1.00375  1.03019  -0.0250875
0.886916  1.16944  0.664874
0.981492  1.0143  -0.890114
0.886916  1.16944  0.401108
0.961118  1.0624  0.699525
0.874063  1.17621  -0.27392
0.899789  1.14648  0.584521
0.886916  1.16944  0.401108
0.759472  1.3778  1.23363
0.886916  1.16944  0.298252
0.861204  1.16041  -0.471299
0.759472  1.3778  1.10906
0.984842  0.987526  0.192067
0.886916  1.16944  0.664874
0.981492  1.0143  -0.962547
0.886916  1.16944  0.401108
0.886916  1.16944  0.134601
0.759472  1.3778  1.10906
0.886916  1.16944  0.401108
0.810162  1.2423  0.146116
0.886916  1.16944  0.298252
1.00375  1.03019  -0.0250875
0.886916  1.16944  0.664874
0.899789  1.14648  0.519055
0.886916  1.16944  0.664874
0.874063  1.17621  -0.27392
0.87374  1.17621  -0.682299
0.899789  1.14648  0.584521
0.886916  1.16944  0.664874
0.984842  0.987526  0.192067
0.899789  1.14648  0.519055
0.961118  1.0624  0.699525
0.899789  1.14648  0.584521
1.00375  1.03019  -0.0250875
0.886916  1.16944  0.401108
0.984842  0.987526  0.192067
0.961118  1.0624  0.699525
0.962405  1.08232  -0.149238
0.961118  1.0624  0.699525
0.937649  1.10356  -0.95509
0.984842  0.987526  0.192067
0.899789  1.14648  0.584521
0.874063  1.17621  -0.27392
0.886916  1.16944  0.664874
0.886916  1.16944  0.664874
1.00375  1.03019  -0.0250875
0.981492  1.0143  -0.890114
1.00375  1.03019  -0.0250875
0.984842  0.987526  0.192067
0.886916  1.16944  0.664874
0.899789  1.14648  0.584521
0.899789  1.14648  0.584521
0.810162  1.2423  0.146116
0.981492  1.0143  -0.890114
0.981492  1.0143  -0.890114
0.899789  1.14648  0.584521
0.886916  1.16944  0.401108
0.899789  1.14648  0.519055
1.00375  1.03019  0.0970814
0.886916  1.16944  0.664874
0.937649  1.10356  -0.95509
0.886916  1.16944  0.664874
0.899789  1.14648  0.584521
0.984842  0.987526  0.192067
0.937649  1.10356  -0.95509
0.810162  1.2423  0.146116
0.899789  1.14648  0.519055
0.899789  1.14648  0.584521
0.886916  1.16944  0.134601
0.937649  1.10356  -0.95509
1.00375  1.03019  -0.0250875
0.961118  1.0624  0.699525
1.00375  1.03019  0.0970814
0.886916  1.16944  0.401108
0.886916  1.16944  0.664874
0.962405  1.08232  -0.149238
0.981492  1.0143  -0.890114
0.886916  1.16944  0.664874
1.00375  1.03019  -0.0250875
0.981492  1.0143  -0.890114
0.886916  1.16944  0.664874
0.981492  1.0143  -0.962547
0.886916  1.16944  0.664874
1.00375  1.03019  -0.0250875
0.886916  1.16944  0.655758
0.899789  1.14648  0.584521
0.886916  1.16944  0.664874
0.886916  1.16944  0.401108
0.899789  1.14648  0.584521
0.759472  1.3778  1.23363
0.874063  1.17621  -0.27392
0.961118  1.0624  0.699525
0.886916  1.16944  0.664874
0.899789  1.14648  0.519055
0.886916  1.16944  0.664874
1.00375  1.03019  0.0970814
0.886916  1.16944  0.298252
0.886916  1.16944  0.664874
0.862255  1.17621  -0.210827
0.886916  1.16944  0.401108
0.984842  0.987526  0.192067
0.759472  1.3778  1.10906
0.962405  1.08232  -0.149238
0.886916  1.16944  0.664874
0.886916  1.16944  0.401108
0.874063  1.17621  -0.27392
1.00375  1.03019  -0.0250875
0.981492  1.0143  -0.962547
0.886916  1.16944  0.401108
0.899789  1.14648  0.584521
0.981492  1.0143  -0.890114
0.899789  1.14648  0.584521
0.886916  1.16944  0.401108
0.810162  1.2423  0.146116
0.759472  1.3778  1.23363
0.886916  1.16944  0.401108
0.886916  1.16944  0.664874
0.886916  1.16944  0.664874
0.886916  1.16944  0.664874
0.886916  1.16944  0.664874
0.937649  1.10356  -0.95509
0.899789  1.14648  0.584521
0.886916  1.16944  0.664874
0.886916  1.16944  0.401108
0.874063  1.17621  -0.27392
0.886916  1.16944  0.664874
0.759472  1.3778  1.23363
0.981492  1.0143  -0.890114
0.899789  1.14648  0.584521
0.984842  0.987526  0.192067
0.886916  1.16944  0.664874
0.899789  1.14648  0.584521
0.899789  1.14648  0.584521
0.961118  1.0624  0.699525
0.886916  1.16944  0.664874
0.984842  0.987526  0.192067
0.962405  1.08232  -0.149238
1.00375  1.03019  -0.0250875
0.886916  1.16944  0.134601
0.886916  1.16944  0.401108
0.981492  1.0143  -0.890114
0.886916  1.16944  0.664874
0.886916  1.16944  0.664874
0.981492  1.0143  -0.890114
0.886916  1.16944  0.401108
0.874063  1.17621  -0.27392
1.00375  1.03019  -0.0250875
0.886916  1.16944  0.664874
0.874063  1.17621  -0.27392
0.962405  1.08232  -0.149238
0.861204  1.16041  -0.471299
0.862255  1.17621  -0.210827
0.886916  1.16944  0.134601
0.961118  1.0624  0.699525
0.899789  1.14648  0.584521
0.899789  1.14648  0.584521
0.899789  1.14648  0.584521
0.937649  1.10356  -0.95509
0.886916  1.16944  0.298252
0.810162  1.2423  0.146116
0.886916  1.16944  0.298252
0.886916  1.16944  0.298252
0.886916  1.16944  0.298252
1.00375  1.03019  0.0970814
0.810162  1.2423  0.146116
1.00375  1.03019  -0.0250875
0.899789  1.14648  0.584521
0.962405  1.08232  -0.149238
0.862255  1.17621  -0.210827
1.00375  1.03019  0.0970814
0.961118  1.0624  0.699525
0.962405  1.08232  -0.149238
0.899789  1.14648  0.584521
0.899789  1.14648  0.584521
0.961118  1.0624  0.699525
0.961118  1.0624  0.699525
0.899789  1.14648  0.584521
0.984842  0.987526  0.192067
0.874063  1.17621  -0.27392
0.886916  1.16944  0.664874
0.874063  1.17621  -0.27392
0.899789  1.14648  0.584521
1.00375  1.03019  -0.0250875
0.886916  1.16944  0.401108
1.00375  1.03019  -0.0250875
0.886916  1.16944  0.664874
0.981492  1.0143  -0.890114
1.00375  1.03019  0.0970814
0.886916  1.16944  0.664874
0.886916  1.16944  0.298252
0.899789  1.14648  0.584521
1.00375  1.03019  -0.0250875
0.899789  1.14648  0.584521
0.981492  1.0143  -0.962547
0.886916  1.16944  0.401108
0.861204  1.16041  -0.471299
0.810162  1.2423  0.146116
1.00375  1.03019  -0.0250875
0.961118  1.0624  0.699525
1.00375  1.03019  -0.0250875
0.759472  1.3778  1.23363
0.981492  1.0143  -0.890114
1.00375  1.03019  -0.0250875
0.961118  1.0624  0.699525
0.886916  1.16944  0.298252
0.886916  1.16944  0.664874
0.899789  1.14648  0.584521
0.759472  1.3778  1.23363
0.886916  1.16944  0.664874
0.886916  1.16944  0.401108
0.886916  1.16944  0.664874
0.810162  1.2423  0.146116
0.886916  1.16944  0.401108
1.00375  1.03019  -0.0250875
0.886916  1.16944  0.401108
0.899789  1.14648  0.584521
0.962405  1.08232  -0.149238
0.899789  1.14648  0.584521
0.899789  1.14648  0.584521
0.899789  1.14648  0.584521
0.984842  0.987526  0.192067
0.886916  1.16944  0.664874
0.861204  1.16041  -0.471299
0.961118  1.0624  0.699525
0.810162  1.2423  0.146116
0.899789  1.14648  0.584521
0.984842  0.987526  0.192067
0.810162  1.2423  0.146116
0.961118  1.0624  0.699525
0.899789  1.14648  0.584521
0.962405  1.08232  -0.149238
0.861204  1.16041  -0.471299
0.886916  1.16944  0.664874
0.886916  1.16944  0.664874
0.874063  1.17621  -0.27392
0.810162  1.2423  0.146116
0.981492  1.0143  -0.890114
0.899789  1.14648  0.584521
0.961118  1.0624  0.699525
0.984842  0.987526  0.192067
0.810162  1.2423  0.146116
0.899789  1.14648  0.584521
0.886916  1.16944  0.664874
1.00375  1.03019  0.0970814
0.886916  1.16944  0.664874
0.810162  1.2423  0.146116
0.961118  1.0624  0.699525
0.886916  1.16944  0.134601
0.87374  1.17621  -0.682299
0.899789  1.14648  0.584521
0.981492  1.0143  -0.890114
0.981492  1.0143  -0.890114
0.961118  1.0624  0.699525
0.961118  1.0624  0.699525
0.899789  1.14648  0.584521
0.899789  1.14648  0.584521
1.00375  1.03019  0.0970814
1.00375  1.03019  -0.0250875
0.899789  1.14648  0.519055
0.899789  1.14648  0.584521
0.886916  1.16944  0.664874
0.899789  1.14648  0.584521
0.899789  1.14648  0.584521
0.961118  1.0624  0.699525
0.899789  1.14648  0.584521
0.886916  1.16944  0.298252
0.984842  0.987526  0.192067
0.937649  1.10356  -0.95509
0.899789  1.14648  0.584521
0.886916  1.16944  0.664874
0.886916  1.16944  0.401108
0.759472  1.3778  1.10906
0.899789  1.14648  0.584521
0.886916  1.16944  0.664874
0.759472  1.3778  1.23363
0.886916  1.16944  0.664874
0.961118  1.0624  0.699525
0.961118  1.0624  0.699525
0.886916  1.16944  0.298252
0.899789  1.14648  0.584521
1.00375  1.03019  -0.0250875
0.886916  1.16944  0.298252
0.899789  1.14648  0.584521
0.862255  1.17621  -0.210827
0.886916  1.16944  0.664874
0.984842  0.987526  0.192067
0.759472  1.3778  1.10906
0.874063  1.17621  -0.27392
0.937649  1.10356  -0.95509
0.899789  1.14648  0.584521
0.886916  1.16944  0.664874
0.984842  0.987526  0.192067
1.00375  1.03019  0.0970814
0.886916  1.16944  0.664874
0.886916  1.16944  0.401108
0.886916  1.16944  0.664874
0.984842  0.987526  0.192067
1.00375  1.03019  -0.0250875
1.00375  1.03019  -0.0250875
0.984842  0.987526  0.192067
0.899789  1.14648  0.584521
0.961118  1.0624  0.699525
0.874063  1.17621  -0.27392
0.899789  1.14648  0.519055
0.937649  1.10356  -0.95509
0.981492  1.0143  -0.890114
0.899789  1.14648  0.584521
0.984842  0.987526  0.192067
0.886916  1.16944  0.664874
0.862255  1.17621  -0.210827
0.886916  1.16944  0.401108
0.899789  1.14648  0.584521
0.886916  1.16944  0.298252
0.899789  1.14648  0.584521
0.984842  0.987526  0.192067
0.899789  1.14648  0.584521
0.886916  1.16944  0.298252
0.961118  1.0624  0.699525
0.899789  1.14648  0.584521
1.00375  1.03019  -0.0250875
0.886916  1.16944  0.401108
0.886916  1.16944  0.664874
0.886916  1.16944  0.664874
0.886916  1.16944  0.298252
1.00375  1.03019  0.0970814
0.886916  1.16944  0.664874
0.874063  1.17621  -0.27392
0.886916  1.16944  0.401108
1.00375  1.03019  -0.0250875
0.759472  1.3778  1.10906
0.886916  1.16944  0.401108
0.899789  1.14648  0.584521
0.886916  1.16944  0.664874
0.886916  1.16944  0.401108
0.899789  1.14648  0.584521
0.984842  0.987526  0.192067
0.962405  1.08232  -0.149238
0.899789  1.14648  0.584521
0.886916  1.16944  0.401108
0.937649  1.10356  -0.95509
0.961118  1.0624  0.699525
0.874063  1.17621  -0.27392
0.984842  0.987526  0.192067
0.886916  1.16944  0.664874
0.899789  1.14648  0.519055
0.961118  1.0624  0.699525
0.899789  1.14648  0.519055
0.886916  1.16944  0.664874
0.886916  1.16944  0.134601
0.899789  1.14648  0.519055
0.886916  1.16944  0.664874
0.886916  1.16944  0.664874
0.886916  1.16944  0.664874
0.886916  1.16944  0.401108
0.810162  1.2423  0.146116
0.984842  0.987526  0.192067
0.981492  1.0143  -0.890114
0.874063  1.17621  -0.27392
0.886916  1.16944  0.401108
0.984842  0.987526  0.192067
1.00375  1.03019  -0.0250875
0.874063  1.17621  -0.27392
0.886916  1.16944  0.664874
0.874063  1.17621  -0.27392
0.984842  0.987526  0.192067
1.00375  1.03019  -0.0250875
0.961118  1.0624  0.699525
1.00375  1.03019  -0.0250875
0.899789  1.14648  0.584521
0.981492  1.0143  -0.890114
0.899789  1.14648  0.584521
0.874063  1.17621  -0.27392
0.886916  1.16944  0.664874
1.00375  1.03019  0.0970814
0.899789  1.14648  0.584521
0.981492  1.0143  -0.890114
0.886916  1.16944  0.664874
0.886916  1.16944  0.664874
0.899789  1.14648  0.584521
0.962405  1.08232  -0.149238
0.886916  1.16944  0.401108
0.899789  1.14648  0.584521
0.899789  1.14648  0.584521
1.00375  1.03019  0.0970814
0.981492  1.0143  -0.890114
1.00375  1.03019  -0.0250875
0.961118  1.0624  0.699525
0.862255  1.17621  -0.210827
0.874063  1.17621  -0.27392
0.759472  1.3778  1.10906
0.981492  1.0143  -0.890114
0.759472  1.3778  1.23363
0.886916  1.16944  0.298252
0.886916  1.16944  0.298252
0.886916  1.16944  0.664874
0.874063  1.17621  -0.27392
0.886916  1.16944  0.664874
0.937649  1.10356  -0.95509
0.937649  1.10356  -0.95509
0.899789  1.14648  0.584521
0.899789  1.14648  0.584521
1.00375  1.03019  0.0970814
1.00375  1.03019  -0.0250875
0.810162  1.2423  0.146116
0.899789  1.14648  0.519055
1.00375  1.03019  -0.0250875
0.886916  1.16944  0.298252
0.759472  1.3778  1.10906
0.759472  1.3778  1.10906
0.899789  1.14648  0.584521
0.886916  1.16944  0.664874
0.874063  1.17621  -0.27392
0.899789  1.14648  0.584521
0.886916  1.16944  0.664874
0.937649  1.10356  -0.95509
0.899789  1.14648  0.584521
0.899789  1.14648  0.584521
0.886916  1.16944  0.664874
0.874063  1.17621  -0.27392
0.899789  1.14648  0.584521
0.984842  0.987526  0.192067
0.874063  1.17621  -0.27392
0.886916  1.16944  0.664874
0.981492  1.0143  -0.890114
0.886916  1.16944  0.664874
1.00375  1.03019  -0.0250875
0.886916  1.16944  0.298252
0.862255  1.17621  -0.210827
0.886916  1.16944  0.401108
0.984842  0.987526  0.192067
0.759472  1.3778  1.23363
0.886916  1.16944  0.664874
0.961118  1.0624  0.699525
0.984842  0.987526  0.192067
1.00375  1.03019  0.0970814
0.899789  1.14648  0.584521
0.899789  1.14648  0.584521
0.984842  0.987526  0.192067
0.984842  0.987526  0.192067
0.886916  1.16944  0.401108
0.899789  1.14648  0.584521
0.810162  1.2423  0.146116
0.886916  1.16944  0.664874
0.899789  1.14648  0.584521
0.810162  1.2423  0.146116
0.810162  1.2423  0.146116
0.899789  1.14648  0.519055
0.899789  1.14648  0.584521
0.899789  1.14648  0.584521
0.899789  1.14648  0.519055
0.981492  1.0143  -0.890114
0.810162  1.2423  0.146116
0.861204  1.16041  -0.471299
0.899789  1.14648  0.584521
1.00375  1.03019  0.0970814
0.899789  1.14648  0.584521
0.759472  1.3778  1.23363
0.862255  1.17621  -0.210827
0.861204  1.16041  -0.471299
0.886916  1.16944  0.298252
0.899789  1.14648  0.584521
0.899789  1.14648  0.584521
0.874063  1.17621  -0.27392
0.899789  1.14648  0.584521
0.962405  1.08232  -0.149238
0.899789  1.14648  0.584521
0.962405  1.08232  -0.149238
0.810162  1.2423  0.146116
0.886916  1.16944  0.664874
0.861204  1.16041  -0.471299
0.759472  1.3778  1.10906
0.899789  1.14648  0.584521
0.874063  1.17621  -0.27392
1.00375  1.03019  -0.0250875
0.874063  1.17621  -0.27392
1.00375  1.03019  0.0970814
0.810162  1.2423  0.146116
0.899789  1.14648  0.584521
0.886916  1.16944  0.664874
0.961118  1.0624  0.699525
0.981492  1.0143  -0.962547
0.886916  1.16944  0.664874
0.886916  1.16944  0.401108
0.759472  1.3778  1.23363
0.899789  1.14648  0.584521
0.899789  1.14648  0.584521
0.899789  1.14648  0.584521
0.886916  1.16944  0.401108
1.00375  1.03019  0.0970814
0.886916  1.16944  0.401108
0.886916  1.16944  0.664874
0.981492  1.0143  -0.890114
0.886916  1.16944  0.664874
0.981492  1.0143  -0.890114
0.810162  1.2423  0.146116
0.981492  1.0143  -0.890114
0.937649  1.10356  -0.95509
0.984842  0.987526  0.192067
0.886916  1.16944  0.664874
1.00375  1.03019  -0.0250875
0.961118  1.0624  0.699525
0.961118  1.0624  0.699525
0.886916  1.16944  0.664874
0.886916  1.16944  0.298252
0.937649  1.10356  -0.95509
1.00375  1.03019  0.0970814
0.886916  1.16944  0.664874
0.961118  1.0624  0.699525
0.886916  1.16944  0.664874
1.00375  1.03019  0.0970814
0.962405  1.08232  -0.149238
0.899789  1.14648  0.584521
0.899789  1.14648  0.584521
1.00375  1.03019  0.0970814
1.00375  1.03019  0.0970814
0.759472  1.3778  1.23363
0.886916  1.16944  0.298252
0.886916  1.16944  0.401108
0.984842  0.987526  0.192067
0.886916  1.16944  0.664874
0.899789  1.14648  0.584521
0.759472  1.3778  1.23363
0.874063  1.17621  -0.27392
1.00375  1.03019  0.0970814
0.984842  0.987526  0.192067
0.886916  1.16944  0.298252
0.886916  1.16944  0.664874
0.984842  0.987526  0.192067
0.886916  1.16944  0.664874
0.886916  1.16944  0.298252
0.886916  1.16944  0.401108
1.00375  1.03019  -0.0250875
0.886916  1.16944  0.664874
0.899789  1.14648  0.584521
0.874063  1.17621  -0.27392
0.886916  1.16944  0.298252
0.862255  1.17621  -0.210827
0.874063  1.17621  -0.27392
0.984842  0.987526  0.192067
0.899789  1.14648  0.584521
0.984842  0.987526  0.192067
0.886916  1.16944  0.664874
0.861204  1.16041  -0.471299
0.899789  1.14648  0.584521
0.899789  1.14648  0.584521
0.937649  1.10356  -0.95509
0.874063  1.17621  -0.27392
0.874063  1.17621  -0.27392
0.981492  1.0143  -0.890114
0.886916  1.16944  0.401108
0.899789  1.14648  0.584521
0.961118  1.0624  0.699525
0.886916  1.16944  0.664874
0.899789  1.14648  0.584521
0.899789  1.14648  0.584521
0.937649  1.10356  -0.95509
0.899789  1.14648  0.584521
0.899789  1.14648  0.584521
0.886916  1.16944  0.298252
0.962405  1.08232  -0.149238
0.759472  1.3778  1.23363
0.886916  1.16944  0.401108
0.886916  1.16944  0.401108
0.862255  1.17621  -0.210827
0.810162  1.2423  0.146116
0.886916  1.16944  0.664874
0.961118  1.0624  0.699525
0.874063  1.17621  -0.27392
0.886916  1.16944  0.664874
0.886916  1.16944  0.298252
0.899789  1.14648  0.584521
0.899789  1.14648  0.519055
0.861204  1.16041  -0.471299
0.87374  1.17621  -0.682299
0.862255  1.17621  -0.210827
0.862255  1.17621  -0.210827
1.00375  1.03019  -0.0250875
0.981492  1.0143  -0.890114
0.87374  1.17621  -0.682299
0.810162  1.2423  0.146116
0.886916  1.16944  0.298252
0.810162  1.2423  0.146116
1.00375  1.03019  0.0970814
0.899789  1.14648  0.584521
0.962405  1.08232  -0.149238
0.984842  0.987526  0.192067
0.984842  0.987526  0.192067
0.981492  1.0143  -0.890114
0.937649  1.10356  -0.95509
0.886916  1.16944  0.664874
0.874063  1.17621  -0.27392
0.886916  1.16944  0.664874
0.962405  1.08232  -0.149238
1.00375  1.03019  -0.0250875
0.861204  1.16041  -0.471299
1.00375  1.03019  -0.0250875
0.810162  1.2423  0.146116
0.886916  1.16944  0.401108
0.984842  0.987526  0.192067
0.899789  1.14648  0.584521
0.899789  1.14648  0.519055
0.759472  1.3778  1.23363
0.886916  1.16944  0.298252
1.00375  1.03019  -0.0250875
1.00375  1.03019  0.0970814
0.984842  0.987526  0.192067
0.810162  1.2423  0.146116
0.899789  1.14648  0.584521
0.886916  1.16944  0.664874
0.899789  1.14648  0.584521
0.886916  1.16944  0.664874
0.899789  1.14648  0.519055
0.961118  1.0624  0.699525
0.874063  1.17621  -0.27392
0.962405  1.08232  -0.149238
0.886916  1.16944  0.298252
0.899789  1.14648  0.584521
0.886916  1.16944  0.664874
1.00375  1.03019  0.0970814
1.00375  1.03019  -0.0250875
0.961118  1.0624  0.699525
0.981492  1.0143  -0.890114
0.886916  1.16944  0.664874
0.862255  1.17621  -0.210827
0.899789  1.14648  0.584521
0.886916  1.16944  0.664874
0.874063  1.17621  -0.27392
0.874063  1.17621  -0.27392
0.981492  1.0143  -0.890114
0.899789  1.14648  0.584521
0.862255  1.17621  -0.210827
1.00375  1.03019  -0.0250875
0.962405  1.08232  -0.149238
0.810162  1.2423  0.146116
1.00375  1.03019  -0.0250875
0.961118  1.0624  0.699525
1.00375  1.03019  -0.0250875
0.962405  1.08232  -0.149238
0.810162  1.2423  0.146116
0.899789  1.14648  0.584521
0.899789  1.14648  0.584521
0.874063  1.17621  -0.27392
0.886916  1.16944  0.664874
0.886916  1.16944  0.664874
0.874063  1.17621  -0.27392
0.886916  1.16944  0.401108
0.759472  1.3778  1.23363
0.874063  1.17621  -0.27392
1.00375  1.03019  -0.0250875
0.899789  1.14648  0.519055
0.810162  1.2423  0.146116
0.984842  0.987526  0.192067
0.984842  0.987526  0.192067
0.937649  1.10356  -0.95509
0.937649  1.10356  -0.95509
0.981492  1.0143  -0.890114
0.886916  1.16944  0.401108
0.874063  1.17621  -0.27392
0.810162  1.2423  0.146116
0.899789  1.14648  0.584521
1.00375  1.03019  -0.0250875
0.862255  1.17621  -0.210827
0.886916  1.16944  0.664874
0.899789  1.14648  0.584521
0.981492  1.0143  -0.890114
0.899789  1.14648  0.584521
1.00375  1.03019  0.0970814
0.810162  1.2423  0.146116
0.886916  1.16944  0.298252
0.886916  1.16944  0.664874
0.886916  1.16944  0.298252
0.759472  1.3778  1.23363
0.886916  1.16944  0.298252
0.886916  1.16944  0.401108
0.87374  1.17621  -0.682299
0.962405  1.08232  -0.149238
0.962405  1.08232  -0.149238
0.899789  1.14648  0.584521
0.886916  1.16944  0.664874
0.886916  1.16944  0.664874
0.961118  1.0624  0.699525
0.810162  1.2423  0.146116
1.00375  1.03019  0.0970814
0.899789  1.14648  0.584521
0.759472  1.3778  1.23363
0.861204  1.16041  -0.471299
0.899789  1.14648  0.584521
0.899789  1.14648  0.519055
0.937649  1.10356  -0.95509
0.899789  1.14648  0.584521
0.874063  1.17621  -0.27392
0.886916  1.16944  0.401108
