-1.60788  1.99433  -0.780952
-1.60788  1.99433  -0.780952
-1.6349  2.01969  -0.0512789
-1.6349  2.01969  -0.0512789
-1.61925  2.02587  -0.696636
-1.61925  2.02587  -0.696636
-1.61925  2.02587  -0.696636
-1.60788  1.99433  -0.780952
-1.37057  1.80857  0.845088
-1.61925  2.02587  -0.696636
-1.6349  2.01969  -0.0512789
-1.60788  1.99433  -0.780952
-1.1774  1.57025  0.0964529
-1.6349  2.01969  -0.0512789
-1.61925  2.02587  -0.696636
-1.60788  1.99433  -0.780952
-1.6349  2.01969  -0.0512789
-1.6349  2.01969  -0.0512789
-1.6349  2.01969  -0.0512789
-1.60788  1.99433  -0.780952
-1.6349  2.01969  -0.0512789
-1.6349  2.01969  -0.0512789
-1.60788  1.99433  -0.780952
-1.61925  2.02587  -0.696636
-1.6349  2.01969  -0.0512789
-1.37057  1.80857  0.845088
-1.08336  1.42982  0.451019
-1.61925  2.02587  -0.696636
-1.61925  2.02587  -0.696636
-1.60788  1.99433  -0.780952
-1.6349  2.01969  -0.0512789
-1.6349  2.01969  -0.0512789
-1.37936  1.80137  0.696657
-1.31796  1.66853  0.724559
-1.61925  2.02587  -0.696636
-1.61925  2.02587  -0.696636
-1.6349  2.01969  -0.0512789
-1.1774  1.57025  0.0964529
-1.63287  1.99433  -0.780952
-1.60788  1.99433  -0.780952
-1.61925  2.02587  -0.696636
-1.61925  2.02587  -0.696636
-1.31796  1.66853  0.724559
-1.40617  1.78962  0.732568
-1.45595  1.85924  -0.924644
-1.60788  1.99433  -0.780952
-1.6349  2.01969  -0.0512789
-1.6349  2.01969  -0.0512789
-1.61925  2.02587  -0.696636
-1.31796  1.66853  0.724559
-1.61925  2.02587  -0.696636
-1.61925  2.02587  -0.696636
-1.60788  1.99433  -0.780952
-1.45595  1.85924  -0.924644
-1.6349  2.01969  -0.0512789
-1.6349  2.01969  -0.0512789
-1.6349  2.01969  -0.0512789
-1.31724  1.66853  0.724559
-1.61925  2.02587  -0.696636
-1.61925  2.02587  -0.696636
-1.6349  2.01969  -0.0512789
-1.61925  2.02587  -0.696636
-1.60788  1.99433  -0.780952
-1.61925  2.02587  -0.696636
-1.61925  2.02587  -0.696636
-1.61925  2.02587  -0.696636
-1.08336  1.42982  0.451019
-1.60788  1.99433  -0.780952
-1.61925  2.02587  -0.696636
-1.08336  1.42982  0.451019
-1.61925  2.02587  -0.696636
-1.31796  1.66853  0.724559
-1.61925  2.02587  -0.696636
-1.40617  1.78962  0.732568
-1.61925  2.02587  -0.696636
-1.31724  1.66853  0.724559
-1.61925  2.02587  -0.696636
-1.6349  2.01969  -0.0512789
-1.61925  2.02587  -0.696636
-1.6349  2.01969  -0.0512789
-1.32331  1.6745  0.0487024
-1.6349  2.01969  -0.0512789
-1.1774  1.57025  0.0964529
-1.61925  2.02587  -0.696636
-1.31796  1.66853  0.724559
-1.31724  1.66853  0.724559
-1.45595  1.85924  -0.924644
-1.40617  1.78962  0.732568
-1.60788  1.99433  -0.780952
-1.6349  2.01969  -0.0512789
-1.45595  1.85924  -0.924644
-1.6349  2.01969  -0.0512789
-1.6349  2.01969  -0.0512789
-1.45595  1.85924  -0.924644
-1.60788  1.99433  -0.780952
-1.6349  2.01969  -0.0512789
-1.31796  1.66853  0.724559
-1.60788  1.99433  -0.780952
-1.31724  1.66853  0.724559
-1.60788  1.99433  -0.780952
-1.1774  1.57025  0.0964529
-1.61925  2.02587  -0.696636
-1.6349  2.01969  -0.0512789
-1.31796  1.66853  0.724559
-1.61925  2.02587  -0.696636
-1.61925  2.02587  -0.696636
-1.61925  2.02587  -0.696636
-1.61925  2.02587  -0.696636
-1.31796  1.66853  0.724559
-1.61925  2.02587  -0.696636
-1.61925  2.02587  -0.696636
-1.31796  1.63818  0.696657
-1.61925  2.02587  -0.696636
-1.60788  1.99433  -0.780952
-1.31724  1.66853  0.724559
-1.6349  2.01969  -0.0512789
-1.61925  2.02587  -0.696636
-1.60788  1.99433  -0.780952
-1.37936  1.80137  0.696657
-1.6349  2.01969  -0.0512789
-1.63287  1.99433  -0.780952
-1.60788  1.99433  -0.780952
-1.60788  1.99433  -0.780952
-1.37936  1.80137  0.696657
-1.60788  1.99433  -0.780952
-1.61925  2.02587  -0.696636
-1.61925  2.02587  -0.696636
-1.42389  1.85924  -0.924644
-1.37936  1.80137  0.696657
-1.32331  1.6745  0.0487024
-1.45595  1.85924  -0.924644
-1.45595  1.85924  -0.924644
-1.31796  1.66853  0.724559
-1.31796  1.63818  0.696657
-1.60788  1.99433  -0.780952
-1.61925  2.02587  -0.696636
-1.1774  1.57025  0.0964529
-1.40617  1.78962  0.732568
-1.61925  2.02587  -0.696636
-1.61925  2.02587  -0.696636
-1.6349  2.01969  -0.0512789
-1.31796  1.66853  0.724559
-1.1774  1.57025  0.0964529
-1.61925  2.02587  -0.696636
-1.60788  1.99433  -0.780952
-1.60788  1.99433  -0.780952
-1.60788  1.99433  -0.780952
-1.31724  1.66853  0.724559
-1.61925  2.02587  -0.696636
-1.6349  2.01969  -0.0512789
-1.08336  1.42982  0.451019
-1.61925  2.02587  -0.696636
-1.60788  1.99433  -0.780952
-1.31796  1.66853  0.724559
-1.61925  2.02587  -0.696636
-1.37057  1.80857  0.845088
-1.63287  1.99433  -0.780952
-1.6349  2.01969  -0.0512789
-1.37936  1.80137  0.696657
-1.60788  1.99433  -0.780952
-1.60788  1.99433  -0.780952
-1.61925  2.02587  -0.696636
-1.61925  2.02587  -0.696636
-1.08336  1.42982  0.451019
-1.40617  1.78962  0.732568
-1.60788  1.99433  -0.780952
-1.6349  2.01969  -0.0512789
-1.6349  2.01969  -0.0512789
-1.61925  2.02587  -0.696636
-1.6349  2.01969  -0.0512789
-1.31724  1.66853  0.724559
-1.42389  1.85924  -0.924644
-1.6349  2.01969  -0.0512789
-1.61925  2.02587  -0.696636
-1.61925  2.02587  -0.696636
-1.60788  2.06785  -0.780952
-1.37057  1.80857  0.845088
-1.60788  1.99433  -0.780952
-1.60788  1.99433  -0.780952
-1.1774  1.57025  0.0964529
-1.60788  1.99433  -0.780952
-1.08336  1.42982  0.451019
-1.61925  2.02587  -0.696636
-1.45595  1.85924  -0.924644
-1.61925  2.02587  -0.696636
-1.6349  2.01969  -0.0512789
-1.60788  1.99433  -0.780952
-1.31724  1.66853  0.724559
-1.60788  1.99433  -0.780952
-1.61925  2.02587  -0.696636
-1.60788  1.99433  -0.780952
-1.63287  1.99433  -0.780952
-1.60788  1.99433  -0.780952
-1.60788  1.99433  -0.780952
-1.08336  1.42982  0.451019
-1.60788  1.99433  -0.780952
-1.6349  2.01969  -0.0512789
-1.61925  2.02587  -0.696636
-1.31724  1.66853  0.724559
-1.42389  1.85924  -0.924644
-1.31724  1.66853  0.724559
-1.6349  2.01969  -0.0512789
-1.1774  1.57025  0.0964529
-1.61925  2.02587  -0.696636
-1.63287  1.99433  -0.780952
-1.6349  2.01969  -0.0512789
-1.60788  1.99433  -0.780952
-1.61925  2.02587  -0.696636
-1.31724  1.66853  0.724559
-1.6349  2.01969  -0.0512789
-1.61925  2.02587  -0.696636
-1.31724  1.66853  0.724559
-1.60788  1.99433  -0.780952
-1.40617  1.78962  0.732568
-1.60788  1.99433  -0.780952
-1.37936  1.80137  0.696657
-1.61925  2.02587  -0.696636
-1.6349  2.01969  -0.0512789
-1.6349  2.01969  -0.0512789
-1.31796  1.66853  0.724559
-1.45595  1.85924  -0.924644
-1.6349  2.01969  -0.0512789
-1.6349  2.01969  -0.0512789
-1.61925  2.02587  -0.696636
-1.61925  2.02587  -0.696636
-1.6349  2.01969  -0.0512789
-1.37057  1.80857  0.845088
-1.6349  2.01969  -0.0512789
-1.61925  2.02587  -0.696636
-1.37057  1.80857  0.845088
-1.61925  2.02587  -0.696636
-1.60788  1.99433  -0.780952
-1.6349  2.01969  -0.0512789
-1.61925  2.02587  -0.696636
-1.6349  2.01969  -0.0512789
-1.60788  1.99433  -0.780952
-1.40617  1.78962  0.732568
-1.61925  2.02587  -0.696636
-1.60788  1.99433  -0.780952
-1.61925  2.02587  -0.696636
-1.31796  1.66853  0.724559
-1.60788  1.99433  -0.780952
-1.60788  1.99433  -0.780952
-1.61925  2.02587  -0.696636
-1.31796  1.66853  0.724559
-1.31796  1.66853  0.724559
-1.08336  1.42982  0.451019
-1.61925  2.02587  -0.696636
-1.60788  2.06785  -0.780952
-1.37936  1.80137  0.696657
-1.60788  1.99433  -0.780952
-1.40617  1.78962  0.732568
-1.45595  1.85924  -0.924644
-1.08336  1.42982  0.451019
-1.60788  1.99433  -0.780952
-1.60788  1.99433  -0.780952
-1.6349  2.01969  -0.0512789
-1.45595  1.85924  -0.924644
-1.6349  2.01969  -0.0512789
-1.40617  1.78962  0.732568
-1.40617  1.78962  0.732568
-1.60788  1.99433  -0.780952
-1.6349  2.01969  -0.0512789
-1.61925  2.02587  -0.696636
-1.6349  2.01969  -0.0512789
-1.08336  1.42982  0.451019
-1.6349  2.01969  -0.0512789
-1.60788  1.99433  -0.780952
-1.6349  2.01969  -0.0512789
-1.60788  1.99433  -0.780952
-1.61925  2.02587  -0.696636
-1.63287  1.99433  -0.780952
-1.31796  1.66853  0.724559
-1.6349  2.01969  -0.0512789
-1.08336  1.42982  0.451019
-1.6349  2.01969  -0.0512789
-1.60788  1.99433  -0.780952
-1.6349  2.01969  -0.0512789
-1.60788  1.99433  -0.780952
-1.60788  1.99433  -0.780952
-1.46835  1.78962  0.732568
-1.6349  2.01969  -0.0512789
-1.40617  1.78962  0.732568
-1.6349  2.01969  -0.0512789
-1.37057  1.80857  0.845088
-1.61925  2.02587  -0.696636
-1.6349  2.01969  -0.0512789
-1.08336  1.42982  0.451019
-1.60788  1.99433  -0.780952
-1.40617  1.78962  0.732568
-1.61925  2.02587  -0.696636
-1.45595  1.85924  -0.924644
-1.6349  2.01969  -0.0512789
-1.61925  2.02587  -0.696636
-1.6349  2.01969  -0.0512789
-1.61925  2.02587  -0.696636
-1.6349  2.01969  -0.0512789
-1.6349  2.01969  -0.0512789
-1.6349  2.01969  -0.0512789
-1.61925  2.02587  -0.696636
-1.60788  1.99433  -0.780952
-1.6349  2.01969  -0.0512789
-1.60788  1.99433  -0.780952
-1.31796  1.66853  0.724559
-1.31724  1.66853  0.724559
-1.61925  2.02587  -0.696636
-1.60788  1.99433  -0.780952
-1.61925  2.02587  -0.696636
-1.6349  2.01969  -0.0512789
-1.6349  2.01969  -0.0512789
-1.61925  2.02587  -0.696636
-1.15213  1.5148  -0.484958
-1.61925  2.02587  -0.696636
-1.6349  2.01969  -0.0512789
-1.61925  2.02587  -0.696636
-1.40617  1.78962  0.732568
-1.61925  2.02587  -0.696636
-1.6349  2.01969  -0.0512789
-1.61925  2.02587  -0.696636
-1.60788  1.99433  -0.780952
-1.61925  2.02587  -0.696636
-1.61925  2.02587  -0.696636
-1.6349  2.01969  -0.0512789
-1.61925  2.02587  -0.696636
-1.63287  1.99433  -0.780952
-1.08336  1.42982  0.451019
-1.40617  1.78962  0.732568
-1.61925  2.02587  -0.696636
-1.61925  2.02587  -0.696636
-1.60788  1.99433  -0.780952
-1.31796  1.66853  0.724559
-1.60788  1.99433  -0.780952
-1.6349  2.01969  -0.0512789
-1.45595  1.85924  -0.924644
-1.60788  1.99433  -0.780952
-1.60788  1.99433  -0.780952
-1.60788  1.99433  -0.780952
-1.6349  2.01969  -0.0512789
-1.60788  1.99433  -0.780952
-1.61925  2.02587  -0.696636
-1.60788  1.99433  -0.780952
-1.60788  1.99433  -0.780952
-1.08336  1.42982  0.451019
-1.31796  1.66853  0.724559
-1.60788  1.99433  -0.780952
-1.31796  1.66853  0.724559
-1.61925  2.02587  -0.696636
-1.6349  2.01969  -0.0512789
-1.6349  2.01969  -0.0512789
-1.60788  1.99433  -0.780952
-1.61925  2.02587  -0.696636
-1.61925  2.02587  -0.696636
-1.61925  2.02587  -0.696636
-1.40617  1.78962  0.732568
-1.60788  1.99433  -0.780952
-1.60788  1.99433  -0.780952
-1.61925  2.02587  -0.696636
-1.6349  2.01969  -0.0512789
-1.60788  1.99433  -0.780952
-1.45595  1.85924  -0.924644
-1.31796  1.63818  0.696657
-1.42389  1.85924  -0.924644
-1.61925  2.02587  -0.696636
-1.31796  1.66853  0.724559
-1.40617  1.78962  0.732568
-1.6349  2.01969  -0.0512789
-1.61925  2.02587  -0.696636
-1.6349  2.01969  -0.0512789
-1.60788  1.99433  -0.780952
-1.31796  1.66853  0.724559
-1.42389  1.85924  -0.924644
-1.60788  1.99433  -0.780952
-1.60788  1.99433  -0.780952
-1.61925  2.02587  -0.696636
-1.60788  1.99433  -0.780952
-1.61925  2.02587  -0.696636
-1.08336  1.42982  0.451019
-1.40617  1.78962  0.732568
-1.63287  1.99433  -0.780952
-1.6349  2.01969  -0.0512789
-1.61925  2.02587  -0.696636
-1.61925  2.02587  -0.696636
-1.61925  2.02587  -0.696636
-1.37057  1.80857  0.845088
-1.60788  1.99433  -0.780952
-1.60788  1.96779  -0.780952
-1.31796  1.66853  0.724559
-1.6349  2.01969  -0.0512789
-1.6349  2.01969  -0.0512789
-1.61925  2.02587  -0.696636
-1.61925  2.02587  -0.696636
-1.60788  1.99433  -0.780952
-1.60788  1.99433  -0.780952
-1.1774  1.57025  0.0964529
-1.61925  2.02587  -0.696636
-1.45595  1.85924  -0.924644
-1.60788  1.99433  -0.780952
-1.60788  1.99433  -0.780952
-1.15213  1.5148  -0.484958
-1.61925  2.02587  -0.696636
-1.61925  2.02587  -0.696636
-1.08336  1.42982  0.451019
-1.61925  2.02587  -0.696636
-1.61925  2.02587  -0.696636
-1.6349  2.01969  -0.0512789
-1.08336  1.42982  0.451019
-1.40617  1.78962  0.732568
-1.31796  1.63818  0.696657
-1.31796  1.66853  0.724559
-1.61925  2.02587  -0.696636
-1.45595  1.85924  -0.924644
-1.60788  1.99433  -0.780952
-1.6349  2.01969  -0.0512789
-1.61925  2.02587  -0.696636
-1.60788  1.99433  -0.780952
-1.60788  1.99433  -0.780952
-1.61925  2.02587  -0.696636
-1.61925  2.02587  -0.696636
-1.61925  2.02587  -0.696636
-1.6349  2.01969  -0.0512789
-1.42389  1.85924  -0.924644
-1.31724  1.66853  0.724559
-1.60788  1.99433  -0.780952
-1.6349  2.01969  -0.0512789
-1.61925  2.02587  -0.696636
-1.31724  1.66853  0.724559
-1.6349  2.01969  -0.0512789
-1.61925  2.02587  -0.696636
-1.61925  2.02587  -0.696636
-1.60788  1.99433  -0.780952
-1.37936  1.80137  0.696657
-1.61925  2.02587  -0.696636
-1.61925  2.02587  -0.696636
-1.37057  1.80857  0.845088
-1.61925  2.02587  -0.696636
-1.45595  1.85924  -0.924644
-1.61925  2.02587  -0.696636
-1.08336  1.42982  0.451019
-1.60788  1.99433  -0.780952
-1.6349  2.01969  -0.0512789
-1.60788  1.99433  -0.780952
-1.60788  1.99433  -0.780952
-1.45595  1.85924  -0.924644
-1.61925  2.02587  -0.696636
-1.42389  1.85924  -0.924644
-1.6349  2.01969  -0.0512789
-1.6349  2.01969  -0.0512789
-1.60788  1.99433  -0.780952
-1.60788  1.99433  -0.780952
-1.37057  1.80857  0.845088
-1.61925  2.02587  -0.696636
-1.61925  2.02587  -0.696636
-1.6349  2.01969  -0.0512789
-1.31796  1.66853  0.724559
-1.61925  2.02587  -0.696636
-1.40617  1.78962  0.732568
-1.61925  2.02587  -0.696636
-1.15213  1.5148  -0.484958
-1.37057  1.80857  0.845088
-1.31796  1.66853  0.724559
-1.31796  1.66853  0.724559
-1.60788  1.99433  -0.780952
-1.61925  2.02587  -0.696636
-1.61925  2.02587  -0.696636
-1.60788  1.99433  -0.780952
-1.45595  1.85924  -0.924644
-1.61925  2.02587  -0.696636
-1.6349  2.01969  -0.0512789
-1.61925  2.02587  -0.696636
-1.61925  2.02587  -0.696636
-1.61925  2.02587  -0.696636
-1.60788  1.99433  -0.780952
-1.6349  2.01969  -0.0512789
-1.31796  1.63818  0.696657
-1.37936  1.80137  0.696657
-1.61925  2.02587  -0.696636
-1.61925  2.02587  -0.696636
-1.45595  1.85924  -0.924644
-1.61925  2.02587  -0.696636
-1.1774  1.57025  0.0964529
-1.60788  1.99433  -0.780952
-1.1774  1.57025  0.0964529
-1.60788  2.06785  -0.780952
-1.6349  2.01969  -0.0512789
-1.61925  2.02587  -0.696636
-1.6349  2.01969  -0.0512789
-1.61925  2.02587  -0.696636
-1.61925  2.02587  -0.696636
-1.60788  1.99433  -0.780952
-1.45595  1.85924  -0.924644
-1.45595  1.85924  -0.924644
-1.61925  2.02587  -0.696636
-1.31796  1.66853  0.724559
-1.6349  2.01969  -0.0512789
-1.61925  2.02587  -0.696636
-1.6349  2.01969  -0.0512789
-1.61925  2.02587  -0.696636
-1.1774  1.57025  0.0964529
-1.61925  2.02587  -0.696636
-1.6349  2.01969  -0.0512789
-1.61925  2.02587  -0.696636
-1.60788  1.99433  -0.780952
-1.61925  2.02587  -0.696636
-1.6349  2.01969  -0.0512789
-1.61925  2.02587  -0.696636
-1.60788  1.99433  -0.780952
-1.32331  1.6745  0.0487024
-1.60788  1.99433  -0.780952
-1.6349  2.01969  -0.0512789
-1.60788  1.99433  -0.780952
-1.15213  1.5148  -0.484958
-1.60788  1.99433  -0.780952
-1.08336  1.42982  0.451019
-1.31724  1.66853  0.724559
-1.61925  2.02587  -0.696636
-1.6349  2.01969  -0.0512789
-1.60788  1.99433  -0.780952
-1.31796  1.66853  0.724559
-1.6349  2.01969  -0.0512789
-1.60788  1.99433  -0.780952
-1.6349  2.01969  -0.0512789
-1.6349  2.01969  -0.0512789
-1.61925  2.02587  -0.696636
-1.31796  1.63818  0.696657
-1.60788  1.99433  -0.780952
-1.6349  2.01969  -0.0512789
-1.6349  2.01969  -0.0512789
-1.61925  2.02587  -0.696636
-1.60788  1.99433  -0.780952
-1.1774  1.57025  0.0964529
-1.61925  2.02587  -0.696636
-1.60788  1.99433  -0.780952
-1.63287  1.99433  -0.780952
-1.61925  2.02587  -0.696636
-1.61925  2.02587  -0.696636
-1.61925  2.02587  -0.696636
-1.61925  2.02587  -0.696636
-1.61925  2.02587  -0.696636
-1.61925  2.02587  -0.696636
-1.40617  1.78962  0.732568
-1.08336  1.42982  0.451019
-1.31796  1.63818  0.696657
-1.31796  1.66853  0.724559
-1.40617  1.78962  0.732568
-1.60788  1.99433  -0.780952
-1.37936  1.80137  0.696657
-1.60788  1.99433  -0.780952
-1.63287  1.99433  -0.780952
-1.61925  2.02587  -0.696636
-1.61925  2.02587  -0.696636
-1.31796  1.66853  0.724559
-1.42389  1.85924  -0.924644
-1.45595  1.85924  -0.924644
-1.61925  2.02587  -0.696636
-1.63287  1.99433  -0.780952
-1.61925  2.02587  -0.696636
-1.6349  2.01969  -0.0512789
-1.6349  2.01969  -0.0512789
-1.37936  1.80137  0.696657
-1.42389  1.85924  -0.924644
-1.6349  2.01969  -0.0512789
-1.31724  1.66853  0.724559
-1.61925  2.02587  -0.696636
-1.6349  2.01969  -0.0512789
-1.40617  1.78962  0.732568
-1.63287  1.99433  -0.780952
-1.61925  2.02587  -0.696636
-1.6349  2.01969  -0.0512789
-1.31796  1.66853  0.724559
-1.63287  1.99433  -0.780952
-1.60788  1.99433  -0.780952
-1.60788  1.99433  -0.780952
-1.60788  1.99433  -0.780952
-1.6349  2.01969  -0.0512789
-1.60788  1.99433  -0.780952
-1.61925  2.02587  -0.696636
-1.6349  2.01969  -0.0512789
-1.42389  1.85924  -0.924644
-1.37057  1.80857  0.845088
-1.31724  1.66853  0.724559
-1.6349  2.01969  -0.0512789
-1.1774  1.57025  0.0964529
-1.08336  1.42982  0.451019
-1.6349  2.01969  -0.0512789
-1.08336  1.42982  0.451019
-1.60788  1.99433  -0.780952
-1.15213  1.5148  -0.484958
-1.61925  2.02587  -0.696636
-1.1774  1.57025  0.0964529
-1.31796  1.66853  0.724559
-1.61925  2.02587  -0.696636
-1.6349  2.01969  -0.0512789
-1.61925  2.02587  -0.696636
-1.61925  2.02587  -0.696636
-1.63287  1.99433  -0.780952
-1.31724  1.66853  0.724559
-1.37936  1.80137  0.696657
-1.63287  1.99433  -0.780952
-1.61925  2.02587  -0.696636
-1.60788  1.99433  -0.780952
-1.37057  1.80857  0.845088
-1.60788  1.99433  -0.780952
-1.60788  1.99433  -0.780952
-1.61925  2.02587  -0.696636
-1.40617  1.78962  0.732568
-1.40617  1.78962  0.732568
-1.31724  1.66853  0.724559
-1.45595  1.85924  -0.924644
-1.60788  1.99433  -0.780952
-1.61925  2.02587  -0.696636
-1.31796  1.66853  0.724559
-1.61925  2.02587  -0.696636
-1.60788  1.99433  -0.780952
-1.63287  1.99433  -0.780952
-1.61925  2.02587  -0.696636
-1.61925  2.02587  -0.696636
-1.6349  2.01969  -0.0512789
-1.6349  2.01969  -0.0512789
-1.63287  1.99433  -0.780952
-1.60788  2.06785  -0.780952
-1.45595  1.85924  -0.924644
-1.63287  1.99433  -0.780952
-1.61925  2.02587  -0.696636
-1.37057  1.80857  0.845088
-1.60788  1.99433  -0.780952
-1.6349  2.01969  -0.0512789
-1.6349  2.01969  -0.0512789
-1.60788  1.99433  -0.780952
-1.60788  1.99433  -0.780952
-1.6349  2.01969  -0.0512789
-1.61925  2.02587  -0.696636
-1.61925  2.02587  -0.696636
-1.60788  1.99433  -0.780952
-1.61925  2.02587  -0.696636
-1.60788  1.99433  -0.780952
-1.61925  2.02587  -0.696636
-1.60788  1.99433  -0.780952
-1.31796  1.66853  0.724559
-1.31796  1.66853  0.724559
-1.31724  1.66853  0.724559
-1.08336  1.42982  0.451019
-1.63287  1.99433  -0.780952
-1.61925  2.02587  -0.696636
-1.61925  2.02587  -0.696636
-1.61925  2.02587  -0.696636
-1.63287  1.99433  -0.780952
-1.6349  2.01969  -0.0512789
-1.42389  1.85924  -0.924644
-1.6349  2.01969  -0.0512789
-1.37057  1.80857  0.845088
-1.6349  2.01969  -0.0512789
-1.61925  2.02587  -0.696636
-1.31796  1.66853  0.724559
-1.1774  1.57025  0.0964529
-1.08336  1.42982  0.451019
-1.6349  2.01969  -0.0512789
-1.60788  1.99433  -0.780952
-1.31724  1.66853  0.724559
-1.60788  1.99433  -0.780952
-1.60788  1.99433  -0.780952
-1.61925  2.02587  -0.696636
-1.61925  2.02587  -0.696636
-1.6349  2.01969  -0.0512789
-1.40617  1.78962  0.732568
-1.61925  2.02587  -0.696636
-1.60788  1.99433  -0.780952
-1.60788  1.99433  -0.780952
-1.63287  1.99433  -0.780952
-1.31796  1.66853  0.724559
-1.40617  1.78962  0.732568
-1.60788  1.99433  -0.780952
-1.60788  1.96779  -0.780952
-1.61925  2.02587  -0.696636
-1.37936  1.80137  0.696657
-1.60788  1.99433  -0.780952
-1.60788  1.99433  -0.780952
-1.60788  1.99433  -0.780952
-1.61925  2.02587  -0.696636
-1.60788  1.99433  -0.780952
-1.63287  1.99433  -0.780952
-1.61925  2.02587  -0.696636
-1.6349  2.01969  -0.0512789
-1.61925  2.02587  -0.696636
-1.61925  2.02587  -0.696636
-1.60788  1.99433  -0.780952
-1.08336  1.42982  0.451019
-1.60788  1.99433  -0.780952
-1.61925  2.02587  -0.696636
-1.6349  2.01969  -0.0512789
-1.61925  2.02587  -0.696636
-1.61925  2.02587  -0.696636
-1.37057  1.80857  0.845088
-1.31796  1.66853  0.724559
-1.31724  1.66853  0.724559
-1.6349  2.01969  -0.0512789
-1.60788  1.99433  -0.780952
-1.08336  1.42982  0.451019
-1.1774  1.57025  0.0964529
-1.31724  1.66853  0.724559
-1.37057  1.80857  0.845088
-1.6349  2.01969  -0.0512789
-1.60788  1.99433  -0.780952
-1.40617  1.78962  0.732568
-1.61925  2.02587  -0.696636
-1.60788  1.99433  -0.780952
-1.6349  2.01969  -0.0512789
-1.60788  1.99433  -0.780952
-1.61925  2.02587  -0.696636
-1.61925  2.02587  -0.696636
-1.6349  2.01969  -0.0512789
-1.08336  1.42982  0.451019
-1.31796  1.63818  0.696657
-1.08336  1.42982  0.451019
-1.32331  1.6745  0.0487024
-1.6349  2.01969  -0.0512789
-1.61925  2.02587  -0.696636
-1.6349  2.01969  -0.0512789
-1.60788  2.06785  -0.780952
-1.37057  1.80857  0.845088
-1.60788  1.99433  -0.780952
-1.61925  2.02587  -0.696636
-1.60788  1.99433  -0.780952
-1.60788  1.99433  -0.780952
-1.60788  1.99433  -0.780952
-1.60788  1.99433  -0.780952
-1.60788  1.99433  -0.780952
-1.6349  2.01969  -0.0512789
-1.6349  2.01969  -0.0512789
-1.61925  2.02587  -0.696636
-1.60788  1.99433  -0.780952
-1.6349  2.01969  -0.0512789
-1.40617  1.78962  0.732568
-1.60788  1.99433  -0.780952
-1.60788  1.99433  -0.780952
-1.6349  2.01969  -0.0512789
-1.63287  1.99433  -0.780952
-1.60788  1.99433  -0.780952
-1.61925  2.02587  -0.696636
-1.60788  1.99433  -0.780952
-1.60788  1.99433  -0.780952
-1.37936  1.80137  0.696657
-1.6349  2.01969  -0.0512789
-1.40617  1.78962  0.732568
-1.32331  1.6745  0.0487024
-1.60788  1.99433  -0.780952
-1.6349  2.01969  -0.0512789
-1.61925  2.02587  -0.696636
-1.60788  1.99433  -0.780952
-1.61925  2.02587  -0.696636
-1.60788  1.99433  -0.780952
-1.37936  1.80137  0.696657
-1.08336  1.42982  0.451019
-1.60788  1.99433  -0.780952
-1.6349  2.01969  -0.0512789
-1.60788  1.99433  -0.780952
-1.63287  1.99433  -0.780952
-1.08336  1.42982  0.451019
-1.6349  2.01969  -0.0512789
-1.32331  1.6745  0.0487024
-1.60788  1.99433  -0.780952
-1.6349  2.01969  -0.0512789
-1.60788  1.99433  -0.780952
-1.6349  2.01969  -0.0512789
-1.6349  2.01969  -0.0512789
-1.60788  1.99433  -0.780952
-1.31724  1.66853  0.724559
-1.61925  2.02587  -0.696636
-1.61925  2.02587  -0.696636
-1.6349  2.01969  -0.0512789
-1.60788  2.06785  -0.780952
-1.61925  2.02587  -0.696636
-1.32331  1.6745  0.0487024
-1.61925  2.02587  -0.696636
-1.63287  1.99433  -0.780952
-1.40617  1.78962  0.732568
-1.60788  1.99433  -0.780952
-1.6349  2.01969  -0.0512789
-1.60788  1.99433  -0.780952
-1.60788  1.99433  -0.780952
-1.61925  2.02587  -0.696636
-1.31724  1.66853  0.724559
-1.1774  1.57025  0.0964529
-1.61925  2.02587  -0.696636
-1.6349  2.01969  -0.0512789
-1.60788  1.99433  -0.780952
-1.61925  2.02587  -0.696636
-1.31796  1.63818  0.696657
-1.6349  2.01969  -0.0512789
-1.6349  2.01969  -0.0512789
-1.37057  1.80857  0.845088
-1.1774  1.57025  0.0964529
-1.6349  2.01969  -0.0512789
-1.37936  1.80137  0.696657
-1.40617  1.78962  0.732568
-1.42389  1.85924  -0.924644
-1.60788  1.99433  -0.780952
-1.45595  1.85924  -0.924644
-1.60788  1.99433  -0.780952
-1.61925  2.02587  -0.696636
-1.6349  2.01969  -0.0512789
-1.60788  1.99433  -0.780952
-1.6349  2.01969  -0.0512789
-1.6349  2.01969  -0.0512789
-1.40617  1.78962  0.732568
-1.40617  1.78962  0.732568
-1.6349  2.01969  -0.0512789
-1.61925  2.02587  -0.696636
-1.61925  2.02587  -0.696636
-1.60788  1.99433  -0.780952
-1.63287  1.99433  -0.780952
-1.45595  1.85924  -0.924644
-1.60788  1.99433  -0.780952
-1.45595  1.85924  -0.924644
-1.6349  2.01969  -0.0512789
-1.08336  1.42982  0.451019
-1.37936  1.80137  0.696657
-1.6349  2.01969  -0.0512789
-1.61925  2.02587  -0.696636
-1.60788  1.99433  -0.780952
-1.08336  1.42982  0.451019
-1.6349  2.01969  -0.0512789
-1.6349  2.01969  -0.0512789
-1.6349  2.01969  -0.0512789
-1.60788  1.99433  -0.780952
-1.6349  2.01969  -0.0512789
-1.61925  2.02587  -0.696636
-1.61925  2.02587  -0.696636
-1.61925  2.02587  -0.696636
-1.60788  1.96779  -0.780952
-1.61925  2.02587  -0.696636
-1.31724  1.66853  0.724559
-1.60788  1.99433  -0.780952
-1.61925  2.02587  -0.696636
-1.60788  1.99433  -0.780952
-1.61925  2.02587  -0.696636
-1.60788  1.99433  -0.780952
-1.31796  1.66853  0.724559
-1.45595  1.85924  -0.924644
-1.31724  1.66853  0.724559
-1.61925  2.02587  -0.696636
-1.6349  2.01969  -0.0512789
-1.61925  2.02587  -0.696636
-1.61925  2.02587  -0.696636
-1.32331  1.6745  0.0487024
-1.61925  2.02587  -0.696636
-1.61925  2.02587  -0.696636
-1.6349  2.01969  -0.0512789
-1.61925  2.02587  -0.696636
-1.61925  2.02587  -0.696636
-1.61925  2.02587  -0.696636
-1.31796  1.66853  0.724559
-1.60788  1.99433  -0.780952
-1.60788  1.96779  -0.780952
-1.6349  2.01969  -0.0512789
-1.60788  2.06785  -0.780952
-1.60788  1.99433  -0.780952
-1.37057  1.80857  0.845088
-1.15213  1.5148  -0.484958
-1.42389  1.85924  -0.924644
-1.37057  1.80857  0.845088
-1.61925  2.02587  -0.696636
-1.60788  1.99433  -0.780952
-1.60788  2.06785  -0.780952
-1.60788  1.99433  -0.780952
-1.08336  1.42982  0.451019
-1.31796  1.66853  0.724559
-1.6349  2.01969  -0.0512789
-1.60788  1.99433  -0.780952
-1.60788  1.99433  -0.780952
-1.6349  2.01969  -0.0512789
-1.40617  1.78962  0.732568
-1.60788  2.06785  -0.780952
-1.20908  1.5445  -0.092449
-1.61925  2.02587  -0.696636
-1.60788  1.99433  -0.780952
-1.31796  1.66853  0.724559
-1.61925  2.02587  -0.696636
-1.60788  1.99433  -0.780952
-1.60788  1.96779  -0.780952
-1.60788  1.99433  -0.780952
-1.60788  1.99433  -0.780952
-1.61925  2.02587  -0.696636
-1.60788  1.99433  -0.780952
-1.61925  2.02587  -0.696636
-1.40617  1.78962  0.732568
-1.6349  2.01969  -0.0512789
-1.6349  2.01969  -0.0512789
-1.08336  1.42982  0.451019
-1.61925  2.02587  -0.696636
-1.61925  2.02587  -0.696636
-1.61925  2.02587  -0.696636
-1.40617  1.78962  0.732568
-1.45595  1.85924  -0.924644
-1.31796  1.66853  0.724559
-1.6349  2.01969  -0.0512789
-1.60788  1.99433  -0.780952
-1.32331  1.6745  0.0487024
-1.61925  2.02587  -0.696636
-1.6349  2.01969  -0.0512789
-1.60788  1.99433  -0.780952
-1.45595  1.85924  -0.924644
-1.6349  2.01969  -0.0512789
-1.08336  1.42982  0.451019
-1.61925  2.02587  -0.696636
-1.60788  1.99433  -0.780952
-1.60788  1.96779  -0.780952
-1.31796  1.66853  0.724559
-1.6349  2.01969  -0.0512789
-1.1774  1.57025  0.0964529
-1.6349  2.01969  -0.0512789
-1.60788  1.99433  -0.780952
-1.31796  1.66853  0.724559
-1.6349  2.01969  -0.0512789
-1.40617  1.78962  0.732568
-1.60788  1.99433  -0.780952
-1.6349  2.01969  -0.0512789
-1.60788  1.99433  -0.780952
-1.61925  2.02587  -0.696636
-1.6349  2.01969  -0.0512789
-1.61925  2.02587  -0.696636
-1.60788  1.99433  -0.780952
-1.61925  2.02587  -0.696636
-1.61925  2.02587  -0.696636
-1.40617  1.78962  0.732568
-1.60788  1.99433  -0.780952
-1.60788  1.99433  -0.780952
-1.61925  2.02587  -0.696636
-1.61925  2.02587  -0.696636
-1.40617  1.78962  0.732568
-1.37936  1.80137  0.696657
-1.45595  1.85924  -0.924644
-1.6349  2.01969  -0.0512789
-1.60788  1.99433  -0.780952
-1.61925  2.02587  -0.696636
-1.6349  2.01969  -0.0512789
-1.60788  1.99433  -0.780952
-1.31724  1.66853  0.724559
-1.61925  2.02587  -0.696636
-1.61925  2.02587  -0.696636
-1.61925  2.02587  -0.696636
-1.60788  1.99433  -0.780952
-1.60788  1.99433  -0.780952
-1.61925  2.02587  -0.696636
-1.60788  1.99433  -0.780952
-1.6349  2.01969  -0.0512789
-1.61925  2.02587  -0.696636
-1.45595  1.85924  -0.924644
-1.31796  1.66853  0.724559
-1.60788  1.99433  -0.780952
-1.61925  2.02587  -0.696636
-1.61925  2.02587  -0.696636
-1.31796  1.66853  0.724559
-1.6349  2.01969  -0.0512789
-1.60788  1.99433  -0.780952
-1.6349  2.01969  -0.0512789
-1.6349  2.01969  -0.0512789
-1.6349  2.01969  -0.0512789
-1.60788  1.99433  -0.780952
-1.63287  1.99433  -0.780952
-1.6349  2.01969  -0.0512789
-1.60788  1.99433  -0.780952
-1.61925  2.02587  -0.696636
-1.63287  1.99433  -0.780952
-1.42389  1.85924  -0.924644
-1.61925  2.02587  -0.696636
-1.31796  1.66853  0.724559
-1.37057  1.80857  0.845088
-1.40617  1.78962  0.732568
-1.6349  2.01969  -0.0512789
-1.61925  2.02587  -0.696636
-1.6349  2.01969  -0.0512789
-1.61925  2.02587  -0.696636
-1.6349  2.01969  -0.0512789
-1.20908  1.5445  -0.092449
-1.61925  2.02587  -0.696636
-1.60788  1.99433  -0.780952
-1.60788  1.99433  -0.780952
-1.6349  2.01969  -0.0512789
-1.6349  2.01969  -0.0512789
-1.61925  2.02587  -0.696636
-1.6349  2.01969  -0.0512789
-1.61925  2.02587  -0.696636
-1.1774  1.57025  0.0964529
-1.60788  1.99433  -0.780952
-1.61925  2.02587  -0.696636
-1.60788  1.96779  -0.780952
-1.40617  1.78962  0.732568
-1.61925  2.02587  -0.696636
-1.6349  2.01969  -0.0512789
-1.60788  1.99433  -0.780952
-1.6349  2.01969  -0.0512789
-1.60788  1.99433  -0.780952
-1.60788  1.99433  -0.780952
-1.60788  1.96779  -0.780952
-1.61925  2.02587  -0.696636
-1.63287  1.99433  -0.780952
-1.60788  1.99433  -0.780952
-1.61925  2.02587  -0.696636
-1.60788  1.99433  -0.780952
-1.61925  2.02587  -0.696636
