7.56516  0.984053  0.158515
7.54792  1.00953  0.137865
7.41122  1.01482  0.0984038
7.30733  0.947931  0.215351
7.11665  1.06366  0.0638851
7.39877  0.992816  0.116912
7.93861  0.896463  0.269921
7.06834  1.00504  0.137865
6.95695  0.925747  0.249027
7.56516  0.984053  0.158515
7.06834  0.980207  0.137865
7.53173  0.95344  0.204901
7.11665  1.06366  0.0638851
7.30733  0.947931  0.215351
7.53173  0.95344  0.204901
7.53173  0.95344  0.204901
7.56516  0.984053  0.158515
7.30733  0.947931  0.215351
7.56516  0.984053  0.158515
7.39877  0.992816  0.116912
7.30733  0.947931  0.215351
7.32583  1.00953  0.137865
7.54792  1.00953  0.137865
7.54792  1.00953  0.137865
7.54792  1.00953  0.137865
7.39877  0.992816  0.116912
7.41122  1.01482  0.0984038
7.30733  0.947931  0.215351
7.56516  0.984053  0.158515
7.30733  0.947931  0.215351
7.41122  1.01482  0.0984038
7.06834  0.980207  0.137865
7.30733  0.947931  0.215351
7.06834  0.980207  0.137865
7.41122  1.01482  0.0984038
7.15274  1.02327  0.0904936
7.56516  0.984053  0.158515
7.06834  0.996946  0.137865
7.41122  1.01482  0.0984038
7.44316  1.04107  0.0823143
7.56516  0.984053  0.158515
7.56516  0.984053  0.158515
6.06917  1.00515  0.121791
7.56516  0.984053  0.158515
6.42088  1.01976  0.106207
7.57623  1.04944  0.0585549
7.53173  0.95344  0.204901
7.30733  0.947931  0.215351
7.57623  1.04944  0.0585549
7.7369  1.00214  0.147532
7.06834  0.996946  0.137865
7.39877  0.992816  0.116912
7.44316  1.04107  0.0823143
7.57623  1.04944  0.0585549
7.06834  0.980207  0.137865
7.39877  0.992816  0.116912
7.06834  0.980207  0.137865
7.06834  0.980207  0.137865
7.39877  0.992816  0.116912
7.11665  1.06366  0.0638851
7.56516  0.984053  0.158515
7.41122  1.01482  0.0984038
6.95695  0.925747  0.249027
7.30733  0.947931  0.215351
6.95695  0.925747  0.249027
7.56516  0.984053  0.158515
7.11665  1.06366  0.0638851
7.39877  0.992816  0.116912
7.54792  1.00953  0.137865
7.06834  0.980207  0.137865
7.06834  0.996946  0.137865
7.30733  0.947931  0.215351
6.95695  0.925747  0.249027
7.53173  0.95344  0.204901
7.57623  1.04944  0.0585549
7.53173  0.95344  0.204901
7.06834  0.996946  0.137865
7.23064  0.95344  0.204901
7.30733  0.947931  0.215351
7.56516  0.984053  0.158515
7.11665  1.06366  0.0638851
7.57623  1.04944  0.0585549
7.06834  0.980207  0.137865
7.06834  0.980207  0.137865
7.54792  1.00953  0.137865
7.54792  1.00953  0.137865
7.06834  0.996946  0.137865
7.54792  1.00953  0.137865
7.53173  0.95344  0.204901
7.30733  0.947931  0.215351
7.06834  0.996946  0.137865
7.54792  1.00953  0.137865
7.57623  1.04944  0.0585549
7.7369  1.00605  0.147532
7.7369  1.00214  0.147532
7.30733  0.947931  0.215351
7.41122  1.01482  0.0984038
6.99451  0.970058  0.178807
7.41122  1.01482  0.0984038
7.56516  0.984053  0.158515
7.93861  0.896463  0.269921
7.11665  1.06366  0.0638851
7.56516  0.984053  0.158515
7.06834  0.980207  0.137865
7.56516  0.984053  0.158515
6.06917  1.00515  0.121791
7.75907  1.05954  0.0486688
7.06834  0.980207  0.137865
7.54792  1.00953  0.137865
7.7369  1.00214  0.147532
7.57623  1.04944  0.0585549
7.30733  0.947931  0.215351
7.06834  0.980207  0.137865
7.11665  1.06366  0.0638851
7.56516  0.984053  0.158515
7.54792  1.00953  0.137865
7.11665  1.06366  0.0638851
7.44316  1.04107  0.0823143
7.23064  0.95344  0.204901
7.44316  1.04107  0.0823143
7.56516  0.984053  0.158515
7.06834  1.00504  0.137865
7.39877  0.992816  0.116912
7.11665  1.06366  0.0638851
7.56516  0.984053  0.158515
7.57623  1.04944  0.0585549
7.06834  0.996946  0.137865
7.56516  0.984053  0.158515
7.56516  0.984053  0.158515
7.30733  0.947931  0.215351
7.39877  0.992816  0.116912
7.56516  0.984053  0.158515
7.7369  1.00605  0.147532
7.53173  0.95344  0.204901
7.41122  1.01482  0.0984038
7.56516  0.984053  0.158515
7.54792  1.00953  0.137865
7.44316  1.04107  0.0823143
7.23064  0.95344  0.204901
7.32583  1.00953  0.137865
7.41122  1.01482  0.0984038
7.56516  0.984053  0.158515
7.44316  1.04107  0.0823143
7.11665  1.06366  0.0638851
7.56516  0.984053  0.158515
7.41122  1.01482  0.0984038
7.56516  0.984053  0.158515
6.99451  0.970058  0.178807
7.93861  0.896463  0.269921
7.56516  0.984053  0.158515
7.57623  1.04944  0.0585549
7.23064  0.95344  0.204901
7.11665  1.06366  0.0638851
7.56516  0.984053  0.158515
7.06834  0.980207  0.137865
7.57623  1.04944  0.0585549
7.93861  0.896463  0.269921
7.73478  1.01482  0.141245
7.30733  0.947931  0.215351
7.30733  0.947931  0.215351
7.11665  1.06366  0.0638851
7.41122  1.01482  0.0984038
7.57623  1.04944  0.0585549
6.95695  0.925747  0.249027
7.44316  1.04107  0.0823143
7.56516  0.984053  0.158515
7.44316  1.04107  0.0823143
7.56516  0.984053  0.158515
7.32583  1.00953  0.137865
7.54792  1.00953  0.137865
7.41122  1.01482  0.0984038
7.75907  1.05954  0.0486688
7.54792  1.00953  0.137865
7.44316  1.04107  0.0823143
7.57623  1.04944  0.0585549
7.44316  1.04107  0.0823143
7.56516  0.984053  0.158515
7.54792  1.00953  0.137865
7.20716  0.956653  0.169338
7.41122  1.01482  0.0984038
7.20716  0.956653  0.169338
7.56516  0.984053  0.158515
7.56516  0.984053  0.158515
7.56516  0.984053  0.158515
7.53173  0.95344  0.204901
7.56516  0.984053  0.158515
7.56516  0.984053  0.158515
7.56516  0.984053  0.158515
7.57623  1.04944  0.0585549
7.7369  1.00605  0.147532
7.56516  0.984053  0.158515
7.44316  1.04107  0.0823143
7.41122  1.01482  0.0984038
7.56516  0.984053  0.158515
7.06834  1.00504  0.137865
7.06834  1.00504  0.137865
7.44316  1.04107  0.0823143
7.56516  0.984053  0.158515
7.44316  1.04107  0.0823143
7.06834  0.996946  0.137865
7.53173  0.95344  0.204901
7.30733  0.947931  0.215351
7.56516  0.984053  0.158515
7.75907  1.05954  0.0486688
7.41122  1.01482  0.0984038
7.32583  1.00953  0.137865
7.41122  1.01482  0.0984038
7.06834  0.980207  0.137865
7.57623  1.04944  0.0585549
7.75907  1.05954  0.0486688
7.41122  1.01482  0.0984038
7.56516  0.984053  0.158515
6.95695  0.925747  0.249027
7.44316  1.04107  0.0823143
7.57623  1.04944  0.0585549
7.56516  0.984053  0.158515
7.56516  0.984053  0.158515
7.06834  0.980207  0.137865
7.44316  1.04107  0.0823143
7.93861  0.896463  0.269921
7.75907  1.05954  0.0486688
7.56516  0.984053  0.158515
7.41122  1.01482  0.0984038
6.42088  1.01976  0.106207
7.56516  0.984053  0.158515
7.41122  1.01482  0.0984038
7.73478  1.01482  0.141245
6.99451  0.970058  0.178807
7.53173  0.95344  0.204901
7.57623  1.04944  0.0585549
7.56516  0.984053  0.158515
7.30733  0.947931  0.215351
7.57623  1.04944  0.0585549
7.39877  0.992816  0.116912
7.44316  1.04107  0.0823143
7.06834  1.00504  0.137865
7.06834  0.996946  0.137865
7.57623  1.04944  0.0585549
7.06834  1.00504  0.137865
7.57623  1.04944  0.0585549
7.56516  0.984053  0.158515
7.93861  0.896463  0.269921
7.44316  1.04107  0.0823143
7.57623  1.04944  0.0585549
7.06834  0.996946  0.137865
7.30733  0.947931  0.215351
6.95695  0.925747  0.249027
7.30733  0.947931  0.215351
7.41122  1.01482  0.0984038
7.30733  0.947931  0.215351
7.53173  0.95344  0.204901
7.57623  1.04944  0.0585549
7.39877  0.992816  0.116912
7.44316  1.04107  0.0823143
7.23064  0.95344  0.204901
7.41122  1.01482  0.0984038
7.57623  1.04944  0.0585549
7.57623  1.04944  0.0585549
6.06917  1.00515  0.121791
7.56516  0.984053  0.158515
7.39877  0.992816  0.116912
7.7369  1.00605  0.147532
7.30733  0.947931  0.215351
7.06834  0.980207  0.137865
7.93861  0.896463  0.269921
7.56516  0.984053  0.158515
7.11665  1.06366  0.0638851
7.32583  1.00953  0.137865
7.53173  0.95344  0.204901
7.30733  0.947931  0.215351
6.06917  1.00515  0.121791
7.53173  0.95344  0.204901
7.30733  0.947931  0.215351
7.57623  1.04944  0.0585549
7.57623  1.04944  0.0585549
7.44316  1.04107  0.0823143
7.30733  0.947931  0.215351
7.30733  0.947931  0.215351
7.44316  1.04107  0.0823143
7.56516  0.984053  0.158515
7.32583  1.00953  0.137865
7.39877  0.992816  0.116912
7.44316  1.04107  0.0823143
7.11665  1.06366  0.0638851
7.57623  1.04944  0.0585549
7.30733  0.947931  0.215351
7.06834  0.996946  0.137865
7.7369  1.00214  0.147532
7.41122  1.01482  0.0984038
7.56516  0.984053  0.158515
7.39877  0.992816  0.116912
6.95695  0.925747  0.249027
7.15274  1.02327  0.0904936
7.15274  1.02327  0.0904936
6.42088  1.01976  0.106207
7.44316  1.04107  0.0823143
7.75907  1.05954  0.0486688
7.39877  0.992816  0.116912
7.56516  0.984053  0.158515
7.23064  0.95344  0.204901
7.56516  0.984053  0.158515
7.73478  1.01482  0.141245
7.75907  1.05954  0.0486688
7.57623  1.04944  0.0585549
7.53173  0.95344  0.204901
7.06834  0.996946  0.137865
7.7369  1.00605  0.147532
7.56516  0.984053  0.158515
7.44316  1.04107  0.0823143
7.7369  1.00214  0.147532
7.7369  1.00605  0.147532
7.41122  1.01482  0.0984038
6.42088  1.01976  0.106207
7.30733  0.947931  0.215351
7.7369  1.00605  0.147532
7.15274  1.02327  0.0904936
7.56516  0.984053  0.158515
7.41122  1.01482  0.0984038
7.56516  0.984053  0.158515
7.39877  0.992816  0.116912
7.73478  1.01482  0.141245
7.30733  0.947931  0.215351
7.06834  0.980207  0.137865
7.7369  1.00214  0.147532
7.11665  1.06366  0.0638851
7.93861  0.896463  0.269921
7.32583  1.00953  0.137865
7.06834  0.980207  0.137865
7.41122  1.01482  0.0984038
7.57623  1.04944  0.0585549
7.54792  1.00953  0.137865
7.57623  1.04944  0.0585549
7.23064  0.95344  0.204901
7.23064  0.95344  0.204901
7.53173  0.95344  0.204901
7.41122  1.01482  0.0984038
7.30733  0.947931  0.215351
7.56516  0.984053  0.158515
7.57623  1.04944  0.0585549
7.53173  0.95344  0.204901
7.23064  0.95344  0.204901
7.20716  0.956653  0.169338
7.23064  0.95344  0.204901
7.41122  1.01482  0.0984038
7.30733  0.947931  0.215351
6.06917  1.00515  0.121791
7.44316  1.04107  0.0823143
7.56516  0.984053  0.158515
7.39877  0.992816  0.116912
7.39877  0.992816  0.116912
7.44316  1.04107  0.0823143
7.41122  1.01482  0.0984038
7.57623  1.04944  0.0585549
7.06834  0.980207  0.137865
7.23064  0.95344  0.204901
7.39877  0.992816  0.116912
7.53173  0.95344  0.204901
7.7369  1.00605  0.147532
7.39877  0.992816  0.116912
7.11665  1.06366  0.0638851
7.41122  1.01482  0.0984038
7.56516  0.984053  0.158515
6.95695  0.925747  0.249027
7.11665  1.06366  0.0638851
7.39877  0.992816  0.116912
6.969  0.932569  0.230912
7.54792  1.00953  0.137865
7.56516  0.984053  0.158515
7.56516  0.984053  0.158515
7.57623  1.04944  0.0585549
7.06834  0.980207  0.137865
7.57623  1.04944  0.0585549
7.39877  0.992816  0.116912
7.30733  0.947931  0.215351
7.32583  1.00953  0.137865
7.11665  1.06366  0.0638851
7.56516  0.984053  0.158515
6.95695  0.925747  0.249027
7.06834  1.00504  0.137865
7.11665  1.06366  0.0638851
7.11665  1.06366  0.0638851
7.57623  1.04944  0.0585549
7.11665  1.06366  0.0638851
6.95695  0.925747  0.249027
7.41122  1.01482  0.0984038
7.30733  0.947931  0.215351
7.41122  1.01482  0.0984038
7.30733  0.947931  0.215351
7.56516  0.984053  0.158515
7.11665  1.06366  0.0638851
7.06834  0.980207  0.137865
7.93861  0.896463  0.269921
7.56516  0.984053  0.158515
7.44316  1.04107  0.0823143
7.41122  1.01482  0.0984038
7.54792  1.00953  0.137865
7.30733  0.947931  0.215351
7.54792  1.00953  0.137865
6.06917  1.00515  0.121791
7.11665  1.06366  0.0638851
7.30733  0.947931  0.215351
7.54792  1.00953  0.137865
7.44316  1.04107  0.0823143
7.56516  0.984053  0.158515
7.23064  0.95344  0.204901
7.11665  1.06366  0.0638851
7.56516  0.984053  0.158515
7.30733  0.947931  0.215351
7.39877  0.992816  0.116912
7.06834  0.996946  0.137865
7.7369  1.00605  0.147532
7.30733  0.947931  0.215351
7.39877  0.992816  0.116912
7.56516  0.984053  0.158515
7.54792  1.00953  0.137865
7.30733  0.947931  0.215351
6.95695  0.925747  0.249027
7.56516  0.984053  0.158515
7.30733  0.947931  0.215351
7.53173  0.95344  0.204901
7.56516  0.984053  0.158515
7.41122  1.01482  0.0984038
7.11665  1.06366  0.0638851
7.57623  1.04944  0.0585549
7.56516  0.984053  0.158515
7.06834  0.996946  0.137865
7.56516  0.984053  0.158515
7.75907  1.05954  0.0486688
7.44316  1.04107  0.0823143
7.30733  0.947931  0.215351
7.23064  0.95344  0.204901
7.56516  0.984053  0.158515
7.53173  0.95344  0.204901
7.39877  0.992816  0.116912
7.56516  0.984053  0.158515
7.11665  1.06366  0.0638851
7.30733  0.947931  0.215351
7.56516  0.984053  0.158515
7.56516  0.984053  0.158515
7.41122  1.01482  0.0984038
7.41122  1.01482  0.0984038
7.06834  0.996946  0.137865
7.56516  0.984053  0.158515
7.39877  0.992816  0.116912
7.41122  1.01482  0.0984038
7.23064  0.95344  0.204901
6.99451  0.970058  0.178807
7.06834  0.996946  0.137865
7.30733  0.947931  0.215351
7.56516  0.984053  0.158515
7.41122  1.01482  0.0984038
7.56516  0.984053  0.158515
7.39877  0.992816  0.116912
7.23064  0.95344  0.204901
7.57623  1.04944  0.0585549
7.06834  0.980207  0.137865
7.11665  1.06366  0.0638851
7.06834  1.00504  0.137865
7.75907  1.05954  0.0486688
7.11665  1.06366  0.0638851
7.06834  0.996946  0.137865
6.95695  0.925747  0.249027
7.93861  0.896463  0.269921
7.56516  0.984053  0.158515
7.53173  0.95344  0.204901
7.56516  0.984053  0.158515
6.06917  1.00515  0.121791
7.06834  0.996946  0.137865
7.56516  0.984053  0.158515
7.30733  0.947931  0.215351
7.7369  1.00605  0.147532
7.44316  1.04107  0.0823143
7.06834  0.980207  0.137865
7.41122  1.01482  0.0984038
7.39877  0.992816  0.116912
7.20716  0.956653  0.169338
7.93861  0.896463  0.269921
7.56516  0.984053  0.158515
7.44316  1.04107  0.0823143
7.30733  0.947931  0.215351
7.56516  0.984053  0.158515
7.57623  1.04944  0.0585549
7.11665  1.06366  0.0638851
7.7369  1.00605  0.147532
7.41122  1.01482  0.0984038
7.57623  1.04944  0.0585549
7.44316  1.04107  0.0823143
7.44316  1.04107  0.0823143
7.30733  0.947931  0.215351
7.30733  0.947931  0.215351
7.56516  0.984053  0.158515
7.56516  0.984053  0.158515
7.30733  0.947931  0.215351
6.42088  1.01976  0.106207
7.15274  1.02327  0.0904936
7.56516  0.984053  0.158515
7.39877  0.992816  0.116912
7.39877  0.992816  0.116912
7.30733  0.947931  0.215351
7.41122  1.01482  0.0984038
7.39877  0.992816  0.116912
6.42088  1.01976  0.106207
7.7369  1.00605  0.147532
7.06834  0.980207  0.137865
7.44316  1.04107  0.0823143
7.41122  1.01482  0.0984038
7.11665  1.06366  0.0638851
7.53173  0.95344  0.204901
7.30733  0.947931  0.215351
7.39877  0.992816  0.116912
7.75907  1.05954  0.0486688
7.53173  0.95344  0.204901
6.06917  1.00515  0.121791
6.06917  1.00515  0.121791
7.32583  1.00953  0.137865
7.39877  0.992816  0.116912
7.41122  1.01482  0.0984038
7.53173  0.95344  0.204901
7.56516  0.984053  0.158515
7.20716  0.956653  0.169338
7.23064  0.95344  0.204901
7.73478  1.01482  0.141245
7.57623  1.04944  0.0585549
7.93861  0.896463  0.269921
7.39877  0.992816  0.116912
7.30733  0.947931  0.215351
7.39877  0.992816  0.116912
7.30733  0.947931  0.215351
7.44316  1.04107  0.0823143
7.06834  1.00504  0.137865
7.06834  1.00504  0.137865
7.53173  0.95344  0.204901
7.39877  0.992816  0.116912
7.93861  0.896463  0.269921
7.11665  1.06366  0.0638851
7.41122  1.01482  0.0984038
7.30733  0.947931  0.215351
7.56516  0.984053  0.158515
7.06834  0.980207  0.137865
7.44316  1.04107  0.0823143
6.95695  0.925747  0.249027
7.15274  1.02327  0.0904936
7.11665  1.06366  0.0638851
7.53173  0.95344  0.204901
7.06834  0.980207  0.137865
7.30733  0.947931  0.215351
7.54792  1.00953  0.137865
7.57623  1.04944  0.0585549
7.75907  1.05954  0.0486688
7.57623  1.04944  0.0585549
7.56516  0.984053  0.158515
7.41122  1.01482  0.0984038
7.56516  0.984053  0.158515
7.06834  1.00504  0.137865
7.39877  0.992816  0.116912
7.06834  0.980207  0.137865
6.06917  1.00515  0.121791
7.11665  1.06366  0.0638851
7.57623  1.04944  0.0585549
6.95695  0.925747  0.249027
7.44316  1.04107  0.0823143
7.06834  0.980207  0.137865
7.7369  1.00214  0.147532
7.39877  0.992816  0.116912
7.11665  1.06366  0.0638851
6.969  0.932569  0.230912
7.06834  0.996946  0.137865
7.7369  1.00214  0.147532
7.32583  1.00953  0.137865
7.15274  1.02327  0.0904936
7.39877  0.992816  0.116912
7.41122  1.01482  0.0984038
6.42088  1.01976  0.106207
7.56516  0.984053  0.158515
7.56516  0.984053  0.158515
7.75907  1.05954  0.0486688
7.06834  0.996946  0.137865
7.56516  0.984053  0.158515
7.56516  0.984053  0.158515
7.56516  0.984053  0.158515
7.57623  1.04944  0.0585549
7.30733  0.947931  0.215351
7.30733  0.947931  0.215351
7.57623  1.04944  0.0585549
7.11665  1.06366  0.0638851
7.23064  0.95344  0.204901
7.39877  0.992816  0.116912
6.95695  0.925747  0.249027
7.44316  1.04107  0.0823143
7.57623  1.04944  0.0585549
7.53173  0.95344  0.204901
7.30733  0.947931  0.215351
7.15274  1.02327  0.0904936
6.42088  1.01976  0.106207
7.11665  1.06366  0.0638851
7.7369  1.00214  0.147532
7.56516  0.984053  0.158515
7.15274  1.02327  0.0904936
7.44316  1.04107  0.0823143
7.53173  0.95344  0.204901
7.56516  0.984053  0.158515
7.56516  0.984053  0.158515
7.11665  1.06366  0.0638851
7.06834  0.996946  0.137865
7.93861  0.896463  0.269921
7.75907  1.05954  0.0486688
6.95695  0.925747  0.249027
7.30733  0.947931  0.215351
7.57623  1.04944  0.0585549
7.06834  1.00504  0.137865
7.30733  0.947931  0.215351
7.57623  1.04944  0.0585549
7.7369  1.00605  0.147532
7.7369  1.00605  0.147532
7.30733  0.947931  0.215351
7.56516  0.984053  0.158515
7.30733  0.947931  0.215351
7.30733  0.947931  0.215351
7.41122  1.01482  0.0984038
7.23064  0.95344  0.204901
7.54792  1.00953  0.137865
7.30733  0.947931  0.215351
7.57623  1.04944  0.0585549
7.54792  1.00953  0.137865
7.7369  1.00605  0.147532
7.11665  1.06366  0.0638851
7.30733  0.947931  0.215351
7.56516  0.984053  0.158515
7.53173  0.95344  0.204901
7.7369  1.00214  0.147532
7.06834  0.980207  0.137865
7.7369  1.00214  0.147532
7.06834  0.980207  0.137865
7.06834  1.00504  0.137865
7.73478  1.01482  0.141245
7.57623  1.04944  0.0585549
7.06834  0.980207  0.137865
6.969  0.932569  0.230912
7.41122  1.01482  0.0984038
7.53173  0.95344  0.204901
7.06834  0.996946  0.137865
7.11665  1.06366  0.0638851
7.56516  0.984053  0.158515
7.23064  0.95344  0.204901
7.06834  1.00504  0.137865
7.32583  1.00953  0.137865
7.56516  0.984053  0.158515
7.06834  0.980207  0.137865
7.06834  1.00504  0.137865
7.06834  0.980207  0.137865
7.56516  0.984053  0.158515
7.56516  0.984053  0.158515
7.7369  1.00214  0.147532
7.06834  0.980207  0.137865
7.56516  0.984053  0.158515
7.11665  1.06366  0.0638851
7.39877  0.992816  0.116912
6.06917  1.00515  0.121791
7.23064  0.95344  0.204901
7.53173  0.95344  0.204901
6.95695  0.925747  0.249027
7.39877  0.992816  0.116912
7.44316  1.04107  0.0823143
7.57623  1.04944  0.0585549
7.32583  1.00953  0.137865
7.06834  0.980207  0.137865
7.41122  1.01482  0.0984038
7.56516  0.984053  0.158515
7.39877  0.992816  0.116912
7.57623  1.04944  0.0585549
7.56516  0.984053  0.158515
7.56516  0.984053  0.158515
7.57623  1.04944  0.0585549
7.06834  0.980207  0.137865
7.44316  1.04107  0.0823143
7.06834  0.980207  0.137865
6.06917  1.00515  0.121791
7.41122  1.01482  0.0984038
7.93861  0.896463  0.269921
7.57623  1.04944  0.0585549
7.06834  0.996946  0.137865
7.53173  0.95344  0.204901
7.57623  1.04944  0.0585549
7.44316  1.04107  0.0823143
7.30733  0.947931  0.215351
7.53173  0.95344  0.204901
7.39877  0.992816  0.116912
7.06834  0.980207  0.137865
7.41122  1.01482  0.0984038
7.06834  0.996946  0.137865
7.56516  0.984053  0.158515
7.06834  0.980207  0.137865
7.93861  0.896463  0.269921
7.53173  0.95344  0.204901
6.06917  1.00515  0.121791
7.56516  0.984053  0.158515
7.06834  0.996946  0.137865
7.57623  1.04944  0.0585549
6.969  0.932569  0.230912
7.57623  1.04944  0.0585549
7.41122  1.01482  0.0984038
7.06834  0.980207  0.137865
7.41122  1.01482  0.0984038
7.11665  1.06366  0.0638851
7.15274  1.02327  0.0904936
7.75907  1.05954  0.0486688
7.41122  1.01482  0.0984038
7.30733  0.947931  0.215351
7.30733  0.947931  0.215351
7.41122  1.01482  0.0984038
7.23064  0.95344  0.204901
7.53173  0.95344  0.204901
7.53173  0.95344  0.204901
7.56516  0.984053  0.158515
7.11665  1.06366  0.0638851
7.06834  0.980207  0.137865
7.56516  0.984053  0.158515
7.23064  0.95344  0.204901
7.73478  1.01482  0.141245
7.44316  1.04107  0.0823143
7.7369  1.00605  0.147532
7.56516  0.984053  0.158515
7.39877  0.992816  0.116912
7.44316  1.04107  0.0823143
7.30733  0.947931  0.215351
7.56516  0.984053  0.158515
7.75907  1.05954  0.0486688
7.56516  0.984053  0.158515
7.56516  0.984053  0.158515
7.93861  0.896463  0.269921
7.30733  0.947931  0.215351
7.11665  1.06366  0.0638851
6.06917  1.00515  0.121791
7.54792  1.00953  0.137865
7.54792  1.00953  0.137865
7.57623  1.04944  0.0585549
7.75907  1.05954  0.0486688
7.30733  0.947931  0.215351
7.06834  0.980207  0.137865
7.30733  0.947931  0.215351
7.30733  0.947931  0.215351
7.56516  0.984053  0.158515
7.23064  0.95344  0.204901
7.57623  1.04944  0.0585549
7.39877  0.992816  0.116912
7.39877  0.992816  0.116912
7.57623  1.04944  0.0585549
7.54792  1.00953  0.137865
7.56516  0.984053  0.158515
7.30733  0.947931  0.215351
7.53173  0.95344  0.204901
7.53173  0.95344  0.204901
7.41122  1.01482  0.0984038
7.11665  1.06366  0.0638851
7.23064  0.95344  0.204901
7.56516  0.984053  0.158515
7.41122  1.01482  0.0984038
6.969  0.932569  0.230912
6.42088  1.01976  0.106207
7.30733  0.947931  0.215351
7.53173  0.95344  0.204901
7.53173  0.95344  0.204901
7.30733  0.947931  0.215351
7.44316  1.04107  0.0823143
6.06917  1.00515  0.121791
7.54792  1.00953  0.137865
7.32583  1.00953  0.137865
7.41122  1.01482  0.0984038
7.30733  0.947931  0.215351
7.15274  1.02327  0.0904936
7.39877  0.992816  0.116912
6.969  0.932569  0.230912
7.53173  0.95344  0.204901
7.44316  1.04107  0.0823143
7.41122  1.01482  0.0984038
7.30733  0.947931  0.215351
7.57623  1.04944  0.0585549
7.30733  0.947931  0.215351
7.57623  1.04944  0.0585549
7.7369  1.00605  0.147532
7.30733  0.947931  0.215351
7.57623  1.04944  0.0585549
7.06834  0.996946  0.137865
7.41122  1.01482  0.0984038
7.06834  0.980207  0.137865
7.41122  1.01482  0.0984038
7.44316  1.04107  0.0823143
7.30733  0.947931  0.215351
7.56516  0.984053  0.158515
7.56516  0.984053  0.158515
7.30733  0.947931  0.215351
7.56516  0.984053  0.158515
7.44316  1.04107  0.0823143
7.39877  0.992816  0.116912
7.57623  1.04944  0.0585549
7.30733  0.947931  0.215351
7.7369  1.00214  0.147532
7.73478  1.01482  0.141245
7.30733  0.947931  0.215351
7.11665  1.06366  0.0638851
7.53173  0.95344  0.204901
7.54792  1.00953  0.137865
7.11665  1.06366  0.0638851
7.44316  1.04107  0.0823143
7.06834  0.996946  0.137865
7.30733  0.947931  0.215351
7.57623  1.04944  0.0585549
7.30733  0.947931  0.215351
7.41122  1.01482  0.0984038
7.57623  1.04944  0.0585549
7.53173  0.95344  0.204901
7.44316  1.04107  0.0823143
7.39877  0.992816  0.116912
7.56516  0.984053  0.158515
7.06834  0.980207  0.137865
7.41122  1.01482  0.0984038
7.54792  1.00953  0.137865
6.95695  0.925747  0.249027
7.30733  0.947931  0.215351
7.06834  0.980207  0.137865
7.57623  1.04944  0.0585549
7.56516  0.984053  0.158515
7.56516  0.984053  0.158515
7.39877  0.992816  0.116912
7.30733  0.947931  0.215351
7.56516  0.984053  0.158515
7.57623  1.04944  0.0585549
7.7369  1.00605  0.147532
7.41122  1.01482  0.0984038
7.53173  0.95344  0.204901
7.06834  0.980207  0.137865
7.57623  1.04944  0.0585549
7.44316  1.04107  0.0823143
7.57623  1.04944  0.0585549
7.56516  0.984053  0.158515
7.56516  0.984053  0.158515
7.57623  1.04944  0.0585549
7.30733  0.947931  0.215351
7.53173  0.95344  0.204901
7.30733  0.947931  0.215351
7.56516  0.984053  0.158515
7.57623  1.04944  0.0585549
7.56516  0.984053  0.158515
7.39877  0.992816  0.116912
7.53173  0.95344  0.204901
7.30733  0.947931  0.215351
7.56516  0.984053  0.158515
7.32583  1.00953  0.137865
7.06834  0.980207  0.137865
7.06834  1.00504  0.137865
7.11665  1.06366  0.0638851
7.53173  0.95344  0.204901
7.7369  1.00605  0.147532
7.15274  1.02327  0.0904936
7.56516  0.984053  0.158515
7.41122  1.01482  0.0984038
7.06834  1.00504  0.137865
7.57623  1.04944  0.0585549
7.57623  1.04944  0.0585549
7.56516  0.984053  0.158515
7.44316  1.04107  0.0823143
7.06834  1.00504  0.137865
7.73478  1.01482  0.141245
7.44316  1.04107  0.0823143
7.7369  1.00605  0.147532
7.44316  1.04107  0.0823143
7.20716  0.956653  0.169338
7.57623  1.04944  0.0585549
7.41122  1.01482  0.0984038
7.7369  1.00214  0.147532
7.56516  0.984053  0.158515
7.44316  1.04107  0.0823143
7.7369  1.00214  0.147532
7.44316  1.04107  0.0823143
7.56516  0.984053  0.158515
6.95695  0.925747  0.249027
7.41122  1.01482  0.0984038
7.30733  0.947931  0.215351
7.23064  0.95344  0.204901
7.57623  1.04944  0.0585549
7.7369  1.00605  0.147532
7.56516  0.984053  0.158515
7.53173  0.95344  0.204901
7.44316  1.04107  0.0823143
7.56516  0.984053  0.158515
7.06834  0.980207  0.137865
7.7369  1.00214  0.147532
7.41122  1.01482  0.0984038
7.39877  0.992816  0.116912
7.57623  1.04944  0.0585549
7.06834  0.980207  0.137865
7.06834  0.996946  0.137865
7.06834  0.980207  0.137865
6.95695  0.925747  0.249027
7.11665  1.06366  0.0638851
7.06834  0.980207  0.137865
7.41122  1.01482  0.0984038
6.969  0.932569  0.230912
7.15274  1.02327  0.0904936
7.39877  0.992816  0.116912
7.73478  1.01482  0.141245
7.57623  1.04944  0.0585549
7.06834  0.996946  0.137865
7.41122  1.01482  0.0984038
7.41122  1.01482  0.0984038
7.32583  1.00953  0.137865
7.56516  0.984053  0.158515
6.42088  1.01976  0.106207
6.95695  0.925747  0.249027
7.41122  1.01482  0.0984038
7.7369  1.00605  0.147532
6.95695  0.925747  0.249027
7.56516  0.984053  0.158515
7.57623  1.04944  0.0585549
7.7369  1.00214  0.147532
7.56516  0.984053  0.158515
7.56516  0.984053  0.158515
7.41122  1.01482  0.0984038
7.11665  1.06366  0.0638851
7.57623  1.04944  0.0585549
7.56516  0.984053  0.158515
7.30733  0.947931  0.215351
7.44316  1.04107  0.0823143
7.53173  0.95344  0.204901
7.30733  0.947931  0.215351
7.56516  0.984053  0.158515
7.41122  1.01482  0.0984038
7.20716  0.956653  0.169338
7.56516  0.984053  0.158515
7.30733  0.947931  0.215351
6.99451  0.970058  0.178807
6.95695  0.925747  0.249027
7.53173  0.95344  0.204901
7.06834  0.996946  0.137865
7.06834  0.980207  0.137865
7.44316  1.04107  0.0823143
7.53173  0.95344  0.204901
7.06834  0.996946  0.137865
7.06834  1.00504  0.137865
7.06834  0.980207  0.137865
7.53173  0.95344  0.204901
6.95695  0.925747  0.249027
7.06834  0.996946  0.137865
6.06917  1.00515  0.121791
6.06917  1.00515  0.121791
7.56516  0.984053  0.158515
7.39877  0.992816  0.116912
7.32583  1.00953  0.137865
7.15274  1.02327  0.0904936
7.56516  0.984053  0.158515
7.41122  1.01482  0.0984038
7.56516  0.984053  0.158515
7.30733  0.947931  0.215351
7.56516  0.984053  0.158515
7.57623  1.04944  0.0585549
7.15274  1.02327  0.0904936
7.56516  0.984053  0.158515
7.53173  0.95344  0.204901
7.06834  0.980207  0.137865
7.06834  0.996946  0.137865
7.20716  0.956653  0.169338
7.11665  1.06366  0.0638851
7.06834  0.996946  0.137865
7.44316  1.04107  0.0823143
7.30733  0.947931  0.215351
7.41122  1.01482  0.0984038
7.53173  0.95344  0.204901
7.11665  1.06366  0.0638851
7.56516  0.984053  0.158515
7.30733  0.947931  0.215351
7.41122  1.01482  0.0984038
6.06917  1.00515  0.121791
7.44316  1.04107  0.0823143
7.06834  0.980207  0.137865
7.41122  1.01482  0.0984038
7.56516  0.984053  0.158515
7.56516  0.984053  0.158515
7.56516  0.984053  0.158515
7.73478  1.01482  0.141245
7.56516  0.984053  0.158515
7.56516  0.984053  0.158515
7.06834  0.980207  0.137865
7.32583  1.00953  0.137865
6.969  0.932569  0.230912
7.06834  1.00504  0.137865
7.30733  0.947931  0.215351
7.57623  1.04944  0.0585549
7.53173  0.95344  0.204901
7.73478  1.01482  0.141245
7.15274  1.02327  0.0904936
7.39877  0.992816  0.116912
7.7369  1.00605  0.147532
7.32583  1.00953  0.137865
7.44316  1.04107  0.0823143
7.56516  0.984053  0.158515
7.30733  0.947931  0.215351
6.06917  1.00515  0.121791
6.06917  1.00515  0.121791
7.57623  1.04944  0.0585549
7.56516  0.984053  0.158515
