1.04297  0.216407  -0.97809
1.00085  -0.813956  0.0486944
1.04297  0.216407  -0.97809
1.01594  -0.264624  -0.207311
1.00085  -0.813956  0.0486944
1.02461  0.309982  0.648011
1.0598  -0.302641  -0.131243
1.01594  -0.264624  -0.207311
1.03171  0.0917144  -0.275033
1.01723  -0.163224  -0.281312
1.02461  0.309982  0.648011
1.02863  -0.122743  0.426576
1.00085  -0.813956  0.0486944
1.02461  0.119434  0.931499
1.01723  -0.163224  -0.281312
1.00085  -0.813956  0.0486944
1.01723  -0.163224  -0.281312
1.0213  0.105297  -0.37505
1.01594  -0.264624  -0.207311
1.01723  -0.163224  -0.281312
1.02863  -0.272545  -0.00800518
1.0598  -0.302641  -0.131243
1.01723  -0.163224  -0.281312
1.02863  -0.77315  -0.190116
1.01594  -0.264624  -0.207311
1.01723  -0.163224  -0.281312
1.01594  -0.264624  -0.207311
1.02461  0.309982  0.93502
1.0213  0.105297  -0.37505
1.02461  0.119434  0.931499
1.0213  0.105297  -0.37505
1.00526  -1.19254  -0.178716
1.02863  -0.77315  -0.190116
1.0438  -0.0493055  0.826558
0.992915  0.350887  0.0856114
1.02461  0.309982  0.93502
1.01594  -0.264624  -0.207311
1.01723  -0.163224  -0.281312
1.01723  -0.163224  -0.281312
1.02461  0.119434  0.931499
1.02863  -0.122743  0.426576
1.01594  -0.264624  -0.207311
1.02461  0.119434  0.931499
1.02863  -0.122743  0.426576
1.02461  0.309982  0.93502
1.02461  0.119434  0.931499
1.02461  0.164887  0.931499
1.02863  -0.77315  -0.190116
1.01594  -0.264624  -0.207311
1.00593  1.07184  -0.88552
1.01594  -0.264624  -0.207311
1.01594  -0.264624  -0.207311
1.0213  0.105297  -0.37505
1.02461  0.119434  0.931499
1.02461  0.119434  0.931499
1.02863  -0.122743  0.426576
1.02461  0.119434  0.931499
1.0598  -0.302641  -0.131243
1.02461  0.119434  0.931499
1.02461  0.119434  0.931499
1.01723  -0.163224  -0.281312
1.01723  -0.163224  -0.281312
1.02461  0.119434  0.931499
1.02461  0.119434  0.931499
1.02461  0.119434  0.931499
1.02461  0.119434  0.931499
1.0598  -0.302641  -0.131243
1.0438  -0.0493055  0.826558
1.02461  0.119434  0.931499
1.02461  0.119434  0.931499
1.02461  0.309982  0.648011
1.01723  -0.163224  -0.281312
1.02461  0.164887  0.931499
1.02461  0.119434  0.931499
1.01594  -0.264624  -0.207311
1.03171  0.0917144  -0.275033
1.02863  -0.77315  -0.190116
1.01594  -0.264624  -0.207311
1.01723  -0.163224  -0.281312
1.00543  0.0540285  0.369628
1.02461  0.119434  0.931499
1.02461  0.164887  0.931499
1.02863  -0.77315  -0.190116
1.02461  0.119434  0.931499
1.00085  -0.813956  0.0486944
1.00526  -1.19254  -0.178716
1.02461  0.164887  0.931499
1.00593  1.07184  -0.956591
1.02461  0.309982  0.648011
1.01723  -0.163224  -0.281312
1.02461  0.119434  0.931499
1.00085  -0.813956  0.0486944
1.0438  -0.0493055  0.826558
1.01723  -0.163224  -0.281312
1.02863  -0.272545  -0.00800518
1.01723  -0.163224  -0.281312
1.02461  0.309982  0.93502
1.0438  -0.0493055  0.826558
1.01723  -0.163224  -0.281312
1.01723  -0.163224  -0.281312
1.04373  -0.204994  -0.856951
1.01723  -0.163224  -0.281312
1.01723  -0.163224  -0.281312
1.02609  -0.192521  -0.276118
1.02863  -0.272545  -0.00800518
1.03768  -0.190715  -0.459704
1.02461  0.164887  0.931499
1.02461  0.309982  0.93502
1.0213  0.105297  -0.37505
1.02461  0.119434  0.931499
1.00526  -1.19254  -0.178716
1.02461  0.119434  0.931499
1.00085  -0.813956  0.0486944
1.02461  0.119434  0.931499
1.02461  0.164887  0.931499
1.02863  -0.122743  0.426576
1.02461  0.119434  0.931499
1.00593  1.07184  -0.88552
1.02461  0.119434  0.931499
1.04373  -0.204994  -0.856951
1.01723  -0.163224  -0.281312
1.02461  0.164887  0.931499
1.01723  -0.163224  -0.281312
1.01723  -0.163224  -0.281312
1.01723  -0.163224  -0.281312
1.02863  -0.77315  -0.190116
1.02461  0.119434  0.931499
1.04373  -0.204994  -0.856951
1.02609  -0.192521  -0.276118
1.02461  0.119434  0.931499
1.04297  0.216407  -0.97809
1.0438  -0.0493055  0.826558
1.02461  0.119434  0.931499
1.00085  -0.813956  0.0486944
1.01594  -0.264624  -0.207311
1.02863  -0.272545  -0.00800518
1.02779  -0.163224  -0.281312
1.02461  0.119434  0.931499
1.01723  -0.163224  -0.281312
1.01594  -0.264624  -0.207311
1.01594  -0.264624  -0.207311
1.00085  -0.813956  0.0486944
1.02461  0.119434  0.931499
1.02461  0.309982  0.93502
1.02461  0.119434  0.931499
1.02461  0.119434  0.931499
1.02461  0.119434  0.931499
1.04828  0.105297  -0.37505
1.02461  0.119434  0.931499
1.02461  0.164887  0.931499
1.01723  -0.163224  -0.281312
1.0598  -0.302641  -0.200372
1.01594  -0.264624  -0.207311
1.02461  0.309982  0.93502
1.01594  -0.264624  -0.207311
1.02609  -0.192521  -0.276118
1.01723  -0.163224  -0.281312
1.01723  -0.163224  -0.281312
1.02461  0.119434  0.931499
0.992915  0.350887  0.0856114
1.01723  -0.163224  -0.281312
1.01378  -0.378535  0.18046
1.01594  -0.264624  -0.207311
1.01594  -0.264624  -0.207311
1.0213  0.105297  -0.37505
1.04373  -0.204994  -0.856951
1.0438  -0.0493055  0.826558
1.01594  -0.264624  -0.207311
1.02461  0.309982  0.93502
1.01723  -0.163224  -0.281312
1.02461  0.119434  0.931499
1.02461  0.119434  0.931499
1.01723  -0.163224  -0.281312
1.00085  -0.813956  0.0486944
1.01723  -0.163224  -0.281312
1.00085  -0.813956  0.0486944
1.02863  -0.272545  -0.00800518
1.03171  0.0917144  -0.275033
1.02863  -0.77315  -0.190116
1.02461  0.309982  0.93502
1.02461  0.119434  0.931499
1.03171  0.0917144  -0.275033
1.02461  0.164887  0.931499
1.01723  -0.163224  -0.281312
1.01594  -0.264624  -0.207311
1.01594  -0.264624  -0.207311
1.02461  0.119434  0.931499
1.02863  -0.77315  -0.190116
1.02221  -0.334117  -0.570647
1.02461  0.119434  0.931499
1.0438  -0.0493055  0.826558
1.02461  0.119434  0.931499
1.00593  1.07184  -0.88552
0.992915  0.350887  0.0856114
1.02461  0.119434  0.931499
1.01594  -0.264624  -0.207311
1.01723  -0.163224  -0.281312
1.02461  0.119434  0.931499
1.02461  0.119434  0.931499
1.02461  0.164887  0.931499
1.01723  -0.163224  -0.281312
1.02461  0.119434  0.931499
1.00593  1.07184  -0.88552
1.02863  -0.77315  -0.190116
1.0213  0.105297  -0.37505
1.01723  -0.163224  -0.281312
1.02461  0.119434  0.931499
1.00085  -0.813956  0.0486944
1.00085  -0.813956  0.0486944
1.00085  -0.813956  0.0486944
1.04373  -0.204994  -0.856951
1.04373  -0.141807  -0.856951
1.0213  0.105297  -0.37505
1.01723  -0.163224  -0.281312
1.0213  0.105297  -0.37505
1.02863  -0.272545  -0.00800518
1.01723  -0.163224  -0.281312
1.0438  -0.0493055  0.826558
1.02461  0.309982  0.93502
1.0213  0.105297  -0.37505
1.04828  0.105297  -0.37505
1.02461  0.119434  0.931499
1.02461  0.119434  0.931499
1.01723  -0.163224  -0.281312
1.02863  -0.122743  0.426576
1.02461  0.164887  0.931499
1.01723  -0.163224  -0.281312
1.02461  0.119434  0.931499
1.03171  0.0917144  -0.275033
1.00085  -0.813956  0.0486944
1.04297  0.216407  -0.97809
1.02461  0.119434  0.931499
1.02609  -0.192521  -0.276118
1.02461  0.309982  0.93502
1.02461  0.309982  0.93502
1.01594  -0.264624  -0.207311
1.01723  -0.163224  -0.281312
1.02461  0.119434  0.931499
1.01723  -0.163224  -0.281312
1.01723  -0.163224  -0.281312
1.01594  -0.264624  -0.207311
1.02461  0.164887  0.931499
1.01594  -0.264624  -0.207311
1.04373  -0.204994  -0.856951
1.00085  -0.813956  0.0486944
1.03476  0.0794412  0.527507
1.0438  -0.0493055  0.826558
1.0213  0.105297  -0.37505
1.02461  0.119434  0.931499
1.02461  0.309982  0.93502
1.03476  0.0794412  0.527507
1.02461  0.309982  0.648011
1.02461  0.164887  0.931499
1.0213  0.105297  -0.37505
1.01594  -0.264624  -0.207311
1.01723  -0.163224  -0.281312
1.03768  -0.190715  -0.459704
1.0598  -0.302641  -0.131243
1.02461  0.119434  0.931499
0.992915  0.350887  0.0856114
1.01594  -0.264624  -0.207311
1.01594  -0.264624  -0.207311
1.02461  0.164887  0.931499
1.01594  -0.264624  -0.207311
1.00526  -1.19254  -0.178716
1.01594  -0.264624  -0.207311
1.02461  0.164887  0.931499
1.02461  0.119434  0.931499
1.01594  -0.264624  -0.207311
1.02461  0.119434  0.931499
1.04297  0.216407  -0.97809
1.03768  -0.190715  -0.459704
1.02863  -0.272545  -0.00800518
1.04373  -0.141807  -0.856951
1.01594  -0.264624  -0.207311
1.0213  0.105297  -0.37505
1.01594  -0.264624  -0.207311
1.02461  0.119434  0.931499
1.04297  0.216407  -0.97809
1.02461  0.119434  0.931499
1.01594  -0.264624  -0.207311
1.01594  -0.264624  -0.207311
1.02863  -0.77315  -0.190116
1.02461  0.119434  0.931499
1.02461  0.119434  0.931499
1.00526  -1.19254  -0.178716
1.02863  -0.122743  0.426576
1.00085  -0.813956  0.0486944
1.01723  -0.163224  -0.281312
1.03171  0.0917144  -0.275033
1.01723  -0.163224  -0.281312
1.02461  0.119434  0.931499
1.02461  0.119434  0.931499
1.02863  -0.77315  -0.190116
1.00085  -0.813956  0.0486944
1.01594  -0.264624  -0.207311
1.02461  0.119434  0.931499
1.04373  -0.204994  -0.856951
1.02461  0.309982  0.648011
1.03171  0.0917144  -0.275033
1.00085  -0.813956  0.0486944
1.02461  0.119434  0.931499
1.02863  -0.77315  -0.190116
1.01378  -0.378535  0.18046
1.02863  -0.77315  -0.190116
1.0438  -0.0493055  0.826558
1.02461  0.119434  0.931499
1.02461  0.119434  0.931499
1.02461  0.119434  0.931499
1.0598  -0.302641  -0.131243
1.00526  -1.19254  -0.178716
1.02461  0.309982  0.93502
1.01378  -0.378535  0.18046
1.02461  0.119434  0.931499
1.0213  0.105297  -0.37505
1.02461  0.119434  0.931499
1.02461  0.119434  0.931499
1.0213  0.105297  -0.37505
1.00593  1.07184  -0.88552
1.0213  0.105297  -0.37505
1.02461  0.164887  0.931499
1.00085  -0.813956  0.0486944
1.0438  -0.0493055  0.826558
1.01723  -0.163224  -0.281312
1.02461  0.164887  0.931499
1.04373  -0.141807  -0.856951
1.03768  -0.190715  -0.459704
1.03768  -0.190715  -0.459704
1.02461  0.119434  0.931499
1.00085  -0.813956  0.0486944
1.02461  0.164887  0.931499
1.00085  -0.813956  0.0486944
1.0438  -0.0493055  0.826558
1.03171  0.0917144  -0.275033
1.02461  0.119434  0.931499
1.01723  -0.163224  -0.281312
1.01723  -0.163224  -0.281312
1.02221  -0.334117  -0.570647
1.02461  0.119434  0.931499
1.01723  -0.163224  -0.281312
1.02863  -0.77315  -0.190116
1.01723  -0.163224  -0.281312
1.02863  -0.77315  -0.190116
1.02461  0.309982  0.648011
1.01594  -0.264624  -0.207311
1.02461  0.119434  0.931499
1.02461  0.119434  0.931499
1.01594  -0.264624  -0.207311
1.05538  -0.333715  -1.17885
1.02461  0.119434  0.931499
1.01723  -0.163224  -0.281312
1.02461  0.309982  0.648011
1.02863  -0.77315  -0.190116
1.02461  0.119434  0.931499
1.01594  -0.264624  -0.207311
1.02863  -0.77315  -0.190116
1.02461  0.119434  0.931499
1.03171  0.0917144  -0.275033
1.02461  0.119434  0.931499
1.02863  -0.77315  -0.190116
1.02461  0.164887  0.931499
0.992915  0.350887  0.0856114
1.02461  0.119434  0.931499
1.04373  -0.204994  -0.856951
1.02461  0.119434  0.931499
1.01723  -0.163224  -0.281312
1.02461  0.119434  0.931499
1.02461  0.309982  0.648011
1.02461  0.119434  0.931499
1.02461  0.164887  0.931499
1.01594  -0.264624  -0.207311
1.0438  -0.0493055  0.826558
1.02461  0.119434  0.931499
1.02461  0.164887  0.931499
1.02461  0.119434  0.931499
1.02461  0.309982  0.93502
1.0213  0.105297  -0.37505
1.0598  -0.302641  -0.131243
1.01594  -0.264624  -0.207311
1.02461  0.119434  0.931499
1.00085  -0.813956  0.0486944
1.00526  -1.19254  -0.178716
1.02461  0.119434  0.931499
1.02461  0.119434  0.931499
1.01594  -0.264624  -0.207311
1.02461  0.119434  0.931499
1.0438  -0.0493055  0.826558
1.02461  0.309982  0.648011
1.02863  -0.77315  -0.190116
1.02461  0.309982  0.648011
1.02461  0.119434  0.931499
1.02461  0.119434  0.931499
1.02461  0.309982  0.648011
1.01723  -0.163224  -0.281312
1.03476  0.0794412  0.527507
1.02863  -0.77315  -0.190116
1.02461  0.309982  0.648011
1.02461  0.164887  0.931499
1.02461  0.119434  0.931499
1.00526  -1.19254  -0.178716
1.02461  0.164887  0.931499
1.02461  0.309982  0.93502
1.03768  -0.190715  -0.459704
1.02461  0.119434  0.931499
1.02461  0.309982  0.93502
1.02863  -0.77315  -0.190116
1.02461  0.309982  0.93502
1.0598  -0.302641  -0.200372
1.04373  -0.141807  -0.856951
1.02461  0.119434  0.931499
1.01723  -0.163224  -0.281312
1.0598  -0.302641  -0.131243
1.01594  -0.264624  -0.207311
1.04373  -0.204994  -0.856951
1.04373  -0.141807  -0.856951
1.0213  0.105297  -0.37505
1.0213  0.105297  -0.37505
1.02461  0.119434  0.931499
1.02863  -0.77315  -0.190116
1.02461  0.119434  0.931499
1.02461  0.119434  0.931499
1.01723  -0.163224  -0.281312
1.01594  -0.264624  -0.207311
1.04373  -0.204994  -0.856951
1.00593  1.07184  -0.88552
1.02461  0.119434  0.931499
1.02461  0.119434  0.931499
0.992915  0.350887  0.0856114
1.04373  -0.204994  -0.856951
1.04373  -0.204994  -0.856951
1.0213  0.105297  -0.37505
1.00593  1.07184  -0.88552
1.01594  -0.264624  -0.207311
1.02461  0.119434  0.931499
1.0598  -0.302641  -0.200372
1.0213  0.105297  -0.37505
1.02863  -0.122743  0.426576
1.00085  -0.813956  0.0486944
1.01378  -0.378535  0.18046
1.01594  -0.264624  -0.207311
1.0213  0.105297  -0.37505
1.02461  0.119434  0.931499
1.02461  0.164887  0.931499
1.00085  -0.813956  0.0486944
0.992915  0.350887  0.0856114
1.03171  0.0917144  -0.275033
1.02461  0.119434  0.931499
1.0438  -0.0493055  0.826558
1.01723  -0.163224  -0.281312
1.02863  -0.272545  -0.00800518
1.02461  0.309982  0.93502
1.02609  -0.192521  -0.276118
1.04373  -0.204994  -0.856951
1.04297  0.216407  -0.97809
1.0438  -0.0493055  0.826558
1.02863  -0.77315  -0.190116
1.0438  -0.0493055  0.826558
1.04373  -0.204994  -0.856951
1.02461  0.119434  0.931499
1.02863  -0.77315  -0.190116
1.01723  -0.163224  -0.281312
1.02461  0.119434  0.931499
1.0438  -0.0493055  0.826558
1.01723  -0.163224  -0.281312
1.03768  -0.190715  -0.459704
1.0213  0.105297  -0.37505
1.00526  -1.19254  -0.178716
1.01723  -0.163224  -0.281312
1.01594  -0.264624  -0.207311
1.02461  0.119434  0.931499
1.02461  0.119434  0.931499
1.02863  -0.77315  -0.190116
1.02461  0.119434  0.931499
1.02461  0.164887  0.931499
1.01594  -0.264624  -0.207311
1.0213  0.105297  -0.37505
1.0598  -0.302641  -0.200372
1.03171  0.0917144  -0.275033
1.02863  -0.77315  -0.190116
1.02461  0.309982  0.648011
1.00593  1.07184  -0.956591
1.01594  -0.264624  -0.207311
1.03768  -0.190715  -0.459704
1.03171  0.0917144  -0.275033
1.03476  0.0794412  0.527507
1.02863  -0.122743  0.426576
1.01723  -0.163224  -0.281312
1.02461  0.119434  0.931499
1.02461  0.119434  0.931499
1.02461  0.119434  0.931499
1.02461  0.119434  0.931499
1.01723  -0.163224  -0.281312
1.0438  -0.0493055  0.826558
1.01594  -0.264624  -0.207311
1.0213  0.105297  -0.37505
1.00593  1.07184  -0.88552
1.0213  0.105297  -0.37505
1.02461  0.119434  0.931499
1.02461  0.309982  0.93502
1.04373  -0.204994  -0.856951
1.01594  -0.264624  -0.207311
1.02863  -0.122743  0.426576
1.02461  0.309982  0.93502
1.02461  0.119434  0.931499
1.02863  -0.272545  -0.00800518
1.02461  0.309982  0.648011
1.00085  -0.813956  0.0486944
1.02863  -0.122743  0.426576
1.02461  0.119434  0.931499
1.02461  0.119434  0.931499
1.02461  0.119434  0.931499
1.00085  -0.813956  0.0486944
1.02863  -0.272545  -0.00800518
1.02461  0.309982  0.93502
1.02863  -0.272545  -0.00800518
1.02461  0.119434  0.931499
1.02863  -0.122743  0.426576
1.02461  0.119434  0.931499
1.02461  0.164887  0.931499
1.0213  0.105297  -0.37505
1.02461  0.119434  0.931499
1.02461  0.164887  0.931499
1.01723  -0.163224  -0.281312
1.00543  0.0540285  0.369628
1.01594  -0.264624  -0.207311
1.02461  0.119434  0.931499
1.02863  -0.272545  -0.00800518
1.02461  0.309982  0.648011
1.01594  -0.264624  -0.207311
1.0598  -0.302641  -0.131243
1.00085  -0.813956  0.0486944
1.01594  -0.264624  -0.207311
1.0213  0.105297  -0.37505
1.02461  0.119434  0.931499
1.02461  0.309982  0.93502
1.02461  0.119434  0.931499
1.00085  -0.813956  0.0486944
1.02461  0.164887  0.931499
1.05538  -0.333715  -1.17885
1.00526  -1.19254  -0.178716
1.02461  0.119434  0.931499
1.04373  -0.141807  -0.856951
1.01594  -0.264624  -0.207311
1.02461  0.164887  0.931499
1.01594  -0.264624  -0.207311
1.0598  -0.302641  -0.200372
1.01723  -0.163224  -0.281312
1.02461  0.164887  0.931499
1.02461  0.119434  0.931499
1.0438  -0.0493055  0.826558
1.02461  0.119434  0.931499
1.02461  0.119434  0.931499
1.00085  -0.813956  0.0486944
1.02863  -0.272545  -0.00800518
1.02461  0.119434  0.931499
1.01723  -0.163224  -0.281312
1.0213  0.105297  -0.37505
1.02461  0.119434  0.931499
1.03476  0.0794412  0.527507
1.02461  0.164887  0.931499
1.02461  0.119434  0.931499
1.02863  -0.77315  -0.190116
1.01594  -0.264624  -0.207311
1.02863  -0.122743  0.426576
1.02461  0.119434  0.931499
1.01723  -0.163224  -0.281312
1.02221  -0.334117  -0.570647
1.00593  1.07184  -0.956591
1.05538  -0.333715  -1.17885
1.02863  -0.272545  -0.00800518
1.0213  0.105297  -0.37505
1.02461  0.119434  0.931499
1.00085  -0.813956  0.0486944
1.02461  0.119434  0.931499
1.02609  -0.192521  -0.276118
1.02461  0.119434  0.931499
1.03768  -0.190715  -0.459704
1.01594  -0.264624  -0.207311
1.03171  0.0917144  -0.275033
1.01723  -0.163224  -0.281312
1.03768  -0.190715  -0.459704
1.02863  -0.77315  -0.190116
1.01594  -0.264624  -0.207311
1.0213  0.105297  -0.37505
1.0213  0.105297  -0.37505
1.00085  -0.813956  0.0486944
1.02609  -0.192521  -0.276118
1.01594  -0.264624  -0.207311
1.01594  -0.264624  -0.207311
1.01723  -0.163224  -0.281312
1.01594  -0.264624  -0.207311
1.0213  0.105297  -0.37505
1.00085  -0.813956  0.0486944
1.02461  0.309982  0.93502
1.00085  -0.813956  0.0486944
1.01723  -0.163224  -0.281312
1.01723  -0.163224  -0.281312
1.02461  0.119434  0.931499
1.01594  -0.264624  -0.207311
1.0438  -0.0493055  0.826558
1.02863  -0.77315  -0.190116
1.01723  -0.163224  -0.281312
1.02461  0.119434  0.931499
1.01723  -0.163224  -0.281312
1.0438  -0.0493055  0.826558
1.02863  -0.272545  -0.00800518
1.01594  -0.264624  -0.207311
1.02461  0.164887  0.931499
1.02863  -0.77315  -0.190116
1.01723  -0.163224  -0.281312
1.02461  0.119434  0.931499
1.01723  -0.163224  -0.281312
1.02863  -0.272545  -0.00800518
1.00526  -1.19254  -0.178716
1.01594  -0.264624  -0.207311
1.02461  0.309982  0.93502
1.0213  0.105297  -0.37505
1.01723  -0.163224  -0.281312
1.02461  0.119434  0.931499
1.02461  0.309982  0.648011
1.02461  0.164887  0.931499
1.02461  0.119434  0.931499
1.02461  0.119434  0.931499
1.01723  -0.163224  -0.281312
1.01594  -0.264624  -0.207311
1.02461  0.309982  0.93502
1.0438  -0.0493055  0.826558
1.02461  0.119434  0.931499
1.0213  0.105297  -0.37505
1.01723  -0.163224  -0.281312
1.02461  0.119434  0.931499
1.01723  -0.163224  -0.281312
1.02461  0.119434  0.931499
1.01594  -0.264624  -0.207311
1.02461  0.119434  0.931499
1.04373  -0.204994  -0.856951
1.00085  -0.813956  0.0486944
1.0438  -0.0493055  0.826558
1.02461  0.119434  0.931499
1.01723  -0.163224  -0.281312
1.01594  -0.264624  -0.207311
1.02461  0.119434  0.931499
1.01723  -0.163224  -0.281312
1.01594  -0.264624  -0.207311
1.02863  -0.77315  -0.190116
1.02461  0.119434  0.931499
1.02461  0.309982  0.93502
1.02461  0.119434  0.931499
1.01723  -0.163224  -0.281312
1.01594  -0.264624  -0.207311
1.02461  0.119434  0.931499
1.00526  -1.19254  -0.178716
1.01723  -0.163224  -0.281312
1.0213  0.105297  -0.37505
1.02221  -0.334117  -0.570647
1.02863  -0.122743  0.426576
1.00526  -1.19254  -0.178716
1.02461  0.119434  0.931499
1.02461  0.119434  0.931499
1.0213  0.105297  -0.37505
1.0438  -0.0493055  0.826558
1.0598  -0.302641  -0.131243
1.02461  0.119434  0.931499
1.0438  -0.0493055  0.826558
1.02461  0.309982  0.93502
1.00526  -1.19254  -0.178716
1.02461  0.309982  0.93502
1.01594  -0.264624  -0.207311
1.02863  -0.77315  -0.190116
1.05538  -0.333715  -1.17885
1.02221  -0.334117  -0.570647
1.0213  0.105297  -0.37505
1.0213  0.105297  -0.37505
1.02461  0.119434  0.931499
1.0213  0.105297  -0.37505
1.04373  -0.204994  -0.856951
1.0213  0.105297  -0.37505
1.04373  -0.204994  -0.856951
1.00526  -1.19254  -0.178716
1.02863  -0.77315  -0.190116
1.01594  -0.264624  -0.207311
1.0598  -0.302641  -0.131243
1.0213  0.105297  -0.37505
1.0213  0.105297  -0.37505
1.01723  -0.163224  -0.281312
1.03768  -0.190715  -0.459704
1.0598  -0.302641  -0.131243
1.02863  -0.77315  -0.190116
1.00085  -0.813956  0.0486944
1.02609  -0.192521  -0.276118
1.01723  -0.163224  -0.281312
1.02863  -0.77315  -0.190116
1.02461  0.119434  0.931499
1.02461  0.119434  0.931499
1.01723  -0.163224  -0.281312
1.0438  -0.0493055  0.826558
1.00593  1.07184  -0.956591
1.04373  -0.204994  -0.856951
1.01594  -0.264624  -0.207311
1.02461  0.309982  0.93502
1.02461  0.119434  0.931499
1.02863  -0.77315  -0.190116
1.02461  -0.0678546  0.93502
1.02461  0.119434  0.931499
1.02461  0.119434  0.931499
1.00526  -1.19254  -0.178716
1.0213  0.105297  -0.37505
1.02461  0.119434  0.931499
1.00085  -0.813956  0.0486944
1.02461  0.119434  0.931499
1.02461  0.119434  0.931499
1.0213  0.105297  -0.37505
1.02461  0.309982  0.93502
1.02461  0.119434  0.931499
1.02863  -0.272545  -0.00800518
1.01594  -0.264624  -0.207311
1.01594  -0.264624  -0.207311
1.0438  -0.0493055  0.826558
1.01723  -0.163224  -0.281312
1.02863  -0.77315  -0.190116
1.02461  0.164887  0.931499
1.01723  -0.163224  -0.281312
1.0213  0.105297  -0.37505
1.02863  -0.77315  -0.190116
1.02609  -0.192521  -0.276118
1.01723  -0.163224  -0.281312
1.02461  0.119434  0.931499
1.02461  0.119434  0.931499
1.00085  -0.813956  0.0486944
1.02863  -0.77315  -0.190116
1.01723  -0.163224  -0.281312
1.05538  -0.333715  -1.17885
1.02461  0.119434  0.931499
1.02461  0.119434  0.931499
1.02863  -0.77315  -0.190116
1.02461  0.119434  0.931499
1.02863  -0.122743  0.426576
1.01594  -0.264624  -0.207311
1.02863  -0.122743  0.426576
1.00526  -1.19254  -0.178716
1.02461  0.164887  0.931499
0.992915  0.350887  0.0856114
1.02461  0.119434  0.931499
1.01594  -0.264624  -0.207311
1.02863  -0.77315  -0.190116
1.02461  0.309982  0.93502
1.01723  -0.163224  -0.281312
1.02461  0.119434  0.931499
1.00085  -0.813956  0.0486944
1.04297  0.216407  -0.97809
1.04373  -0.204994  -0.856951
1.00543  0.0540285  0.369628
1.02863  -0.77315  -0.190116
1.02461  0.119434  0.931499
0.992915  0.350887  0.0856114
1.02461  0.119434  0.931499
1.02461  0.119434  0.931499
1.02461  0.119434  0.931499
1.01723  -0.163224  -0.281312
1.02863  -0.77315  -0.190116
1.00526  -1.19254  -0.178716
1.02461  0.119434  0.931499
1.0213  0.105297  -0.37505
1.02461  0.119434  0.931499
1.02461  0.309982  0.93502
1.0438  -0.0493055  0.826558
1.02461  0.309982  0.93502
1.02461  0.164887  0.931499
1.03171  0.0917144  -0.275033
0.992915  0.350887  0.0856114
1.02863  -0.77315  -0.190116
1.00085  -0.813956  0.0486944
1.02461  0.119434  0.931499
1.03768  -0.190715  -0.459704
1.02461  0.119434  0.931499
1.03768  -0.190715  -0.459704
1.01723  -0.163224  -0.281312
1.02461  0.119434  0.931499
1.02863  -0.272545  -0.00800518
1.01723  -0.163224  -0.281312
1.0598  -0.302641  -0.200372
1.02787  1.58782  0.469296
1.02461  0.119434  0.931499
1.02461  0.119434  0.931499
1.02461  0.119434  0.931499
1.02461  0.164887  0.931499
1.02461  0.119434  0.931499
1.0213  0.105297  -0.37505
1.02461  0.119434  0.931499
1.03768  -0.190715  -0.459704
1.01723  -0.163224  -0.281312
1.00085  -0.813956  0.0486944
1.0438  -0.0493055  0.826558
1.00593  1.07184  -0.956591
1.03476  0.0794412  0.527507
1.00085  -0.813956  0.0486944
1.03476  0.0794412  0.527507
1.02461  0.119434  0.931499
1.01594  -0.264624  -0.207311
1.01594  -0.264624  -0.207311
1.0213  0.105297  -0.37505
1.01594  -0.264624  -0.207311
1.04373  -0.204994  -0.856951
1.02461  0.119434  0.931499
1.02461  0.119434  0.931499
1.0213  0.105297  -0.37505
1.0438  -0.0493055  0.826558
1.02461  0.119434  0.931499
1.00593  1.07184  -0.88552
1.00085  -0.813956  0.0486944
1.02863  -0.122743  0.426576
1.01378  -0.378535  0.18046
1.01594  -0.264624  -0.207311
1.00085  -0.813956  0.0486944
1.00085  -0.813956  0.0486944
1.02461  0.164887  0.931499
1.02461  0.119434  0.931499
1.02461  0.309982  0.93502
1.01723  -0.163224  -0.281312
1.00085  -0.813956  0.0486944
1.02461  0.119434  0.931499
1.02461  0.119434  0.931499
1.02461  0.309982  0.93502
1.00085  -0.813956  0.0486944
1.02461  0.309982  0.648011
1.04373  -0.204994  -0.856951
1.00085  -0.813956  0.0486944
1.00593  1.07184  -0.956591
1.03768  -0.190715  -0.459704
1.02461  0.119434  0.931499
1.00526  -1.19254  -0.178716
1.0438  -0.0493055  0.826558
1.0438  -0.0493055  0.826558
1.02863  -0.272545  -0.00800518
1.02221  -0.334117  -0.570647
1.00085  -0.813956  0.0486944
1.02461  0.119434  0.931499
1.01723  -0.163224  -0.281312
1.05538  -0.333715  -1.17885
1.02863  -0.272545  -0.00800518
1.01594  -0.264624  -0.207311
1.02461  0.309982  0.648011
1.03768  -0.190715  -0.459704
1.02461  0.309982  0.93502
1.02461  0.119434  0.931499
1.03171  0.0917144  -0.275033
1.01594  -0.264624  -0.207311
1.01594  -0.264624  -0.207311
1.02221  -0.334117  -0.570647
1.03171  0.0917144  -0.275033
1.01594  -0.264624  -0.207311
1.02461  0.119434  0.931499
1.02461  0.119434  0.931499
1.0438  -0.0493055  0.826558
1.01723  -0.163224  -0.281312
1.02461  0.309982  0.648011
1.0598  -0.302641  -0.200372
1.02461  0.119434  0.931499
1.00593  1.07184  -0.88552
1.01378  -0.378535  0.18046
1.01594  -0.264624  -0.207311
1.01594  -0.264624  -0.207311
1.00085  -0.813956  0.0486944
1.02461  0.119434  0.931499
1.02609  -0.192521  -0.276118
1.02461  0.164887  0.931499
1.02461  0.309982  0.93502
1.01723  -0.163224  -0.281312
1.03476  0.0794412  0.527507
1.02461  0.164887  0.931499
1.02609  -0.192521  -0.276118
1.02863  -0.77315  -0.190116
1.02461  0.119434  0.931499
1.02461  0.164887  0.931499
1.02461  0.119434  0.931499
1.02461  0.119434  0.931499
1.00526  -1.19254  -0.178716
1.01594  -0.264624  -0.207311
1.02609  -0.192521  -0.276118
1.01594  -0.264624  -0.207311
1.02461  0.119434  0.931499
1.0598  -0.302641  -0.200372
1.04297  0.216407  -0.97809
1.01594  -0.264624  -0.207311
1.02461  0.119434  0.931499
1.02461  0.309982  0.93502
1.0598  -0.302641  -0.131243
1.0213  0.105297  -0.37505
1.03768  -0.190715  -0.459704
1.03768  -0.190715  -0.459704
1.00526  -1.19254  -0.178716
1.01723  -0.163224  -0.281312
1.02461  0.119434  0.931499
1.0598  -0.302641  -0.131243
1.0438  -0.0493055  0.826558
1.02461  0.309982  0.648011
1.02461  0.119434  0.931499
1.0213  0.105297  -0.37505
1.00593  1.07184  -0.956591
1.01723  -0.163224  -0.281312
1.02461  0.164887  0.931499
1.02863  -0.77315  -0.190116
1.02461  0.119434  0.931499
1.00593  1.07184  -0.956591
1.02461  0.119434  0.931499
1.03768  -0.190715  -0.459704
1.02863  -0.122743  0.426576
1.02461  0.119434  0.931499
1.04373  -0.204994  -0.856951
1.01594  -0.264624  -0.207311
1.02863  -0.77315  -0.190116
1.0213  0.105297  -0.37505
1.02461  0.119434  0.931499
1.01594  -0.264624  -0.207311
1.02863  -0.122743  0.426576
1.00526  -1.19254  -0.178716
1.02461  0.309982  0.93502
1.00085  -0.813956  0.0486944
1.04373  -0.204994  -0.856951
1.04297  0.216407  -0.97809
1.02461  0.119434  0.931499
1.03171  0.0917144  -0.275033
1.0213  0.105297  -0.37505
1.02863  -0.122743  0.426576
1.01723  -0.163224  -0.281312
1.02461  0.119434  0.931499
1.02863  -0.77315  -0.190116
1.02863  -0.77315  -0.190116
1.02461  0.119434  0.931499
1.02461  0.309982  0.93502
1.02461  0.119434  0.931499
1.02461  0.119434  0.931499
1.02461  0.119434  0.931499
1.02863  -0.272545  -0.00800518
1.02461  0.119434  0.931499
1.01723  -0.163224  -0.281312
1.04373  -0.204994  -0.856951
1.02461  0.119434  0.931499
1.02461  0.119434  0.931499
1.01594  -0.264624  -0.207311
1.01594  -0.264624  -0.207311
1.00085  -0.813956  0.0486944
1.02863  -0.272545  -0.00800518
1.0213  0.105297  -0.37505
1.02863  -0.122743  0.426576
1.02461  0.119434  0.931499
1.02787  1.58782  0.469296
1.00085  -0.813956  0.0486944
1.0213  0.105297  -0.37505
1.02461  0.164887  0.931499
1.00593  1.07184  -0.88552
1.00085  -0.813956  0.0486944
1.01723  -0.163224  -0.281312
1.00085  -0.813956  0.0486944
1.02863  -0.77315  -0.190116
1.0213  0.105297  -0.37505
1.02461  0.119434  0.931499
1.0438  -0.0493055  0.826558
1.02221  -0.144266  -0.570647
1.02461  0.309982  0.93502
1.0213  0.105297  -0.37505
1.02461  0.164887  0.931499
1.0213  0.105297  -0.37505
1.0213  0.105297  -0.37505
1.0213  0.105297  -0.37505
1.02461  0.164887  0.931499
1.0598  -0.302641  -0.131243
1.02461  0.119434  0.931499
1.0598  -0.302641  -0.131243
1.00593  1.07184  -0.88552
1.01723  -0.163224  -0.281312
1.00526  -1.19254  -0.178716
1.02461  0.309982  0.648011
1.04297  0.216407  -0.97809
1.02461  0.119434  0.931499
1.02461  0.119434  0.931499
1.03171  0.0917144  -0.275033
1.02461  0.119434  0.931499
1.02609  -0.192521  -0.276118
1.0213  0.105297  -0.37505
1.0213  0.105297  -0.37505
1.0213  0.105297  -0.37505
1.02461  0.309982  0.93502
1.01723  -0.163224  -0.281312
1.02461  0.309982  0.93502
1.04373  -0.204994  -0.856951
1.03768  -0.190715  -0.459704
1.02863  -0.77315  -0.190116
1.02461  0.119434  0.931499
1.01723  -0.163224  -0.281312
1.01594  -0.264624  -0.207311
1.02461  0.119434  0.931499
1.02461  0.119434  0.931499
1.01594  -0.264624  -0.207311
1.00526  -1.19254  -0.178716
1.0213  0.105297  -0.37505
1.01594  -0.264624  -0.207311
1.02863  -0.77315  -0.190116
1.02863  -0.77315  -0.190116
1.02461  0.309982  0.93502
