0.512688  -0.301711  -0.686056
0.517972  -0.017808  0.347697
0.483787  -0.461239  0.291049
0.518147  1.13652  0.382432
0.483787  -0.461239  0.291049
0.517972  -0.017808  0.347697
0.495529  0.116264  0.501641
0.492626  0.0950874  1.29366
0.492626  0.0950874  1.29366
0.483787  -0.905368  0.184927
0.499389  0.0643947  -0.448184
0.50408  0.0761056  0.241652
0.50408  0.0761056  0.241652
0.483787  -0.905368  0.184927
0.50408  0.0761056  0.241652
0.518147  1.13652  0.382432
0.518147  1.13652  0.470113
0.483787  -0.461239  0.291049
0.483787  -0.461239  0.291049
0.483182  0.313203  -0.262016
0.506128  -0.198632  0.403561
0.50408  0.0761056  0.241652
0.50408  0.0761056  0.241652
0.506128  -0.198632  0.403561
0.492626  0.0950874  1.29366
0.501937  0.116264  0.501641
0.492626  0.0950874  1.29366
0.511424  -0.739218  -0.15592
0.483787  -0.461239  0.291049
0.518147  1.13652  0.470113
0.50408  0.0761056  0.241652
0.477859  0.874725  0.491888
0.50408  0.0761056  0.241652
0.483787  -0.461239  0.291049
0.518147  1.13652  0.470113
0.517972  -0.017808  0.347697
0.477859  0.874725  0.491888
0.491147  -0.445681  1.03912
0.512688  -0.301711  -0.686056
0.506128  -0.198632  0.403561
0.499389  0.0643947  -0.448184
0.495529  0.116264  0.501641
0.483787  -0.461239  0.289104
0.491147  -0.445681  1.03912
0.524125  0.705547  0.258972
0.50408  0.0761056  0.241652
0.477859  0.874725  0.491888
0.50408  0.0761056  0.241652
0.483787  -0.802317  0.291049
0.518147  1.13652  0.382432
0.492626  0.0950874  1.29366
0.483787  -0.905368  0.184927
0.50408  0.0761056  0.241652
0.477859  0.874725  0.491888
0.512688  -0.301711  -0.686056
0.483787  -0.905368  0.184927
0.512688  -0.301711  -0.686056
0.483787  -0.461239  0.291049
0.483787  -0.461239  0.291049
0.483787  -0.461239  0.291049
0.517972  -0.017808  0.347697
0.495529  0.116264  0.501641
0.483787  -0.905368  0.184927
0.518147  1.13652  0.470113
0.50408  0.0761056  0.241652
0.518147  1.13652  0.470113
0.483787  -0.905368  0.184927
0.483787  -0.461239  0.291049
0.492626  0.0950874  1.29366
0.477859  0.874725  0.491888
0.518147  1.13652  0.382432
0.512688  -0.301711  -0.686056
0.506128  -0.198632  0.403561
0.493173  -0.987664  -0.0300765
0.506128  -0.198632  0.403561
0.517972  -0.017808  0.347697
0.501937  0.116264  0.501641
0.483787  -0.461239  0.289104
0.518147  1.13652  0.470113
0.512688  -0.301711  -0.686056
0.50408  0.0761056  0.241652
0.495529  0.116264  0.501641
0.483787  -0.461239  0.291049
0.495529  0.116264  0.501641
0.512688  -0.301711  -0.686056
0.50408  0.0761056  0.241652
0.518147  1.13652  0.382432
0.501937  0.116264  0.501641
0.483787  -0.461239  0.291049
0.483787  -0.802317  0.291049
0.492626  0.0950874  1.29366
0.483787  -0.461239  0.291049
0.483787  -0.461239  0.291049
0.501937  0.116264  0.501641
0.50408  0.0761056  0.241652
0.492626  0.0950874  1.29366
0.483787  -0.461239  0.291049
0.492626  0.0950874  1.29366
0.483787  -0.461239  0.291049
0.483787  -0.461239  0.289104
0.518147  1.13652  0.470113
0.492626  0.0950874  1.29366
0.518147  1.13652  0.470113
0.483787  -0.802317  0.291049
0.483787  -0.802317  0.291049
0.524125  0.705547  0.258972
0.483787  -0.905368  0.184927
0.512688  -0.301711  -0.686056
0.50408  0.0761056  0.241652
0.493173  -0.987664  -0.0300765
0.493173  -0.987664  -0.0300765
0.50408  0.0761056  0.241652
0.483787  -0.461239  0.289104
0.477859  0.874725  0.491888
0.518147  1.13652  0.470113
0.483182  0.313203  -0.262016
0.477859  0.874725  0.491888
0.518147  1.13652  0.382432
0.483787  -0.905368  0.184927
0.50408  0.0761056  0.241652
0.524125  0.705547  0.258972
0.512688  -0.301711  -0.686056
0.483787  -0.802317  0.291049
0.524125  0.705547  0.0619366
0.517972  -0.017808  0.347697
0.492626  0.0950874  1.29366
0.483787  -0.461239  0.291049
0.506128  -0.198632  0.403561
0.477859  0.874725  0.491888
0.512688  -0.301711  -0.686056
0.492626  0.0950874  1.29366
0.50408  0.0761056  0.241652
0.518147  1.13652  0.470113
0.483787  -0.461239  0.289104
0.50408  0.0761056  0.241652
0.483787  -0.461239  0.291049
0.483787  -0.461239  0.291049
0.506128  -0.198632  0.403561
0.499389  0.0643947  -0.448184
0.518147  1.13652  0.470113
0.483787  -0.461239  0.291049
0.518147  1.13652  0.470113
0.501937  0.116264  0.501641
0.492626  0.0950874  1.29366
0.483182  0.313203  -0.262016
0.483787  -0.802317  0.291049
0.491147  -0.445681  1.03912
0.483182  0.313203  -0.262016
0.501937  0.116264  0.501641
0.492626  0.0950874  1.29366
0.483787  -0.461239  0.291049
0.506128  -0.198632  0.403561
0.518147  1.13652  0.470113
0.483787  -0.461239  0.291049
0.483787  -0.461239  0.291049
0.506128  -0.198632  0.403561
0.50408  0.0761056  0.241652
0.492626  0.0950874  1.29366
0.483787  -0.461239  0.291049
0.483787  -0.461239  0.291049
0.50408  0.0761056  0.241652
0.517972  -0.017808  0.347697
0.517972  -0.017808  0.347697
0.492626  0.0950874  1.29366
0.483787  -0.905368  0.184927
0.483787  -0.461239  0.291049
0.518147  1.13652  0.470113
0.495529  0.116264  0.501641
0.499389  0.0643947  -0.448184
0.483787  -0.905368  0.184927
0.477859  0.874725  0.491888
0.524125  0.705547  0.258972
0.483787  -0.802317  0.291049
0.483787  -0.461239  0.291049
0.492626  -0.335054  1.31785
0.50408  0.0761056  0.241652
0.50408  0.0761056  0.241652
0.50408  0.0761056  0.241652
0.492626  0.0950874  1.29366
0.492626  0.0950874  1.29366
0.492626  0.0950874  1.29366
0.517972  -0.017808  0.347697
0.50408  0.0761056  0.241652
0.492626  -0.335054  1.31785
0.492626  0.0950874  1.29366
0.517972  -0.017808  0.347697
0.518147  1.13652  0.470113
0.50408  0.0761056  0.241652
0.499389  0.0643947  -0.448184
0.477859  0.874725  0.491888
0.483787  -0.461239  0.291049
0.50408  0.0761056  0.241652
0.483787  -0.461239  0.291049
0.518147  1.13652  0.470113
0.492626  -0.466846  1.31785
0.501937  0.116264  0.501641
0.50408  0.0761056  0.241652
0.492626  0.0950874  1.29366
0.518147  1.13652  0.382432
0.506128  -0.198632  0.403561
0.483787  -0.905368  0.184927
0.518147  1.13652  0.470113
0.477859  0.874725  0.491888
0.50408  0.0761056  0.241652
0.506128  -0.198632  0.403561
0.483787  -0.461239  0.291049
0.483787  -0.461239  0.246622
0.492626  0.0950874  1.29366
0.492626  0.0950874  1.29366
0.50408  0.0761056  0.241652
0.483787  -0.461239  0.291049
0.50408  0.0761056  0.241652
0.50408  0.0761056  0.241652
0.477859  0.874725  0.491888
0.483787  -0.461239  0.291049
0.491147  -0.445681  1.03912
0.483787  -0.461239  0.291049
0.506128  -0.198632  0.403561
0.483787  -0.461239  0.291049
0.501937  0.116264  0.501641
0.492626  0.0950874  1.29366
0.511424  -0.739218  -0.15592
0.483787  -0.461239  0.289104
0.524125  0.705547  0.258972
0.492626  -0.335054  1.31785
0.492626  -0.335054  1.31785
0.501937  0.116264  0.501641
0.50408  0.0761056  0.241652
0.50408  0.0761056  0.241652
0.493173  -0.987664  -0.0300765
0.506128  -0.198632  0.403561
0.492626  0.0950874  1.29366
0.483787  -0.461239  0.291049
0.50408  0.0761056  0.241652
0.501937  0.116264  0.501641
0.501937  0.116264  0.501641
0.492626  -0.466846  1.31785
0.506128  -0.198632  0.403561
0.50408  0.0761056  0.241652
0.50408  0.0761056  0.241652
0.501937  0.116264  0.501641
0.483787  -0.461239  0.291049
0.50408  0.0761056  0.241652
0.477859  0.874725  0.491888
0.50408  0.0761056  0.241652
0.50408  0.0761056  0.241652
0.483787  -0.905368  0.184927
0.492626  0.0950874  1.29366
0.483787  -0.905368  0.184927
0.491147  -0.445681  1.03912
0.512688  -0.301711  -0.686056
0.483787  -0.461239  0.291049
0.483787  -0.461239  0.291049
0.506128  -0.198632  0.403561
0.483787  -0.461239  0.291049
0.483787  -0.802317  0.291049
0.50408  0.0761056  0.241652
0.495529  0.116264  0.501641
0.50408  0.0761056  0.241652
0.50408  0.0761056  0.241652
0.518147  1.13652  0.382432
0.483787  -0.461239  0.291049
0.483787  -0.905368  0.184927
0.50408  0.0761056  0.241652
0.483787  -0.461239  0.291049
0.492626  0.0950874  1.29366
0.501937  0.116264  0.501641
0.518147  1.13652  0.382432
0.483787  -0.461239  0.291049
0.483787  -0.905368  0.184927
0.511424  -0.739218  -0.15592
0.495529  0.116264  0.501641
0.524125  0.705547  0.258972
0.499389  0.0643947  -0.448184
0.491147  -0.445681  1.03912
0.492626  0.0950874  1.29366
0.524125  0.705547  0.258972
0.483787  -0.461239  0.289104
0.50408  0.0761056  0.241652
0.50408  0.0761056  0.241652
0.483787  -0.461239  0.291049
0.524125  0.705547  0.258972
0.50408  0.0761056  0.241652
0.493173  -0.987664  -0.0300765
0.495529  0.116264  0.501641
0.501937  0.116264  0.501641
0.483787  -0.461239  0.291049
0.492626  0.0950874  1.29366
0.506128  -0.198632  0.403561
0.524125  0.705547  0.258972
0.518147  1.13652  0.470113
0.483787  -0.461239  0.289104
0.483787  -0.461239  0.291049
0.506128  -0.198632  0.403561
0.483787  -0.461239  0.291049
0.495529  0.116264  0.501641
0.518147  1.13652  0.470113
0.506128  -0.198632  0.403561
0.492626  0.0950874  1.29366
0.501937  0.116264  0.501641
0.501937  0.116264  0.501641
0.483787  -0.461239  0.289104
0.483787  -0.461239  0.291049
0.518147  1.13652  0.382432
0.483787  -0.461239  0.291049
0.50408  0.0761056  0.241652
0.483787  -0.905368  0.184927
0.483787  -0.461239  0.291049
0.492626  -0.335054  1.31785
0.50408  0.0761056  0.241652
0.483787  -0.461239  0.291049
0.524125  0.705547  0.0619366
0.492626  0.0950874  1.29366
0.492626  0.0950874  1.29366
0.517972  -0.017808  0.347697
0.492626  0.0950874  1.29366
0.483787  -0.905368  0.184927
0.512688  -0.301711  -0.686056
0.518147  1.13652  0.382432
0.483787  -0.461239  0.291049
0.483787  -0.905368  0.184927
0.492626  0.0950874  1.29366
0.50408  0.0761056  0.241652
0.518147  1.13652  0.470113
0.493173  -0.987664  -0.0300765
0.512688  -0.301711  -0.686056
0.506128  -0.198632  0.403561
0.492626  0.0950874  1.29366
0.512688  -0.301711  -0.686056
0.517972  -0.017808  0.347697
0.50408  0.0761056  0.241652
0.483787  -0.461239  0.291049
0.483787  -0.461239  0.291049
0.506128  -0.198632  0.403561
0.512688  -0.301711  -0.686056
0.50408  0.0761056  0.241652
0.501937  0.116264  0.501641
0.518147  1.13652  0.470113
0.483787  -0.461239  0.291049
0.483787  -0.461239  0.291049
0.483787  -0.461239  0.291049
0.483787  -0.802317  0.291049
0.483787  -0.905368  0.184927
0.483182  0.313203  -0.262016
0.517972  -0.017808  0.347697
0.483787  -0.461239  0.291049
0.512688  -0.301711  -0.686056
0.477859  0.874725  0.491888
0.492626  0.0950874  1.29366
0.477859  0.874725  0.491888
0.50408  0.0761056  0.241652
0.483787  -0.461239  0.291049
0.50408  0.0761056  0.241652
0.512688  -0.301711  -0.686056
0.506128  -0.198632  0.403561
0.50408  0.0761056  0.241652
0.483787  -0.461239  0.291049
0.492626  0.0950874  1.29366
0.483787  -0.461239  0.291049
0.524125  0.705547  0.258972
0.50408  0.0761056  0.241652
0.483787  -0.905368  0.184927
0.483787  -0.461239  0.289104
0.491147  -0.445681  1.03912
0.483787  -0.461239  0.291049
0.50408  0.0761056  0.241652
0.492626  0.0950874  1.29366
0.50408  0.0761056  0.241652
0.517972  -0.017808  0.347697
0.518147  1.13652  0.382432
0.483787  -0.461239  0.289104
0.483787  -0.461239  0.291049
0.483787  -0.461239  0.291049
0.512688  -0.301711  -0.686056
0.477859  0.874725  0.491888
0.477859  0.874725  0.491888
0.50408  0.0761056  0.241652
0.501937  0.116264  0.501641
0.477859  0.874725  0.491888
0.50408  0.0761056  0.241652
0.50408  0.0761056  0.241652
0.50408  0.0761056  0.241652
0.518147  1.13652  0.470113
0.483787  -0.461239  0.291049
0.517972  -0.017808  0.347697
0.492626  0.0950874  1.29366
0.492626  0.0950874  1.29366
0.483787  -0.905368  0.184927
0.501937  0.116264  0.501641
0.50408  0.0761056  0.241652
0.50408  0.0761056  0.241652
0.524125  0.705547  0.258972
0.492626  0.0950874  1.29366
0.483787  -0.461239  0.291049
0.50408  0.0761056  0.241652
0.483787  -0.461239  0.291049
0.50408  0.0761056  0.241652
0.50408  0.0761056  0.241652
0.483787  -0.461239  0.291049
0.493173  -0.987664  -0.0300765
0.518147  1.13652  0.470113
0.483787  -0.905368  0.184927
0.492626  0.0950874  1.29366
0.506128  -0.198632  0.403561
0.491147  -0.445681  1.03912
0.477859  0.874725  0.491888
0.492626  -0.335054  1.31785
0.483787  -0.802317  0.291049
0.501937  0.116264  0.501641
0.483787  -0.461239  0.291049
0.501937  0.116264  0.501641
0.492626  -0.335054  1.31785
0.50408  0.0761056  0.241652
0.483787  -0.461239  0.291049
0.501937  0.116264  0.501641
0.483787  -0.461239  0.289104
0.483787  -0.905368  0.184927
0.524125  0.705547  0.258972
0.517972  -0.017808  0.347697
0.518147  1.13652  0.470113
0.483787  -0.461239  0.291049
0.517972  -0.017808  0.347697
0.512688  -0.301711  -0.686056
0.492626  0.0950874  1.29366
0.499389  0.0643947  -0.448184
0.501937  0.116264  0.501641
0.50408  0.0761056  0.241652
0.517972  -0.017808  0.347697
0.506128  -0.198632  0.403561
0.483182  0.313203  -0.262016
0.512688  -0.301711  -0.686056
0.483182  0.313203  -0.262016
0.501937  0.116264  0.501641
0.524125  0.705547  0.258972
0.483787  -0.461239  0.291049
0.477859  0.874725  0.491888
0.483787  -0.905368  0.184927
0.477859  0.874725  0.491888
0.499389  0.0643947  -0.448184
0.492626  0.0950874  1.29366
0.483787  -0.905368  0.184927
0.483787  -0.461239  0.291049
0.483787  -0.461239  0.291049
0.517972  -0.017808  0.347697
0.483787  -0.461239  0.291049
0.501937  0.116264  0.501641
0.518147  1.13652  0.382432
0.506128  -0.198632  0.403561
0.483787  -0.802317  0.291049
0.491147  -0.445681  1.03912
0.483787  -0.461239  0.289104
0.483787  -0.461239  0.291049
0.524125  0.705547  0.258972
0.477859  0.874725  0.491888
0.477859  0.874725  0.491888
0.50408  0.0761056  0.241652
0.50408  0.0761056  0.241652
0.483787  -0.461239  0.291049
0.483787  -0.461239  0.291049
0.518147  1.13652  0.382432
0.483787  -0.461239  0.291049
0.492626  0.0950874  1.29366
0.50408  0.0761056  0.241652
0.501937  0.116264  0.501641
0.483787  -0.461239  0.291049
0.518147  1.13652  0.382432
0.483787  -0.905368  0.184927
0.50408  0.0761056  0.241652
0.492626  0.0950874  1.29366
0.517972  -0.017808  0.347697
0.483787  -0.461239  0.289104
0.483787  -0.461239  0.291049
0.518147  1.13652  0.382432
0.501937  0.116264  0.501641
0.492626  0.0950874  1.29366
0.506128  -0.198632  0.403561
0.492626  -0.466846  1.31785
0.483787  -0.461239  0.289104
0.483182  0.313203  -0.262016
0.501937  0.116264  0.501641
0.518147  1.13652  0.470113
0.492626  0.0950874  1.29366
0.483787  -0.461239  0.291049
0.50408  0.0761056  0.241652
0.483787  -0.905368  0.184927
0.518147  1.13652  0.470113
0.518147  1.13652  0.470113
0.483787  -0.461239  0.291049
0.492626  0.0950874  1.29366
0.524125  0.705547  0.258972
0.483787  -0.905368  0.184927
0.518147  1.13652  0.470113
0.483787  -0.461239  0.291049
0.483787  -0.802317  0.291049
0.477859  0.874725  0.491888
0.493173  -0.987664  -0.0300765
0.483787  -0.461239  0.291049
0.518147  1.13652  0.382432
0.483787  -0.905368  0.184927
0.493173  -0.987664  -0.0300765
0.50408  0.0761056  0.241652
0.493173  -0.987664  -0.0300765
0.483787  -0.461239  0.291049
0.518147  1.13652  0.382432
0.483787  -0.461239  0.289104
0.483787  -0.461239  0.291049
0.483787  -0.905368  0.184927
0.493173  -0.987664  -0.0300765
0.483787  -0.461239  0.289104
0.483787  -0.905368  0.184927
0.506128  -0.198632  0.403561
0.518147  1.13652  0.470113
0.50408  0.0761056  0.241652
0.483787  -0.905368  0.184927
0.483787  -0.802317  0.291049
0.50408  0.0761056  0.241652
0.483787  -0.461239  0.291049
0.483787  -0.461239  0.291049
0.477859  0.874725  0.491888
0.512688  -0.301711  -0.686056
0.517972  -0.017808  0.347697
0.483787  -0.461239  0.291049
0.483787  -0.461239  0.291049
0.501937  0.116264  0.501641
0.492626  0.0950874  1.29366
0.483182  0.313203  -0.262016
0.50408  0.0761056  0.241652
0.492626  0.0950874  1.29366
0.524125  0.705547  0.258972
0.518147  1.13652  0.382432
0.483787  -0.461239  0.289104
0.517972  -0.017808  0.347697
0.501937  0.116264  0.501641
0.492626  0.0950874  1.29366
0.50408  0.0761056  0.241652
0.483787  -0.461239  0.291049
0.501937  0.116264  0.501641
0.483787  -0.461239  0.289104
0.50408  0.0761056  0.241652
0.50408  0.0761056  0.241652
0.50408  0.0761056  0.241652
0.483787  -0.905368  0.184927
0.483787  -0.905368  0.184927
0.512688  -0.301711  -0.686056
0.50408  0.0761056  0.241652
0.483787  -0.461239  0.291049
0.50408  0.0761056  0.241652
0.506128  -0.198632  0.403561
0.517972  -0.017808  0.347697
0.483787  -0.461239  0.291049
0.491147  -0.445681  1.03912
0.483787  -0.461239  0.289104
0.491147  -0.445681  1.03912
0.483787  -0.905368  0.184927
0.501937  0.116264  0.501641
0.501937  0.116264  0.501641
0.483787  -0.905368  0.184927
0.493173  -0.987664  -0.0300765
0.483787  -0.461239  0.291049
0.506128  -0.198632  0.403561
0.524125  0.705547  0.0619366
0.512688  -0.301711  -0.686056
0.477859  0.874725  0.491888
0.483787  -0.461239  0.291049
0.483787  -0.461239  0.289104
0.50408  0.0761056  0.241652
0.518147  1.13652  0.470113
0.483787  -0.802317  0.291049
0.483787  -0.905368  0.184927
0.518147  1.35016  0.382432
0.483787  -0.461239  0.291049
0.492626  0.0950874  1.29366
0.512688  -0.301711  -0.686056
0.491147  -0.445681  1.03912
0.518147  1.13652  0.470113
0.512688  -0.301711  -0.686056
0.517972  -0.017808  0.347697
0.506128  -0.198632  0.403561
0.517972  -0.017808  0.347697
0.483787  -0.461239  0.291049
0.50408  0.0761056  0.241652
0.50408  0.0761056  0.241652
0.483787  -0.905368  0.184927
0.50408  0.0761056  0.241652
0.501937  0.116264  0.501641
0.518147  1.13652  0.382432
0.492626  0.0950874  1.29366
0.501937  0.116264  0.501641
0.493173  -0.987664  -0.0300765
0.493173  -0.987664  -0.0300765
0.518147  1.13652  0.470113
0.492626  -0.466846  1.31785
0.492626  -0.466846  1.31785
0.483787  -0.905368  0.184927
0.483787  -0.905368  0.184927
0.483787  -0.802317  0.291049
0.483787  -0.461239  0.291049
0.501937  0.116264  0.501641
0.501937  0.116264  0.501641
0.492626  0.0950874  1.29366
0.493173  -0.987664  -0.0300765
0.483787  -0.461239  0.291049
0.50408  0.0761056  0.241652
0.50408  0.0761056  0.241652
0.483787  -0.802317  0.291049
0.50408  0.0761056  0.241652
0.512688  -0.301711  -0.686056
0.50408  0.0761056  0.241652
0.517972  0.703214  0.141051
0.492626  0.0950874  1.29366
0.499389  0.0643947  -0.448184
0.483787  -0.461239  0.291049
0.491147  -0.445681  1.03912
0.483787  -0.905368  0.184927
0.517972  -0.017808  0.347697
0.493173  -0.987664  -0.0300765
0.518147  1.13652  0.470113
0.483787  -0.905368  0.184927
0.512688  -0.301711  -0.686056
0.50408  0.0761056  0.241652
0.483787  -0.905368  0.184927
0.483787  -0.905368  0.184927
0.483787  -0.905368  0.184927
0.501937  0.116264  0.501641
0.524125  0.705547  0.258972
0.483787  -0.461239  0.291049
0.492626  0.0950874  1.29366
0.518147  1.13652  0.382432
0.483787  -0.461239  0.291049
0.501937  0.116264  0.501641
0.483182  0.313203  -0.262016
0.483787  -0.461239  0.289104
0.501937  0.116264  0.501641
0.518147  1.13652  0.470113
0.518147  1.13652  0.470113
0.506128  -0.198632  0.403561
0.483787  -0.905368  0.184927
0.492626  0.0950874  1.29366
0.483787  -0.461239  0.291049
0.501937  0.116264  0.501641
0.50408  0.0761056  0.241652
0.499389  0.0643947  -0.448184
0.483787  -0.461239  0.291049
0.493173  -0.987664  -0.0300765
0.483787  -0.461239  0.291049
0.483787  -0.461239  0.291049
0.491147  -0.445681  1.03912
0.50408  0.0761056  0.241652
0.483787  -0.802317  0.291049
0.483787  -0.802317  0.291049
0.50408  0.0761056  0.241652
0.499389  0.0643947  -0.448184
0.483787  -0.905368  0.184927
0.483787  -0.461239  0.289104
0.483787  -0.461239  0.291049
0.493173  -0.987664  -0.0300765
0.477859  0.874725  0.491888
0.483787  -0.461239  0.291049
0.506128  -0.198632  0.403561
0.483787  -0.461239  0.291049
0.506128  -0.198632  0.403561
0.517972  -0.017808  0.347697
0.50408  0.0761056  0.241652
0.483787  -0.802317  0.291049
0.512688  -0.301711  -0.686056
0.492626  -0.335054  1.31785
0.501937  0.116264  0.501641
0.492626  0.0950874  1.29366
0.524125  0.705547  0.258972
0.492626  0.0950874  1.29366
0.50408  0.0761056  0.241652
0.518147  1.13652  0.470113
0.512688  -0.301711  -0.686056
0.483787  -0.905368  0.184927
0.492626  0.0950874  1.29366
0.517972  -0.017808  0.347697
0.506128  -0.198632  0.403561
0.483787  -0.802317  0.291049
0.483787  -0.461239  0.291049
0.495529  0.116264  0.501641
0.483787  -0.461239  0.289104
0.483787  -0.905368  0.184927
0.477859  0.874725  0.491888
0.492626  0.0950874  1.29366
0.517972  -0.017808  0.347697
0.50408  0.0761056  0.241652
0.483787  -0.461239  0.291049
0.506128  -0.198632  0.403561
0.483787  -0.461239  0.291049
0.499389  0.0643947  -0.448184
0.491147  -0.445681  1.03912
0.493173  -0.987664  -0.0300765
0.50408  0.0761056  0.241652
0.492626  -0.335054  1.31785
0.483787  -0.461239  0.291049
0.512688  -0.301711  -0.686056
0.492626  0.0950874  1.29366
0.483182  0.313203  -0.262016
0.512688  -0.301711  -0.686056
0.492626  -0.466846  1.31785
0.483787  -0.461239  0.291049
0.483787  -0.461239  0.291049
0.501937  0.116264  0.501641
0.483787  -0.461239  0.291049
0.50408  0.0761056  0.241652
0.491147  -0.445681  1.03912
0.499389  0.0643947  -0.448184
0.483787  -0.905368  0.184927
0.50408  0.0761056  0.241652
0.518147  1.13652  0.470113
0.491147  -0.445681  1.03912
0.492626  0.0950874  1.29366
0.50408  0.0761056  0.241652
0.483787  -0.461239  0.291049
0.492626  0.0950874  1.29366
0.483787  -0.461239  0.291049
0.501937  0.116264  0.501641
0.492626  0.0950874  1.29366
0.483787  -0.905368  0.184927
0.512688  -0.301711  -0.686056
0.506128  -0.198632  0.403561
0.483787  -0.461239  0.291049
0.50408  0.0761056  0.241652
0.493173  -0.987664  -0.0300765
0.493173  -0.987664  -0.0300765
0.501937  0.116264  0.501641
0.512688  -0.301711  -0.686056
0.501937  0.116264  0.501641
0.483787  -0.461239  0.291049
0.477859  0.874725  0.491888
0.492626  0.0950874  1.29366
0.518147  1.13652  0.470113
0.517972  -0.017808  0.347697
0.483182  0.313203  -0.262016
0.50408  0.0761056  0.241652
0.483787  -0.461239  0.291049
0.517972  -0.017808  0.347697
0.50408  0.0761056  0.241652
0.483787  -0.461239  0.291049
0.512688  -0.301711  -0.686056
0.499389  0.0643947  -0.448184
0.477859  0.874725  0.491888
0.483787  -0.905368  0.184927
0.518147  1.13652  0.470113
0.518147  1.13652  0.382432
0.483787  -0.461239  0.291049
0.492626  0.0950874  1.29366
0.50408  0.0761056  0.241652
0.483787  -0.461239  0.289104
0.493173  -0.987664  -0.0300765
0.517972  -0.017808  0.347697
0.483787  -0.461239  0.291049
0.518147  1.13652  0.470113
0.518147  1.13652  0.470113
0.517972  0.703214  0.141051
0.493173  -0.987664  -0.0300765
0.50408  0.0761056  0.241652
0.501937  0.116264  0.501641
0.517972  -0.017808  0.347697
0.518147  1.13652  0.470113
0.50408  0.0761056  0.241652
0.492626  0.0950874  1.29366
0.50408  0.0761056  0.241652
0.517972  -0.017808  0.347697
0.518147  1.13652  0.470113
0.492626  0.0950874  1.29366
0.483787  -0.905368  0.184927
0.491147  -0.445681  1.03912
0.50408  0.0761056  0.241652
0.518147  1.13652  0.382432
0.50408  0.0761056  0.241652
0.499389  0.0643947  -0.448184
0.518147  1.13652  0.470113
0.518147  1.13652  0.470113
0.492626  -0.335054  1.31785
0.506128  -0.198632  0.403561
0.495529  0.116264  0.501641
0.483787  -0.461239  0.291049
0.518147  1.13652  0.470113
0.501937  0.116264  0.501641
0.506128  -0.198632  0.403561
0.501937  0.116264  0.501641
0.524125  0.705547  0.258972
0.517972  -0.017808  0.347697
0.483787  -0.461239  0.291049
0.492626  -0.335054  1.31785
0.506128  -0.198632  0.403561
0.506128  -0.198632  0.403561
0.512688  -0.301711  -0.686056
0.524125  0.705547  0.258972
0.50408  0.0761056  0.241652
0.483787  -0.461239  0.291049
0.50408  0.0761056  0.241652
0.50408  0.0761056  0.241652
0.517972  -0.017808  0.347697
0.518147  1.35016  0.382432
0.483787  -0.461239  0.291049
0.483787  -0.461239  0.291049
0.501937  0.116264  0.501641
0.477859  0.874725  0.491888
0.492626  -0.335054  1.31785
0.483787  -0.461239  0.246622
0.483787  -0.905368  0.184927
0.493173  -0.987664  -0.0300765
0.517972  -0.017808  0.347697
0.518147  1.13652  0.470113
0.483787  -0.461239  0.291049
0.518147  1.13652  0.470113
0.483787  -0.461239  0.291049
0.501937  0.116264  0.501641
0.483787  -0.461239  0.289104
0.524125  0.705547  0.258972
0.501937  0.116264  0.501641
0.50408  0.0761056  0.241652
0.518147  1.13652  0.470113
0.483787  -0.461239  0.291049
0.483787  -0.461239  0.291049
0.501937  0.116264  0.501641
0.477859  0.874725  0.491888
0.518147  1.13652  0.470113
0.518147  1.13652  0.470113
0.517972  -0.017808  0.347697
0.50408  0.0761056  0.241652
0.483787  -0.461239  0.291049
0.492626  0.0950874  1.29366
0.50408  0.0761056  0.241652
0.483787  -0.905368  0.184927
0.50408  0.0761056  0.241652
0.492626  0.0950874  1.29366
0.518147  1.13652  0.470113
0.483787  -0.461239  0.291049
0.483787  -0.905368  0.184927
0.50408  0.0761056  0.241652
0.501937  0.116264  0.501641
0.493173  -0.987664  -0.0300765
0.483787  -0.461239  0.291049
0.483787  -0.461239  0.291049
0.483787  -0.905368  0.184927
0.477859  0.874725  0.491888
0.50408  0.0761056  0.241652
0.493173  -0.987664  -0.0300765
0.483787  -0.461239  0.291049
0.483787  -0.461239  0.291049
0.50408  0.0761056  0.241652
0.483787  -0.905368  0.184927
0.492626  -0.335054  1.31785
0.501937  0.116264  0.501641
0.492626  0.0950874  1.29366
0.477859  0.874725  0.491888
0.483787  -0.905368  0.184927
0.483787  -0.461239  0.291049
0.492626  0.0950874  1.29366
0.483787  -0.461239  0.291049
0.506128  -0.198632  0.403561
0.50408  0.0761056  0.241652
0.506128  -0.198632  0.403561
0.518147  1.13652  0.470113
0.501937  0.116264  0.501641
0.495529  0.116264  0.501641
0.518147  1.13652  0.470113
0.483787  -0.461239  0.289104
0.483787  -0.905368  0.184927
0.501937  0.116264  0.501641
0.492626  0.0950874  1.29366
0.524125  0.705547  0.258972
0.50408  0.0761056  0.241652
0.483787  -0.905368  0.184927
0.518147  1.13652  0.382432
0.512688  -0.301711  -0.686056
0.483787  -0.905368  0.184927
0.492626  0.0950874  1.29366
0.483787  -0.905368  0.184927
0.477859  0.874725  0.491888
0.50408  0.0761056  0.241652
0.483787  -0.905368  0.184927
0.492626  0.0950874  1.29366
0.499389  0.0643947  -0.448184
0.50408  0.0761056  0.241652
0.483787  -0.461239  0.289104
0.50408  0.0761056  0.241652
0.492626  -0.466846  1.31785
0.492626  0.0950874  1.29366
0.50408  0.0761056  0.241652
0.483787  -0.461239  0.291049
0.483182  0.313203  -0.262016
0.518147  1.13652  0.382432
0.492626  -0.335054  1.31785
0.506128  -0.198632  0.403561
0.50408  0.0761056  0.241652
0.483787  -0.905368  0.184927
0.50408  0.0761056  0.241652
0.50408  0.0761056  0.241652
0.50408  0.0761056  0.241652
0.518147  1.13652  0.470113
0.493173  -0.987664  -0.0300765
0.518147  1.13652  0.470113
0.483787  -0.461239  0.289104
0.512688  -0.301711  -0.686056
0.518147  1.13652  0.470113
0.501937  0.116264  0.501641
0.477859  0.874725  0.491888
0.483787  -0.905368  0.184927
0.492626  -0.335054  1.31785
0.512688  -0.301711  -0.686056
0.483787  -0.461239  0.289104
0.492626  -0.466846  1.31785
0.483787  -0.461239  0.291049
0.483787  -0.461239  0.291049
0.501937  0.116264  0.501641
0.518147  1.13652  0.470113
0.477859  0.874725  0.491888
0.501937  0.116264  0.501641
0.483787  -0.905368  0.184927
0.483787  -0.461239  0.291049
0.492626  0.0950874  1.29366
0.512688  -0.301711  -0.686056
0.518147  1.35016  0.382432
0.517972  0.703214  0.141051
0.483787  -0.461239  0.291049
0.492626  -0.466846  1.31785
0.518147  1.13652  0.470113
0.493173  -0.987664  -0.0300765
0.518147  1.13652  0.470113
0.483787  -0.461239  0.291049
0.512688  -0.301711  -0.686056
0.491147  -0.445681  1.03912
0.518147  1.13652  0.470113
0.492626  -0.335054  1.31785
0.50408  0.0761056  0.241652
0.501937  0.116264  0.501641
0.483787  -0.461239  0.291049
0.517972  -0.017808  0.347697
0.483787  -0.461239  0.291049
0.492626  0.0950874  1.29366
0.512688  -0.301711  -0.686056
0.524125  0.705547  0.258972
0.483787  -0.905368  0.184927
0.50408  0.0761056  0.241652
0.483787  -0.905368  0.184927
0.483787  -0.461239  0.291049
0.477859  0.874725  0.491888
0.506128  -0.198632  0.403561
0.518147  1.13652  0.470113
0.501937  0.116264  0.501641
0.50408  0.0761056  0.241652
0.50408  0.0761056  0.241652
0.512688  -0.301711  -0.686056
0.492626  0.0950874  1.29366
0.483787  -0.461239  0.291049
0.524125  0.705547  0.258972
0.50408  0.0761056  0.241652
0.483787  -0.905368  0.184927
0.495529  0.116264  0.501641
0.518147  1.13652  0.470113
0.512688  -0.301711  -0.686056
0.483787  -0.461239  0.291049
0.483787  -0.461239  0.289104
0.512688  -0.301711  -0.686056
0.518147  1.13652  0.470113
0.477859  0.874725  0.491888
0.477859  0.874725  0.491888
0.477859  0.874725  0.491888
0.483787  -0.461239  0.291049
0.50408  0.0761056  0.241652
0.506128  -0.198632  0.403561
0.483787  -0.461239  0.291049
0.518147  1.13652  0.382432
0.483787  -0.802317  0.291049
0.524125  0.705547  0.258972
0.492626  0.0950874  1.29366
0.512688  -0.301711  -0.686056
0.524125  0.705547  0.0619366
0.50408  0.0761056  0.241652
0.483787  -0.461239  0.289104
0.483787  -0.461239  0.291049
0.518147  1.13652  0.470113
0.483787  -0.461239  0.291049
0.50408  0.0761056  0.241652
0.483787  -0.461239  0.291049
0.50408  0.0761056  0.241652
0.493173  -0.987664  -0.0300765
0.512688  -0.301711  -0.686056
0.501937  0.116264  0.501641
0.483787  -0.461239  0.289104
0.483787  -0.905368  0.184927
0.477859  0.874725  0.491888
0.50408  0.0761056  0.241652
0.518147  1.13652  0.470113
0.477859  0.874725  0.491888
0.50408  0.0761056  0.241652
0.50408  0.0761056  0.241652
0.518147  1.13652  0.470113
0.492626  0.0950874  1.29366
0.493173  -0.987664  -0.0300765
0.492626  0.0950874  1.29366
0.524125  0.705547  0.258972
0.518147  1.13652  0.470113
0.483787  -0.905368  0.184927
0.483787  -0.461239  0.291049
0.477859  0.874725  0.491888
