0.952613  -1.68459  -1.29367
0.835318  -1.68459  -0.713789
0.653602  -0.575058  -0.600356
0.71453  -0.517455  -0.625049
0.985672  0.400227  0.0524516
0.835318  -1.68459  -0.713789
0.985672  0.400227  0.0524516
1.0573  -2.13711  -1.56255
0.949911  -1.17028  -0.0744604
0.649978  0.273488  0.769425
0.985672  0.400227  0.0524516
0.728535  -1.48703  -0.985972
0.71453  -0.517455  -0.625049
1.0573  -1.5295  -0.911445
0.71453  -0.517455  -0.625049
0.941446  0.668557  0.203606
1.0573  -1.5295  -0.911445
1.0573  -2.13711  -1.56255
0.649978  0.273488  0.769425
1.0573  -2.13711  -1.56255
0.619624  0.273488  0.769425
1.0573  -1.5295  -0.911445
0.985672  0.400227  0.0524516
0.835318  -1.68459  -0.713789
0.949911  -1.17028  -0.0744604
0.835318  -1.68459  -0.713789
0.952613  -1.68459  -1.29367
0.803643  -0.189252  -0.383665
1.0573  -1.5295  -0.911445
0.985672  0.400227  0.0524516
0.941446  0.668557  0.203606
0.71453  -0.517455  -0.625049
0.952613  -1.68459  -1.29367
0.728535  -1.48703  -0.955445
0.80619  0.273488  0.747977
0.952613  -1.68459  -1.29367
0.728535  -1.48703  -0.985972
1.0573  -1.5295  -0.911445
0.803643  0.193193  -0.383665
1.0573  -1.5295  -0.911445
0.728535  -1.48703  -0.985972
1.0573  -2.13711  -1.56255
1.0573  -1.5295  -0.911445
0.649978  0.273488  0.769425
0.835318  -1.68459  -0.713789
1.0573  -2.13711  -1.56255
0.80619  0.273488  0.747977
0.952613  -1.68459  -1.29367
0.985672  0.400227  0.0524516
0.837634  -0.0917466  0.470869
1.0573  -1.5295  -0.911445
1.0573  -1.5295  -0.911445
0.952613  -1.68459  -1.29367
0.803643  0.193193  -0.383665
0.71453  -0.517455  -0.625049
0.949911  -1.17028  -0.0744604
0.837634  -0.0917466  0.470869
0.837634  -0.0917466  0.470869
1.0573  -1.5295  -0.911445
0.71453  -0.517455  -0.625049
0.835318  -1.68459  -0.713789
0.733658  -0.330583  -0.355098
0.952613  -1.68459  -1.29367
0.649978  0.273488  0.769425
0.803643  0.193193  -0.383665
0.653602  -0.575058  -0.600356
0.985672  0.400227  0.0524516
0.80619  0.273488  0.747977
0.728535  -1.48703  -0.985972
0.728535  -1.48703  -0.985972
0.728535  -1.48703  -0.955445
1.0573  -1.5295  -0.911445
0.653602  -0.575058  -0.600356
1.0573  -1.5295  -0.911445
1.0573  -1.5295  -0.911445
0.837634  -0.0917466  0.470869
0.80619  0.273488  0.747977
0.728535  -1.48703  -0.955445
0.619624  0.273488  0.769425
0.71453  -0.517455  -0.625049
0.728535  -1.48703  -0.955445
0.985672  0.400227  0.0524516
0.653602  -0.575058  -0.600356
0.71453  -0.517455  -0.625049
0.952613  -1.68459  -1.29367
0.728535  -1.48703  -0.955445
0.835318  -1.68459  -0.713789
0.985672  0.400227  0.0524516
0.835318  -1.68459  -0.713789
0.835318  -1.68459  -0.713789
0.952613  -1.68459  -1.29367
0.649978  0.273488  0.769425
0.728535  -1.48703  -0.985972
0.71453  -0.517455  -0.625049
0.835318  -1.68459  -0.713789
1.0573  -1.5295  -0.911445
0.952613  -1.68459  -1.29367
0.649978  0.273488  0.769425
0.71453  -0.517455  -0.625049
0.837634  -0.0917466  0.470869
0.649978  0.273488  0.769425
0.728535  -1.48703  -0.955445
0.941446  0.668557  0.203606
0.71453  -0.517455  -0.625049
1.0573  -1.5295  -0.911445
0.941446  0.668557  0.203606
0.835318  -1.68459  -0.713789
0.619624  0.273488  0.769425
1.0573  -1.5295  -0.911445
0.985672  0.400227  0.0524516
0.576418  -1.48703  -0.985972
0.71453  -0.517455  -0.625049
0.728535  -1.48703  -0.985972
0.941446  0.668557  0.203606
1.0573  -2.13711  -1.56255
0.728535  -1.48703  -0.985972
0.837634  -0.0917466  0.470869
0.728535  -1.48703  -0.955445
0.576418  -1.48703  -0.985972
1.0573  -1.5295  -0.911445
0.728535  -1.48703  -0.985972
0.985672  0.400227  0.0524516
0.835318  -1.68459  -0.713789
0.835318  -1.68459  -0.713789
0.619624  0.273488  0.769425
0.649978  0.273488  0.769425
1.0573  -2.13711  -1.56255
0.985672  0.400227  0.0524516
0.80619  0.273488  0.747977
0.80619  0.273488  0.747977
0.649978  0.273488  0.769425
0.985672  0.400227  0.0524516
0.985672  0.400227  0.0524516
1.0573  -1.5295  -0.911445
0.985672  0.400227  0.0524516
0.837634  -0.0917466  0.470869
0.985672  0.400227  0.0524516
0.835318  -1.68459  -0.713789
1.0573  -1.5295  -0.911445
1.0573  -2.13711  -1.56255
1.0573  -2.13711  -1.56255
0.619624  0.273488  0.769425
0.835318  -1.68459  -0.713789
0.985672  0.400227  0.0524516
0.619624  0.273488  0.769425
1.0573  -1.5295  -0.911445
0.71453  -0.517455  -0.625049
0.649978  0.273488  0.769425
0.728535  -1.48703  -0.985972
1.0573  -2.13711  -1.56255
0.941446  0.668557  0.203606
0.941446  0.668557  0.203606
0.653602  -0.575058  -0.600356
0.728535  -1.48703  -0.955445
1.0573  -1.5295  -0.911445
0.653602  -0.575058  -0.600356
1.0573  -2.13711  -1.56255
0.949911  -1.17028  -0.0744604
1.0573  -1.5295  -0.911445
0.835318  -1.68459  -0.713789
0.80619  0.273488  0.747977
0.619624  0.273488  0.769425
0.649978  0.273488  0.769425
0.837634  -0.0917466  0.470869
0.728535  -1.48703  -0.955445
0.837634  -0.0917466  0.470869
0.941446  0.668557  0.203606
0.71453  -0.517455  -0.625049
1.0573  -2.13711  -1.56255
1.0573  -1.5295  -0.911445
0.985672  0.400227  0.0524516
0.985672  0.400227  0.0524516
0.728535  -1.48703  -0.985972
0.80619  0.273488  0.747977
0.985672  0.400227  0.0524516
0.653602  -0.575058  -0.600356
0.985672  0.400227  0.0524516
1.0573  -1.5295  -0.911445
0.71453  -0.517455  -0.625049
0.949911  -1.17028  -0.0744604
0.835318  -1.68459  -0.713789
0.985672  0.400227  0.0524516
0.952613  -1.68459  -1.29367
0.914999  0.138828  -0.55335
0.952613  -1.68459  -1.29367
0.728535  -1.48703  -0.985972
1.0573  -1.5295  -0.911445
0.835318  -1.68459  -0.713789
0.985672  0.400227  0.0524516
1.0573  -1.5295  -0.911445
0.985672  0.400227  0.0524516
0.952613  -1.68459  -1.29367
0.985672  0.400227  0.0524516
0.728535  -1.48703  -0.985972
0.619624  0.273488  0.769425
1.0573  -2.13711  -1.56255
0.914999  0.138828  -0.55335
0.803643  0.193193  -0.383665
0.985672  0.400227  0.0524516
0.653602  -0.575058  -0.600356
1.0573  -1.5295  -0.911445
0.835318  -1.68459  -0.713789
1.0573  -2.13711  -1.56255
1.0573  -1.5295  -0.911445
0.619624  0.273488  0.769425
0.71453  -0.517455  -0.625049
0.619624  0.273488  0.769425
0.619624  0.273488  0.769425
0.653602  -0.575058  -0.600356
0.576418  -1.48703  -0.985972
0.728535  -1.48703  -0.955445
0.952613  -1.68459  -1.29367
0.653602  -0.575058  -0.600356
1.0573  -2.13711  -1.56255
0.728535  -1.48703  -0.955445
0.985672  0.400227  0.0524516
0.941446  0.668557  0.203606
0.952613  -1.68459  -1.29367
0.653602  -0.575058  -0.600356
1.0573  -1.5295  -0.911445
0.71453  -0.517455  -0.625049
1.0573  -1.5295  -0.911445
0.985672  0.400227  0.0524516
0.985672  0.400227  0.0524516
0.835318  -1.68459  -0.713789
1.0573  -1.5295  -0.911445
0.619624  0.273488  0.769425
0.728535  -1.48703  -0.955445
0.803643  -0.189252  -0.383665
0.80619  0.273488  0.747977
1.0573  -1.5295  -0.911445
0.619624  0.273488  0.769425
0.952613  -1.68459  -1.29367
0.835318  -1.68459  -0.713789
1.0573  -2.13711  -1.56255
0.985672  0.400227  0.0524516
0.71453  -0.517455  -0.625049
0.71453  -0.517455  -0.625049
0.728535  -1.48703  -0.985972
0.649978  0.273488  0.769425
0.835318  -1.68459  -0.713789
0.80619  0.273488  0.747977
0.952613  -1.68459  -1.29367
0.653602  -0.575058  -0.600356
0.728535  -1.48703  -0.955445
0.728535  -1.48703  -0.955445
0.619624  0.273488  0.769425
0.653602  -0.575058  -0.600356
0.728535  -1.48703  -0.955445
0.653602  -0.575058  -0.600356
0.835318  -1.68459  -0.713789
0.728535  -1.48703  -0.955445
0.835318  -1.68459  -0.713789
0.80619  0.273488  0.747977
0.941446  0.668557  0.203606
0.941446  0.668557  0.203606
0.835318  -1.68459  -0.713789
0.835318  -1.68459  -0.713789
1.0573  -1.5295  -0.911445
0.728535  -1.48703  -0.985972
0.952613  -1.68459  -1.29367
1.0573  -1.5295  -0.911445
0.952613  -1.68459  -1.29367
0.952613  -1.68459  -1.29367
0.952613  -1.68459  -1.29367
0.985672  0.400227  0.0524516
0.71453  -0.517455  -0.625049
0.71453  -0.517455  -0.625049
0.835318  -1.68459  -0.713789
1.0573  -2.13711  -1.56255
0.835318  -1.68459  -0.713789
0.733658  -0.330583  -0.355098
0.952613  -1.68459  -1.29367
0.728535  -1.48703  -0.955445
0.835318  -1.68459  -0.713789
1.0573  -1.5295  -0.911445
1.0573  -2.13711  -1.56255
0.71453  -0.517455  -0.625049
0.835318  -1.68459  -0.713789
0.653602  -0.575058  -0.600356
0.728535  -1.48703  -0.955445
0.649978  0.273488  0.769425
0.619624  0.273488  0.769425
0.985672  0.400227  0.0524516
0.835318  -1.68459  -0.713789
1.0573  -2.13711  -1.56255
0.649978  0.273488  0.769425
0.71453  -0.517455  -0.625049
0.835318  -1.68459  -0.713789
0.985672  0.400227  0.0524516
0.985672  0.400227  0.0524516
0.949911  -1.17028  -0.0744604
0.835318  -1.68459  -0.713789
0.803643  -0.189252  -0.383665
0.949911  -1.17028  -0.0744604
0.985672  0.400227  0.0524516
1.0573  -2.13711  -1.56255
0.71453  -0.517455  -0.625049
0.835318  -1.68459  -0.713789
0.835318  -1.68459  -0.713789
0.952613  -1.68459  -1.29367
0.837634  -0.0917466  0.470869
0.952613  -1.68459  -1.29367
0.837634  -0.0917466  0.470869
0.728535  -1.48703  -0.955445
1.0573  -1.5295  -0.911445
1.0573  -1.5295  -0.911445
0.653602  -0.575058  -0.600356
0.837634  -0.0917466  0.470869
1.0573  -2.13711  -1.56255
0.949911  -1.17028  -0.0744604
1.0573  -1.5295  -0.911445
0.941446  0.668557  0.203606
0.835318  -1.68459  -0.713789
0.835318  -1.68459  -0.713789
0.619624  0.273488  0.769425
0.985672  0.400227  0.0524516
0.985672  0.400227  0.0524516
0.835318  -1.68459  -0.713789
0.619624  0.273488  0.769425
0.835318  -1.68459  -0.713789
0.728535  -1.48703  -0.955445
0.619624  0.273488  0.769425
0.985672  0.400227  0.0524516
0.952613  -1.68459  -1.29367
0.835318  -1.68459  -0.713789
0.649978  0.273488  0.769425
0.728535  -1.48703  -0.955445
0.837634  -0.0917466  0.470869
0.835318  -1.68459  -0.713789
0.835318  -1.68459  -0.713789
1.0573  -1.5295  -0.911445
0.985672  0.400227  0.0524516
0.80619  0.273488  0.747977
0.728535  -1.48703  -0.955445
0.837634  -0.0917466  0.470869
0.649978  0.273488  0.769425
0.653602  -0.575058  -0.600356
0.728535  -1.48703  -0.985972
0.985672  0.400227  0.0524516
1.0573  -2.13711  -1.56255
1.0573  -2.13711  -1.56255
0.941446  0.668557  0.203606
0.985672  0.400227  0.0524516
0.985672  0.400227  0.0524516
0.949911  -1.17028  -0.0744604
0.941446  0.668557  0.203606
0.649978  0.273488  0.769425
0.941446  0.668557  0.203606
1.0573  -1.5295  -0.911445
0.949911  -1.17028  -0.0744604
0.952613  -1.68459  -1.29367
1.0573  -1.5295  -0.911445
0.728535  -1.48703  -0.985972
0.728535  -1.48703  -0.985972
0.619624  0.273488  0.769425
0.653602  -0.575058  -0.600356
1.0573  -1.5295  -0.911445
0.619624  0.273488  0.769425
0.80619  0.273488  0.747977
0.653602  -0.575058  -0.600356
0.952613  -1.68459  -1.29367
0.949911  -1.17028  -0.0744604
0.835318  -1.68459  -0.713789
0.653602  -0.575058  -0.600356
1.0573  -1.5295  -0.911445
0.952613  -1.68459  -1.29367
1.0573  -2.13711  -1.56255
0.835318  -1.68459  -0.713789
0.619624  0.273488  0.769425
0.728535  -1.48703  -0.955445
1.0573  -1.5295  -0.911445
0.952613  -1.68459  -1.29367
0.941446  0.668557  0.203606
0.985672  0.400227  0.0524516
0.952613  -1.68459  -1.29367
1.0573  -1.5295  -0.911445
1.0573  -1.5295  -0.911445
1.0573  -1.5295  -0.911445
0.952613  -1.68459  -1.29367
0.949911  -1.17028  -0.0744604
0.619624  0.273488  0.769425
0.619624  0.273488  0.769425
0.837634  -0.0917466  0.470869
0.649978  0.273488  0.769425
0.653602  -0.575058  -0.600356
0.653602  -0.575058  -0.600356
1.0573  -1.5295  -0.911445
1.0573  -1.5295  -0.911445
0.985672  0.400227  0.0524516
0.985672  0.400227  0.0524516
1.0573  -1.5295  -0.911445
0.728535  -1.48703  -0.955445
0.803643  0.193193  -0.383665
0.733658  -0.330583  -0.355098
0.71453  -0.517455  -0.625049
0.835318  -1.68459  -0.713789
0.653602  -0.575058  -0.600356
1.0573  -1.5295  -0.911445
0.837634  -0.370575  0.228215
0.835318  -1.68459  -0.713789
0.835318  -1.68459  -0.713789
0.835318  -1.68459  -0.713789
0.835318  -1.68459  -0.713789
0.985672  0.400227  0.0524516
0.649978  0.273488  0.769425
0.619624  0.273488  0.769425
0.803643  0.193193  -0.383665
0.952613  -1.68459  -1.29367
0.837634  -0.0917466  0.470869
0.985672  0.400227  0.0524516
0.835318  -1.68459  -0.713789
0.835318  -1.68459  -0.713789
0.728535  -1.48703  -0.955445
0.728535  -1.48703  -0.985972
0.71453  -0.517455  -0.625049
0.985672  0.400227  0.0524516
0.941446  0.668557  0.203606
0.941446  0.668557  0.203606
0.803643  0.193193  -0.383665
0.835318  -1.68459  -0.713789
0.653602  -0.575058  -0.600356
1.0573  -1.5295  -0.911445
0.653602  -0.575058  -0.600356
0.649978  0.273488  0.769425
0.653602  -0.575058  -0.600356
0.653602  -0.575058  -0.600356
0.733658  -0.330583  -0.355098
0.835318  -1.68459  -0.713789
0.952613  -1.68459  -1.29367
1.0573  -2.13711  -1.56255
0.941446  0.668557  0.203606
0.728535  -1.48703  -0.985972
1.0573  -2.13711  -1.56255
0.837634  -0.0917466  0.470869
0.985672  0.400227  0.0524516
0.835318  -1.68459  -0.713789
0.649978  0.273488  0.769425
0.837634  -0.370575  0.228215
0.952613  -1.68459  -1.29367
0.952613  -1.68459  -1.29367
1.0573  -1.5295  -0.911445
0.985672  0.400227  0.0524516
0.619624  0.273488  0.769425
0.576418  -1.48703  -0.985972
0.835318  -1.68459  -0.713789
0.985672  0.400227  0.0524516
0.941446  0.668557  0.203606
0.837634  -0.0917466  0.470869
0.985672  0.400227  0.0524516
0.949911  -1.17028  -0.0744604
0.619624  0.273488  0.769425
0.835318  -1.68459  -0.713789
0.80619  0.273488  0.747977
1.0573  -1.5295  -0.911445
0.941446  0.668557  0.203606
1.0573  -1.5295  -0.911445
1.0573  -1.5295  -0.911445
0.619624  0.273488  0.769425
0.80619  0.273488  0.747977
1.0573  -1.5295  -0.911445
1.0573  -1.5295  -0.911445
0.80619  0.273488  0.747977
0.952613  -1.68459  -1.29367
0.985672  0.400227  0.0524516
0.985672  0.400227  0.0524516
0.619624  0.273488  0.769425
0.728535  -1.48703  -0.955445
0.835318  -1.68459  -0.713789
1.0573  -1.5295  -0.911445
1.0573  -1.5295  -0.911445
0.71453  -0.517455  -0.625049
0.985672  0.400227  0.0524516
0.985672  0.400227  0.0524516
0.835318  -1.68459  -0.713789
0.835318  -1.68459  -0.713789
0.985672  0.400227  0.0524516
0.835318  -1.68459  -0.713789
0.985672  0.400227  0.0524516
0.985672  0.400227  0.0524516
0.835318  -1.68459  -0.713789
0.835318  -1.68459  -0.713789
0.835318  -1.68459  -0.713789
0.837634  -0.0917466  0.470869
0.619624  0.273488  0.769425
0.71453  -0.517455  -0.625049
0.985672  0.400227  0.0524516
0.619624  0.273488  0.769425
0.985672  0.400227  0.0524516
0.80619  0.273488  0.747977
0.728535  -1.48703  -0.985972
0.653602  -0.575058  -0.600356
0.985672  0.400227  0.0524516
0.728535  -1.48703  -0.955445
0.728535  -1.48703  -0.985972
0.80619  0.273488  0.747977
0.80619  0.273488  0.747977
0.837634  -0.0917466  0.470869
1.0573  -2.13711  -1.56255
0.952613  -1.68459  -1.29367
1.0573  -1.5295  -0.911445
0.835318  -1.68459  -0.713789
0.619624  0.273488  0.769425
0.835318  -1.68459  -0.713789
0.835318  -1.68459  -0.713789
0.952613  -1.68459  -1.29367
0.728535  -1.48703  -0.955445
0.733658  -0.330583  -0.355098
0.649978  0.273488  0.769425
0.71453  -0.517455  -0.625049
0.71453  -0.517455  -0.625049
0.71453  -0.517455  -0.625049
0.985672  0.400227  0.0524516
0.985672  0.400227  0.0524516
1.0573  -1.5295  -0.911445
0.728535  -1.48703  -0.955445
0.728535  -1.48703  -0.955445
0.728535  -1.48703  -0.955445
0.952613  -1.68459  -1.29367
0.952613  -1.68459  -1.29367
0.985672  0.400227  0.0524516
0.653602  -0.575058  -0.600356
0.835318  -1.68459  -0.713789
0.728535  -1.48703  -0.985972
0.80619  0.273488  0.747977
0.985672  0.400227  0.0524516
0.985672  0.400227  0.0524516
0.71453  -0.517455  -0.625049
0.619624  0.273488  0.769425
1.0573  -2.13711  -1.56255
0.653602  -0.575058  -0.600356
0.835318  -1.68459  -0.713789
0.653602  -0.575058  -0.600356
0.952613  -1.68459  -1.29367
0.985672  0.400227  0.0524516
0.71453  -0.517455  -0.625049
0.985672  0.400227  0.0524516
0.71453  -0.517455  -0.625049
1.0573  -1.5295  -0.911445
0.985672  0.400227  0.0524516
0.653602  -0.575058  -0.600356
0.952613  -1.68459  -1.29367
0.728535  -1.48703  -0.985972
0.803643  -0.189252  -0.383665
0.728535  -1.48703  -0.955445
0.952613  -1.68459  -1.29367
0.71453  -0.517455  -0.625049
0.941446  0.668557  0.203606
0.835318  -1.68459  -0.713789
0.985672  0.400227  0.0524516
1.0573  -1.5295  -0.911445
0.985672  0.400227  0.0524516
1.0573  -1.5295  -0.911445
1.0573  -1.5295  -0.911445
0.835318  -1.68459  -0.713789
1.0573  -1.5295  -0.911445
1.0573  -1.5295  -0.911445
0.653602  -0.575058  -0.600356
1.0573  -2.13711  -1.56255
0.803643  0.193193  -0.383665
0.985672  0.400227  0.0524516
1.0573  -2.13711  -1.56255
0.653602  -0.575058  -0.600356
0.619624  0.273488  0.769425
1.0573  -2.13711  -1.56255
0.985672  0.400227  0.0524516
0.728535  -1.48703  -0.985972
0.653602  -0.575058  -0.600356
0.803643  0.193193  -0.383665
0.835318  -1.68459  -0.713789
0.985672  0.400227  0.0524516
0.914999  0.138828  -0.55335
0.728535  -1.48703  -0.955445
1.0573  -1.5295  -0.911445
0.80619  0.273488  0.747977
0.985672  0.400227  0.0524516
0.835318  -1.68459  -0.713789
0.649978  0.273488  0.769425
1.0573  -1.5295  -0.911445
0.619624  0.273488  0.769425
0.952613  -1.68459  -1.29367
0.835318  -1.68459  -0.713789
0.728535  -1.48703  -0.985972
0.985672  0.400227  0.0524516
1.0573  -1.5295  -0.911445
1.0573  -1.5295  -0.911445
0.949911  -1.17028  -0.0744604
0.619624  0.273488  0.769425
0.985672  0.400227  0.0524516
0.728535  -1.48703  -0.985972
0.619624  0.273488  0.769425
0.619624  0.273488  0.769425
0.835318  -1.68459  -0.713789
0.653602  -0.575058  -0.600356
0.952613  -1.68459  -1.29367
0.835318  -1.68459  -0.713789
0.649978  0.273488  0.769425
1.0573  -1.5295  -0.911445
0.985672  0.400227  0.0524516
0.728535  -1.48703  -0.955445
0.649978  0.273488  0.769425
0.653602  -0.575058  -0.600356
0.80619  0.273488  0.747977
0.835318  -1.68459  -0.713789
0.803643  0.193193  -0.383665
1.0573  -1.5295  -0.911445
0.985672  0.400227  0.0524516
0.653602  -0.575058  -0.600356
0.619624  0.273488  0.769425
0.952613  -1.68459  -1.29367
1.0573  -1.5295  -0.911445
0.649978  0.273488  0.769425
0.949911  -1.17028  -0.0744604
0.949911  -1.17028  -0.0744604
1.0573  -1.5295  -0.911445
0.619624  0.273488  0.769425
0.619624  0.273488  0.769425
0.71453  -0.517455  -0.625049
0.728535  -1.48703  -0.955445
0.728535  -1.48703  -0.985972
0.835318  -1.68459  -0.713789
1.0573  -2.13711  -1.56255
0.985672  0.400227  0.0524516
0.985672  0.400227  0.0524516
1.0573  -2.13711  -1.56255
0.835318  -1.68459  -0.713789
0.985672  0.400227  0.0524516
0.835318  -1.68459  -0.713789
0.653602  -0.575058  -0.600356
0.728535  -1.48703  -0.985972
0.803643  0.193193  -0.383665
0.728535  -1.48703  -0.985972
1.0573  -1.5295  -0.911445
0.985672  0.400227  0.0524516
1.0573  -1.5295  -0.911445
0.985672  0.400227  0.0524516
0.71453  -0.517455  -0.625049
0.80619  0.273488  0.747977
0.80619  0.273488  0.747977
0.649978  0.273488  0.769425
0.728535  -1.48703  -0.985972
0.80619  0.273488  0.747977
0.952613  -1.68459  -1.29367
0.835318  -1.68459  -0.713789
1.0573  -1.5295  -0.911445
1.0573  -1.5295  -0.911445
0.941446  0.668557  0.203606
0.728535  -1.48703  -0.955445
0.835318  -1.68459  -0.713789
0.728535  -1.48703  -0.955445
0.985672  0.400227  0.0524516
0.728535  -1.48703  -0.985972
0.985672  0.400227  0.0524516
1.0573  -1.5295  -0.911445
0.985672  0.400227  0.0524516
0.952613  -1.68459  -1.29367
0.952613  -1.68459  -1.29367
0.653602  -0.575058  -0.600356
1.0573  -2.13711  -1.56255
0.653602  -0.575058  -0.600356
1.0573  -1.5295  -0.911445
1.0573  -1.5295  -0.911445
0.803643  -0.189252  -0.383665
0.985672  0.400227  0.0524516
0.985672  0.400227  0.0524516
0.837634  -0.0917466  0.470869
0.71453  -0.517455  -0.625049
0.949911  -1.17028  -0.0744604
0.653602  -0.575058  -0.600356
0.71453  -0.517455  -0.625049
1.0573  -1.5295  -0.911445
1.0573  -1.5295  -0.911445
0.985672  0.400227  0.0524516
0.985672  0.400227  0.0524516
0.728535  -1.48703  -0.955445
0.941446  0.668557  0.203606
0.985672  0.400227  0.0524516
0.80619  0.273488  0.747977
0.985672  0.400227  0.0524516
0.835318  -1.68459  -0.713789
1.0573  -1.5295  -0.911445
0.71453  -0.517455  -0.625049
0.985672  0.400227  0.0524516
0.71453  -0.517455  -0.625049
0.619624  0.273488  0.769425
0.653602  -0.575058  -0.600356
0.835318  -1.68459  -0.713789
0.71453  -0.517455  -0.625049
0.653602  -0.575058  -0.600356
0.649978  0.273488  0.769425
0.985672  0.400227  0.0524516
0.837634  -0.0917466  0.470869
0.728535  -1.48703  -0.985972
1.0573  -1.5295  -0.911445
0.835318  -1.68459  -0.713789
0.71453  -0.517455  -0.625049
0.985672  0.400227  0.0524516
0.653602  -0.575058  -0.600356
1.0573  -1.5295  -0.911445
0.941446  0.668557  0.203606
0.952613  -1.68459  -1.29367
1.0573  -1.5295  -0.911445
0.941446  0.668557  0.203606
0.728535  -1.48703  -0.955445
1.0573  -1.5295  -0.911445
1.0573  -1.5295  -0.911445
0.985672  0.400227  0.0524516
0.619624  0.273488  0.769425
1.0573  -1.5295  -0.911445
0.619624  0.273488  0.769425
0.728535  -1.48703  -0.955445
1.0573  -1.5295  -0.911445
1.0573  -2.13711  -1.56255
1.0573  -1.5295  -0.911445
1.0573  -2.13711  -1.56255
0.649978  0.273488  0.769425
0.985672  0.400227  0.0524516
0.728535  -1.48703  -0.955445
0.985672  0.400227  0.0524516
1.0573  -1.5295  -0.911445
0.649978  0.273488  0.769425
0.653602  -0.575058  -0.600356
1.0573  -1.5295  -0.911445
1.0573  -1.5295  -0.911445
0.728535  -1.48703  -0.955445
0.803643  -0.189252  -0.383665
0.985672  0.400227  0.0524516
0.837634  -0.0917466  0.470869
0.71453  -0.517455  -0.625049
1.0573  -2.13711  -1.56255
0.985672  0.400227  0.0524516
0.728535  -1.48703  -0.955445
1.0573  -1.5295  -0.911445
0.952613  -1.68459  -1.29367
0.985672  0.400227  0.0524516
1.0573  -1.5295  -0.911445
0.985672  0.400227  0.0524516
0.619624  0.273488  0.769425
0.71453  -0.517455  -0.625049
0.985672  0.400227  0.0524516
0.835318  -1.68459  -0.713789
0.835318  -1.68459  -0.713789
0.649978  0.273488  0.769425
0.728535  -1.48703  -0.985972
0.985672  0.400227  0.0524516
0.941446  0.668557  0.203606
0.985672  0.400227  0.0524516
0.941446  0.668557  0.203606
0.649978  0.273488  0.769425
1.0573  -1.5295  -0.911445
0.80619  0.273488  0.747977
0.941446  0.668557  0.203606
1.0573  -1.5295  -0.911445
1.0573  -2.13711  -1.56255
0.619624  0.273488  0.769425
0.985672  0.400227  0.0524516
1.0573  -1.5295  -0.911445
0.71453  -0.517455  -0.625049
0.985672  0.400227  0.0524516
0.952613  -1.68459  -1.29367
0.835318  -1.68459  -0.713789
0.952613  -1.68459  -1.29367
0.985672  0.400227  0.0524516
0.985672  0.400227  0.0524516
0.985672  0.400227  0.0524516
1.0573  -1.5295  -0.911445
0.728535  -1.48703  -0.985972
0.949911  -1.17028  -0.0744604
0.71453  -0.517455  -0.625049
0.653602  -0.575058  -0.600356
0.728535  -1.48703  -0.985972
0.728535  -1.48703  -0.955445
1.0573  -1.5295  -0.911445
0.71453  -0.517455  -0.625049
0.653602  -0.575058  -0.600356
0.619624  0.273488  0.769425
0.835318  -1.68459  -0.713789
0.985672  0.400227  0.0524516
0.649978  0.273488  0.769425
1.0573  -2.13711  -1.56255
0.653602  -0.575058  -0.600356
0.576418  -1.48703  -0.985972
0.649978  0.273488  0.769425
0.837634  -0.370575  0.228215
0.649978  0.273488  0.769425
0.985672  0.400227  0.0524516
0.985672  0.400227  0.0524516
0.949911  -1.17028  -0.0744604
0.985672  0.400227  0.0524516
0.728535  -1.48703  -0.955445
0.835318  -1.68459  -0.713789
1.0573  -1.5295  -0.911445
0.941446  0.668557  0.203606
0.649978  0.273488  0.769425
0.71453  -0.517455  -0.625049
0.649978  0.273488  0.769425
0.649978  0.273488  0.769425
0.835318  -1.68459  -0.713789
0.941446  0.668557  0.203606
0.728535  -1.48703  -0.955445
0.728535  -1.48703  -0.955445
0.952613  -1.68459  -1.29367
0.80619  0.273488  0.747977
0.985672  0.400227  0.0524516
0.653602  -0.575058  -0.600356
0.985672  0.400227  0.0524516
0.952613  -1.68459  -1.29367
0.985672  0.400227  0.0524516
1.0573  -1.5295  -0.911445
0.71453  -0.517455  -0.625049
0.835318  -1.68459  -0.713789
0.619624  0.273488  0.769425
0.80619  0.273488  0.747977
0.653602  -0.575058  -0.600356
0.985672  0.400227  0.0524516
0.835318  -1.68459  -0.713789
1.0573  -2.13711  -1.56255
0.835318  -1.68459  -0.713789
0.649978  0.273488  0.769425
0.619624  0.273488  0.769425
0.71453  -0.517455  -0.625049
0.952613  -1.68459  -1.29367
0.985672  0.400227  0.0524516
0.985672  0.400227  0.0524516
1.0573  -1.5295  -0.911445
0.619624  0.273488  0.769425
0.71453  -0.517455  -0.625049
0.837634  -0.0917466  0.470869
0.649978  0.273488  0.769425
0.80619  0.273488  0.747977
0.728535  -1.48703  -0.985972
1.0573  -1.5295  -0.911445
1.0573  -1.5295  -0.911445
1.0573  -1.5295  -0.911445
0.728535  -1.48703  -0.955445
1.0573  -2.13711  -1.56255
1.0573  -1.5295  -0.911445
0.728535  -1.48703  -0.955445
0.952613  -1.68459  -1.29367
0.649978  0.273488  0.769425
0.728535  -1.48703  -0.955445
0.728535  -1.48703  -0.985972
1.0573  -1.5295  -0.911445
0.985672  0.400227  0.0524516
1.0573  -1.5295  -0.911445
0.649978  0.273488  0.769425
1.0573  -1.5295  -0.911445
1.0573  -1.5295  -0.911445
0.835318  -1.68459  -0.713789
0.985672  0.400227  0.0524516
0.835318  -1.68459  -0.713789
0.835318  -1.68459  -0.713789
0.728535  -1.48703  -0.985972
1.0573  -1.5295  -0.911445
1.0573  -2.13711  -1.56255
0.653602  -0.575058  -0.600356
0.649978  0.273488  0.769425
1.0573  -1.5295  -0.911445
0.733658  -0.330583  -0.355098
1.0573  -2.13711  -1.56255
0.952613  -1.68459  -1.29367
0.728535  -1.48703  -0.955445
1.0573  -1.5295  -0.911445
0.619624  0.273488  0.769425
0.835318  -1.68459  -0.713789
0.941446  0.668557  0.203606
0.619624  0.273488  0.769425
0.80619  0.273488  0.747977
0.985672  0.400227  0.0524516
1.0573  -1.5295  -0.911445
0.80619  0.273488  0.747977
0.728535  -1.48703  -0.955445
0.835318  -1.68459  -0.713789
0.837634  -0.0917466  0.470869
0.649978  0.273488  0.769425
0.835318  -1.68459  -0.713789
0.619624  0.273488  0.769425
0.985672  0.400227  0.0524516
0.952613  -1.68459  -1.29367
0.835318  -1.68459  -0.713789
1.0573  -1.29718  -0.317914
0.619624  0.273488  0.769425
0.985672  0.400227  0.0524516
0.835318  -1.68459  -0.713789
0.653602  -0.575058  -0.600356
0.952613  -1.68459  -1.29367
0.835318  -1.68459  -0.713789
1.0573  -1.5295  -0.911445
0.985672  0.400227  0.0524516
0.649978  0.273488  0.769425
0.653602  -0.575058  -0.600356
1.0573  -2.13711  -1.56255
1.0573  -1.5295  -0.911445
0.985672  0.400227  0.0524516
0.985672  0.400227  0.0524516
1.0573  -1.5295  -0.911445
0.835318  -1.68459  -0.713789
0.985672  0.400227  0.0524516
0.941446  0.668557  0.203606
0.837634  -0.0917466  0.470869
0.985672  0.400227  0.0524516
0.803643  0.193193  -0.383665
0.728535  -1.48703  -0.955445
0.728535  -1.48703  -0.955445
0.949911  -1.17028  -0.0744604
0.71453  -0.517455  -0.625049
0.835318  -1.68459  -0.713789
1.0573  -2.13711  -1.56255
0.985672  0.400227  0.0524516
0.985672  0.400227  0.0524516
0.985672  0.400227  0.0524516
1.0573  -1.5295  -0.911445
0.835318  -1.68459  -0.713789
0.952613  -1.68459  -1.29367
0.619624  0.273488  0.769425
0.803643  0.193193  -0.383665
1.0573  -1.5295  -0.911445
0.728535  -1.48703  -0.985972
0.835318  -1.68459  -0.713789
0.949911  -1.17028  -0.0744604
0.985672  0.400227  0.0524516
0.649978  0.273488  0.769425
1.0573  -2.13711  -1.56255
0.952613  -1.68459  -1.29367
0.835318  -1.68459  -0.713789
0.835318  -1.68459  -0.713789
1.0573  -1.5295  -0.911445
0.952613  -1.68459  -1.29367
0.728535  -1.48703  -0.955445
0.835318  -1.68459  -0.713789
0.952613  -1.68459  -1.29367
0.914999  0.138828  -0.55335
0.985672  0.400227  0.0524516
1.0573  -1.5295  -0.911445
0.653602  -0.575058  -0.600356
0.728535  -1.48703  -0.955445
0.619624  0.273488  0.769425
0.952613  -1.68459  -1.29367
0.985672  0.400227  0.0524516
0.985672  0.400227  0.0524516
0.803643  0.193193  -0.383665
1.0573  -1.5295  -0.911445
0.649978  0.273488  0.769425
0.835318  -1.68459  -0.713789
0.985672  0.400227  0.0524516
0.728535  -1.48703  -0.985972
0.653602  -0.575058  -0.600356
0.649978  0.273488  0.769425
1.0573  -2.13711  -1.56255
1.0573  -1.5295  -0.911445
0.728535  -1.48703  -0.955445
0.80619  0.273488  0.747977
0.985672  0.400227  0.0524516
0.985672  0.400227  0.0524516
0.837634  -0.370575  0.228215
1.0573  -2.13711  -1.56255
0.835318  -1.68459  -0.713789
0.619624  0.273488  0.769425
0.649978  0.273488  0.769425
1.0573  -2.13711  -1.56255
0.985672  0.400227  0.0524516
0.653602  -0.575058  -0.600356
0.835318  -1.68459  -0.713789
0.835318  -1.68459  -0.713789
0.619624  0.273488  0.769425
1.0573  -1.5295  -0.911445
1.0573  -1.5295  -0.911445
1.0573  -1.5295  -0.911445
0.80619  0.273488  0.747977
1.0573  -2.13711  -1.56255
0.80619  0.273488  0.747977
0.728535  -1.48703  -0.985972
1.0573  -1.5295  -0.911445
1.0573  -1.5295  -0.911445
1.0573  -1.5295  -0.911445
0.80619  0.273488  0.747977
1.0573  -2.13711  -1.56255
0.985672  0.400227  0.0524516
0.835318  -1.68459  -0.713789
0.952613  -1.68459  -1.29367
0.619624  0.273488  0.769425
0.649978  0.273488  0.769425
0.728535  -1.48703  -0.955445
1.0573  -1.5295  -0.911445
0.728535  -1.48703  -0.985972
1.0573  -2.13711  -1.56255
0.835318  -1.68459  -0.713789
0.80619  0.273488  0.747977
0.653602  -0.575058  -0.600356
1.0573  -1.5295  -0.911445
0.803643  -0.189252  -0.383665
0.653602  -0.575058  -0.600356
0.837634  -0.0917466  0.470869
0.653602  -0.575058  -0.600356
0.728535  -1.48703  -0.955445
1.0573  -2.13711  -1.56255
0.835318  -1.68459  -0.713789
1.0573  -2.13711  -1.56255
0.728535  -1.48703  -0.955445
0.835318  -1.68459  -0.713789
