0.542803  0.0060459  -0.434222
0.546471  0.755458  1.41745
0.546471  0.755458  1.02293
0.521606  -0.151845  0.058905
0.521606  0.437771  0.103078
0.561754  0.0116363  0.331841
0.542803  0.0060459  -0.434222
0.561754  0.0116363  0.177085
0.51813  -0.475135  0.830822
0.542803  0.0060459  -0.434222
0.561754  0.0116363  0.331841
0.561754  0.0116363  0.177085
0.561754  0.0116363  0.331841
0.521606  -0.151845  0.058905
0.558721  -0.14462  2.16415
0.577456  0.199371  0.103078
0.544021  -0.504321  0.267851
0.545115  0.554236  0.300011
0.561754  0.0116363  0.331841
0.545115  0.554236  0.300011
0.542803  0.0060459  -0.434222
0.521606  -0.21352  -0.0479054
0.546471  0.630498  0.958593
0.538908  1.36669  -1.13329
0.542803  0.0060459  -0.434222
0.542803  0.0060459  -0.434222
0.545115  0.554236  0.300011
0.546471  0.630498  1.04158
0.546471  0.630498  0.958593
0.545115  0.554236  0.300011
0.546471  0.630498  0.958593
0.545115  0.554236  0.300011
0.545115  0.554236  0.300011
0.561754  0.0116363  0.177085
0.577456  0.199371  0.103078
0.558721  -0.14462  2.16415
0.561754  0.0116363  0.177085
0.558721  -0.14462  2.16415
0.538908  1.36669  -1.13329
0.545115  0.554236  0.300011
0.542803  0.0060459  -0.434222
0.545115  0.879495  -0.0580825
0.546471  0.630498  1.04158
0.545115  0.879495  -0.0580825
0.545115  0.554236  0.300011
0.542803  0.0060459  -0.434222
0.542803  0.0060459  -0.434222
0.546471  0.630498  0.958593
0.545115  1.27044  0.164842
0.544021  -0.504321  0.267851
0.545115  0.554236  0.300011
0.545115  0.554236  0.300011
0.545115  0.554236  0.300011
0.545115  0.703093  0.300011
0.561754  0.0116363  0.177085
0.51813  -0.475135  0.830822
0.542803  0.0060459  -0.434222
0.561754  0.0116363  0.177085
0.538908  1.36669  -1.13329
0.538908  1.36669  -1.13329
0.545115  0.554236  0.300011
0.542803  0.0060459  -0.434222
0.545115  0.554236  0.300011
0.546471  0.755458  1.02293
0.546471  0.630498  0.958593
0.545115  0.554236  0.300011
0.542803  0.0060459  -0.434222
0.561754  0.0116363  0.177085
0.545115  0.554236  0.300011
0.542803  0.0060459  -0.434222
0.545115  0.879495  -0.0580825
0.51813  -0.475135  0.830822
0.521606  0.437771  0.103078
0.577456  0.199371  0.103078
0.521606  -0.21352  -0.0479054
0.51813  -0.475135  0.830822
0.561754  0.0116363  0.177085
0.561754  0.0116363  0.177085
0.521606  0.437771  0.103078
0.561754  0.0116363  0.177085
0.546471  0.755458  1.41745
0.545115  0.879495  -0.0580825
0.542803  0.0060459  -0.434222
0.546471  0.630498  1.04158
0.51813  -0.475135  0.830822
0.545115  0.554236  0.300011
0.545115  0.554236  0.300011
0.561754  0.0116363  0.177085
0.545115  0.879495  -0.0580825
0.546471  0.630498  1.04158
0.577456  0.199371  0.103078
0.544021  -0.504321  0.267851
0.542803  0.0060459  -0.434222
0.546471  0.630498  0.958593
0.577456  0.199371  0.103078
0.561754  0.0116363  0.177085
0.538908  1.36669  -1.13329
0.521606  0.437771  0.103078
0.545115  0.554236  0.300011
0.542803  0.0060459  -0.434222
0.542803  0.0060459  -0.434222
0.51813  -0.475135  0.830822
0.545115  0.554236  0.300011
0.545115  0.554236  0.300011
0.521606  0.437771  0.103078
0.546471  0.630498  0.958593
0.521606  0.437771  0.103078
0.521606  -0.151845  0.058905
0.561754  0.0116363  0.177085
0.546471  0.630498  0.958593
0.545115  0.554236  0.300011
0.542803  0.0060459  -0.434222
0.538908  1.36669  -1.13329
0.575751  1.45029  -0.184392
0.545115  0.554236  0.300011
0.545115  0.879495  -0.0580825
0.521606  -0.21352  -0.0479054
0.561754  0.0116363  0.177085
0.538908  1.36669  -1.13329
0.538908  1.36669  -1.13329
0.546471  0.630498  0.958593
0.521606  -0.21352  -0.0479054
0.545115  0.879495  -0.0580825
0.542803  0.0060459  -0.434222
0.546471  0.630498  0.958593
0.561754  0.0116363  0.177085
0.546471  0.630498  0.958593
0.545115  0.554236  0.300011
0.546471  0.630498  0.958593
0.558721  -0.14462  2.16415
0.542803  0.0060459  -0.434222
0.521606  0.437771  0.103078
0.561754  0.0116363  0.177085
0.545115  0.554236  0.300011
0.561754  0.0116363  0.177085
0.521606  -0.21352  -0.0479054
0.561754  0.0116363  0.177085
0.542803  0.0060459  -0.434222
0.545115  0.554236  0.300011
0.558721  -0.14462  2.16415
0.542803  0.0060459  -0.434222
0.577456  0.199371  0.103078
0.545115  0.554236  0.300011
0.521606  0.437771  0.103078
0.558721  -0.14462  2.16415
0.542803  0.0060459  -0.434222
0.545115  0.554236  0.300011
0.51813  -0.475135  0.830822
0.51813  -0.475135  0.830822
0.545115  0.554236  0.300011
0.542803  0.0060459  -0.434222
0.521606  0.437771  0.103078
0.577456  0.199371  0.103078
0.545115  0.703093  0.300011
0.51813  -0.475135  0.830822
0.561754  0.0116363  0.177085
0.538908  1.36669  -1.13329
0.561754  0.0116363  0.177085
0.538908  1.36669  -1.13329
0.542803  0.0060459  -0.434222
0.546471  0.755458  1.02293
0.542803  0.0060459  -0.434222
0.542803  0.0060459  -0.434222
0.521606  -0.21352  -0.0479054
0.545115  0.554236  0.300011
0.545115  1.27044  0.164842
0.545115  0.554236  0.300011
0.561754  0.0116363  0.177085
0.545115  0.554236  0.300011
0.561754  0.0116363  0.177085
0.538908  1.36669  -1.13329
0.545115  0.554236  0.300011
0.577456  0.199371  0.103078
0.558721  -0.14462  2.16415
0.545115  0.703093  0.300011
0.521606  0.067445  0.132231
0.545115  0.554236  0.300011
0.561754  0.0116363  0.177085
0.561754  0.0116363  0.177085
0.51813  -0.475135  0.830822
0.561754  0.0116363  0.177085
0.575751  1.45029  -0.184392
0.51813  -0.475135  0.830822
0.546471  0.630498  0.958593
0.542803  0.0060459  -0.434222
0.546471  0.630498  1.04158
0.577456  0.199371  0.103078
0.575751  1.45029  -0.184392
0.542803  0.0060459  -0.434222
0.561754  0.0116363  0.331841
0.544021  -0.504321  0.267851
0.546471  0.630498  0.958593
0.51813  -0.475135  0.830822
0.577456  0.199371  0.103078
0.545115  1.27044  0.164842
0.546471  0.630498  0.958593
0.558721  -0.14462  2.16415
0.542803  0.0060459  -0.434222
0.521606  0.437771  0.103078
0.51813  -0.475135  0.830822
0.561754  0.0116363  0.177085
0.545115  0.879495  -0.0580825
0.51813  -0.475135  0.830822
0.542803  0.0060459  -0.434222
0.577456  0.199371  0.103078
0.561754  0.0116363  0.177085
0.51813  -0.475135  0.830822
0.542803  0.0060459  -0.434222
0.542803  0.0060459  -0.434222
0.545115  0.554236  0.300011
0.561754  0.0116363  0.177085
0.545115  0.554236  0.300011
0.545115  0.554236  0.300011
0.561754  0.0116363  0.331841
0.545115  0.703093  0.300011
0.545115  0.554236  0.300011
0.545115  0.554236  0.300011
0.542803  0.0060459  -0.434222
0.542803  0.0060459  -0.434222
0.558721  -0.14462  2.16415
0.545115  0.879495  -0.0580825
0.521606  0.067445  0.132231
0.545115  0.703093  0.300011
0.521606  -0.21352  -0.0479054
0.546471  0.755458  1.02293
0.540215  0.303337  -0.00876969
0.542803  0.0060459  -0.434222
0.545115  1.27044  0.164842
0.51813  -0.475135  0.830822
0.540215  0.303337  -0.00876969
0.561754  0.0116363  0.331841
0.542803  0.0060459  -0.434222
0.542803  0.0060459  -0.434222
0.577456  0.199371  0.103078
0.542803  0.0060459  -0.434222
0.521606  -0.21352  -0.0479054
0.546471  0.630498  1.04158
0.544021  -0.504321  0.267851
0.521606  -0.151845  0.058905
0.545115  0.554236  0.300011
0.51813  -0.475135  0.830822
0.542803  0.0060459  -0.434222
0.545115  0.879495  -0.0580825
0.545115  0.554236  0.300011
0.521606  -0.21352  -0.0479054
0.558721  -0.14462  2.16415
0.561754  0.0116363  0.177085
0.561754  0.0116363  0.331841
0.561754  0.0116363  0.177085
0.545115  0.879495  -0.0580825
0.542803  0.0060459  -0.434222
0.561754  0.0116363  0.177085
0.545115  0.554236  0.300011
0.545115  1.27044  0.164842
0.521606  -0.21352  -0.0479054
0.542803  0.0060459  -0.434222
0.538908  1.36669  -1.13329
0.542803  0.0060459  -0.434222
0.542803  0.0060459  -0.434222
0.542803  0.0060459  -0.434222
0.521606  -0.21352  -0.0479054
0.538908  1.36669  -1.13329
0.546471  0.755458  1.02293
0.561754  0.0116363  0.177085
0.561754  0.0116363  0.331841
0.542803  0.0060459  -0.434222
0.521606  0.067445  0.132231
0.546471  0.630498  1.04158
0.51813  -0.475135  0.830822
0.545115  0.554236  0.300011
0.561754  0.0116363  0.177085
0.542803  0.0060459  -0.434222
0.538908  1.36669  -1.13329
0.545115  1.27044  0.164842
0.51813  -0.475135  0.830822
0.545115  0.554236  0.300011
0.545115  0.554236  0.300011
0.542803  0.0060459  -0.434222
0.546471  0.630498  1.04158
0.545115  0.554236  0.300011
0.545115  0.554236  0.300011
0.561754  0.0116363  0.331841
0.546471  0.630498  1.04158
0.542803  0.0060459  -0.434222
0.546471  0.630498  0.958593
0.561754  0.0116363  0.177085
0.51813  -0.475135  0.830822
0.521606  -0.21352  -0.0479054
0.577456  0.199371  0.103078
0.545115  0.879495  -0.0580825
0.577456  0.199371  0.103078
0.545115  0.554236  0.300011
0.558721  -0.14462  2.16415
0.561754  0.0116363  0.177085
0.577456  0.199371  0.103078
0.545115  0.879495  -0.0580825
0.538908  1.36669  -1.13329
0.542803  0.0060459  -0.434222
0.51813  -0.475135  0.830822
0.545115  0.554236  0.300011
0.546471  0.630498  0.958593
0.542803  0.0060459  -0.434222
0.561754  0.0116363  0.177085
0.546471  0.630498  1.04158
0.545115  0.554236  0.300011
0.545115  0.554236  0.300011
0.542803  0.0060459  -0.434222
0.521606  0.437771  0.103078
0.561754  0.0116363  0.177085
0.577456  0.199371  0.103078
0.545115  0.554236  0.300011
0.545115  0.554236  0.300011
0.577456  0.199371  0.103078
0.545115  0.554236  0.300011
0.545115  0.703093  0.300011
0.51813  -0.475135  0.830822
0.545115  0.554236  0.300011
0.546471  0.630498  0.958593
0.558721  -0.14462  2.16415
0.542803  0.0060459  -0.434222
0.521606  0.437771  0.103078
0.545115  0.554236  0.300011
0.538908  1.36669  -1.13329
0.546471  0.755458  1.41745
0.561754  0.0116363  0.177085
0.561754  0.0116363  0.177085
0.521606  0.437771  0.103078
0.561754  0.0116363  0.331841
0.521606  0.437771  0.103078
0.577456  0.199371  0.103078
0.577456  0.199371  0.103078
0.51813  -0.475135  0.830822
0.577456  0.199371  0.103078
0.546471  0.630498  0.958593
0.542803  0.0060459  -0.434222
0.561754  0.0116363  0.177085
0.545115  0.554236  0.300011
0.545115  0.879495  -0.0580825
0.546471  0.755458  1.02293
0.545115  0.554236  0.300011
0.561754  0.0116363  0.331841
0.542803  0.0060459  -0.434222
0.51813  -0.475135  0.830822
0.545115  0.554236  0.300011
0.561754  0.0116363  0.177085
0.542803  0.0060459  -0.434222
0.542803  0.0060459  -0.434222
0.561754  0.0116363  0.331841
0.542803  0.0060459  -0.434222
0.577456  0.199371  0.103078
0.542803  0.0060459  -0.434222
0.546471  0.630498  1.04158
0.542803  0.0060459  -0.434222
0.545115  0.554236  0.300011
0.577456  0.199371  0.103078
0.561754  0.0116363  0.331841
0.538908  1.36669  -1.13329
0.545115  0.879495  -0.0580825
0.545115  0.879495  -0.0580825
0.546471  0.630498  0.958593
0.546471  0.630498  1.04158
0.561754  0.0116363  0.177085
0.545115  0.879495  -0.0580825
0.577456  0.199371  0.103078
0.521606  0.437771  0.103078
0.546471  0.630498  1.04158
0.51813  -0.475135  0.830822
0.561754  0.0116363  0.331841
0.538908  1.36669  -1.13329
0.545115  0.554236  0.300011
0.544021  -0.504321  0.267851
0.561754  0.0116363  0.177085
0.545115  0.554236  0.300011
0.521606  0.067445  0.132231
0.51813  -0.475135  0.830822
0.542803  0.0060459  -0.434222
0.521606  0.067445  0.132231
0.577456  0.199371  0.103078
0.577456  0.199371  0.103078
0.545115  0.879495  -0.0580825
0.51813  -0.475135  0.830822
0.545115  0.554236  0.300011
0.542803  0.0060459  -0.434222
0.545115  0.554236  0.300011
0.542803  0.0060459  -0.434222
0.561754  0.0116363  0.177085
0.561754  0.0116363  0.177085
0.521606  0.437771  0.103078
0.575751  1.45029  -0.184392
0.521606  -0.21352  -0.0479054
0.546471  0.630498  1.04158
0.545115  0.554236  0.300011
0.577456  0.199371  0.103078
0.521606  0.067445  0.132231
0.546471  0.755458  1.02293
0.542803  0.0060459  -0.434222
0.542803  0.0060459  -0.434222
0.546471  0.630498  0.958593
0.521606  -0.151845  0.058905
0.558721  -0.14462  2.16415
0.542803  0.0060459  -0.434222
0.521606  0.067445  0.132231
0.577456  0.199371  0.103078
0.542803  0.0060459  -0.434222
0.545115  0.879495  -0.0580825
0.51813  -0.475135  0.830822
0.521606  0.437771  0.103078
0.546471  0.630498  0.958593
0.545115  0.554236  0.300011
0.577456  0.199371  0.103078
0.546471  0.630498  0.958593
0.546471  0.630498  0.958593
0.546471  0.630498  0.958593
0.545115  0.879495  -0.0580825
0.546471  0.630498  1.04158
0.545115  1.27044  0.164842
0.546471  0.755458  1.02293
0.561754  0.0116363  0.177085
0.542803  0.0060459  -0.434222
0.538908  1.36669  -1.13329
0.561754  0.0116363  0.177085
0.545115  0.879495  -0.0580825
0.538908  1.36669  -1.13329
0.542803  0.0060459  -0.434222
0.545115  0.554236  0.300011
0.538908  1.36669  -1.13329
0.546471  0.630498  1.04158
0.51813  -0.475135  0.830822
0.51813  -0.475135  0.830822
0.51813  -0.475135  0.830822
0.577456  0.199371  0.103078
0.546471  0.630498  0.958593
0.542803  0.0060459  -0.434222
0.545115  0.554236  0.300011
0.577456  0.199371  0.103078
0.561754  0.0116363  0.177085
0.577456  0.199371  0.103078
0.542803  0.0060459  -0.434222
0.51813  -0.475135  0.830822
0.545115  0.879495  -0.0580825
0.51813  -0.475135  0.830822
0.558721  -0.14462  2.16415
0.521606  0.437771  0.103078
0.545115  0.554236  0.300011
0.561754  0.0116363  0.331841
0.521606  0.437771  0.103078
0.546471  0.630498  0.958593
0.545115  0.554236  0.300011
0.51813  -0.475135  0.830822
0.542803  0.0060459  -0.434222
0.561754  0.0116363  0.177085
0.545115  0.879495  -0.0580825
0.545115  0.879495  -0.0580825
0.538908  1.36669  -1.13329
0.542803  0.0060459  -0.434222
0.545115  0.554236  0.300011
0.561754  0.0116363  0.177085
0.561754  0.0116363  0.177085
0.545115  0.554236  0.300011
0.546471  0.630498  0.958593
0.51813  -0.475135  0.830822
0.542803  0.0060459  -0.434222
0.521606  -0.21352  -0.0479054
0.542803  0.0060459  -0.434222
0.51813  -0.475135  0.830822
0.545115  0.554236  0.300011
0.545115  0.703093  0.300011
0.521606  0.067445  0.132231
0.561754  0.0116363  0.177085
0.545115  0.554236  0.300011
0.542803  0.0060459  -0.434222
0.545115  0.554236  0.300011
0.521606  0.437771  0.103078
0.542803  0.0060459  -0.434222
0.558721  -0.14462  2.16415
0.546471  0.630498  0.958593
0.575751  1.45029  -0.184392
0.545115  0.554236  0.300011
0.546471  0.630498  0.958593
0.546471  0.630498  0.958593
0.577456  0.199371  0.103078
0.577456  0.199371  0.103078
0.542803  0.0060459  -0.434222
0.545115  0.554236  0.300011
0.558721  -0.14462  2.14462
0.545115  0.879495  -0.0580825
0.546471  0.755458  1.41745
0.542803  0.0060459  -0.434222
0.577456  0.199371  0.103078
0.561754  0.0116363  0.177085
0.542803  0.0060459  -0.434222
0.577456  0.199371  0.103078
0.577456  0.199371  0.103078
0.545115  0.554236  0.300011
0.521606  -0.21352  -0.0479054
0.538908  1.36669  -1.13329
0.540215  0.303337  -0.00876969
0.521606  0.067445  0.132231
0.561754  0.0116363  0.331841
0.546471  0.630498  1.04158
0.546471  0.630498  0.958593
0.546471  0.630498  0.958593
0.545115  0.554236  0.300011
0.545115  0.554236  0.300011
0.545115  0.554236  0.300011
0.542803  0.0060459  -0.434222
0.546471  0.755458  1.41745
0.542803  0.0060459  -0.434222
0.521606  0.437771  0.103078
0.521606  -0.21352  -0.0479054
0.546471  0.630498  0.958593
0.545115  0.879495  -0.0580825
0.545115  0.554236  0.300011
0.561754  0.0116363  0.331841
0.545115  0.554236  0.300011
0.577456  0.199371  0.103078
0.546471  0.630498  0.958593
0.521606  -0.21352  -0.0479054
0.51813  -0.475135  0.830822
0.521606  0.067445  0.132231
0.540215  0.303337  -0.00876969
0.538908  1.36669  -1.13329
0.546471  0.630498  0.958593
0.546471  0.755458  1.41745
0.51813  -0.475135  0.830822
0.545115  0.554236  0.300011
0.544021  -0.504321  0.267851
0.51813  -0.475135  0.830822
0.521606  0.437771  0.103078
0.546471  0.630498  1.04158
0.545115  0.554236  0.300011
0.542803  0.0060459  -0.434222
0.542803  0.0060459  -0.434222
0.542803  0.0060459  -0.434222
0.538908  1.36669  -1.13329
0.51813  -0.475135  0.830822
0.542803  0.0060459  -0.434222
0.545115  0.554236  0.300011
0.545115  0.554236  0.300011
0.521606  -0.21352  -0.0479054
0.521606  -0.21352  -0.0479054
0.545115  0.554236  0.300011
0.545115  0.554236  0.300011
0.545115  0.554236  0.300011
0.542803  0.0060459  -0.434222
0.545115  0.554236  0.300011
0.545115  0.554236  0.300011
0.521606  0.067445  0.132231
0.545115  0.554236  0.300011
0.545115  0.703093  0.300011
0.558721  -0.14462  2.16415
0.546471  0.630498  0.958593
0.545115  0.554236  0.300011
0.542803  0.0060459  -0.434222
0.546471  0.630498  0.958593
0.561754  0.0116363  0.177085
0.545115  0.554236  0.300011
0.545115  0.879495  -0.0580825
0.51813  -0.475135  0.830822
0.546471  0.630498  0.958593
0.538908  1.36669  -1.13329
0.521606  0.437771  0.103078
0.521606  -0.21352  -0.0479054
0.542803  0.0060459  -0.434222
0.545115  0.554236  0.300011
0.545115  0.879495  -0.0580825
0.545115  0.554236  0.300011
0.546471  0.630498  0.958593
0.542803  0.0060459  -0.434222
0.51813  -0.475135  0.830822
0.546471  0.755458  1.02293
0.558721  -0.14462  2.14462
0.577456  0.199371  0.103078
0.546471  0.630498  1.04158
0.542803  0.0060459  -0.434222
0.542803  0.0060459  -0.434222
0.542803  0.0060459  -0.434222
0.561754  0.0116363  0.177085
0.521606  0.067445  0.132231
0.561754  0.0116363  0.331841
0.521606  -0.21352  -0.0479054
0.521606  0.437771  0.103078
0.545115  0.554236  0.300011
0.546471  0.630498  0.958593
0.538908  1.36669  -1.13329
0.51813  -0.475135  0.830822
0.542803  0.0060459  -0.434222
0.558721  -0.14462  2.16415
0.545115  1.27044  0.164842
0.561754  0.0116363  0.177085
0.561754  0.0116363  0.177085
0.546471  0.755458  1.02293
0.521606  0.067445  0.132231
0.51813  -0.475135  0.830822
0.521606  -0.21352  -0.0479054
0.545115  0.554236  0.300011
0.521606  -0.21352  -0.0479054
0.538908  1.36669  -1.13329
0.561754  0.0116363  0.177085
0.521606  0.067445  0.132231
0.521606  0.067445  0.132231
0.546471  0.630498  0.958593
0.561754  0.0116363  0.177085
0.546471  0.630498  1.04158
0.546471  0.630498  0.958593
0.542803  0.0060459  -0.434222
0.546471  0.630498  0.958593
0.545115  0.554236  0.300011
0.521606  0.437771  0.103078
0.51813  -0.475135  0.830822
0.521606  0.437771  0.103078
0.545115  0.554236  0.300011
0.51813  -0.475135  0.830822
0.546471  0.630498  0.958593
0.546471  0.630498  0.958593
0.546471  0.630498  0.958593
0.542803  0.0060459  -0.434222
0.542803  0.0060459  -0.434222
0.521606  -0.151845  0.058905
0.561754  0.0116363  0.331841
0.538908  1.36669  -1.13329
0.542803  0.0060459  -0.434222
0.577456  0.199371  0.103078
0.521606  -0.21352  -0.0479054
0.545115  0.554236  0.300011
0.546471  0.755458  1.41745
0.51813  -0.475135  0.830822
0.577456  0.199371  0.103078
0.561754  0.0116363  0.177085
0.561754  0.0116363  0.331841
0.561754  0.0116363  0.177085
0.561754  0.0116363  0.177085
0.561754  0.0116363  0.177085
0.51813  -0.475135  0.830822
0.561754  0.0116363  0.177085
0.542803  0.0060459  -0.434222
0.545115  0.554236  0.300011
0.521606  0.437771  0.103078
0.521606  -0.21352  -0.0479054
0.542803  0.0060459  -0.434222
0.542803  0.0060459  -0.434222
0.546471  0.630498  1.04158
0.545115  0.554236  0.300011
0.545115  0.554236  0.300011
0.545115  0.554236  0.300011
0.542803  0.0060459  -0.434222
0.546471  0.630498  1.04158
0.521606  0.437771  0.103078
0.545115  0.879495  -0.0580825
0.521606  0.437771  0.103078
0.561754  0.0116363  0.331841
0.577456  0.199371  0.103078
0.545115  0.879495  -0.0580825
0.542803  0.0060459  -0.434222
0.577456  0.199371  0.103078
0.542803  0.0060459  -0.434222
0.545115  0.554236  0.300011
0.51813  -0.475135  0.830822
0.546471  0.630498  0.958593
0.545115  0.703093  0.300011
0.546471  0.630498  1.04158
0.521606  0.067445  0.132231
0.545115  1.27044  0.164842
0.545115  0.554236  0.300011
0.542803  0.0060459  -0.434222
0.545115  0.554236  0.300011
0.51813  -0.475135  0.830822
0.545115  0.703093  0.300011
0.542803  0.0060459  -0.434222
0.545115  0.554236  0.300011
0.546471  0.755458  1.02293
0.577456  0.199371  0.103078
0.521606  0.067445  0.132231
0.561754  0.0116363  0.331841
0.51813  -0.475135  0.830822
0.542803  0.0060459  -0.434222
0.561754  0.0116363  0.177085
0.538908  1.36669  -1.13329
0.577456  0.199371  0.103078
0.538908  1.36669  -1.13329
0.545115  0.554236  0.300011
0.544021  -0.504321  0.267851
0.546471  0.755458  1.41745
0.561754  0.0116363  0.177085
0.561754  0.0116363  0.177085
0.51813  -0.475135  0.830822
0.545115  0.554236  0.300011
0.545115  0.554236  0.300011
0.51813  -0.475135  0.830822
0.546471  0.630498  0.958593
0.561754  0.0116363  0.177085
0.521606  -0.151845  0.058905
0.521606  0.437771  0.103078
0.545115  0.554236  0.300011
0.546471  0.630498  0.958593
0.561754  0.0116363  0.177085
0.521606  -0.21352  -0.0479054
0.558721  -0.14462  2.16415
0.545115  0.554236  0.300011
0.545115  0.554236  0.300011
0.545115  1.27044  0.164842
0.546471  0.755458  1.41745
0.577456  0.199371  0.103078
0.546471  0.630498  0.958593
0.546471  0.630498  1.04158
0.561754  0.0116363  0.331841
0.542803  0.0060459  -0.434222
0.546471  0.630498  0.958593
0.577456  0.199371  0.103078
0.545115  0.554236  0.300011
0.546471  0.755458  1.41745
0.546471  0.630498  0.958593
0.561754  0.0116363  0.177085
0.538908  1.36669  -1.13329
0.521606  0.437771  0.103078
0.546471  0.755458  1.41745
0.546471  0.630498  1.04158
0.561754  0.0116363  0.177085
0.521606  0.067445  0.132231
0.561754  0.0116363  0.331841
0.558721  -0.14462  2.16415
0.545115  0.554236  0.300011
0.546471  0.630498  0.958593
0.546471  0.755458  1.02293
0.51813  -0.475135  0.830822
0.577456  0.199371  0.103078
0.546471  0.630498  0.958593
0.561754  0.0116363  0.331841
0.538908  1.36669  -1.13329
0.545115  0.554236  0.300011
0.545115  0.879495  -0.0580825
0.521606  0.437771  0.103078
0.542803  0.0060459  -0.434222
0.577456  0.199371  0.103078
0.521606  0.437771  0.103078
0.561754  0.0116363  0.177085
0.577456  0.199371  0.103078
0.545115  0.554236  0.300011
0.538908  1.36669  -1.13329
0.577456  0.199371  0.103078
0.546471  0.630498  0.958593
0.521606  0.067445  0.132231
0.542803  0.0060459  -0.434222
0.542803  0.0060459  -0.434222
0.577456  0.199371  0.103078
0.546471  0.755458  1.02293
0.545115  0.554236  0.300011
0.545115  0.554236  0.300011
0.545115  0.879495  -0.0580825
0.542803  0.0060459  -0.434222
0.51813  -0.475135  0.830822
0.561754  0.0116363  0.177085
0.546471  0.755458  1.41745
0.561754  0.0116363  0.177085
0.561754  0.0116363  0.177085
0.545115  0.554236  0.300011
0.521606  0.067445  0.132231
0.542803  0.0060459  -0.434222
0.521606  0.067445  0.132231
0.545115  0.554236  0.300011
0.546471  0.630498  1.04158
0.542803  0.0060459  -0.434222
0.51813  -0.475135  0.830822
0.545115  0.554236  0.300011
0.542803  0.0060459  -0.434222
0.521606  0.437771  0.103078
0.521606  0.067445  0.132231
0.542803  0.0060459  -0.434222
0.546471  0.630498  0.958593
0.546471  0.630498  1.04158
0.561754  0.0116363  0.177085
0.521606  0.067445  0.132231
0.542803  0.0060459  -0.434222
0.558721  -0.14462  2.16415
0.546471  0.630498  1.04158
0.545115  0.554236  0.300011
0.561754  0.0116363  0.177085
0.546471  0.630498  0.958593
0.545115  0.554236  0.300011
0.546471  0.630498  0.958593
0.542803  0.0060459  -0.434222
0.521606  0.067445  0.132231
0.51813  -0.475135  0.830822
0.545115  0.554236  0.300011
0.51813  -0.475135  0.830822
0.542803  0.0060459  -0.434222
0.542803  0.0060459  -0.434222
0.521606  -0.151845  0.058905
0.546471  0.630498  1.04158
0.577456  0.199371  0.103078
0.545115  1.27044  0.164842
0.546471  0.630498  0.958593
0.546471  0.755458  1.41745
0.545115  0.554236  0.300011
0.561754  0.0116363  0.177085
0.545115  0.703093  0.300011
0.561754  0.0116363  0.177085
0.546471  0.630498  0.958593
0.51813  -0.475135  0.830822
0.521606  0.067445  0.132231
0.542803  0.0060459  -0.434222
0.521606  0.437771  0.103078
0.521606  0.437771  0.103078
0.542803  0.0060459  -0.434222
0.545115  0.554236  0.300011
0.545115  0.554236  0.300011
0.545115  0.703093  0.300011
0.51813  -0.475135  0.830822
0.561754  0.0116363  0.177085
0.542803  0.0060459  -0.434222
0.561754  0.0116363  0.177085
0.521606  0.067445  0.132231
0.545115  0.879495  -0.0580825
0.545115  0.554236  0.300011
0.545115  0.554236  0.300011
0.542803  0.0060459  -0.434222
0.545115  0.554236  0.300011
0.545115  0.554236  0.300011
0.577456  0.199371  0.103078
0.545115  0.554236  0.300011
0.545115  0.554236  0.300011
0.538908  1.36669  -1.13329
0.521606  0.067445  0.132231
0.545115  0.554236  0.300011
0.545115  0.554236  0.300011
0.545115  0.879495  -0.0580825
0.538908  1.36669  -1.13329
0.538908  1.36669  -1.13329
0.521606  -0.21352  -0.0479054
0.545115  0.554236  0.300011
0.542803  0.0060459  -0.434222
0.545115  0.554236  0.300011
0.545115  1.27044  0.164842
0.558721  -0.14462  2.16415
0.521606  -0.151845  0.058905
0.521606  -0.151845  0.058905
0.521606  0.437771  0.103078
0.545115  0.703093  0.300011
0.558721  -0.14462  2.16415
0.577456  0.199371  0.103078
0.546471  0.630498  0.958593
0.544021  -0.504321  0.267851
0.575751  1.45029  -0.184392
0.577456  0.199371  0.103078
0.558721  -0.14462  2.14462
0.561754  0.0116363  0.177085
0.521606  0.067445  0.132231
0.542803  0.0060459  -0.434222
0.521606  -0.151845  0.058905
0.538908  1.36669  -1.13329
0.542803  0.0060459  -0.434222
0.558721  -0.14462  2.16415
0.545115  0.554236  0.300011
0.545115  0.554236  0.300011
0.545115  0.879495  -0.0580825
0.542803  0.0060459  -0.434222
0.545115  0.554236  0.300011
0.538908  1.36669  -1.13329
0.546471  0.630498  0.958593
0.561754  0.0116363  0.331841
0.561754  0.0116363  0.177085
0.545115  0.879495  -0.0580825
0.546471  0.630498  1.04158
0.577456  0.199371  0.103078
0.542803  0.0060459  -0.434222
0.546471  0.755458  1.02293
0.545115  0.554236  0.300011
0.542803  0.0060459  -0.434222
0.521606  0.437771  0.103078
0.545115  0.879495  -0.0580825
0.538908  1.36669  -1.13329
0.542803  0.0060459  -0.434222
0.546471  0.630498  0.958593
0.542803  0.0060459  -0.434222
0.545115  0.554236  0.300011
0.545115  0.554236  0.300011
0.545115  0.879495  -0.0580825
0.558721  -0.14462  2.16415
0.546471  0.630498  1.04158
0.521606  0.067445  0.132231
0.546471  0.755458  1.02293
0.545115  0.554236  0.300011
0.51813  -0.475135  0.830822
0.545115  0.879495  -0.0580825
0.545115  0.554236  0.300011
0.51813  -0.475135  0.830822
0.545115  0.554236  0.300011
0.545115  0.554236  0.300011
0.542803  0.0060459  -0.434222
0.540215  0.303337  -0.00876969
0.545115  0.879495  -0.0580825
0.542803  0.0060459  -0.434222
0.577456  0.199371  0.103078
0.561754  0.0116363  0.177085
0.542803  0.0060459  -0.434222
0.542803  0.0060459  -0.434222
0.521606  0.067445  0.132231
0.545115  0.879495  -0.0580825
0.545115  1.27044  0.164842
0.545115  1.27044  0.164842
0.521606  0.067445  0.132231
0.546471  0.755458  1.02293
0.577456  0.199371  0.103078
0.545115  0.554236  0.300011
0.545115  0.554236  0.300011
0.538908  1.36669  -1.13329
0.561754  0.0116363  0.177085
0.577456  0.199371  0.103078
0.51813  -0.475135  0.830822
0.521606  0.437771  0.103078
0.561754  0.0116363  0.177085
0.577456  0.199371  0.103078
0.545115  0.554236  0.300011
0.545115  0.554236  0.300011
0.545115  0.554236  0.300011
0.545115  0.554236  0.300011
0.545115  1.27044  0.164842
0.561754  0.0116363  0.331841
0.546471  0.755458  1.41745
0.521606  -0.21352  -0.0479054
0.545115  0.554236  0.300011
0.546471  0.755458  1.02293
0.51813  -0.475135  0.830822
0.540215  0.303337  -0.00876969
0.51813  -0.475135  0.830822
0.545115  0.879495  -0.0580825
0.521606  0.067445  0.132231
0.542803  0.0060459  -0.434222
0.546471  0.755458  1.02293
0.542803  0.0060459  -0.434222
0.545115  0.554236  0.300011
0.558721  -0.14462  2.16415
0.521606  0.437771  0.103078
0.521606  0.437771  0.103078
0.577456  0.199371  0.103078
0.545115  0.554236  0.300011
0.545115  0.554236  0.300011
0.546471  0.630498  0.958593
0.561754  0.0116363  0.177085
0.51813  -0.475135  0.830822
0.542803  0.0060459  -0.434222
0.545115  0.554236  0.300011
0.561754  0.0116363  0.177085
0.561754  0.0116363  0.331841
0.542803  0.0060459  -0.434222
0.545115  0.879495  -0.0580825
0.545115  0.554236  0.300011
0.542803  0.0060459  -0.434222
0.561754  0.0116363  0.331841
0.542803  0.0060459  -0.434222
0.546471  0.630498  0.958593
0.545115  0.879495  -0.0580825
0.545115  0.879495  -0.0580825
0.561754  0.0116363  0.331841
0.561754  0.0116363  0.331841
0.521606  -0.21352  -0.0479054
0.561754  0.0116363  0.177085
0.521606  0.437771  0.103078
0.545115  0.554236  0.300011
0.542803  0.0060459  -0.434222
0.545115  0.554236  0.300011
0.545115  0.554236  0.300011
0.546471  0.755458  1.02293
0.558721  -0.14462  2.16415
0.546471  0.630498  0.958593
0.546471  0.630498  0.958593
0.546471  0.755458  1.41745
0.51813  -0.475135  0.830822
0.546471  0.755458  1.02293
0.538908  1.36669  -1.13329
0.521606  -0.21352  -0.0479054
0.546471  0.755458  1.02293
0.545115  0.879495  -0.0580825
0.577456  0.199371  0.103078
0.561754  0.0116363  0.177085
0.546471  0.630498  1.04158
0.561754  0.0116363  0.177085
0.51813  -0.475135  0.830822
0.51813  -0.475135  0.830822
0.558721  -0.14462  2.16415
0.546471  0.755458  1.02293
0.542803  0.0060459  -0.434222
0.545115  0.554236  0.300011
0.521606  0.067445  0.132231
0.545115  0.879495  -0.0580825
0.577456  0.199371  0.103078
0.561754  0.0116363  0.177085
0.545115  0.879495  -0.0580825
0.545115  0.879495  -0.0580825
0.546471  0.755458  1.41745
0.561754  0.0116363  0.177085
0.577456  0.199371  0.103078
0.561754  0.0116363  0.177085
0.51813  -0.475135  0.830822
0.546471  0.630498  1.04158
0.51813  -0.475135  0.830822
0.542803  0.0060459  -0.434222
0.546471  0.630498  1.04158
0.542803  0.0060459  -0.434222
0.561754  0.0116363  0.177085
