-0.860986  0.178648  -0.194246
-0.227902  -0.560526  -0.575597
0.150711  -0.305414  1.03845
0.399073  -0.681021  -0.707241
-0.26229  -0.317359  -0.0764907
0.218598  0.571497  0.117071
0.464494  1.60188  0.712741
0.712432  0.600277  -0.63113
-0.204523  0.0299796  -0.0153811
-0.182551  0.891234  0.0484605
-0.238195  0.171553  0.205618
-0.728362  -0.332996  0.900568
0.198543  0.160537  0.507596
-0.658717  0.233699  0.221473
0.449698  0.378851  0.202698
0.374319  -0.0994662  -1.89286
0.534161  -0.612856  0.74935
-0.0924932  -0.651035  -0.0272475
-1.03298  -0.455391  -0.297343
-1.17916  -0.119168  0.0873835
0.0578149  0.181677  0.431626
0.0573581  1.12756  -1.49065
-0.359132  -0.535841  -0.442141
-0.324511  0.523276  0.307905
-0.158358  -0.442802  0.837477
-0.672312  -0.20029  -0.265866
-0.175372  0.438229  -0.427283
-1.08951  0.0705172  0.942398
-1.31398  0.0927144  -1.08147
0.470972  0.032575  0.427004
0.0946228  -0.309168  -0.171506
-0.412402  0.231231  0.271002
-1.42771  -0.262239  0.47866
0.583358  1.17609  -0.369542
-0.32424  1.06185  0.536638
-0.250454  -0.266637  -0.49843
-0.117296  -0.0313585  1.15553
-0.121229  0.43797  -0.145654
0.470972  0.032575  0.427004
-0.000458189  -0.227408  0.550002
-0.301355  0.440609  -0.731371
-0.159037  -0.219216  0.46388
0.642016  0.453668  0.17943
-0.229215  0.249189  0.272082
-0.73309  -0.737205  -0.722286
-0.513958  0.98759  -1.24826
-0.00387329  0.606339  0.00794259
-0.442245  0.482672  0.065999
-1.26232  -0.0283438  -0.983816
-0.170235  1.49301  -0.172305
-0.824027  0.229867  -0.464093
0.180038  -0.90725  0.369504
1.53585  -0.183528  -0.0445019
-0.0224652  0.0346958  -0.780711
0.352862  -0.62626  -1.01641
0.0125788  -0.00360897  0.790334
-0.408127  -0.252424  -0.472389
-0.250454  -0.266637  -0.49843
0.56764  0.259858  0.286992
1.257  -0.113613  -0.0652188
0.920993  -0.645618  -0.774783
-0.916002  -0.896519  1.51617
0.897389  0.564854  0.20389
0.159138  0.0639781  -0.343525
0.248964  0.0468626  -0.585172
0.441949  0.113306  -1.35551
-0.637783  1.15965  1.0328
0.155669  -0.158415  -0.390104
-0.40674  -0.237256  1.6871
-1.40867  0.866723  1.12849
-0.694901  0.32525  0.702961
-1.48469  -0.0631467  0.301925
0.00977692  0.0967924  -0.619681
-0.250092  0.0317214  -0.699729
0.825505  -0.373226  -0.957471
0.145058  -0.081847  -0.946627
0.452391  -0.504748  -0.687478
0.182431  0.0418963  0.0371067
0.852103  0.312197  1.19875
0.255538  0.148044  0.0427787
-0.799418  0.0751448  0.113155
-0.321175  -0.0662233  1.58817
0.203208  1.14648  -0.552191
0.712341  0.301701  -0.204228
0.702272  -0.172302  0.119527
0.103558  -0.390687  -0.0606276
-0.54078  -0.192152  -1.62103
-0.0224652  0.0346958  -0.780711
0.832948  -0.238939  -0.379668
0.888265  0.198364  -1.38182
-0.444181  -1.04985  0.870039
0.312769  0.29168  -0.294857
0.227273  -0.975134  -1.15927
0.17611  -0.978736  -0.899291
-0.0172598  -0.273655  -0.0934204
0.262087  -0.447086  0.29392
-0.590364  0.200304  -0.244739
-0.669703  0.276175  -0.339873
0.0100917  -0.944515  -0.0258443
-0.815646  0.569799  -0.644822
-0.739696  -0.858049  -1.48686
-0.94384  0.325223  -1.02071
0.473528  -0.834227  -0.180779
-1.13839  0.861783  -1.00704
-0.0495654  -0.894977  -0.749361
0.648683  0.163891  -0.0499831
0.548344  1.00772  1.03155
0.885036  0.880782  -0.21321
-0.268759  -0.591984  -0.0422454
1.40797  0.470697  0.778499
1.03165  -1.07125  0.583756
-0.404828  0.241442  0.380939
0.464532  -0.424239  -0.254631
-0.0698148  -0.675593  0.0317278
-1.14999  0.0223134  0.89613
-0.90375  0.650085  -0.662706
-0.61799  0.221756  0.620353
-0.702897  -0.347647  -0.924667
0.775884  0.19669  -0.452446
0.479181  -0.21033  0.504145
0.0522796  -0.464479  0.267914
-1.10692  -0.459807  -1.17677
0.103558  -0.390687  -0.0606276
-0.240686  -0.367533  0.501333
0.739831  -0.141957  -0.0436112
0.949779  1.04248  -0.0930111
0.10532  -1.06774  -0.0417733
-0.593273  0.172448  -0.179495
-0.0927117  -0.497967  -0.436411
-0.362152  -0.379503  0.961476
-0.177536  -0.518802  -0.715388
0.19419  0.693239  -0.590383
-0.042352  0.112017  0.315518
-0.943038  -0.0888104  -0.328043
-0.524158  -0.227638  0.241083
-0.0389212  -0.833028  0.541635
0.0638271  -0.789176  -0.064148
-0.387367  0.531934  -0.22875
-0.349572  -0.57247  -0.614768
-1.27634  -0.918512  -0.467688
-0.989975  -0.260162  0.293233
0.0565633  -0.29408  0.375671
-0.208484  1.41305  0.294401
0.399235  -0.0797524  -0.830306
0.262087  -0.447086  0.29392
0.415282  0.996778  -0.237293
-0.148517  0.712502  0.477613
-0.88464  0.449776  0.0814193
0.259513  -0.623342  -0.470486
-0.61403  1.20517  -0.628313
0.571474  -0.345663  0.517359
-0.0222678  -0.685508  -0.32286
-0.52346  0.565801  0.593723
0.357364  0.0265408  -0.448771
-0.58083  -0.165923  -0.681049
1.51107  0.324132  0.232828
-0.13489  0.0670428  1.24261
0.283209  0.345698  -0.67174
0.286049  -0.620376  -0.177174
-1.02878  -0.18339  0.737569
0.867145  -0.192945  1.09985
0.265474  1.04613  0.0994243
-0.663367  0.542885  -0.388708
1.0133  0.149754  -1.54733
1.15573  -0.0596441  0.820094
0.472407  -0.444464  -0.169714
0.559517  -0.514601  -0.223369
-0.909632  -0.634423  0.213383
-0.878624  0.401818  -0.304666
0.590641  0.674291  -1.15327
-0.132034  0.416873  -0.240948
0.351571  -0.0728365  1.20921
0.204338  0.302334  0.257528
0.156572  -0.360619  0.0836729
0.552957  0.621769  -0.100482
-0.0433693  -0.316391  0.599801
-0.288028  0.670281  0.431964
0.606483  -0.590674  -0.219679
-0.202887  0.602764  -0.0135234
0.40211  0.178283  0.213423
-0.122439  -0.276876  1.01543
0.446237  0.345395  0.376306
1.14498  1.04654  -0.501328
0.726818  -0.424422  0.500802
0.91385  0.0608115  0.51835
-0.317848  0.571996  -0.153622
0.0215812  0.939121  0.265731
-0.772224  -0.835821  -1.21282
0.0646939  -0.509415  -0.224015
0.18779  -1.05225  -0.422355
0.773719  0.458488  -0.495094
-0.170352  0.944693  0.293857
0.107188  -0.671609  -0.416299
-0.755344  0.300476  0.177641
1.26564  0.230801  -0.819877
0.109203  -0.492233  1.59298
0.410893  -0.0756669  -0.874877
-0.559139  -0.877047  -0.693347
-0.602909  -0.0350628  -0.011922
-0.192554  -0.0941216  -0.0702168
-0.334158  -0.535517  0.511396
1.39562  1.21056  -0.393315
0.968984  0.497197  0.840653
-0.179972  1.83111  0.0434046
0.771224  -0.257022  0.912389
0.10204  0.153651  -0.795518
-0.824605  -1.09972  -0.647346
0.559389  -0.314826  0.562183
-0.0139892  0.981865  0.944131
-1.42267  -0.356312  0.412195
-0.441178  0.315629  0.406796
-0.024684  0.121138  0.13498
-1.20892  -0.283732  -0.207864
0.37447  -0.326059  0.053349
-0.330124  -0.992928  1.18271
-0.281225  0.322644  0.122394
-0.57906  0.25576  0.355492
0.24356  0.268718  -1.29652
1.14699  -0.272659  -0.225387
0.820116  -0.191856  0.0293316
-0.742759  -0.871247  0.0649219
0.426876  -0.886968  0.92182
2.11603  0.76819  -0.64441
-0.299113  0.233349  -0.433383
-0.137281  -0.224388  -0.161209
-0.409713  -0.514798  0.408959
0.802389  -0.373723  -1.1266
-0.65683  0.099651  0.181274
-0.485642  -0.073447  0.462871
-0.00135808  -0.549679  0.25699
-0.206916  -0.382552  0.183058
-1.35068  -0.54484  0.0593213
-0.580493  -0.224209  0.185674
-0.374886  0.0561973  1.14578
-0.872711  0.114441  0.265311
-0.0341367  0.0472753  0.139392
0.215425  -0.0188379  0.590016
0.00614827  0.822804  0.851949
1.37397  -0.157858  0.192046
-0.149006  0.0689439  0.267657
-0.68048  -0.535542  -2.20396
0.057438  0.414224  -1.03693
-1.18794  0.286118  0.531628
-0.49704  0.846227  0.456041
0.522827  0.121261  0.813411
-0.40674  -0.237256  1.6871
-0.437116  0.507653  -0.98537
0.174603  -0.671459  -0.224171
1.04148  -0.25067  0.452206
-0.254381  0.248976  0.655114
0.142252  1.02248  0.27929
0.832133  -0.0245316  0.411459
0.366555  -0.45678  0.0686066
0.291883  0.603999  -0.399059
-0.935069  -1.35456  -0.627857
-0.234266  -0.235437  -0.10055
-0.296115  -1.65329  -0.0204759
0.0959301  -0.671019  -0.346982
0.591169  -1.03568  -0.00728771
-0.347981  -0.582323  0.364699
0.703504  1.04362  1.22691
-0.342327  0.231561  -1.07404
0.29349  -0.223628  0.0719305
0.480333  0.662904  1.05381
-0.15422  0.0412256  0.0667453
-0.490272  -0.378986  -0.195145
-1.10302  0.185059  0.669616
0.335  -0.575862  -1.10484
-1.56795  -1.12276  -0.724013
0.239759  0.330935  0.867174
-0.0563392  -0.361229  0.0336822
-0.302088  -0.327045  -0.506683
-0.873384  1.4683  0.139611
-0.201832  -0.802724  0.866273
0.476442  0.492999  -0.0697724
-0.65683  0.099651  0.181274
0.702582  -0.180195  -0.587374
-0.589099  -0.209286  0.0173231
-0.742759  -0.871247  0.0649219
0.328269  0.570849  -0.493397
-0.209305  0.791892  -0.497527
1.22727  -0.288101  -0.0909155
0.273732  1.09495  1.02611
0.469032  -0.849698  0.240956
-0.0462242  -0.776507  0.705365
-0.122594  0.787736  0.165598
-0.151766  0.0573704  0.0590573
0.287654  0.00326245  -0.55631
1.35617  0.0205792  0.152729
0.925949  1.56447  -0.417051
0.348987  0.250016  -0.200965
0.0342051  -0.300323  0.213326
-1.14944  0.557108  0.653531
-0.293511  1.05063  -0.290865
1.10026  -0.896361  0.0931435
0.414985  -0.414507  -0.922717
0.460801  -0.912937  0.368596
-0.0727533  -0.11474  -0.0467834
-0.143761  -0.730506  0.0731569
0.273236  0.628556  0.921946
-0.872566  -0.835729  -0.311159
-0.852366  0.291617  -0.89342
-0.607875  -0.570618  -0.12569
0.176766  -1.37167  -0.451403
0.510046  1.85189  -0.0116176
0.671375  -0.0454889  -0.053312
-0.705358  0.550354  0.953756
0.375249  -0.368998  -0.832701
-0.246077  -0.250576  1.32263
-0.403265  0.371993  -0.212331
0.0678421  0.625373  -0.237916
-0.451344  0.0565176  -0.924447
0.198729  -0.740942  0.300591
-0.125851  1.35628  1.8642
-0.458691  -0.597618  0.541957
-0.0522886  -0.0325414  0.0502899
-0.602909  -0.0350628  -0.011922
-0.117296  -0.0313585  1.15553
0.234341  -0.0235994  -0.915746
0.382527  1.28119  0.132687
0.0546634  0.0397476  0.791912
-0.223942  -0.259651  -0.164137
-1.32755  -0.149903  0.111852
0.754926  0.0316801  -0.372808
0.374979  -0.324237  0.01198
-0.349939  0.993172  0.371839
-0.666044  0.190081  -1.23526
0.619118  -0.267986  0.350548
-0.00996551  0.322796  0.113977
0.175845  0.664805  0.105742
-0.0289447  -1.1931  -0.0044724
0.443795  -0.329661  0.790665
-0.167941  0.414648  0.00109673
-0.790832  0.587996  1.00683
1.22775  -0.31685  1.02321
-1.00395  -0.243638  0.0410871
0.410904  0  -0.352602
0.408622  0.204166  -0.448094
-0.158358  -0.442802  0.837477
0.833846  -0.295013  -0.959073
-0.561046  0.150665  0.186503
-0.58725  0.644381  0.251483
0.736555  0.081891  0.342405
0.347032  1.12678  0.0747875
0.193668  -0.382254  -0.568751
0.27942  -0.0780514  0.357797
-0.229215  0.249189  0.272082
-0.024684  0.121138  0.13498
-0.906537  0.268069  0.677043
0.681826  -0.701679  -1.08019
-0.11221  0.303311  -0.259484
0.0214467  -0.23724  -0.568167
0.0250782  -0.349574  -0.537076
-0.406331  1.80387  0.671838
0.622502  1.65225  0.261359
0.296097  -0.154671  -0.533508
-0.565421  0.212314  -0.444266
-0.248948  0.0490918  0.361411
0.00337833  -0.0497401  -0.581566
-0.498402  0.270557  1.22275
-0.271104  -0.889146  -0.767879
0.167141  0.700482  -0.30482
-0.132802  -0.891673  0.14314
0.576811  -0.916973  -0.0782713
-0.316904  -0.331255  -0.216805
0.393547  1.23898  -0.488306
-0.309323  -0.153208  -0.166862
-0.227712  -0.317806  1.30972
0.429869  -0.111448  -0.304049
0.366555  -0.45678  0.0686066
-0.467673  0.518229  0.567404
-1.96411  0.680835  0.124407
0.690842  0.335496  -0.0909054
-0.747029  -1.08186  -0.0873593
0.775229  -0.554755  0.0260526
-0.300578  -0.656118  0.54693
-0.0263256  0.250624  -0.86535
-0.532204  0.122762  0.949218
0.690877  0.109358  -0.783835
-0.0371304  -0.834369  0.194132
0.122338  -0.353021  -0.677924
-0.335868  -0.147825  -0.230089
-0.146593  0.490539  -0.142873
-0.683712  0.0202026  0.210467
-1.56795  -1.12276  -0.724013
0.391231  0.605374  -0.0597644
-0.52413  -0.655266  0.0684866
-0.416634  -1.52636  0.155768
0.356783  0.983373  0.286986
-0.150593  0.369183  -0.204212
-0.0969127  0.707425  -0.178302
0.316373  -0.567368  0.748787
0.160538  0.791589  -0.636095
0.574058  0.727354  -0.209186
-0.445468  1.69459  0.485671
0.26015  0.159048  0.51791
0.264854  0.0981013  0.563166
-0.318836  1.77609  -0.0758203
-0.609559  0.189114  -0.846363
-0.607875  -0.570618  -0.12569
-0.50816  -0.0902792  -0.913267
-0.233602  -0.767918  -0.432372
-0.238195  0.171553  0.205618
0.103147  0.510547  -0.13039
-0.498402  0.270557  1.22275
-0.168357  0.464605  -0.730686
-0.197903  1.19814  0.814724
0.508616  -0.179667  -0.227226
1.26067  0.322972  -1.27197
0.201625  -1.47813  -0.280639
-0.159037  -0.219216  0.46388
-0.693843  0.0606846  1.62336
-0.0951034  -0.442437  0.467603
-1.71567  1.95589  -0.510296
0.348039  0.856101  0.455326
0.424337  -1.91268  -0.0476195
0.253337  -0.117257  -1.56632
-0.408127  -0.252424  -0.472389
0.622502  1.65225  0.261359
0.186297  -1.39298  1.17968
0.200287  0.22741  0.82961
0.897389  0.564854  0.20389
0.670013  0.591329  -0.329357
-0.305186  0.622025  0.100754
-0.172574  -0.553157  -0.310533
-0.233816  -0.109277  -0.194442
0.335023  0.794142  -0.184917
1.4577  1.01353  -0.377374
0.12948  1.59904  -0.857368
0.592333  -0.32886  -0.352025
-1.08394  -0.186351  0.222083
-0.607923  -0.338364  0.095196
0.324995  -0.824643  0.248558
0.0797874  -0.392171  -0.521448
-0.0261148  0.364281  -0.278075
0.464532  -0.424239  -0.254631
0.215072  -0.0503018  -0.970825
-0.211674  0.0204731  -0.188641
0.726818  -0.424422  0.500802
-0.787205  0.200697  -1.29926
-0.222644  0.615301  0.0829894
0.628358  1.08401  -1.21757
0.701292  0.521401  0.326567
0.064631  -1.04886  1.03532
0.856945  0.427196  -0.438807
0.198622  -0.32972  -0.486307
-1.252  -0.293678  -0.5043
0.483143  1.64187  0.0869837
-0.755145  0.0030465  0.00807584
-1.159  0.764357  -1.45406
-0.403395  -0.160243  -0.57228
0.460943  -0.0537354  -0.58275
-0.911974  0.671242  -0.0310993
-0.0163306  0.211534  0.13414
0.301597  0.891985  -0.946244
0.293977  0.18311  0.377385
0.245509  0.63119  -0.663366
-0.64751  0.126736  0.977406
-0.615183  0.0512346  0.759018
0.736152  0.210089  -0.0901453
0.0590248  -1.93437  0.543051
0.415183  0.406933  -0.803936
0.562533  0.0629147  0.85153
-0.359132  -0.535841  -0.442141
0.9152  0.662156  0.0887766
-0.263128  -1.16547  -0.818589
-0.463442  0.145743  0.659946
0.556711  0.0201178  1.29541
0.238761  0.0602103  0.714179
-0.245151  -0.272009  -0.473659
-0.631574  -0.183294  -0.0673977
-0.0226982  -0.657777  1.2325
0.701292  0.521401  0.326567
-0.358692  -0.266354  -0.263712
-0.407258  0.240809  -1.21504
0.376688  -1.15088  1.5259
-0.370906  0.93907  -0.459904
1.23468  1.14915  -0.0897968
-0.31359  0.508583  0.141291
0.167194  -1.06537  0.198775
0.215425  -0.0188379  0.590016
-0.275504  0.0962026  0.249422
-0.40688  1.34679  0.673617
1.11953  0.380777  -1.1204
-0.378077  0.607196  -0.52623
-0.217938  0.46817  0.197118
0.752007  0.704278  -0.984606
-0.0224702  -1.69945  -0.422838
0.268184  -0.371609  1.17305
0.22543  -1.02176  -0.370598
-0.7714  -0.800926  0.313113
0.519959  0.370381  -1.45922
-0.828409  -0.400764  -0.915115
-0.413869  0.0152064  1.222
0.752998  -0.730434  0.146489
0.0543541  -0.667843  -1.24047
-1.02998  -0.391231  -0.224875
-0.531846  0.24914  0.635701
-0.90375  0.650085  -0.662706
0.787651  -0.635384  -0.819622
-0.612554  0.226053  -0.214589
0.151312  -0.837741  0.598217
-0.581881  -0.465592  0.0818141
0.191607  0.126248  -0.101256
0.42232  0.835643  0.327172
0.0386468  0.836968  0.715247
-1.00851  -0.893594  -0.370738
0.0535831  -0.470524  0.30053
0.239773  -0.562909  -0.18901
0.374319  -0.0994662  -1.89286
0.127284  0.201844  0.891966
-0.360831  -0.503848  -0.347826
-0.327491  -0.23045  0.23854
0.36811  0.362962  -0.0210712
0.0286973  0.0963683  -0.776391
0.247899  -0.360384  -0.822326
-0.100173  -0.550702  0.279383
-0.111421  -0.284174  0.628632
-0.458049  -0.467371  0.328156
1.45332  0.130836  0.525354
0.350406  0.45819  0.422403
0.601725  1.42369  -0.441234
0.0855198  -0.59699  0.259501
1.37397  -0.157858  0.192046
0.310646  -0.73485  -0.613766
1.0623  -0.140702  -0.585439
0.253406  -0.38443  0.751478
-0.714789  0.101197  0.00348248
0.0701995  -0.329553  -1.63527
-1.30909  -0.109078  0.414348
-2.10977  0.0312287  -0.131858
0.564213  0.848031  -0.639296
0.333206  -0.340781  0.0281852
-0.363889  0.0585212  -0.509374
0.443795  -0.329661  0.790665
-0.516515  -0.41836  0.216896
0.927486  1.05675  0.180074
-0.301842  -0.0252105  0.82795
-0.028525  -0.802333  -0.581505
0.110728  -1.57411  0.168859
-0.377677  0.352903  -0.0624553
0.832063  0.311075  0.0369619
0.805365  0.415125  0.959321
-0.42714  0.157599  -0.347577
0.449194  -0.0727308  -0.426187
-0.0971304  0.321972  -0.102242
0.00396432  0.824859  -0.864367
-0.0389986  -0.854515  0.958
-0.451199  -0.551976  0.870134
-0.707101  -0.233426  0.304802
-0.322509  -0.459216  -0.477524
-0.377677  0.352903  -0.0624553
0.837136  -0.787002  0.860648
0.14921  -0.163755  1.09298
-0.13489  0.0670428  1.24261
-1.24784  0.926863  0.0380221
0.0701995  -0.329553  -1.63527
0.753191  0.287271  0.139897
-0.122439  -0.276876  1.01543
0.132719  -1.10716  0.0591414
0.407854  0.0969261  0.615731
-0.0215285  0.550048  0.751732
0.366119  -0.452739  -0.296465
-0.686053  0.435201  0.130209
-0.494596  -0.196098  0.339635
0.731982  -0.188368  -1.07739
-0.130408  -0.564365  -0.0904866
-0.460654  -1.1939  0.230223
0.526679  0.582165  -0.689852
0.274433  1.24306  0.309997
1.0302  1.57658  0.411061
0.347525  -0.0332611  -0.245503
-1.08203  0.618507  -0.035072
-0.147437  0.536247  0.421075
0.166085  0.448648  -0.0915084
0.828247  0.838335  0.432777
-0.198732  0.00425301  -0.802799
0.431504  -0.152581  -1.41309
0.551168  -0.59074  0.533995
-0.511614  0.00813397  -0.307193
1.0386  -0.272653  0.489003
0.367737  0.208702  0.478428
1.28732  -1.20569  -0.258913
0.621461  -0.336886  0.965119
-0.143111  -1.07687  0.310209
0.228024  -0.778397  -0.949014
-0.0640567  0.299535  -0.100415
0.227956  -0.245189  0.133213
0.493505  0.144261  -0.523553
0.399235  -0.0797524  -0.830306
0.567524  0.52741  -0.0439276
0.0691146  0.874954  -0.258625
-1.23529  0.512382  -0.446154
-0.300817  -0.487604  0.786836
0.490615  -0.432429  0.61052
0.710923  -0.770836  -0.30141
-0.0533259  0.0357052  0.118412
-0.194065  -0.371396  -0.596508
-0.222644  0.615301  0.0829894
-0.185183  -0.526203  -0.392782
0.0741616  0.484501  0.139985
0.113565  -0.218766  -0.112429
0.828661  0.0505323  -0.388125
-0.746914  0.690643  -0.215139
-0.345164  -0.243927  0.260647
0.153986  0.3662  0.249441
0.809095  -1.17326  -0.451003
-1.08452  0.92029  0.57832
0.907392  0.867668  0.0554829
0.536949  0.501413  0.946635
-0.167276  0.123831  0.408503
-0.561464  -0.0364862  0.43749
0.0171161  0.30466  1.07397
0.832133  -0.0245316  0.411459
0.0656327  0.615013  -0.667527
-0.0303654  0.466058  0.301714
-0.334472  -0.155666  -0.235598
-0.431931  0.79817  1.66324
0.747865  1.02437  -1.12976
-0.649939  -0.0380565  -0.840623
-0.202301  0.147826  -0.047874
0.00650082  -1.00036  0.819433
0.682979  0.19195  0.0411759
-0.0130998  0.0932425  0.185591
0.733845  0.326447  0.991957
0.296097  -0.154671  -0.533508
-0.260088  -0.485155  0.226325
0.370472  -0.259341  0.73925
-0.517302  -0.180888  0.540996
0.78934  0.726667  -0.128671
0.0254821  0.0119673  -0.271791
-0.176507  0.380683  0.0842742
-0.0616582  0.862503  0.64131
-0.748034  0.183811  0.0421347
0.0317723  0.217214  0.0789621
-0.773939  0.0843054  0.582137
0.958012  -0.201124  0.264372
-0.00739655  0.148287  0.627371
-0.464035  1.17912  -0.610909
-0.023179  -0.720921  -0.187621
0.878671  0.574191  -0.348031
0.262324  -0.142564  0.000743257
-0.721946  -0.462868  0.162412
-0.14185  0.303101  -0.746076
-0.7714  -0.800926  0.313113
-0.184823  1.03283  -0.0871159
1.25418  0.746724  0.596352
-1.97279  -1.01067  0.299967
-0.934551  0.978095  -0.557569
-0.532054  0.533043  -0.749734
0.375249  -0.368998  -0.832701
0.604458  -0.203644  0.101124
1.7368  0.422829  0.0601948
-0.441848  -0.378679  -0.175147
0.321954  -0.109993  -0.0644696
1.53585  -0.183528  -0.0445019
-0.894387  -0.469083  -0.231086
-0.266013  -1.24566  0.324829
0.308523  0.424169  0.354072
0.476854  0.451332  0.540317
1.09484  0.841098  -0.900302
-0.265731  -0.264501  -0.365365
0.705232  0.0266652  0.151633
-0.721075  0.0606882  -0.115937
-0.808814  -1.77012  -0.0936834
0.629951  0.459473  0.032518
0.625795  0.967164  -0.208842
-0.46409  0.58391  0.804268
-0.384114  0.0895596  0.229249
-0.164949  0.950669  -0.250689
-0.524079  -0.0398209  0.493722
-0.806489  0.056836  -0.146483
-0.382573  -0.069199  -0.135882
-0.0740472  -0.895731  0.0452507
-0.460115  -0.438519  -0.914624
0.225412  0.211969  0.766016
-0.412402  0.231231  0.271002
-0.252847  -0.363137  -0.899483
0.286933  0.12057  0.00391389
-0.0295816  0.400181  -0.00451623
0.0227084  -0.241765  0.0773361
0.082689  -0.0178597  0.0187566
0.565758  0.327357  0.559125
0.459957  0.313692  -0.650901
1.79184  0.352388  0.88622
0.559985  0.251601  0.798132
-0.612285  -0.630585  0.297302
-0.234266  -0.235437  -0.10055
0.0615759  0.0905264  -0.964079
0.274601  -0.886014  -1.11285
0.144111  0.0443847  0.442536
0.260485  0.243837  0.0239485
0.227273  -0.975134  -1.15927
-0.808568  0.496875  -0.175783
-0.971447  -0.236713  0.0189533
-0.33181  -0.70054  -0.18824
0.0457184  0.742002  0.642069
-0.149296  0.121803  0.665857
0.0415835  -0.751436  -0.65126
-0.274458  0.745961  -0.701266
0.720173  0.497875  -0.448723
-0.190953  -0.0270641  -0.0922214
0.153986  0.3662  0.249441
-0.310342  0.00770648  0.0394584
0.0678161  -0.491698  -0.593019
1.05421  0.338168  0.765577
0.615975  -0.863368  -0.0746954
0.393547  1.23898  -0.488306
-0.24247  0.12997  -0.525276
0.733368  -0.372629  -0.534005
0.100125  0.567729  -0.533148
-0.301649  0.245858  0.429752
0.710612  -0.46813  -0.33725
-0.0379352  0.38553  0.0421735
-1.252  -0.293678  -0.5043
-0.471075  -0.577781  -0.475966
1.15858  -0.438283  0.844168
0.385073  0.291978  0.646305
-0.828409  -0.400764  -0.915115
0.834653  -0.660285  0.660091
-1.40788  -0.399796  0.195367
-0.229708  -1.20653  -0.00712197
0.878918  -0.246485  0.878406
-1.31954  -0.371583  -0.320007
0.161753  -0.427424  0.650176
0.437775  0.94729  -0.632878
0.833079  -0.890315  -0.068368
-0.209953  -0.534545  -0.271901
0.962229  -0.00528721  0.75153
-1.23246  -0.164312  0.831713
0.505275  -0.607415  0.394919
-0.305316  -0.960698  0.213435
0.287654  0.00326245  -0.55631
0.238515  0.0236881  -1.02619
-0.271076  -0.352592  -0.174021
-0.729368  0.612406  -0.771915
0.490615  -0.432429  0.61052
0.105694  -0.141558  -0.297699
0.630608  -0.0777655  -0.291633
0.429442  -1.12043  -0.659596
-0.0462242  -0.776507  0.705365
0.659286  0.281761  -0.125563
0.267985  -0.427294  -0.485138
0.432661  -0.600193  0.530129
1.38761  -1.65204  -0.330175
0.462725  0.564208  1.04312
-0.727683  -0.136353  -0.219277
-0.188063  -0.319963  -0.636644
0.424823  -0.31125  0.0667071
-1.85156  0.0177478  0.204498
0.538168  0.122202  -0.487996
0.0972831  -0.864222  1.01476
0.536208  -1.04758  -0.500364
0.0284082  -0.910504  0.902869
0.512303  0.951177  -0.277017
-0.607516  -0.924276  -0.075692
1.70437  -0.327248  0.0804216
-1.72359  -0.376909  -0.393562
0.654902  -0.866399  -0.265901
-0.729368  0.612406  -0.771915
0.29218  -1.34901  -0.789275
0.301759  0.95925  0.872867
-0.60652  -0.14471  0.634422
-0.248948  0.0490918  0.361411
0.736152  0.210089  -0.0901453
-0.727683  -0.136353  -0.219277
0.669444  0.404401  -0.540427
0.214566  1.27882  -0.561005
0.238605  -0.278765  -1.21239
0.0576063  -0.0940351  0.461819
-0.111037  0.00305705  -1.01523
0.226767  -0.255514  -1.1365
0.425675  0.161069  -0.159359
0.307564  0.42747  0.749496
-0.564814  -0.363532  -1.31707
0.315408  0.390773  0.596533
0.321796  -0.590597  -0.481675
-0.317189  0.912692  0.242748
0.351562  0.773558  0.125249
0.440296  1.18765  -0.137315
0.627861  -0.780392  -0.393787
-0.335868  -0.147825  -0.230089
0.861734  -0.0112298  -0.294597
0.247899  -0.360384  -0.822326
0.445033  0.0119613  0.131652
-0.29948  0.0234179  -0.682707
-0.617215  0.14246  0.477613
-0.51345  0.527431  1.61424
0.656812  -0.155465  0.7423
-1.19854  0.766205  0.7009
-0.666206  2.12102  -1.3853
0.439591  -0.264259  -0.549346
0.429796  0.914747  0.112869
0.981095  0.37215  -0.458912
-1.20892  -0.283732  -0.207864
0.204338  0.302334  0.257528
0.459147  -0.244518  -0.477796
-0.0189721  0.74618  0.520877
-0.0234043  -0.450789  0.484725
-0.604049  -0.882398  -0.265056
0.107188  -0.671609  -0.416299
-0.648384  -0.935539  -0.498037
-0.994092  -0.259905  -0.949266
0.0668463  -0.829189  -0.666518
0.308166  0.0268043  0.83261
0.375909  0.0159707  -0.520412
-0.458049  -0.467371  0.328156
-0.211413  -1.30437  -0.277798
0.198656  0.892401  -1.07589
-0.395061  0.991635  0.340054
-0.495132  -1.07214  -0.71136
-0.64002  1.2367  -0.212485
0.42554  0.205631  0.384953
0.197232  0.924971  0.427557
-0.64002  -0.364435  -0.672728
-0.782933  -0.143698  0.408078
1.03327  0.128697  0.564975
1.00778  -0.0838957  0.107571
0.791971  -0.330981  0.570523
1.08879  -0.950094  -1.06243
-0.875059  -0.0825127  -0.511243
0.567695  0.223666  -0.126713
-0.753817  0.149063  1.47988
-0.427097  0.273482  -0.278438
-0.796876  -1.00014  -0.25077
-1.32933  1.09697  -0.16249
-0.290485  -0.293691  0.875905
-0.530961  -0.328237  0.660037
0.116358  -0.253917  0.437637
0.746979  0.0707052  0.402794
-0.191264  0.383281  0.874969
1.32741  0.628676  -0.25612
-0.32424  1.06185  0.536638
0.650062  0.0992431  -0.456985
-0.219029  -1.0422  0.562653
-0.292382  0.158876  0.798902
0.25251  0.345867  -0.730733
0.360994  0.814064  -0.728608
0.546425  0.642506  0.72224
0.0349168  0.920131  -0.123002
-0.277791  0.0055368  0.483699
0.138436  0.370361  0.377262
0.533556  0.397838  0.583839
0.186086  -0.13625  -0.441088
-0.252749  -0.200826  0.384471
-0.247278  -0.906731  -0.18843
-0.00838667  0.137387  0.279027
0.894284  -0.290566  1.25456
1.65712  0.174306  0.303044
1.38469  0.0929527  0.0853453
1.0408  -0.539363  -0.0892943
0.0583122  -0.317907  0.204444
0.419939  0.323739  0.415009
-0.635275  0.155631  0.685348
0.49377  -0.691188  -0.322818
0.334648  -0.218832  -0.685691
-0.0275132  0.083332  -0.069726
-0.000827756  -0.00234719  0.293222
-0.794452  -0.422058  -0.464084
0.24356  0.268718  -1.29652
0.105133  0.0888448  -0.984782
0.482265  0.355695  -0.64268
0.114977  -0.499946  -0.0400972
0.367484  0.0299039  1.60261
-0.226952  -0.192584  -0.268538
-0.884801  -0.928151  -0.0492099
-0.7038  -0.194288  -0.082042
-1.31954  -0.371583  -0.320007
0.0578149  0.181677  0.431626
-0.131989  0.348138  -0.0907536
-0.265165  0.441065  -0.232583
0.922832  0.461457  0.620429
0.144765  -1.21539  0.124861
-0.645604  -1.42591  0.360761
-0.0765002  -0.366709  -0.622381
-0.802049  -0.594704  -0.574639
0.268568  0.0452461  1.10386
0.848154  0.394158  -0.532324
0.426876  -0.886968  0.92182
-0.00145265  -0.431056  -1.00807
-0.747683  0.592466  -0.524696
-0.903349  -0.297463  1.42979
0.0521146  0.529175  -0.35471
-1.36768  0.640606  1.19063
0.514333  0.23053  0.263852
-0.589032  -0.443427  -0.914733
-0.349939  0.993172  0.371839
-0.374886  0.0561973  1.14578
-0.860824  -1.19478  -0.458089
0.0701995  -0.329553  -1.63527
-0.573087  -0.724835  0.731422
-0.316104  0.590335  0.0500758
-0.133044  -0.388523  -0.909334
-0.13489  0.0670428  1.24261
0.256316  -0.60329  -0.722439
0.905992  -0.376265  0.330287
0.786533  -0.0552264  0.111487
1.18557  0.79156  0.494219
-0.57284  -0.0864616  0.650341
0.754387  0.682832  0.448251
-0.517108  -0.218121  -0.361345
0.257873  -0.116484  0.156417
-0.024663  0.363441  0.518032
0.298361  -0.354927  0.125244
-0.0776226  0.442214  -0.202335
-0.0195426  0.113706  1.80637
-0.214834  -0.612427  0.965289
0.0615423  0.0684818  -1.12645
0.752918  -0.52184  -0.845851
0.00233184  0.185193  -0.855094
0.544687  -0.311456  0.33404
0.177639  0.769422  -0.133884
0.234038  0.346502  -0.180365
0.331063  0.212573  -0.756885
0.23053  0.497928  -0.0307471
1.75553  -0.803337  -0.950696
-1.28712  -1.23937  0.65831
-1.12532  -0.151352  -0.575889
-0.902648  1.05421  -0.726774
0.554315  0.520619  -0.452182
-0.686461  -0.448197  0.465189
-1.72359  -0.376909  -0.393562
-0.459301  0.377883  0.174
1.03664  0.190721  -0.598177
-0.463442  0.145743  0.659946
0.925853  -0.0372864  -0.711487
-1.24504  -0.1093  -0.221468
0.00766014  0.137124  -0.492529
-0.271076  -0.352592  -0.174021
1.09484  0.841098  -0.900302
-0.070973  -0.775946  0.369749
0.428355  -0.741977  0.446461
0.385236  0.329395  0.39061
-0.36332  -0.698841  -0.412861
0.865062  -0.4512  0.176239
0.795033  -0.213612  -0.558383
-0.757958  -0.282483  0.156919
0.394054  -1.14994  -0.0495178
0.895689  -0.154435  -0.597634
0.103147  0.510547  -0.13039
-0.988895  0.955283  -1.34099
0.489663  1.04516  -0.760906
1.53585  -0.183528  -0.0445019
0.186212  0.932746  -0.0452085
-0.681018  -0.14028  0.610373
-0.0740472  -0.895731  0.0452507
0.464494  1.60188  0.712741
0.0842704  -0.91481  -0.779166
-0.551885  0.504198  -0.0275653
0.24774  -0.495574  1.25288
-0.374418  -0.174418  -0.228543
-0.0790812  -0.0302409  0.11372
0.175845  0.664805  0.105742
-0.50739  -0.15135  -0.134015
0.772041  -0.0724339  0.399317
1.30356  0.833523  -0.275904
-0.605635  0.323605  -0.156025
-0.157346  -0.70079  -0.649888
0.712453  -0.183787  0.0796735
0.045997  0.169133  0.280039
0.42232  0.835643  0.327172
0.231463  -0.0708626  -0.055841
0.0508427  -0.588307  0.583055
-1.37043  0.178944  -0.613758
-0.263286  -0.196271  0.566278
0.241278  0.300461  -0.0111076
-0.774695  -0.162108  -0.57158
-0.348284  0.317841  0.679044
0.57509  0.899107  -0.010245
0.0619928  -0.75965  0.315429
-0.721894  0.969091  0.0756468
-0.3106  0.444274  -0.435036
0.247899  -0.360384  -0.822326
-0.153992  -0.773814  -0.0259104
-0.147144  -0.906715  0.469154
0.36414  0.570962  -0.737583
0.229042  -0.198473  0.58626
0.65707  0.387354  -0.256626
-0.0971084  0.596442  -0.309409
0.254312  -0.661876  0.726825
0.330186  -0.349139  0.676059
0.346045  -0.450809  -0.46094
-0.141517  0.33203  0.957389
-0.510076  0.315928  0.00697555
-0.177856  0.0138743  -0.0165863
0.505747  -1.24334  0.844652
0.857233  -0.173483  0.263977
-0.484518  0.578228  -0.293402
-1.37192  -1.28361  -0.44251
-0.561209  -0.430741  0.723964
0.358271  0.137139  0.124766
-0.152409  -0.832294  0.318195
-0.582605  0.307539  0.956596
-0.821881  0.300541  0.598547
0.145466  -0.537337  -0.46338
-0.138923  0.154215  0.439382
-0.0348052  -0.330474  0.828623
0.323888  0.744701  0.222855
-0.00387329  0.606339  0.00794259
-0.111371  0.411424  0.504109
