1.12546  -0.649992  -0.0941328
1.11696  0.33168  -0.199418
1.12739  0.558012  -0.0623394
1.11813  0.42911  -0.22632
1.13366  -0.629287  -0.329211
1.11813  0.42911  -0.22632
1.12808  0.793225  0.490679
1.13931  -0.167114  0.272608
1.12546  -0.649992  -0.0941328
1.12156  -0.641282  0.360882
1.13366  -0.629287  -0.329211
1.11434  -0.424932  -0.0045021
1.12372  -0.0154024  0.495559
1.11434  -0.424932  -0.0045021
1.13366  -0.629287  -0.329211
1.12664  0.791593  0.104397
1.12546  -0.649992  -0.0941328
1.12739  0.558012  -0.0623394
1.12808  0.793225  0.490679
1.13366  -0.629287  -0.329211
1.13931  -0.167114  0.272608
1.13307  0.216388  0.769483
1.1304  -0.1555  -0.0908966
1.12286  -0.547903  -0.390307
1.13931  -0.167114  0.272608
1.13677  0.634392  0.366297
1.12664  0.791593  0.104397
1.1228  0.165559  0.52979
1.12156  -0.641282  0.360882
1.1322  1.09325  -0.0830293
1.11434  -0.424932  -0.0045021
1.11696  0.33168  -0.199418
1.12808  0.793225  0.490679
1.13931  -0.167114  0.272608
1.12286  -0.711154  -0.390307
1.12546  -0.649992  -0.0941328
1.11696  0.33168  -0.199418
1.12739  0.558012  -0.0623394
1.11434  -0.424932  -0.0045021
1.13366  -0.629287  -0.329211
1.1304  -0.1555  -0.0908966
1.13931  -0.167114  0.272608
1.10811  -0.264796  0.278275
1.12286  -0.547903  -0.390307
1.11813  0.42911  -0.22632
1.11406  0.363075  0.455664
1.11938  -0.089255  0.382043
1.13366  -0.629287  -0.329211
1.12739  0.558012  -0.0623394
1.12739  0.544681  -0.0623394
1.1322  1.09325  -0.0830293
1.13764  0.630873  0.221934
1.12808  0.793225  0.490679
1.1322  1.09325  -0.0830293
1.12156  -0.641282  0.360882
1.13307  0.27098  0.489782
1.12546  -0.649992  -0.0941328
1.1228  0.165559  0.52979
1.13307  0.216388  0.769483
1.12664  0.570426  -0.0989682
1.11406  0.363075  0.455664
1.12163  0.634392  0.366297
1.11813  0.42911  -0.22632
1.12664  0.570426  -0.0989682
1.13931  -0.167114  0.272608
1.11629  0.780358  0.0024143
1.13307  0.216388  0.769483
1.12808  0.793225  0.490679
1.12156  -0.641282  0.360882
1.12808  0.793225  0.490679
1.11434  -0.424932  -0.0045021
1.12546  -0.649992  -0.0941328
1.13931  -0.167114  0.272608
1.13931  -0.167114  0.272608
1.11813  0.42911  -0.22632
1.10825  0.467909  0.312288
1.12664  0.570426  -0.0989682
1.12286  -0.547903  -0.390307
1.11813  0.42911  -0.22632
1.13366  -0.629287  -0.329211
1.11434  -0.424932  -0.0045021
1.12546  -0.649992  -0.0941328
1.13366  -0.629287  -0.329211
1.12739  0.544681  -0.0623394
1.13366  -0.629287  -0.329211
1.11434  -0.424932  -0.0045021
1.13366  -0.629287  -0.329211
1.1228  0.165559  0.52979
1.11696  0.33168  -0.199418
1.14203  0.869183  0.821849
1.12156  -0.641282  0.360882
1.11406  0.363075  0.455664
1.13366  -0.629287  -0.329211
1.13307  0.216388  0.769483
1.13307  0.27098  0.489782
1.12372  -0.0154024  0.495559
1.11813  0.42911  -0.22632
1.12156  -0.641282  0.360882
1.11696  0.33168  -0.199418
1.12156  -0.641282  0.360882
1.11705  1.03393  0.365039
1.12546  -0.649992  -0.0941328
1.10811  -0.264796  0.278275
1.12739  0.544681  -0.0623394
1.12739  0.544681  -0.0623394
1.1322  1.09325  -0.0830293
1.11406  0.363075  0.455664
1.12372  -0.0154024  0.495559
1.12286  -0.711154  -0.390307
1.12546  -0.649992  -0.0941328
1.11696  0.33168  -0.199418
1.13307  0.27098  0.489782
1.12156  -0.641282  0.360882
1.13307  0.216388  0.769483
1.1304  -0.1555  -0.0908966
1.1304  0.0673469  -0.212427
1.13931  -0.167114  0.193069
1.12808  0.793225  0.490679
1.12286  -0.711154  -0.390307
1.11629  0.780358  0.0024143
1.13764  0.630873  0.221934
1.1304  -0.1555  -0.0908966
1.1304  -0.1555  -0.0908966
1.1322  1.09325  -0.0830293
1.1228  0.165559  0.52979
1.10811  -0.264796  0.278275
1.1304  -0.1555  -0.0908966
1.13307  0.216388  0.769483
1.12286  -0.43252  -0.390307
1.12156  -0.641282  0.360882
1.12156  -0.641282  0.360882
1.12156  -0.641282  0.360882
1.12808  0.793225  0.490679
1.12156  -0.641282  0.360882
1.13366  -0.629287  -0.329211
1.13931  -0.167114  0.272608
1.12156  -0.641282  0.360882
1.12739  0.544681  -0.0623394
1.11406  0.363075  0.455664
1.1228  0.165559  0.52979
1.11813  0.42911  -0.22632
1.11813  0.42911  -0.22632
1.13366  -0.629287  -0.329211
1.11434  -0.424932  -0.0045021
1.12156  -0.641282  0.360882
1.12739  0.544681  -0.0623394
1.12372  -0.0154024  0.495559
1.10811  -0.264796  0.278275
1.13931  -0.167114  0.272608
1.11406  0.363075  0.455664
1.10811  -0.264796  0.278275
1.13931  -0.167114  0.272608
1.12739  0.558012  -0.0623394
1.12739  0.558012  -0.0623394
1.12286  -0.547903  -0.390307
1.13931  0.0631776  0.315375
1.13366  -0.629287  -0.329211
1.10811  -0.264796  0.278275
1.10811  -0.264796  0.278275
1.10825  0.467909  0.312288
1.13764  0.630873  0.221934
1.11813  0.42911  -0.22632
1.12286  -0.547903  -0.390307
1.10825  0.467909  0.312288
1.1322  1.02147  0.165231
1.13931  -0.167114  0.193069
1.13366  -0.629287  -0.329211
1.12546  -0.649992  -0.0941328
1.11813  0.42911  -0.22632
1.1322  1.05102  -0.0748988
1.12286  -0.547903  -0.390307
1.11938  -0.089255  0.382043
1.11813  0.42911  -0.22632
1.11696  0.33168  -0.199418
1.11813  0.42911  -0.22632
1.11813  0.42911  -0.22632
1.13366  -0.629287  -0.329211
1.1304  -0.1555  -0.0908966
1.12372  -0.0154024  0.495559
1.12546  -0.649992  -0.0941328
1.10811  -0.264796  0.278275
1.13307  0.216388  0.769483
1.13931  0.0631776  0.315375
1.12286  -0.43252  -0.390307
1.1228  0.165559  0.52979
1.12546  -0.649992  -0.0941328
1.12739  0.558012  -0.0623394
1.13931  -0.167114  0.193069
1.11813  0.42911  -0.22632
1.11813  0.42911  -0.22632
1.13366  -0.629287  -0.329211
1.11406  0.363075  0.455664
1.11938  -0.089255  0.382043
1.13931  -0.167114  0.193069
1.11434  -0.424932  -0.0045021
1.1322  0.793225  -0.0748988
1.13366  -0.629287  -0.329211
1.11938  -0.089255  0.382043
1.1304  -0.1555  -0.0908966
1.11434  -0.424932  -0.0045021
1.11813  0.42911  -0.22632
1.11813  0.42911  -0.22632
1.11813  0.42911  -0.22632
1.12546  -0.649992  -0.0941328
1.1304  0.0673469  -0.212427
1.13307  0.216388  0.769483
1.12286  -0.711154  -0.390307
1.13366  -0.629287  -0.329211
1.13366  -0.629287  -0.329211
1.12156  -0.641282  0.360882
1.10811  -0.264796  0.278275
1.12156  -0.641282  0.360882
1.13931  -0.167114  0.272608
1.13931  -0.167114  0.193069
1.13931  -0.167114  0.272608
1.12163  0.634392  0.366297
1.1322  0.793225  0.490679
1.11629  0.780358  0.0024143
1.12163  0.634392  0.366297
1.12372  -0.0154024  0.495559
1.1228  0.165559  0.52979
1.11813  0.42911  -0.22632
1.12546  -0.649992  -0.0941328
1.1304  -0.1555  -0.0908966
1.1304  -0.1555  -0.0908966
1.12156  -0.641282  0.360882
1.12546  -0.649992  -0.0941328
1.1304  -0.1555  -0.0908966
1.1228  0.165559  0.52979
1.11813  0.42911  -0.22632
1.12664  0.570426  -0.0989682
1.12739  0.558012  -0.0623394
1.11813  0.42911  -0.22632
1.13366  -0.629287  -0.329211
1.11813  0.42911  -0.22632
1.12286  -0.547903  -0.390307
1.11813  0.42911  -0.22632
1.12546  -0.649992  -0.0941328
1.12286  -0.43252  -0.390307
1.13366  -0.629287  -0.329211
1.11813  0.42911  -0.22632
1.10811  -0.264796  0.278275
1.12286  -0.711154  -0.390307
1.12286  -0.711154  -0.390307
1.11406  0.363075  0.455664
1.13931  -0.167114  0.193069
1.12372  -0.0154024  0.495559
1.13307  0.216388  0.769483
1.10825  0.467909  0.312288
1.11938  -0.089255  0.382043
1.1314  0.566291  -0.538087
1.10811  -0.264796  0.278275
1.10811  -0.264796  0.278275
1.13366  -0.629287  -0.329211
1.11434  -0.424932  -0.0045021
1.11434  -0.424932  -0.0045021
1.12156  -0.641282  0.360882
1.13931  -0.167114  0.193069
1.11434  -0.424932  -0.0045021
1.11406  0.363075  0.455664
1.13307  0.27098  0.489782
1.11813  0.42911  -0.22632
1.12286  -0.43252  -0.390307
1.1322  1.09325  -0.0830293
1.12286  -0.547903  -0.390307
1.13366  -0.629287  -0.329211
1.13307  0.216388  0.769483
1.12546  -0.649992  -0.0941328
1.11696  0.33168  -0.199418
1.13307  0.216388  0.769483
1.11434  -0.424932  -0.0045021
1.12546  -0.649992  -0.0941328
1.11813  0.42911  -0.22632
1.12286  -0.43252  -0.390307
1.11406  0.363075  0.455664
1.12739  0.544681  -0.0623394
1.13307  0.216388  0.769483
1.11696  0.33168  -0.199418
1.12808  0.793225  0.490679
1.12739  0.544681  -0.0623394
1.11813  0.42911  -0.22632
1.11813  0.42911  -0.22632
1.1322  0.793225  -0.0748988
1.12372  -0.0154024  0.495559
1.13931  0.0631776  0.315375
1.11406  0.363075  0.455664
1.12372  -0.0154024  0.495559
1.12546  -0.649992  -0.0941328
1.12286  -0.711154  -0.390307
1.12286  -0.547903  -0.390307
1.13307  0.216388  0.769483
1.10825  0.467909  0.312288
1.12156  -0.641282  0.360882
1.12808  0.793225  0.490679
1.1314  0.566291  -0.538087
1.12372  -0.0154024  0.495559
1.13307  0.216388  0.769483
1.12372  -0.0154024  0.495559
1.11434  -0.424932  -0.0045021
1.1304  -0.1555  -0.0908966
1.1228  0.165559  0.52979
1.1322  1.09325  -0.0830293
1.1304  0.0673469  -0.212427
1.13307  0.216388  0.769483
1.1322  1.09325  -0.0830293
1.12372  -0.0154024  0.495559
1.12664  0.570426  -0.0989682
1.10825  0.467909  0.312288
1.12163  0.634392  0.366297
1.11813  0.42911  -0.22632
1.13307  0.216388  0.769483
1.12372  -0.0154024  0.495559
1.13366  -0.629287  -0.329211
1.13307  0.216388  0.769483
1.13931  -0.167114  0.272608
1.12372  -0.0154024  0.495559
1.11938  -0.089255  0.382043
1.12156  -0.641282  0.360882
1.12286  -0.711154  -0.390307
1.12286  -0.43252  -0.390307
1.12664  0.791593  0.104397
1.10811  -0.264796  0.278275
1.12372  -0.0154024  0.495559
1.11813  0.42911  -0.22632
1.13307  0.216388  0.769483
1.12372  -0.0154024  0.495559
1.1228  0.165559  0.52979
1.11434  -0.424932  -0.0045021
1.13366  -0.629287  -0.329211
1.12372  -0.0154024  0.495559
1.12546  -0.649992  -0.0941328
1.11938  -0.089255  0.382043
1.12372  -0.0154024  0.495559
1.13931  0.0631776  0.315375
1.13307  0.27098  0.489782
1.12372  -0.0154024  0.495559
1.12739  0.544681  -0.0623394
1.12372  -0.0154024  0.495559
1.1228  0.165559  0.52979
1.12546  -0.649992  -0.0941328
1.11434  -0.424932  -0.0045021
1.13366  -0.629287  -0.329211
1.11434  -0.424932  -0.0045021
1.12739  0.544681  -0.0623394
1.12739  0.544681  -0.0623394
1.13366  -0.629287  -0.329211
1.12739  0.544681  -0.0623394
1.10811  -0.264796  0.278275
1.12739  0.544681  -0.0623394
1.10825  0.467909  0.312288
1.12286  -0.547903  -0.390307
1.12739  0.558012  -0.0623394
1.12156  -0.641282  0.360882
1.13307  0.216388  0.769483
1.10825  0.467909  0.312288
1.13931  0.0631776  0.315375
1.12286  -0.547903  -0.390307
1.12546  -0.649992  -0.0941328
1.13366  -0.629287  -0.329211
1.13307  0.216388  0.769483
1.13307  0.216388  0.769483
1.13366  -0.629287  -0.329211
1.1322  0.673958  0.395522
1.1304  -0.1555  -0.0908966
1.12286  -0.711154  -0.390307
1.10811  -0.264796  0.278275
1.12739  0.796671  -0.0623394
1.11696  0.33168  -0.199418
1.11434  -0.424932  -0.0045021
1.12664  0.791593  0.104397
1.11434  -0.424932  -0.0045021
1.13931  -0.167114  0.272608
1.1322  0.793225  0.490679
1.13931  -0.167114  0.272608
1.11406  0.363075  0.455664
1.13366  -0.629287  -0.329211
1.10811  -0.264796  0.278275
1.11406  0.363075  0.455664
1.13931  -0.167114  0.272608
1.1304  0.0673469  -0.212427
1.13366  -0.629287  -0.329211
1.12163  0.634392  0.366297
1.13366  -0.629287  -0.329211
1.12156  -0.641282  0.360882
1.1322  1.02147  0.165231
1.12156  -0.641282  0.360882
1.12808  0.793225  0.490679
1.12286  -0.711154  -0.390307
1.12372  -0.0154024  0.495559
1.13366  -0.629287  -0.329211
1.1322  0.793225  -0.0748988
1.12739  0.558012  -0.0623394
1.13366  -0.629287  -0.329211
1.12156  -0.641282  0.360882
1.12546  -0.649992  -0.0941328
1.11434  -0.424932  -0.0045021
1.1304  0.0673469  -0.212427
1.12664  0.791593  0.104397
1.12286  -0.547903  -0.390307
1.11813  0.42911  -0.22632
1.12546  -0.649992  -0.0941328
1.13307  0.216388  0.769483
1.12286  -0.711154  -0.390307
1.12156  -0.641282  0.360882
1.13307  0.216388  0.769483
1.1228  0.165559  0.52979
1.13307  0.216388  0.769483
1.12546  -0.649992  -0.0941328
1.13366  -0.629287  -0.329211
1.12739  0.544681  -0.0623394
1.12739  0.544681  -0.0623394
1.1228  0.165559  0.52979
1.1228  0.165559  0.52979
1.11813  0.42911  -0.22632
1.12286  -0.547903  -0.390307
1.1228  0.165559  0.52979
1.13307  0.27098  0.489782
1.1304  0.0673469  -0.212427
1.10811  -0.264796  0.278275
1.12163  0.634392  0.366297
1.13366  -0.629287  -0.329211
1.13366  -0.629287  -0.329211
1.11938  -0.089255  0.382043
1.12286  -0.547903  -0.390307
1.12546  -0.649992  -0.0941328
1.12286  -0.547903  -0.390307
1.12163  0.634392  0.366297
1.12156  -0.641282  0.360882
1.1322  1.02147  0.165231
1.11434  -0.424932  -0.0045021
1.10811  -0.264796  0.278275
1.12739  0.544681  -0.0623394
1.11813  0.42911  -0.22632
1.12156  -0.641282  0.360882
1.12156  -0.641282  0.360882
1.12286  -0.547903  -0.390307
1.12163  0.634392  0.366297
1.11434  -0.424932  -0.0045021
1.10825  0.467909  0.312288
1.11434  -0.424932  -0.0045021
1.1322  1.09325  -0.0830293
1.13366  -0.629287  -0.329211
1.10825  0.467909  0.312288
1.12372  -0.0154024  0.495559
1.11434  -0.424932  -0.0045021
1.12372  -0.0154024  0.495559
1.13307  0.27098  0.489782
1.12286  -0.711154  -0.390307
1.1228  0.165559  0.52979
1.12286  -0.711154  -0.390307
1.11813  0.42911  -0.22632
1.13931  -0.167114  0.272608
1.12739  0.796671  -0.0623394
1.11813  0.42911  -0.22632
1.10811  -0.264796  0.278275
1.13931  -0.167114  0.272608
1.12546  -0.649992  -0.0941328
1.11406  0.363075  0.455664
1.11938  -0.089255  0.382043
1.11938  -0.089255  0.382043
1.13307  0.216388  0.769483
1.1322  1.09325  -0.0830293
1.1228  0.165559  0.52979
1.13931  -0.167114  0.272608
1.13366  -0.629287  -0.329211
1.10825  0.467909  0.312288
1.10825  0.467909  0.312288
1.12739  0.796671  -0.0623394
1.1304  -0.1555  -0.0908966
1.12163  0.634392  0.366297
1.1304  -0.1555  -0.0908966
1.11434  -0.424932  -0.0045021
1.12372  -0.0154024  0.495559
1.1228  0.165559  0.52979
1.1322  1.09325  -0.0830293
1.13931  -0.167114  0.272608
1.11629  0.780358  0.0024143
1.10811  -0.264796  0.278275
1.11629  0.780358  0.0024143
1.12286  -0.711154  -0.390307
1.11434  0.193715  0.131768
1.13307  0.216388  0.769483
1.1322  1.09325  -0.0830293
1.1322  0.793225  -0.0748988
1.13764  0.630873  0.221934
1.1304  0.0673469  -0.212427
1.12739  0.796671  -0.0623394
1.13307  0.216388  0.769483
1.12286  -0.547903  -0.390307
1.10811  -0.264796  0.278275
1.11813  0.42911  -0.22632
1.12546  -0.649992  -0.0941328
1.13931  -0.167114  0.272608
1.12286  -0.547903  -0.390307
1.12664  0.791593  0.104397
1.12286  -0.547903  -0.390307
1.13366  -0.629287  -0.329211
1.12286  -0.547903  -0.390307
1.12286  -0.711154  -0.390307
1.12286  -0.547903  -0.390307
1.13931  -0.167114  0.272608
1.14203  0.869183  0.821849
1.11696  0.33168  -0.199418
1.12286  -0.547903  -0.390307
1.12739  0.796671  -0.0623394
1.12156  -0.641282  0.360882
1.12156  -0.641282  0.360882
1.11406  0.81335  0.50042
1.11629  0.780358  0.0024143
1.1322  0.793225  -0.0748988
1.10825  0.467909  0.312288
1.13307  0.216388  0.769483
1.11813  0.42911  -0.22632
1.11434  -0.424932  -0.0045021
1.12546  -0.649992  -0.0941328
1.12286  -0.547903  -0.390307
1.11434  -0.424932  -0.0045021
1.13931  -0.167114  0.193069
1.1322  0.793225  0.490679
1.12286  -0.43252  -0.390307
1.13366  -0.629287  -0.329211
1.13931  -0.167114  0.193069
1.12739  0.558012  -0.0623394
1.13931  -0.167114  0.272608
1.12546  -0.649992  -0.0941328
1.13366  -0.629287  -0.329211
1.13366  -0.629287  -0.329211
1.1322  0.793225  -0.0748988
1.12664  0.791593  0.104397
1.10811  -0.264796  0.278275
1.13366  -0.629287  -0.329211
1.1322  1.09325  -0.0830293
1.13931  -0.167114  0.272608
1.11434  0.193715  0.131768
1.13307  0.216388  0.769483
1.1304  0.0673469  -0.212427
1.12664  0.791593  0.104397
1.13366  -0.629287  -0.329211
1.12546  -0.649992  -0.0941328
1.1322  0.793225  0.490679
1.12286  -0.547903  -0.390307
1.12286  -0.711154  -0.390307
1.13307  0.216388  0.769483
1.13366  -0.629287  -0.329211
1.12163  0.634392  0.366297
1.13307  0.27098  0.489782
1.11434  0.193715  0.131768
1.12286  -0.547903  -0.390307
1.12664  0.570426  -0.0989682
1.13931  0.0631776  0.315375
1.13366  -0.629287  -0.329211
1.13366  -0.629287  -0.329211
1.1322  1.09325  -0.0830293
1.13366  -0.629287  -0.329211
1.13366  -0.629287  -0.329211
1.13307  0.216388  0.769483
1.12546  -0.649992  -0.0941328
1.12739  0.558012  -0.0623394
1.13931  -0.167114  0.272608
1.12372  -0.0154024  0.495559
1.12546  -0.649992  -0.0941328
1.11434  0.193715  0.131768
1.11938  -0.089255  0.382043
1.12163  0.634392  0.366297
1.12286  -0.547903  -0.390307
1.12286  -0.547903  -0.390307
1.12808  0.793225  0.490679
1.13366  -0.629287  -0.329211
1.12739  0.796671  -0.0623394
1.12664  0.570426  -0.0989682
1.11813  0.42911  -0.22632
1.1322  1.09325  -0.0830293
1.12546  -0.649992  -0.0941328
1.10825  0.467909  0.312288
1.13931  -0.167114  0.272608
1.13931  -0.167114  0.272608
1.13366  -0.629287  -0.329211
1.1228  0.165559  0.52979
1.1228  0.165559  0.52979
1.12739  0.544681  -0.0623394
1.11434  -0.424932  -0.0045021
1.1304  -0.1555  -0.0908966
1.1304  0.0673469  -0.212427
1.11434  -0.424932  -0.0045021
1.11434  -0.424932  -0.0045021
1.12286  -0.711154  -0.390307
1.12546  -0.649992  -0.0941328
1.11434  -0.424932  -0.0045021
1.11813  0.42911  -0.22632
1.13931  -0.167114  0.272608
1.12372  -0.0154024  0.495559
1.12372  -0.0154024  0.495559
1.13931  -0.167114  0.272608
1.1304  0.0673469  -0.212427
1.10825  0.467909  0.312288
1.12546  -0.649992  -0.0941328
1.12156  -0.641282  0.360882
1.12739  0.544681  -0.0623394
1.12546  -0.649992  -0.0941328
1.11813  0.42911  -0.22632
1.12664  0.570426  -0.0989682
1.11813  0.42911  -0.22632
1.12163  0.634392  0.366297
1.11434  -0.424932  -0.0045021
1.12808  0.793225  0.490679
1.12664  0.791593  0.104397
1.10811  -0.264796  0.278275
1.12546  -0.649992  -0.0941328
1.1322  1.09325  -0.0830293
1.1322  1.02147  0.165231
1.1304  -0.1555  -0.0908966
1.10811  -0.264796  0.278275
1.13931  -0.167114  0.272608
1.12372  -0.0154024  0.495559
1.11813  0.42911  -0.22632
1.1304  0.0673469  -0.212427
1.11406  0.363075  0.455664
1.12156  -0.890726  0.542397
1.12546  -0.649992  -0.0941328
1.13366  -0.629287  -0.329211
1.11696  0.33168  -0.199418
1.10825  0.467909  0.312288
1.12808  0.793225  0.490679
1.11813  0.42911  -0.22632
1.13366  -0.629287  -0.329211
1.11813  0.42911  -0.22632
1.11434  -0.424932  -0.0045021
1.12546  -0.649992  -0.0941328
1.13931  -0.167114  0.272608
1.12156  -0.641282  0.360882
1.12546  -0.649992  -0.0941328
1.1314  0.566291  -0.538087
1.10811  -0.264796  0.278275
1.12286  -0.547903  -0.390307
1.13366  -0.629287  -0.329211
1.13931  -0.167114  0.272608
1.11434  0.22391  0.131768
1.13366  -0.629287  -0.329211
1.13931  -0.167114  0.193069
1.12546  -0.649992  -0.0941328
1.11434  -0.424932  -0.0045021
1.13307  0.216388  0.769483
1.1304  -0.1555  -0.0908966
1.11434  -0.424932  -0.0045021
1.13366  -0.629287  -0.329211
1.10811  -0.264796  0.278275
1.12546  -0.649992  -0.0941328
1.12739  0.558012  -0.0623394
1.13931  -0.167114  0.193069
1.12546  -0.649992  -0.0941328
1.10811  -0.264796  0.278275
1.12163  0.634392  0.366297
1.1304  -0.1555  -0.0908966
1.1228  0.165559  0.52979
1.12808  0.793225  0.490679
1.12286  -0.547903  -0.390307
1.12664  0.791593  0.104397
1.12546  -0.649992  -0.0941328
1.12546  -0.649992  -0.0941328
1.13366  -0.629287  -0.329211
1.11696  0.33168  -0.199418
1.11813  0.42911  -0.22632
1.12163  0.634392  0.366297
1.12664  0.570426  -0.0989682
1.12546  -0.649992  -0.0941328
1.12156  -0.641282  0.360882
1.12664  0.791593  0.104397
1.13307  0.216388  0.769483
1.13931  -0.167114  0.193069
1.11434  -0.424932  -0.0045021
1.13366  -0.629287  -0.329211
1.11813  0.42911  -0.22632
1.13307  0.216388  0.769483
1.1228  0.165559  0.52979
1.10825  0.467909  0.312288
1.12808  0.793225  0.490679
1.11696  0.33168  -0.199418
1.12286  -0.43252  -0.390307
1.13366  -0.629287  -0.329211
1.11696  0.33168  -0.199418
1.12286  -0.547903  -0.390307
1.13307  0.216388  0.769483
1.12739  0.558012  -0.0623394
1.12156  -0.641282  0.360882
1.11938  -0.089255  0.382043
1.12739  0.558012  -0.0623394
1.13366  -0.629287  -0.329211
1.13307  0.216388  0.769483
1.11813  0.42911  -0.22632
1.11813  0.42911  -0.22632
1.12163  0.634392  0.366297
1.1322  1.05102  -0.0748988
1.11696  0.33168  -0.199418
1.11434  -0.424932  -0.0045021
1.12372  -0.0154024  0.495559
1.1228  0.165559  0.52979
1.12372  -0.0154024  0.495559
1.13366  -0.629287  -0.329211
1.11434  -0.424932  -0.0045021
1.11434  -0.424932  -0.0045021
1.12286  -0.547903  -0.390307
1.13931  -0.167114  0.272608
1.11406  0.363075  0.455664
1.12156  -0.641282  0.360882
1.13931  -0.167114  0.272608
1.1322  1.09325  -0.0830293
1.13366  -0.629287  -0.329211
1.12163  0.634392  0.366297
1.11813  0.42911  -0.22632
1.11938  -0.089255  0.382043
1.1322  1.09325  -0.0830293
1.11813  0.42911  -0.22632
1.1304  -0.1555  -0.0908966
1.11629  0.780358  0.0024143
1.11434  -0.424932  -0.0045021
1.12163  0.634392  0.366297
1.13931  -0.167114  0.272608
1.10825  0.467909  0.312288
1.12739  0.558012  -0.0623394
1.10811  -0.264796  0.278275
1.13366  -0.629287  -0.329211
1.11813  0.42911  -0.22632
1.12739  0.558012  -0.0623394
1.1228  0.165559  0.52979
1.11813  0.42911  -0.22632
1.12664  0.570426  -0.0989682
1.13366  -0.629287  -0.329211
1.12286  -0.43252  -0.390307
1.1304  0.0673469  -0.212427
1.11434  -0.424932  -0.0045021
1.12664  0.791593  0.104397
1.1322  1.02147  0.165231
1.1322  0.793225  0.490679
1.1304  -0.1555  -0.0908966
1.10811  -0.264796  0.278275
1.13366  -0.629287  -0.329211
1.13366  -0.629287  -0.329211
1.13931  -0.167114  0.272608
1.1322  1.05102  -0.0748988
1.11813  0.42911  -0.22632
1.11434  -0.424932  -0.0045021
1.1228  0.165559  0.52979
1.10825  0.467909  0.312288
1.12372  -0.0154024  0.495559
1.12664  0.570426  -0.0989682
1.1322  1.02147  0.165231
1.1228  0.165559  0.52979
1.12156  -0.641282  0.360882
1.11938  -0.089255  0.382043
1.12739  0.544681  -0.0623394
1.12286  -0.547903  -0.390307
1.10811  -0.264796  0.278275
1.13366  -0.629287  -0.329211
1.10811  -0.264796  0.278275
1.12163  0.634392  0.366297
1.11406  0.363075  0.455664
1.11434  -0.424932  -0.0045021
1.10825  0.467909  0.312288
1.11813  0.42911  -0.22632
1.13366  -0.629287  -0.329211
1.13307  0.216388  0.769483
1.11696  0.33168  -0.199418
1.10811  -0.264796  0.278275
1.1228  0.165559  0.52979
1.13307  0.27098  0.489782
1.13366  -0.629287  -0.329211
1.11813  0.42911  -0.22632
1.11629  0.780358  0.0024143
1.1304  0.0673469  -0.212427
1.1304  0.0673469  -0.212427
1.10811  -0.264796  0.278275
1.11406  0.363075  0.455664
1.1322  1.02147  0.165231
1.12156  -0.641282  0.360882
1.12163  0.634392  0.366297
1.11434  -0.424932  -0.0045021
1.11938  -0.089255  0.382043
1.12546  -0.649992  -0.0941328
1.10825  0.467909  0.312288
1.11813  0.42911  -0.22632
1.11696  0.33168  -0.199418
1.11813  0.42911  -0.22632
1.1304  0.0673469  -0.212427
1.11813  0.42911  -0.22632
1.11406  0.363075  0.455664
1.12156  -0.641282  0.360882
1.12372  -0.0154024  0.495559
1.12156  -0.641282  0.360882
1.13931  -0.167114  0.193069
1.12286  -0.547903  -0.390307
1.13307  0.27098  0.489782
1.1322  1.09325  -0.0830293
1.13307  0.216388  0.769483
1.13931  -0.167114  0.272608
1.11813  0.42911  -0.22632
1.1314  0.566291  -0.538087
1.11813  0.42911  -0.22632
1.1322  1.02147  0.165231
1.12156  -0.641282  0.360882
1.11434  -0.424932  -0.0045021
1.12372  -0.0154024  0.495559
1.11813  0.42911  -0.22632
1.1228  0.165559  0.52979
1.1322  1.09325  -0.0830293
1.12808  0.793225  0.490679
1.11696  0.33168  -0.199418
1.12286  -0.547903  -0.390307
1.13366  -0.629287  -0.329211
1.12372  -0.0154024  0.495559
1.10811  -0.264796  0.278275
1.11434  -0.424932  -0.0045021
1.13307  0.216388  0.769483
1.12372  -0.0154024  0.495559
1.12546  -0.649992  -0.0941328
1.11175  -1.07526  0.0943388
1.12372  -0.0154024  0.495559
1.11434  -0.424932  -0.0045021
1.11406  0.363075  0.455664
1.1304  0.0673469  -0.212427
1.12163  0.634392  0.366297
1.12808  0.793225  0.490679
1.12372  -0.0154024  0.495559
1.11696  0.33168  -0.199418
1.12286  -0.711154  -0.390307
1.12739  0.544681  -0.0623394
1.12546  -0.649992  -0.0941328
1.12372  -0.0154024  0.495559
1.1304  -0.1555  -0.0908966
1.13366  -0.629287  -0.329211
1.11696  0.33168  -0.199418
1.11434  -0.424932  -0.0045021
1.11434  -0.424932  -0.0045021
1.11406  0.363075  0.455664
1.10811  -0.264796  0.278275
1.12286  -0.547903  -0.390307
1.12163  0.634392  0.366297
1.12156  -0.641282  0.360882
1.1304  0.0673469  -0.212427
1.1322  1.09325  -0.0830293
1.12163  0.634392  0.366297
1.11434  -0.424932  -0.0045021
1.11434  -0.424932  -0.0045021
1.11938  -0.089255  0.382043
1.11696  0.33168  -0.199418
1.11434  -0.424932  -0.0045021
1.11434  -0.424932  -0.0045021
1.12286  -0.711154  -0.390307
1.13307  0.27098  0.489782
1.12739  0.558012  -0.0623394
1.12546  -0.649992  -0.0941328
1.10811  -0.264796  0.278275
1.1322  1.05102  -0.0748988
1.13931  -0.167114  0.272608
1.11813  0.42911  -0.22632
1.12286  -0.547903  -0.390307
1.13366  -0.629287  -0.329211
1.13307  0.27098  0.489782
1.11696  0.33168  -0.199418
1.11434  -0.424932  -0.0045021
1.13366  -0.629287  -0.329211
1.1322  1.02147  0.165231
1.12739  0.796671  -0.0623394
1.11813  0.42911  -0.22632
1.12372  -0.0154024  0.495559
1.12156  -0.641282  0.360882
1.11434  -0.424932  -0.0045021
1.12372  -0.0154024  0.495559
1.11813  0.42911  -0.22632
1.12156  -0.641282  0.360882
1.13366  -0.629287  -0.329211
1.10811  -0.264796  0.278275
1.12664  0.570426  -0.0989682
1.11406  0.363075  0.455664
1.12163  0.634392  0.366297
1.1228  0.165559  0.52979
1.12546  -0.649992  -0.0941328
1.12286  -0.547903  -0.390307
1.11813  0.42911  -0.22632
1.12546  -0.649992  -0.0941328
1.12664  0.791593  0.104397
1.11938  -0.089255  0.382043
1.11434  0.193715  0.131768
1.12372  -0.0154024  0.495559
1.13307  0.27098  0.489782
1.13366  -0.629287  -0.329211
1.12739  0.544681  -0.0623394
1.12664  0.791593  0.104397
1.11696  0.33168  -0.199418
1.13931  -0.167114  0.272608
1.13366  -0.629287  -0.329211
1.11938  -0.089255  0.382043
1.11813  0.42911  -0.22632
1.10825  0.467909  0.312288
1.12286  -0.547903  -0.390307
1.11406  0.363075  0.455664
1.12156  -0.641282  0.360882
1.13307  0.216388  0.769483
1.11813  0.42911  -0.22632
1.12163  0.634392  0.366297
1.13931  -0.167114  0.272608
1.12372  -0.0154024  0.495559
1.12664  0.570426  -0.0989682
1.1228  0.165559  0.52979
1.11434  -0.424932  -0.0045021
1.12546  -0.649992  -0.0941328
1.12156  -0.641282  0.360882
1.13931  0.0631776  0.315375
1.10811  -0.264796  0.278275
1.12546  -0.649992  -0.0941328
1.11813  0.42911  -0.22632
1.13366  -0.629287  -0.329211
1.13366  -0.629287  -0.329211
1.13931  -0.167114  0.272608
1.11696  0.33168  -0.199418
1.13931  -0.167114  0.272608
1.10811  -0.264796  0.278275
1.13307  0.216388  0.769483
1.11629  0.780358  0.0024143
1.10811  -0.264796  0.278275
1.13366  -0.629287  -0.329211
1.1304  0.0673469  -0.212427
1.12286  -0.547903  -0.390307
1.1322  1.09325  -0.0830293
1.13366  -0.629287  -0.329211
1.11406  0.363075  0.455664
1.1228  0.165559  0.52979
1.12156  -0.641282  0.360882
1.13931  0.0631776  0.315375
1.13307  0.216388  0.769483
1.11629  0.780358  0.0024143
1.11813  0.42911  -0.22632
1.12739  0.544681  -0.0623394
1.11434  -0.424932  -0.0045021
1.13931  -0.167114  0.272608
1.11629  0.780358  0.0024143
1.13307  0.27098  0.489782
1.1228  0.165559  0.52979
1.13366  -0.629287  -0.329211
1.12739  0.544681  -0.0623394
1.13366  -0.629287  -0.329211
1.12163  0.634392  0.366297
1.12286  -0.547903  -0.390307
1.11629  0.780358  0.0024143
1.12156  -0.641282  0.360882
1.13366  -0.629287  -0.329211
1.11434  -0.424932  -0.0045021
1.13366  -0.629287  -0.329211
1.11406  0.363075  0.455664
1.11434  -0.424932  -0.0045021
1.12808  0.793225  0.490679
1.12156  -0.641282  0.360882
1.12163  0.634392  0.366297
1.11434  -0.424932  -0.0045021
1.11938  -0.089255  0.382043
1.13307  0.216388  0.769483
1.11434  -0.424932  -0.0045021
1.12546  -0.649992  -0.0941328
1.12664  0.570426  -0.0989682
1.10825  0.467909  0.312288
1.12664  0.791593  0.104397
1.12286  -0.711154  -0.390307
1.13366  -0.629287  -0.329211
1.13307  0.27098  0.489782
1.12156  -0.890726  0.542397
1.1304  -0.1555  -0.0908966
1.13931  0.0631776  0.315375
1.13366  -0.629287  -0.329211
1.12546  -0.649992  -0.0941328
1.11434  -0.424932  -0.0045021
1.12286  -0.547903  -0.390307
1.11406  0.363075  0.455664
1.11406  0.363075  0.455664
1.12808  0.793225  0.490679
1.1228  0.165559  0.52979
1.11696  0.33168  -0.199418
1.13931  -0.167114  0.272608
1.1228  0.165559  0.52979
1.13307  0.216388  0.769483
1.13931  -0.167114  0.272608
1.11813  0.42911  -0.22632
1.11406  0.363075  0.455664
1.1304  0.0673469  -0.212427
1.13366  -0.629287  -0.329211
1.13366  -0.629287  -0.329211
1.13366  -0.629287  -0.329211
1.11434  -0.424932  -0.0045021
1.11813  0.42911  -0.22632
1.12808  0.793225  0.490679
1.1304  -0.1555  -0.0908966
1.13307  0.216388  0.769483
1.13366  -0.629287  -0.329211
1.12546  -0.649992  -0.0941328
1.12739  0.544681  -0.0623394
1.11434  -0.424932  -0.0045021
1.10825  0.467909  0.312288
1.11938  -0.089255  0.382043
1.1304  0.0673469  -0.212427
1.11938  -0.089255  0.382043
1.12286  -0.711154  -0.390307
1.13366  -0.629287  -0.329211
