0.837491  -0.416519  -0.258607
0.840891  0.94599  -0.622489
0.833458  0.337954  -0.422771
0.833231  -0.721003  0.668629
0.837491  -0.938492  0.00769634
0.833809  0.678875  -0.669288
0.847264  0.838237  -0.23472
0.834149  -0.675188  -0.170844
0.832196  -0.0845799  0.0657392
0.840891  0.94599  -0.622489
0.826152  -0.125473  -0.568308
0.837491  -0.416519  -0.170808
0.847264  0.838237  -0.23472
0.825202  0.303761  -0.390057
0.833809  0.622711  -0.669288
0.837491  -0.416519  -0.258607
0.837491  -0.416519  -0.258607
0.840891  0.94599  -0.622489
0.860838  0.904218  -0.907673
0.831948  0.0694621  -0.0451847
0.833231  -0.721003  0.668629
0.832196  0.100726  -0.125517
0.840891  0.94599  -0.622489
0.832196  -0.0845799  0.0657392
0.826152  -0.125473  -0.568308
0.81941  0.476128  0.0537278
0.847264  0.680232  -0.367877
0.833231  -0.721003  0.668629
0.837491  -0.938492  0.00769634
0.833231  -0.721003  0.668629
0.833809  0.678875  -0.669288
0.837491  -0.416519  -0.258607
0.837491  -0.416519  -0.258607
0.828994  0.338521  0.155747
0.833809  0.622711  -0.669288
0.840891  0.94599  -0.622489
0.837491  -0.416519  -0.258607
0.837491  -0.416519  -0.258607
0.81941  0.476128  0.0537278
0.832196  0.100726  -0.125517
0.840891  0.94599  -0.622489
0.837491  -0.938492  0.00769634
0.828148  -0.0806966  -0.63628
0.840891  0.94599  -0.622489
0.837491  -0.416519  -0.258607
0.847264  0.680232  -0.367877
0.833231  -0.721003  0.668629
0.833809  0.678875  -0.669288
0.837491  -0.416519  -0.170808
0.824464  0.569281  -0.538969
0.833458  0.668471  -0.0824846
0.833809  0.678875  -0.669288
0.832196  0.100726  -0.125517
0.837005  0.829254  1.62637
0.818098  -0.805083  0.865437
0.833458  0.337954  -0.422771
0.81941  0.476128  0.0537278
0.837491  -0.416519  -0.258607
0.832196  0.100726  -0.125517
0.831948  0.0694621  -0.0451847
0.833458  0.668471  -0.0824846
0.840891  0.94599  -0.622489
0.833809  0.622711  -0.669288
0.837491  -0.416519  -0.258607
0.840891  0.94599  -0.622489
0.814296  -0.808849  -0.337821
0.833809  0.678875  -0.669288
0.837491  -0.416519  -0.258607
0.833458  0.668471  -0.0824846
0.837491  -0.416519  -0.258607
0.847264  0.838237  -0.23472
0.840891  0.94599  -0.622489
0.840891  0.94599  -0.622489
0.833809  0.622711  -0.669288
0.814296  -0.808849  -0.337821
0.837491  -0.416519  -0.258607
0.837491  -0.416519  -0.258607
0.847264  0.838237  -0.23472
0.837005  0.829254  1.62637
0.837491  -0.416519  -0.258607
0.832196  0.100726  -0.125517
0.834077  0.535425  0.457676
0.837491  -0.938492  0.400241
0.837005  0.829254  1.62637
0.834077  0.535425  0.457676
0.837491  -0.416519  -0.258607
0.837491  -0.401301  -0.258607
0.860838  0.904218  -0.907673
0.831948  0.0694621  -0.0451847
0.814296  -0.808849  -0.337821
0.837005  0.829254  1.62637
0.81941  0.476128  0.0537278
0.833809  0.678875  -0.669288
0.833809  0.622711  -0.669288
0.837491  -0.416519  -0.258607
0.847264  0.838237  -0.23472
0.852576  0.303761  -0.390057
0.837491  -0.416519  -0.258607
0.825202  0.303761  -0.390057
0.837005  0.829254  1.62637
0.834077  0.535425  0.457676
0.81941  0.476128  0.0537278
0.833809  0.678875  -0.669288
0.847264  0.838237  -0.23472
0.837005  0.829254  1.62637
0.825202  0.303761  -0.390057
0.828148  -0.0806966  -0.63628
0.834077  0.535425  0.457676
0.831948  0.0694621  -0.0451847
0.837491  -0.416519  -0.258607
0.833809  0.622711  -0.669288
0.834077  0.535425  0.457676
0.840891  0.94599  -0.622489
0.833231  -0.721003  0.668629
0.837491  -0.938492  0.00769634
0.840891  0.94599  -0.622489
0.840891  0.94599  -0.622489
0.840891  0.94599  -0.622489
0.840891  0.94599  -0.622489
0.840891  0.94599  -0.622489
0.837491  -0.416519  -0.258607
0.833231  -0.721003  0.668629
0.837005  0.829254  1.62637
0.837491  -0.416519  -0.258607
0.818098  -0.937807  0.865437
0.828148  -0.0806966  -0.63628
0.852576  0.303761  -0.390057
0.837491  -0.416519  -0.258607
0.828148  -0.0806966  -0.63628
0.840891  0.94599  -0.622489
0.840891  0.94599  -0.622489
0.833458  0.668471  -0.0824846
0.837491  -0.416519  -0.170808
0.837005  0.829254  1.62637
0.840891  0.94599  -0.622489
0.833458  0.668471  -0.0824846
0.847264  0.838237  -0.23472
0.81941  0.476128  0.0537278
0.810663  -0.577348  -1.01308
0.834077  0.535425  0.457676
0.837491  -0.416519  -0.258607
0.832196  0.100726  -0.125517
0.814296  -0.808849  -0.337821
0.828148  -0.0806966  -0.63628
0.833809  0.622711  -0.669288
0.837491  -0.416519  -0.258607
0.825202  0.303761  -0.390057
0.837491  -0.416519  -0.258607
0.847264  0.838237  -0.23472
0.837491  -0.416519  -0.258607
0.837491  -0.416519  -0.258607
0.833809  0.622711  -0.669288
0.840891  0.94599  -0.622489
0.840891  0.94599  -0.622489
0.841071  -0.547167  0.188844
0.840891  0.94599  -0.622489
0.837491  -0.416519  -0.258607
0.833809  0.622711  -0.669288
0.840891  0.94599  -0.622489
0.832196  0.100726  -0.125517
0.860838  0.904218  -0.907673
0.828148  -0.0806966  -0.63628
0.814296  -0.808849  -0.337821
0.833809  0.678875  -0.669288
0.833458  0.337954  -0.422771
0.834077  0.535425  0.457676
0.840891  0.94599  -0.622489
0.847264  0.540283  -0.278886
0.837491  -0.416519  -0.258607
0.834149  -0.675188  -0.170844
0.814296  -0.808849  -0.337821
0.832196  0.100726  -0.125517
0.828148  -0.0806966  -0.63628
0.834077  0.535425  0.457676
0.847264  0.838237  -0.23472
0.833809  0.678875  -0.669288
0.833809  0.622711  -0.669288
0.833231  -0.721003  0.668629
0.833458  0.668471  -0.0824846
0.814296  -0.808849  -0.337821
0.833458  0.668471  -0.0824846
0.837491  -0.401301  -0.258607
0.847264  0.838237  -0.23472
0.834077  0.535425  0.457676
0.837491  -0.401301  -0.258607
0.832196  0.100726  -0.125517
0.837491  -0.416519  -0.258607
0.833231  -0.721003  0.668629
0.834077  0.535425  0.457676
0.837491  -0.416519  -0.258607
0.836907  -0.108524  0.268473
0.840891  0.94599  -0.622489
0.833809  0.622711  -0.669288
0.837491  -0.416519  -0.170808
0.818098  -0.805083  0.865437
0.852958  -0.715485  -0.25223
0.833809  0.622711  -0.669288
0.837491  -0.416519  -0.258607
0.825202  0.303761  -0.390057
0.837491  -0.416519  -0.258607
0.837491  -0.938492  0.400241
0.834077  0.535425  0.457676
0.829088  -0.107618  -0.0822861
0.832196  0.100726  -0.125517
0.833809  0.678875  -0.669288
0.840891  0.94599  -0.622489
0.832196  0.100726  -0.125517
0.833809  0.678875  -0.669288
0.831948  0.0694621  -0.0451847
0.833231  -0.721003  0.668629
0.837491  -0.416519  -0.170808
0.834149  -0.675188  -0.170844
0.833231  -0.721003  0.668629
0.852958  -0.715485  -0.25223
0.837491  -0.416519  -0.258607
0.824464  0.569281  -0.538969
0.810663  -0.577348  -1.01308
0.833231  -0.721003  0.668629
0.837005  0.829254  1.62637
0.833809  0.678875  -0.669288
0.833809  0.622711  -0.669288
0.837491  -0.401301  -0.258607
0.847264  0.680232  -0.367877
0.832196  0.100726  -0.125517
0.824464  0.569281  -0.538969
0.834077  0.535425  0.457676
0.833809  0.678875  -0.669288
0.837491  -0.416519  -0.170808
0.837491  -0.416519  -0.258607
0.847264  0.838237  -0.23472
0.834149  -0.675188  -0.170844
0.837005  0.829254  1.62637
0.833809  0.678875  -0.669288
0.847264  0.540283  -0.278886
0.860838  0.904218  -0.907673
0.837005  0.829254  1.62637
0.825202  0.303761  -0.390057
0.837491  -0.416519  -0.258607
0.832196  -0.0845799  0.0657392
0.833809  0.678875  -0.669288
0.824464  0.569281  -0.538969
0.840891  0.94599  -0.622489
0.833809  0.622711  -0.669288
0.810663  -0.577348  -1.01308
0.834149  -0.675188  -0.170844
0.833458  0.668471  -0.0824846
0.833809  0.678875  -0.669288
0.837491  -0.416519  -0.170808
0.840891  0.94599  -0.622489
0.840891  0.94599  -0.622489
0.840891  0.94599  -0.622489
0.833809  0.678875  -0.669288
0.837491  -0.416519  -0.258607
0.834077  0.535425  0.457676
0.833231  -0.721003  0.668629
0.837491  -0.416519  -0.170808
0.834077  0.535425  0.457676
0.837491  -0.416519  -0.258607
0.847264  0.838237  -0.23472
0.837491  -0.416519  -0.258607
0.841071  -0.547167  0.188844
0.833231  -0.721003  0.668629
0.834149  -0.675188  -0.170844
0.834077  0.535425  0.457676
0.837491  -0.416519  -0.258607
0.840891  0.94599  -0.622489
0.840891  0.94599  -0.622489
0.834149  -0.675188  -0.170844
0.833809  0.678875  -0.669288
0.833231  -0.721003  0.668629
0.837491  -0.416519  -0.258607
0.833809  0.622711  -0.669288
0.837491  -0.416519  -0.170808
0.834149  -0.675188  -0.170844
0.832196  0.100726  -0.125517
0.833809  0.622711  -0.669288
0.833809  0.678875  -0.669288
0.837491  -0.416519  -0.258607
0.826152  -0.125473  -0.568308
0.837491  -0.416519  -0.258607
0.832196  0.100726  -0.125517
0.833809  0.678875  -0.669288
0.833458  0.668471  -0.0824846
0.851781  -0.191219  0.454072
0.833231  -0.721003  0.668629
0.833809  0.678875  -0.669288
0.833231  -0.721003  0.668629
0.837491  -0.416519  -0.258607
0.837491  -0.938492  0.00769634
0.840891  0.94599  -0.622489
0.825202  0.303761  -0.390057
0.833809  0.678875  -0.669288
0.832196  0.100726  -0.125517
0.837005  0.829254  1.62637
0.847264  0.838237  -0.23472
0.852958  -0.715485  -0.25223
0.860838  0.904218  -0.907673
0.840891  0.94599  -0.622489
0.840891  0.94599  -0.622489
0.847264  0.838237  -0.23472
0.847264  0.838237  -0.23472
0.847264  0.540283  -0.278886
0.833809  0.678875  -0.669288
0.833809  0.678875  -0.669288
0.837491  -0.416519  -0.258607
0.81941  0.476128  0.0537278
0.837491  -0.416519  -0.258607
0.775313  -0.416519  -0.258607
0.81941  0.476128  0.0537278
0.840891  0.94599  -0.622489
0.833458  0.668471  -0.0824846
0.833458  0.337954  -0.422771
0.81941  0.476128  0.0537278
0.837005  0.829254  1.62637
0.825202  0.303761  -0.390057
0.833809  0.622711  -0.669288
0.837491  -0.416519  -0.170808
0.837491  -0.416519  -0.258607
0.837491  -0.416519  -0.258607
0.837491  -0.416519  -0.170808
0.847264  0.540283  -0.278886
0.829088  -0.107618  -0.0822861
0.837491  -0.416519  -0.258607
0.837491  -0.938492  0.400241
0.837491  -0.416519  -0.258607
0.833809  0.678875  -0.669288
0.832196  0.100726  -0.125517
0.826152  -0.125473  -0.568308
0.834077  0.535425  0.457676
0.840891  0.94599  -0.622489
0.860838  0.904218  -0.907673
0.829088  -0.107618  -0.0822861
0.833809  0.678875  -0.669288
0.818098  -0.805083  0.865437
0.825202  0.303761  -0.390057
0.837491  -0.416519  -0.170808
0.840891  0.94599  -0.622489
0.834077  0.717772  0.499623
0.837491  -0.938492  0.400241
0.833809  0.622711  -0.669288
0.814296  -0.808849  -0.337821
0.833809  0.678875  -0.669288
0.837491  -0.401301  -0.258607
0.840891  0.94599  -0.622489
0.837491  -0.938492  0.00769634
0.837491  -0.401301  -0.258607
0.833809  0.622711  -0.669288
0.833458  0.668471  -0.0824846
0.847264  0.838237  -0.23472
0.833809  0.622711  -0.669288
0.833809  0.622711  -0.669288
0.810663  -0.577348  -1.01308
0.841071  -0.547167  0.188844
0.832196  0.100726  -0.125517
0.833231  -0.721003  0.668629
0.840891  0.94599  -0.622489
0.847264  0.838237  -0.23472
0.837491  -0.416519  -0.258607
0.837491  -0.416519  -0.258607
0.833809  0.678875  -0.669288
0.834077  0.535425  0.457676
0.852958  -0.715485  -0.25223
0.847264  0.838237  -0.23472
0.833809  0.678875  -0.669288
0.81941  0.476128  0.0537278
0.833809  0.678875  -0.669288
0.832196  0.100726  -0.125517
0.852576  0.303761  -0.390057
0.841071  -0.547167  0.188844
0.837491  -0.938492  0.400241
0.834077  0.535425  0.457676
0.826152  -0.125473  -0.568308
0.833231  -0.721003  0.668629
0.818098  -0.805083  0.865437
0.837491  -0.938492  0.00769634
0.828148  -0.0806966  -0.63628
0.834077  0.535425  0.457676
0.840891  0.94599  -0.622489
0.837491  -0.416519  -0.170808
0.837491  -0.416519  -0.258607
0.834077  0.717772  0.499623
0.840891  0.94599  -0.622489
0.814296  -0.808849  -0.337821
0.837491  -0.416519  -0.258607
0.834149  -0.675188  -0.170844
0.826152  -0.125473  -0.568308
0.833809  0.622711  -0.669288
0.833458  0.668471  -0.0824846
0.832196  0.100726  -0.125517
0.840891  0.94599  -0.622489
0.825202  0.303761  -0.390057
0.837005  0.829254  1.62637
0.840891  0.94599  -0.622489
0.833231  -0.721003  0.668629
0.832196  0.100726  -0.125517
0.814296  -0.808849  -0.337821
0.833231  -0.721003  0.668629
0.837491  -0.416519  -0.258607
0.833809  0.622711  -0.669288
0.833458  0.337954  -0.422771
0.826152  -0.125473  -0.568308
0.837491  -0.416519  -0.258607
0.840891  0.94599  -0.622489
0.833809  0.678875  -0.669288
0.825202  0.303761  -0.390057
0.824464  0.569281  -0.538969
0.824464  0.569281  -0.538969
0.833809  0.678875  -0.669288
0.840891  0.94599  -0.622489
0.837491  -0.416519  -0.258607
0.824464  0.569281  -0.538969
0.847264  0.680232  -0.367877
0.828994  0.338521  0.155747
0.837491  -0.416519  -0.258607
0.81941  0.476128  0.0537278
0.852958  -0.715485  -0.25223
0.840891  0.94599  -0.622489
0.832196  -0.0845799  0.0657392
0.828148  -0.0806966  -0.63628
0.847264  0.540283  -0.278886
0.852576  0.303761  -0.390057
0.833231  -0.721003  0.668629
0.824464  0.569281  -0.538969
0.840891  0.94599  -0.622489
0.833809  0.678875  -0.669288
0.840891  0.94599  -0.622489
0.824464  0.569281  -0.538969
0.837491  -0.416519  -0.258607
0.833809  0.678875  -0.669288
0.837491  -0.938492  0.00769634
0.834077  0.535425  0.457676
0.810663  -0.577348  -1.01308
0.837491  -0.416519  -0.258607
0.833231  -0.721003  0.668629
0.833231  -0.721003  0.668629
0.837491  -0.416519  -0.258607
0.837491  -0.416519  -0.258607
0.840891  0.94599  -0.622489
0.837491  -0.416519  -0.258607
0.810663  -0.577348  -1.01308
0.837491  -0.416519  -0.258607
0.831948  0.0694621  -0.0451847
0.834149  -0.675188  -0.170844
0.833231  -0.721003  0.668629
0.837491  -0.416519  -0.258607
0.833809  0.678875  -0.669288
0.833458  0.668471  -0.0824846
0.833231  -0.721003  0.668629
0.837005  0.829254  1.62637
0.833809  0.678875  -0.669288
0.81941  0.476128  0.0537278
0.833809  0.622711  -0.669288
0.81941  0.476128  0.0537278
0.833809  0.622711  -0.669288
0.824464  0.569281  -0.538969
0.837491  -0.938492  0.400241
0.837491  -0.938492  0.400241
0.833809  0.622711  -0.669288
0.832196  -0.0845799  0.0657392
0.837005  0.829254  1.62637
0.829088  -0.107618  -0.0822861
0.847264  0.540283  -0.278886
0.837491  -0.938492  0.400241
0.833458  0.337954  -0.422771
0.837491  -0.938492  0.400241
0.847264  0.838237  -0.23472
0.837491  -0.416519  -0.258607
0.810663  -0.577348  -1.01308
0.840891  0.94599  -0.622489
0.833809  0.678875  -0.669288
0.837491  -0.416519  -0.170808
0.833809  0.678875  -0.669288
0.840891  0.94599  -0.622489
0.837491  -0.416519  -0.170808
0.833809  0.678875  -0.669288
0.837491  -0.416519  -0.258607
0.81941  0.476128  0.0537278
0.847264  0.838237  -0.23472
0.834077  0.717772  0.499623
0.833231  -0.721003  0.668629
0.824464  0.569281  -0.538969
0.833809  0.678875  -0.669288
0.837491  -0.416519  -0.258607
0.81941  0.476128  0.0537278
0.837491  -0.416519  -0.258607
0.837491  -0.938492  0.400241
0.832196  0.100726  -0.125517
0.841071  -0.547167  0.188844
0.818098  -0.805083  0.865437
0.832196  0.100726  -0.125517
0.837005  0.829254  1.62637
0.837491  -0.416519  -0.258607
0.833231  -0.721003  0.668629
0.837491  -0.416519  -0.258607
0.833809  0.622711  -0.669288
0.840891  0.94599  -0.622489
0.832196  -0.0845799  0.0657392
0.832196  0.100726  -0.125517
0.837491  -0.416519  -0.258607
0.847264  0.540283  -0.278886
0.814296  -0.808849  -0.337821
0.834149  -0.675188  -0.170844
0.834077  0.535425  0.457676
0.837491  -0.416519  -0.170808
0.834149  -0.675188  -0.170844
0.833809  0.622711  -0.669288
0.837491  -0.416519  -0.258607
0.833231  -0.721003  0.668629
0.837491  -0.416519  -0.258607
0.833809  0.678875  -0.669288
0.837491  -0.416519  -0.258607
0.837491  -0.416519  -0.258607
0.840891  0.94599  -0.622489
0.833458  0.337954  -0.422771
0.837491  -0.401301  -0.258607
0.833809  0.622711  -0.669288
0.837491  -0.416519  -0.258607
0.840891  0.94599  -0.622489
0.833458  0.668471  -0.0824846
0.814296  -0.808849  -0.337821
0.818098  -0.805083  0.865437
0.837005  0.829254  1.62637
0.824464  0.569281  -0.538969
0.828148  -0.0806966  -0.63628
0.837491  -0.416519  -0.170808
0.832196  0.100726  -0.125517
0.847264  0.838237  -0.23472
0.824464  0.569281  -0.538969
0.847264  0.838237  -0.23472
0.834149  -0.675188  -0.170844
0.837491  -0.938492  0.400241
0.834149  -0.675188  -0.170844
0.837005  0.829254  1.62637
0.81941  0.476128  0.0537278
0.824464  0.569281  -0.538969
0.837491  -0.416519  -0.258607
0.828994  0.338521  0.155747
0.824464  0.569281  -0.538969
0.833809  0.678875  -0.669288
0.837005  0.829254  1.62637
0.840891  0.94599  -0.622489
0.833231  -0.721003  0.668629
0.833458  0.668471  -0.0824846
0.837491  -0.416519  -0.170808
0.833809  0.622711  -0.669288
0.834077  0.535425  0.457676
0.837491  -0.416519  -0.258607
0.860838  0.904218  -0.907673
0.837491  -0.416519  -0.170808
0.837491  -0.416519  -0.258607
0.840891  0.94599  -0.622489
0.833809  0.678875  -0.669288
0.841071  -0.547167  0.188844
0.840891  0.94599  -0.622489
0.833231  -0.721003  0.668629
0.847264  0.838237  -0.23472
0.831948  0.0694621  -0.0451847
0.833809  0.622711  -0.669288
0.837491  -0.416519  -0.170808
0.833809  0.678875  -0.669288
0.837491  -0.416519  -0.258607
0.824464  0.569281  -0.538969
0.840891  0.94599  -0.622489
0.837491  -0.416519  -0.258607
0.825202  0.303761  -0.390057
0.837005  0.829254  1.62637
0.832196  -0.0845799  0.0657392
0.810663  -0.577348  -1.01308
0.833458  0.668471  -0.0824846
0.837491  -0.416519  -0.258607
0.847264  0.755608  -0.0346795
0.833231  -0.721003  0.668629
0.840891  0.94599  -0.622489
0.837491  -0.401301  -0.258607
0.834149  -0.675188  -0.170844
0.837005  0.829254  1.62637
0.837491  -0.416519  -0.258607
0.840891  0.94599  -0.622489
0.837491  -0.416519  -0.258607
0.840891  0.94599  -0.622489
0.851781  -0.191219  0.454072
0.837491  -0.416519  -0.258607
0.837491  -0.416519  -0.258607
0.840891  0.94599  -0.622489
0.833458  0.668471  -0.0824846
0.825202  0.303761  -0.390057
0.852576  0.303761  -0.390057
0.833809  0.678875  -0.669288
0.837491  -0.938492  0.400241
0.833809  0.622711  -0.669288
0.81941  0.476128  0.0537278
0.834077  0.535425  0.457676
0.810663  -0.577348  -1.01308
0.837491  -0.401301  -0.258607
0.837491  -0.416519  -0.258607
0.833231  -0.721003  0.668629
0.837491  -0.401301  -0.258607
0.833809  0.678875  -0.669288
0.833231  -0.721003  0.668629
0.833809  0.678875  -0.669288
0.834077  0.535425  0.457676
0.825202  0.303761  -0.390057
0.837491  -0.938492  0.00769634
0.837491  -0.416519  -0.258607
0.826152  -0.125473  -0.568308
0.834077  0.535425  0.457676
0.833809  0.622711  -0.669288
0.847264  0.838237  -0.23472
0.852958  -0.715485  -0.25223
0.833809  0.678875  -0.669288
0.833809  0.678875  -0.669288
0.840891  0.94599  -0.622489
0.824464  0.569281  -0.538969
0.840891  0.94599  -0.622489
0.832196  -0.0845799  0.0657392
0.832196  0.100726  -0.125517
0.837491  -0.416519  -0.258607
0.833231  -0.721003  0.668629
0.818098  -0.805083  0.865437
0.829088  -0.107618  -0.0822861
0.860838  0.904218  -0.907673
0.837491  -0.938492  0.00769634
0.832196  0.100726  -0.125517
0.837491  -0.416519  -0.170808
0.834077  0.717772  0.499623
0.833458  0.668471  -0.0824846
0.833458  0.668471  -0.0824846
0.833231  -0.721003  0.668629
0.832196  0.100726  -0.125517
0.824464  0.569281  -0.538969
0.840891  0.94599  -0.622489
0.837491  -0.416519  -0.170808
0.834149  -0.675188  -0.170844
0.833809  0.678875  -0.669288
0.826152  -0.125473  -0.568308
0.837491  -0.416519  -0.258607
0.837491  -0.416519  -0.258607
0.833458  0.668471  -0.0824846
0.81941  0.476128  0.0537278
0.814296  -0.808849  -0.337821
0.840891  0.94599  -0.622489
0.833458  0.668471  -0.0824846
0.818098  -0.805083  0.865437
0.833809  0.622711  -0.669288
0.833458  0.337954  -0.422771
0.810663  -0.577348  -1.01308
0.834149  -0.675188  -0.170844
0.825202  0.303761  -0.390057
0.840891  0.94599  -0.622489
0.833458  0.668471  -0.0824846
0.837491  -0.938492  0.400241
0.81941  0.476128  0.0537278
0.833809  0.678875  -0.669288
0.840891  0.94599  -0.622489
0.837005  0.829254  1.62637
0.833809  0.678875  -0.669288
0.852958  -0.715485  -0.25223
0.860838  0.904218  -0.907673
0.810663  -0.577348  -1.01308
0.833458  0.337954  -0.422771
0.852958  -0.715485  -0.25223
0.837005  0.829254  1.62637
0.837491  -0.938492  0.400241
0.818098  -0.805083  0.865437
0.833809  0.678875  -0.669288
0.810663  -0.577348  -1.01308
0.833809  0.622711  -0.669288
0.840891  0.94599  -0.622489
0.837491  -0.401301  -0.258607
0.840891  0.94599  -0.622489
0.841071  -0.547167  0.188844
0.860838  0.904218  -0.907673
0.81941  0.476128  0.0537278
0.829088  -0.107618  -0.0822861
0.833458  0.337954  -0.422771
0.833809  0.622711  -0.669288
0.860838  0.904218  -0.907673
0.837491  -0.416519  -0.258607
0.847264  0.838237  -0.23472
0.833809  0.678875  -0.669288
0.833809  0.622711  -0.669288
0.837005  0.829254  1.62637
0.837005  0.829254  1.62637
0.840891  0.94599  -0.622489
0.836907  -0.108524  0.268473
0.837491  -0.416519  -0.170808
0.833809  0.678875  -0.669288
0.840891  0.94599  -0.622489
0.833809  0.622711  -0.669288
0.833809  0.622711  -0.669288
0.837491  -0.416519  -0.258607
0.840891  0.94599  -0.622489
0.834149  -0.675188  -0.170844
0.833809  0.678875  -0.669288
0.837491  -0.416519  -0.258607
0.828148  -0.0806966  -0.63628
0.840891  0.94599  -0.622489
0.828148  -0.0806966  -0.63628
0.837491  -0.416519  -0.170808
0.847264  0.838237  -0.23472
0.826152  -0.125473  -0.568308
0.833458  0.337954  -0.422771
0.833809  0.678875  -0.669288
0.833809  0.678875  -0.669288
0.833231  -0.721003  0.668629
0.833231  -0.721003  0.668629
0.81941  0.476128  0.0537278
0.837491  -0.416519  -0.258607
0.834077  0.535425  0.457676
0.837491  -0.416519  -0.258607
0.837491  -0.416519  -0.258607
0.837491  -0.416519  -0.258607
0.818098  -0.805083  0.865437
0.834077  0.535425  0.457676
0.833809  0.678875  -0.669288
0.824464  0.569281  -0.538969
0.840891  0.94599  -0.622489
0.840891  0.94599  -0.622489
0.837491  -0.416519  -0.258607
0.837491  -0.416519  -0.258607
0.824464  0.569281  -0.538969
0.832196  0.100726  -0.125517
0.833809  0.622711  -0.669288
0.832196  -0.0845799  0.0657392
0.810663  -0.577348  -1.01308
0.837005  0.829254  1.62637
0.837491  -0.416519  -0.258607
0.824464  0.569281  -0.538969
0.837491  -0.416519  -0.258607
0.851781  -0.191219  0.454072
0.825202  0.303761  -0.390057
0.834077  0.535425  0.457676
0.841071  -0.547167  0.188844
0.833809  0.622711  -0.669288
0.833231  -0.721003  0.668629
0.837005  0.829254  1.62637
0.840891  0.94599  -0.622489
0.840891  0.94599  -0.622489
0.837491  -0.416519  -0.170808
0.831948  0.0694621  -0.0451847
0.840891  0.94599  -0.622489
0.833809  0.678875  -0.669288
0.840891  0.94599  -0.622489
0.81941  0.476128  0.0537278
0.852958  -0.715485  -0.25223
0.833231  -0.721003  0.668629
0.833458  0.337954  -0.422771
0.840891  0.94599  -0.622489
0.825202  0.303761  -0.390057
0.833458  0.337954  -0.422771
0.841071  -0.547167  0.188844
0.833458  0.668471  -0.0824846
0.824464  0.569281  -0.538969
0.832196  0.100726  -0.125517
0.833458  0.668471  -0.0824846
0.847264  0.680232  -0.367877
0.837491  -0.416519  -0.258607
0.840891  0.94599  -0.622489
0.837491  -0.416519  -0.258607
0.837491  -0.401301  -0.258607
0.840891  0.94599  -0.622489
0.847264  0.838237  -0.23472
0.834149  -0.675188  -0.170844
0.832196  -0.0845799  0.0657392
0.847264  0.680232  -0.367877
0.833809  0.678875  -0.669288
0.837491  -0.416519  -0.258607
0.837491  -0.416519  -0.258607
0.833231  -0.721003  0.668629
0.851781  -0.191219  0.454072
0.837005  0.829254  1.62637
0.852576  0.303761  -0.390057
0.837491  -0.416519  -0.258607
0.833809  0.678875  -0.669288
0.837491  -0.938492  0.400241
0.833809  0.678875  -0.669288
0.833458  0.337954  -0.422771
0.826152  -0.125473  -0.568308
0.818098  -0.805083  0.865437
0.81941  0.476128  0.0537278
0.837491  -0.416519  -0.258607
0.810663  -0.577348  -1.01308
0.837491  -0.938492  0.00769634
0.832196  0.100726  -0.125517
0.814296  -0.808849  -0.337821
0.837491  -0.416519  -0.258607
0.837491  -0.416519  -0.258607
0.837491  -0.416519  -0.170808
0.832196  -0.0845799  0.0657392
0.832196  0.100726  -0.125517
0.837491  -0.416519  -0.258607
0.833809  0.678875  -0.669288
0.837491  -0.416519  -0.258607
0.837491  -0.416519  -0.258607
0.837491  -0.416519  -0.258607
0.837491  -0.416519  -0.258607
0.833458  0.337954  -0.422771
0.834077  0.535425  0.457676
0.840891  0.94599  -0.622489
0.814296  -0.808849  -0.337821
0.832196  -0.0845799  0.0657392
0.847264  0.838237  -0.23472
0.860838  0.904218  -0.907673
0.837491  -0.416519  -0.258607
0.837491  -0.938492  0.0439212
0.81941  0.476128  0.0537278
0.831948  0.0694621  -0.0451847
0.833809  0.678875  -0.669288
0.837491  -0.416519  -0.258607
0.824464  0.569281  -0.538969
0.81941  0.476128  0.0537278
0.832196  0.100726  -0.125517
0.837491  -0.401301  -0.258607
0.837491  -0.416519  -0.258607
0.834077  0.535425  0.457676
0.837491  -0.416519  -0.258607
0.825202  0.303761  -0.390057
0.814296  -0.808849  -0.337821
0.840891  0.94599  -0.622489
0.833231  -0.721003  0.668629
0.834149  -0.675188  -0.170844
0.833458  0.337954  -0.422771
0.828994  0.338521  0.155747
0.825202  0.303761  -0.390057
0.837491  -0.416519  -0.258607
0.837491  -0.416519  -0.258607
0.837491  -0.416519  -0.170808
0.837491  -0.416519  -0.258607
0.833458  0.337954  -0.422771
0.847264  0.680232  -0.367877
0.840891  0.94599  -0.622489
0.837491  -0.416519  -0.258607
0.860838  0.904218  -0.907673
0.837491  -0.416519  -0.258607
0.837491  -0.416519  -0.258607
0.825202  0.303761  -0.390057
0.847264  0.838237  -0.23472
0.851781  -0.191219  0.454072
0.840891  0.94599  -0.622489
0.833231  -0.721003  0.668629
0.840891  0.94599  -0.622489
0.852958  -0.715485  -0.25223
0.833809  0.678875  -0.669288
0.847264  0.680232  -0.367877
0.834077  0.535425  0.457676
0.833458  0.337954  -0.422771
0.840891  0.94599  -0.622489
0.837491  -0.416519  -0.258607
0.837491  -0.416519  -0.258607
0.832196  -0.0845799  0.0657392
0.832196  -0.0845799  0.0657392
0.840891  0.94599  -0.622489
0.834149  -0.675188  -0.170844
0.837491  -0.416519  -0.170808
0.847264  0.540283  -0.278886
0.847264  0.838237  -0.23472
0.837491  -0.416519  -0.170808
0.833809  0.678875  -0.669288
0.81941  0.476128  0.0537278
0.833809  0.622711  -0.669288
0.837491  -0.416519  -0.258607
0.834149  -0.675188  -0.170844
0.833231  -0.721003  0.668629
0.833809  0.678875  -0.669288
0.833458  0.668471  -0.0824846
0.840891  0.94599  -0.622489
0.837491  -0.416519  -0.258607
0.834077  0.535425  0.457676
0.837491  -0.416519  -0.258607
0.832196  -0.0845799  0.0657392
0.833809  0.678875  -0.669288
0.840891  0.94599  -0.622489
0.833809  0.678875  -0.669288
0.840891  0.94599  -0.622489
0.840891  0.94599  -0.622489
0.837491  -0.401301  -0.258607
0.837491  -0.416519  -0.258607
0.837491  -0.401301  -0.258607
0.837491  -0.416519  -0.258607
0.828148  -0.0806966  -0.63628
0.837491  -0.416519  -0.258607
0.833809  0.622711  -0.669288
0.826152  -0.125473  -0.568308
0.810663  -0.577348  -1.01308
0.847264  0.838237  -0.23472
0.860838  0.904218  -0.907673
0.81941  0.476128  0.0537278
0.833231  -0.721003  0.668629
0.834077  0.535425  0.457676
0.828148  -0.0806966  -0.63628
0.837005  0.829254  1.62637
0.837491  -0.416519  -0.258607
0.837491  -0.416519  -0.258607
0.833809  0.622711  -0.669288
0.833231  -0.721003  0.668629
0.833458  0.668471  -0.0824846
0.833809  0.622711  -0.669288
0.825202  0.303761  -0.390057
0.847264  0.838237  -0.23472
0.837491  -0.416519  -0.258607
0.847264  0.540283  -0.278886
0.832196  0.100726  -0.125517
0.847264  0.838237  -0.23472
0.847264  0.838237  -0.23472
0.834149  -0.675188  -0.170844
0.840891  0.94599  -0.622489
0.824464  0.569281  -0.538969
0.847264  0.838237  -0.23472
0.833809  0.622711  -0.669288
0.837491  -0.416519  -0.258607
0.833458  0.337954  -0.422771
0.824464  0.569281  -0.538969
0.837491  -0.416519  -0.258607
0.837491  -0.416519  -0.258607
0.81941  0.476128  0.0537278
0.833231  -0.721003  0.668629
0.818098  -0.805083  0.865437
0.833809  0.622711  -0.669288
0.825202  0.303761  -0.390057
0.833809  0.622711  -0.669288
0.840891  0.94599  -0.622489
0.826152  -0.125473  -0.568308
0.837005  0.829254  1.62637
0.834077  0.535425  0.457676
0.837491  -0.416519  -0.258607
0.828148  -0.0806966  -0.63628
0.81941  0.476128  0.0537278
0.824464  0.569281  -0.538969
0.833809  0.622711  -0.669288
0.847264  0.838237  -0.23472
0.837005  0.829254  1.62637
0.840891  0.94599  -0.622489
0.833458  0.337954  -0.422771
0.837491  -0.938492  0.00769634
0.832196  0.100726  -0.125517
0.834077  0.535425  0.457676
0.829088  -0.107618  -0.0822861
0.825202  0.303761  -0.390057
0.825202  0.303761  -0.390057
0.837005  0.829254  1.62637
0.837491  -0.416519  -0.258607
0.824464  0.569281  -0.538969
0.832196  0.100726  -0.125517
0.837491  -0.938492  0.400241
0.840891  0.94599  -0.622489
0.833809  0.678875  -0.669288
0.837491  -0.416519  -0.258607
0.832196  0.100726  -0.125517
0.840891  0.94599  -0.622489
0.81941  0.476128  0.0537278
0.837491  -0.416519  -0.258607
0.837491  -0.416519  -0.170808
0.836907  -0.108524  0.268473
0.837491  -0.416519  -0.258607
0.837491  -0.416519  -0.258607
0.833809  0.678875  -0.669288
0.834077  0.535425  0.457676
0.847264  0.838237  -0.23472
0.837491  -0.416519  -0.258607
0.837491  -0.416519  -0.258607
0.837491  -0.401301  -0.258607
0.833809  0.678875  -0.669288
0.833231  -0.721003  0.668629
0.824464  0.569281  -0.538969
0.832196  0.100726  -0.125517
0.833458  0.668471  -0.0824846
0.833809  0.622711  -0.669288
0.837491  -0.401301  -0.258607
0.840891  0.94599  -0.622489
0.834077  0.535425  0.457676
0.837005  0.829254  1.62637
0.847264  0.680232  -0.367877
0.837005  0.829254  1.62637
0.833809  0.622711  -0.669288
0.833809  0.678875  -0.669288
0.833809  0.678875  -0.669288
0.860838  0.904218  -0.907673
0.81941  0.476128  0.0537278
0.831948  0.0694621  -0.0451847
0.833231  -0.721003  0.668629
0.837491  -0.416519  -0.258607
0.833809  0.678875  -0.669288
0.840891  0.94599  -0.622489
0.825202  0.303761  -0.390057
0.837005  0.829254  1.62637
0.832196  -0.0845799  0.0657392
0.837491  -0.416519  -0.258607
0.837491  -0.416519  -0.258607
0.832196  0.100726  -0.125517
0.837491  -0.416519  -0.170808
0.840891  0.94599  -0.622489
0.837005  0.829254  1.62637
0.832196  -0.0845799  0.0657392
0.824464  0.569281  -0.538969
0.818098  -0.805083  0.865437
0.832196  0.100726  -0.125517
0.841071  -0.547167  0.188844
0.814296  -0.808849  -0.337821
0.833809  0.622711  -0.669288
0.810663  -0.577348  -1.01308
