7.34562  0.974098  0.44022
7.33323  1.08455  0.260469
6.32555  1.13873  0.211352
6.77933  1.23397  0.0870395
7.23109  1.06512  0.288287
7.16956  0.933129  0.495932
7.2697  1.0612  0.286795
7.23109  1.06512  0.288287
7.07996  0.918124  0.48846
7.23109  1.06512  0.288287
7.16956  0.933129  0.495932
7.25402  1.12448  0.195143
7.23109  1.06512  0.288287
6.32555  1.13873  0.211352
7.16956  0.933129  0.495932
7.16956  0.933129  0.495932
7.41288  1.06512  0.288287
6.53331  1.10927  0.229475
7.10259  1.08006  0.245447
6.58673  1.14223  0.162439
6.81307  1.1943  0.124681
6.81307  1.28922  0.0203618
7.33323  1.08455  0.260469
7.16956  0.933129  0.495932
6.37276  0.984329  0.364989
6.58673  1.14223  0.162439
6.32555  1.13873  0.211352
7.64514  0.974098  0.44022
7.23109  1.06512  0.288287
7.34562  0.974098  0.44022
7.27895  1.07718  0.287263
6.53331  1.10927  0.229475
7.33323  1.08455  0.260469
7.16956  0.933129  0.495932
7.16956  0.933129  0.495932
7.10259  1.08006  0.245447
7.34562  0.974098  0.44022
6.53331  1.10927  0.229475
7.23109  1.06512  0.288287
7.68512  1.0612  0.260469
7.27895  1.07718  0.287263
6.53331  1.10927  0.229475
7.17257  1.0612  0.260469
6.74629  1.16543  0.133999
7.10259  1.08006  0.245447
7.07996  0.918124  0.48846
7.27895  1.07718  0.287263
7.23109  1.06512  0.288287
7.34562  0.974098  0.44022
6.93698  1.03568  0.300384
7.64514  0.974098  0.44022
7.2697  1.0612  0.286795
7.16956  0.933129  0.495932
7.68512  1.0612  0.260469
7.16956  0.933129  0.495932
7.34562  0.974098  0.44022
7.27895  1.07718  0.287263
6.53568  1.03568  0.296163
7.16956  0.933129  0.495932
7.41288  1.06512  0.288287
7.64514  0.974098  0.44022
6.62434  1.08006  0.245447
6.75819  1.09814  0.260469
6.62434  1.08006  0.245447
6.37276  0.984329  0.364989
7.23109  1.06512  0.288287
7.10259  1.08006  0.245447
6.53331  1.10927  0.229475
6.62434  1.08006  0.245447
6.77933  1.23397  0.0870395
6.32555  1.13873  0.211352
7.11226  1.06512  0.264829
7.12235  1.1185  0.209337
6.37276  0.984329  0.364989
7.23109  1.06512  0.288287
7.16956  0.933129  0.495932
6.37276  0.984329  0.364989
7.15356  1.15274  0.182865
7.27895  1.07718  0.287263
6.67959  1.10927  0.229475
7.23109  1.06512  0.288287
7.23109  1.06512  0.288287
7.23109  1.06512  0.288287
7.16956  0.933129  0.495932
7.16956  0.933129  0.495932
7.27895  1.07718  0.287263
6.75819  1.09814  0.260469
6.81307  1.28922  0.0203618
7.16956  0.933129  0.495932
7.2697  1.0612  0.286795
7.34562  0.974098  0.44022
7.16956  0.933129  0.495932
7.07996  0.918124  0.48846
7.2697  1.0612  0.286795
7.41288  1.06512  0.288287
7.23109  1.06512  0.288287
7.27895  1.07718  0.287263
7.33323  1.08455  0.260469
7.10259  1.08006  0.245447
7.41288  1.06512  0.288287
7.16956  0.933129  0.495932
7.07996  0.918124  0.48846
7.81256  1.24181  0.0253596
7.25402  1.12448  0.195143
6.81307  1.28922  0.0203618
7.2697  1.0612  0.286795
7.33323  1.08455  0.260469
6.67959  1.10927  0.229475
7.2697  1.0612  0.286795
7.07996  0.918124  0.48846
7.27895  1.07718  0.287263
7.81256  1.24181  0.0253596
7.12235  1.1185  0.209337
7.11226  1.06512  0.264829
7.07996  0.918124  0.48846
6.37276  0.984329  0.364989
7.11226  1.06512  0.264829
7.27895  1.07718  0.287263
7.23109  1.06512  0.288287
6.53331  1.10927  0.229475
7.64514  0.974098  0.44022
7.27895  1.07718  0.287263
7.2697  1.0612  0.286795
7.10259  1.08006  0.245447
6.53568  1.03568  0.296163
7.2697  1.0612  0.286795
7.15356  1.15274  0.182865
6.67959  1.10927  0.229475
7.41288  1.06512  0.288287
7.33323  1.08455  0.260469
6.81307  1.1943  0.124681
6.81307  1.1943  0.124681
7.10259  1.08006  0.245447
7.16956  0.933129  0.495932
7.41288  1.06512  0.288287
6.37276  0.984329  0.364989
6.81307  1.28922  0.0203618
6.67959  1.10927  0.229475
7.34562  0.974098  0.44022
7.25402  1.12448  0.195143
7.23109  1.06512  0.288287
6.86314  1.19004  0.117821
7.12235  1.1185  0.209337
6.32555  1.13873  0.211352
6.81307  1.28922  0.0203618
7.33036  0.973891  0.448704
7.23109  1.06512  0.288287
6.32555  1.13873  0.211352
7.64514  0.974098  0.44022
7.11226  1.06512  0.264829
6.67959  1.10927  0.229475
7.19638  1.0612  0.260469
6.53331  1.10927  0.229475
6.35592  1.03568  0.363517
7.23109  1.06512  0.288287
6.77933  1.23397  0.0870395
7.34562  0.974098  0.44022
7.34562  0.974098  0.44022
7.16956  0.933129  0.495932
7.27895  1.07718  0.287263
7.41288  1.06512  0.288287
7.23109  1.06512  0.288287
7.16956  0.933129  0.495932
7.16956  0.933129  0.495932
6.75819  1.09814  0.260469
7.16956  0.933129  0.495932
6.53331  1.10927  0.229475
6.67959  1.10927  0.229475
7.34562  0.974098  0.44022
7.25402  1.12448  0.195143
7.16956  0.933129  0.495932
7.41288  1.06512  0.288287
6.81307  1.1943  0.124681
6.67959  1.10927  0.229475
6.86314  1.19004  0.117821
7.11226  1.06512  0.264829
7.34562  0.974098  0.44022
7.41288  1.06512  0.288287
7.10259  1.08006  0.245447
7.15356  1.15274  0.182865
7.2697  1.0612  0.286795
6.67959  1.10927  0.229475
7.2697  1.0612  0.286795
7.10259  1.08006  0.245447
6.77933  1.23397  0.0870395
7.34562  0.974098  0.44022
7.2697  1.0612  0.286795
7.33323  1.08455  0.260469
7.33036  0.973891  0.448704
6.62434  1.08006  0.245447
6.48752  0.919645  0.498114
7.16956  0.933129  0.495932
7.23109  1.06512  0.288287
6.48752  0.919645  0.498114
6.89016  1.23106  0.0528333
7.33323  1.08455  0.260469
6.74629  1.16543  0.133999
6.53568  1.03568  0.296163
6.58673  1.14223  0.162439
6.58673  1.14223  0.162439
7.16956  0.933129  0.495932
7.10259  1.08006  0.245447
7.23109  1.06512  0.288287
6.53331  1.10927  0.229475
7.34562  0.974098  0.44022
6.53331  1.10927  0.229475
7.23109  1.06512  0.288287
6.86314  1.19004  0.117821
7.16956  0.933129  0.495932
7.16956  0.933129  0.495932
7.25402  1.12448  0.195143
7.27895  1.07718  0.287263
7.2697  1.0612  0.286795
6.53331  1.10927  0.229475
7.34562  0.974098  0.44022
6.35592  1.03568  0.363517
7.41288  1.06512  0.288287
7.41288  1.06512  0.288287
7.33323  1.08455  0.260469
7.11226  1.06512  0.264829
7.33323  1.08455  0.260469
7.41288  1.06512  0.288287
7.11226  1.06512  0.264829
7.16956  0.933129  0.495932
6.67959  1.10927  0.229475
6.74629  1.16543  0.133999
7.64514  0.974098  0.44022
7.34562  0.974098  0.44022
6.81307  1.28922  0.0203618
7.34562  0.974098  0.44022
7.23109  1.06512  0.288287
7.41288  1.06512  0.288287
7.64514  0.974098  0.44022
7.41288  1.06512  0.288287
6.67959  1.10927  0.229475
6.37276  0.984329  0.364989
7.33323  1.08455  0.260469
7.34562  0.974098  0.44022
7.10259  1.08006  0.245447
7.16956  0.933129  0.495932
7.41288  1.06512  0.288287
7.42229  0.974098  0.437267
6.75819  1.09814  0.260469
7.16956  0.933129  0.495932
6.75819  1.09814  0.260469
6.58673  1.14223  0.162439
7.11226  1.06512  0.264829
6.62434  1.08006  0.245447
6.53331  1.10927  0.229475
6.58673  1.14223  0.162439
6.48752  0.919645  0.498114
7.23109  1.06512  0.288287
7.25402  1.12448  0.195143
6.53331  1.10927  0.229475
7.42229  0.974098  0.437267
6.48752  0.919645  0.498114
7.41288  1.06512  0.288287
6.58673  1.14223  0.162439
7.23109  1.06512  0.288287
7.2697  1.0612  0.286795
6.53331  1.10927  0.229475
6.53331  1.10927  0.229475
7.64514  0.974098  0.44022
6.93698  1.03568  0.300384
6.53568  1.03568  0.296163
7.61669  1.01603  0.330798
6.77933  1.23397  0.0870395
6.58673  1.14223  0.162439
7.16956  0.933129  0.495932
7.33323  1.08455  0.260469
7.68512  1.0612  0.260469
6.67959  1.10927  0.229475
7.11226  1.06512  0.264829
6.86314  1.19004  0.117821
7.23109  1.06512  0.288287
7.12235  1.1185  0.209337
7.2697  1.0612  0.286795
6.81307  1.1943  0.124681
7.33036  0.973891  0.448704
7.34562  0.974098  0.44022
7.34562  0.974098  0.44022
7.16956  0.933129  0.495932
6.53331  1.10927  0.229475
7.16956  0.933129  0.495932
6.67959  1.10927  0.229475
7.2697  1.0612  0.286795
7.2697  1.0612  0.286795
6.32555  1.13873  0.211352
6.53568  1.03568  0.296163
7.16956  0.933129  0.495932
7.10259  1.08006  0.245447
6.67959  1.10927  0.229475
6.81307  1.1943  0.124681
6.75819  1.09814  0.260469
6.58673  1.14223  0.162439
7.16956  0.933129  0.495932
7.07996  0.918124  0.48846
6.48752  0.919645  0.498114
7.34562  0.974098  0.44022
7.81256  1.24181  0.0253596
7.23109  1.06512  0.288287
6.58673  1.14223  0.162439
6.58673  1.14223  0.162439
7.34562  0.974098  0.44022
6.58673  1.14223  0.162439
6.53331  1.10927  0.229475
7.10259  1.08006  0.245447
7.16956  0.933129  0.495932
6.77933  1.23397  0.0870395
7.11226  1.06512  0.264829
6.62434  1.08006  0.245447
7.12235  1.1185  0.209337
6.81307  1.28922  0.0203618
7.15356  1.15274  0.182865
6.53331  1.10927  0.229475
6.37276  0.984329  0.364989
7.64514  0.974098  0.44022
7.33323  1.08455  0.260469
7.23109  1.06512  0.288287
7.11226  1.06512  0.264829
7.11226  1.06512  0.264829
6.58673  1.14223  0.162439
6.53331  1.10927  0.229475
7.27895  1.07718  0.287263
7.16956  0.933129  0.495932
7.41288  1.06512  0.288287
6.32555  1.13873  0.211352
7.23109  1.06512  0.288287
7.16956  0.933129  0.495932
7.41288  1.06512  0.288287
6.58673  1.14223  0.162439
6.86314  1.19004  0.117821
6.53568  1.03568  0.296163
7.34562  0.974098  0.44022
7.27895  1.07718  0.287263
7.41288  1.06512  0.288287
7.16956  0.933129  0.495932
7.16956  0.933129  0.495932
6.58673  1.14223  0.162439
7.41288  1.06512  0.288287
6.37276  0.984329  0.364989
6.67959  1.10927  0.229475
6.48752  0.919645  0.498114
6.48752  0.919645  0.498114
6.53331  1.10927  0.229475
7.10259  1.08006  0.245447
6.53331  1.10927  0.229475
7.2697  1.0612  0.286795
7.16956  0.933129  0.495932
7.27895  1.07718  0.287263
7.41288  1.06512  0.288287
7.34562  0.974098  0.44022
6.58673  1.14223  0.162439
7.34562  0.974098  0.44022
7.07996  0.918124  0.48846
7.16956  0.933129  0.495932
6.62434  1.08006  0.245447
7.16956  0.933129  0.495932
6.67959  1.10927  0.229475
7.41288  1.06512  0.288287
7.27895  1.07718  0.287263
7.41288  1.06512  0.288287
7.23109  1.06512  0.288287
6.86314  1.19004  0.117821
6.53331  1.10927  0.229475
6.65649  1.26848  0.0532929
7.23109  1.06512  0.288287
7.33323  1.08455  0.260469
7.12235  1.1185  0.209337
6.37276  0.984329  0.364989
6.35592  1.03568  0.363517
7.12235  1.1185  0.209337
6.67959  1.10927  0.229475
7.81256  1.24181  0.0253596
6.37276  0.984329  0.364989
7.34562  0.974098  0.44022
7.41288  1.06512  0.288287
6.81307  1.28922  0.0203618
6.53331  1.10927  0.229475
7.16956  0.933129  0.495932
6.62434  1.08006  0.245447
6.53331  1.10927  0.229475
7.23109  1.06512  0.288287
7.16956  0.933129  0.495932
6.58673  1.14223  0.162439
7.16956  0.933129  0.495932
6.67959  1.10927  0.229475
6.58673  1.14223  0.162439
7.2697  1.0612  0.286795
6.48752  0.919645  0.498114
7.23109  1.06512  0.288287
6.67959  1.10927  0.229475
7.27895  1.07718  0.287263
6.32555  1.13873  0.211352
6.77933  1.23397  0.0870395
7.23109  1.06512  0.288287
6.62434  1.08006  0.245447
7.34562  0.974098  0.44022
7.16956  0.933129  0.495932
7.25402  1.12448  0.195143
6.77933  1.23397  0.0870395
7.23109  1.06512  0.288287
7.07996  0.918124  0.48846
6.74629  1.16543  0.133999
6.81307  1.1943  0.124681
7.41288  1.06512  0.288287
7.81256  1.24181  0.0253596
7.41288  1.06512  0.288287
6.81307  1.28922  0.0203618
7.07996  0.918124  0.48846
7.19638  1.0612  0.260469
7.41288  1.06512  0.288287
7.10259  1.08006  0.245447
6.53568  1.03568  0.296163
7.64514  0.974098  0.44022
7.23109  1.06512  0.288287
7.41288  1.06512  0.288287
7.16956  0.933129  0.495932
7.41288  1.06512  0.288287
7.64514  0.974098  0.44022
7.81256  1.24181  0.0253596
6.74629  1.16543  0.133999
7.16956  0.933129  0.495932
7.34562  0.974098  0.44022
7.33323  1.08455  0.260469
7.27895  1.07718  0.287263
6.77933  1.23397  0.0870395
6.89016  1.23106  0.0528333
6.58673  1.14223  0.162439
7.34562  0.974098  0.44022
6.37276  0.984329  0.364989
7.33323  1.08455  0.260469
7.12235  1.1185  0.209337
6.32555  1.13873  0.211352
7.16956  0.933129  0.495932
6.37276  0.984329  0.364989
6.58673  1.14223  0.162439
6.81307  1.1943  0.124681
6.62434  1.08006  0.245447
7.16956  0.933129  0.495932
7.41288  1.06512  0.288287
6.93698  1.03568  0.300384
7.17257  1.0612  0.260469
7.41288  1.06512  0.288287
7.2697  1.0612  0.286795
7.19638  1.0612  0.260469
7.12235  1.1185  0.209337
7.16956  0.933129  0.495932
7.34562  0.974098  0.44022
6.81307  1.1943  0.124681
7.64514  0.974098  0.44022
7.23109  1.06512  0.288287
7.11226  1.06512  0.264829
7.11226  1.06512  0.264829
7.23109  1.06512  0.288287
7.34562  0.974098  0.44022
6.67959  1.10927  0.229475
7.10259  1.08006  0.245447
6.67959  1.10927  0.229475
7.23109  1.06512  0.288287
7.11226  1.06512  0.264829
6.81307  1.28922  0.0203618
6.58673  1.14223  0.162439
6.32555  1.13873  0.211352
7.61669  1.01603  0.330798
6.67959  1.10927  0.229475
6.37276  0.984329  0.364989
7.23109  1.06512  0.288287
7.33323  1.08455  0.260469
7.64514  0.974098  0.44022
6.32555  1.13873  0.211352
7.64514  0.974098  0.44022
7.41288  1.06512  0.288287
6.53331  1.10927  0.229475
7.25402  1.12448  0.195143
7.07996  0.918124  0.48846
7.16956  0.933129  0.495932
7.2697  1.0612  0.286795
6.58673  1.14223  0.162439
7.2697  1.0612  0.286795
7.23109  1.06512  0.288287
7.16956  0.933129  0.495932
7.2697  1.0612  0.286795
6.58673  1.14223  0.162439
7.64514  0.974098  0.44022
6.67959  1.10927  0.229475
7.23109  1.06512  0.288287
7.2697  1.0612  0.286795
6.53331  1.10927  0.229475
7.34562  0.974098  0.44022
7.68512  1.0612  0.260469
7.33323  1.08455  0.260469
7.81256  1.24181  0.0253596
7.15356  1.15274  0.182865
7.16956  0.933129  0.495932
7.33323  1.08455  0.260469
7.10259  1.08006  0.245447
7.64514  0.974098  0.44022
6.58673  1.14223  0.162439
7.41288  1.06512  0.288287
6.86314  1.19004  0.117821
7.12235  1.1185  0.209337
7.23109  1.06512  0.288287
6.53331  1.10927  0.229475
7.27895  1.07718  0.287263
6.58673  1.14223  0.162439
7.16956  0.933129  0.495932
7.12235  1.1185  0.209337
6.67959  1.10927  0.229475
7.41288  1.06512  0.288287
6.58673  1.14223  0.162439
7.41288  1.06512  0.288287
6.62434  1.08006  0.245447
7.23109  1.06512  0.288287
7.16956  0.933129  0.495932
7.07996  0.918124  0.48846
7.16956  0.933129  0.495932
7.16956  0.933129  0.495932
7.2697  1.0612  0.286795
6.53568  1.03568  0.296163
7.16956  0.933129  0.495932
7.12235  1.1185  0.209337
6.75819  1.09814  0.260469
7.23109  1.06512  0.288287
6.81307  1.1943  0.124681
7.41288  1.06512  0.288287
7.07996  0.918124  0.48846
7.07996  0.918124  0.48846
7.16956  0.933129  0.495932
7.41288  1.06512  0.288287
6.67959  1.10927  0.229475
7.33323  1.08455  0.260469
7.16956  0.933129  0.495932
7.10259  1.08006  0.245447
6.81307  1.28922  0.0203618
7.10259  1.08006  0.245447
7.34562  0.974098  0.44022
7.41288  1.06512  0.288287
7.16956  0.933129  0.495932
7.33323  1.08455  0.260469
7.16956  0.933129  0.495932
6.67959  1.10927  0.229475
7.23109  1.06512  0.288287
7.19638  1.0612  0.260469
6.53331  1.10927  0.229475
6.77933  1.23397  0.0870395
6.67959  1.10927  0.229475
6.37276  0.984329  0.364989
6.62434  1.08006  0.245447
6.58673  1.14223  0.162439
7.23109  1.06512  0.288287
7.23109  1.06512  0.288287
6.53331  1.10927  0.229475
7.34562  0.974098  0.44022
6.77933  1.23397  0.0870395
7.17257  1.0612  0.260469
7.41288  1.06512  0.288287
6.48752  0.919645  0.498114
7.33323  1.08455  0.260469
7.41288  1.06512  0.288287
7.64514  0.974098  0.44022
7.11226  1.06512  0.264829
7.23109  1.06512  0.288287
7.10259  1.08006  0.245447
7.23109  1.06512  0.288287
7.27895  1.07718  0.287263
7.10259  1.08006  0.245447
7.27895  1.07718  0.287263
7.23109  1.06512  0.288287
7.07996  0.918124  0.48846
7.41288  1.06512  0.288287
7.16956  0.933129  0.495932
7.16956  0.933129  0.495932
7.16956  0.933129  0.495932
7.41288  1.06512  0.288287
7.41288  1.06512  0.288287
7.64514  0.974098  0.44022
6.48752  0.919645  0.498114
7.23109  1.06512  0.288287
7.16956  0.933129  0.495932
6.58673  1.14223  0.162439
7.11226  1.06512  0.264829
7.07996  0.918124  0.48846
7.41288  1.06512  0.288287
7.34562  0.974098  0.44022
7.16956  0.933129  0.495932
6.58673  1.14223  0.162439
7.07996  0.918124  0.48846
6.62434  1.08006  0.245447
6.62434  1.08006  0.245447
7.33323  1.08455  0.260469
7.10259  1.08006  0.245447
6.62434  1.08006  0.245447
7.33323  1.08455  0.260469
7.23109  1.06512  0.288287
7.2697  1.0612  0.286795
7.16956  0.933129  0.495932
7.23109  1.06512  0.288287
7.33323  1.08455  0.260469
7.23109  1.06512  0.288287
6.62434  1.08006  0.245447
6.75819  1.09814  0.260469
6.48752  0.919645  0.498114
6.81307  1.1943  0.124681
7.12235  1.1185  0.209337
7.33323  1.08455  0.260469
6.81307  1.1943  0.124681
7.10259  1.08006  0.245447
7.07996  0.918124  0.48846
7.16956  0.933129  0.495932
6.37276  0.984329  0.364989
6.81307  1.28922  0.0203618
7.10259  1.08006  0.245447
6.62434  1.08006  0.245447
7.2697  1.0612  0.286795
7.23109  1.06512  0.288287
6.62434  1.08006  0.245447
6.67959  1.10927  0.229475
7.68512  1.0612  0.260469
7.27895  1.07718  0.287263
7.27895  1.07718  0.287263
7.33036  0.973891  0.448704
7.41288  1.06512  0.288287
7.16956  0.933129  0.495932
7.23109  1.06512  0.288287
7.33036  0.973891  0.448704
6.67959  1.10927  0.229475
7.33036  0.973891  0.448704
7.07996  0.918124  0.48846
7.41288  1.06512  0.288287
6.53331  1.10927  0.229475
7.15356  1.15274  0.182865
7.64514  0.974098  0.44022
6.58673  1.14223  0.162439
7.23109  1.06512  0.288287
7.33323  1.08455  0.260469
7.41288  1.06512  0.288287
7.61669  1.01603  0.330798
7.23109  1.06512  0.288287
6.53331  1.10927  0.229475
6.53331  1.10927  0.229475
7.34562  0.974098  0.44022
7.16956  0.933129  0.495932
6.48752  0.919645  0.498114
7.34562  0.974098  0.44022
7.23109  1.06512  0.288287
7.41288  1.06512  0.288287
6.35592  1.03568  0.363517
7.16956  0.933129  0.495932
7.41288  1.06512  0.288287
7.34562  0.974098  0.44022
7.23109  1.06512  0.288287
7.64514  0.974098  0.44022
7.41288  1.06512  0.288287
7.16956  0.933129  0.495932
7.16956  0.933129  0.495932
7.23109  1.06512  0.288287
6.37276  0.984329  0.364989
7.16956  0.933129  0.495932
7.41288  1.06512  0.288287
7.68512  1.0612  0.260469
7.68512  1.0612  0.260469
7.10259  1.08006  0.245447
7.2697  1.0612  0.286795
7.33323  1.08455  0.260469
7.41288  1.06512  0.288287
7.2697  1.0612  0.286795
7.23109  1.06512  0.288287
6.81307  1.28922  0.0203618
7.23109  1.06512  0.288287
6.53331  1.10927  0.229475
7.16956  0.933129  0.495932
6.58673  1.14223  0.162439
7.25402  1.12448  0.195143
7.27895  1.07718  0.287263
7.34562  0.974098  0.44022
6.53331  1.10927  0.229475
7.33323  1.08455  0.260469
6.81307  1.28922  0.0203618
7.16956  0.933129  0.495932
6.75819  1.09814  0.260469
7.2697  1.0612  0.286795
6.48752  0.919645  0.498114
7.10259  1.08006  0.245447
7.34562  0.974098  0.44022
7.41288  1.06512  0.288287
6.81307  1.1943  0.124681
7.10259  1.08006  0.245447
6.67959  1.10927  0.229475
7.10259  1.08006  0.245447
7.07996  0.918124  0.48846
6.58673  1.14223  0.162439
7.10259  1.08006  0.245447
7.19638  1.0612  0.260469
7.23109  1.06512  0.288287
7.27895  1.07718  0.287263
6.58673  1.14223  0.162439
7.15356  1.15274  0.182865
7.10259  1.08006  0.245447
7.41288  1.06512  0.288287
7.11226  1.06512  0.264829
7.27895  1.07718  0.287263
7.2697  1.0612  0.286795
6.48752  0.919645  0.498114
6.74629  1.16543  0.133999
6.53568  1.03568  0.296163
6.32555  1.13873  0.211352
6.32555  1.13873  0.211352
7.33323  1.08455  0.260469
7.12235  1.1185  0.209337
6.74629  1.16543  0.133999
6.53331  1.10927  0.229475
7.16956  0.933129  0.495932
7.16956  0.933129  0.495932
6.37276  0.984329  0.364989
7.07996  0.918124  0.48846
7.12235  1.1185  0.209337
7.23109  1.06512  0.288287
7.12235  1.1185  0.209337
7.23109  1.06512  0.288287
7.12235  1.1185  0.209337
7.16956  0.933129  0.495932
7.41288  1.06512  0.288287
6.35592  1.03568  0.363517
7.16956  0.933129  0.495932
7.15356  1.15274  0.182865
7.64514  0.974098  0.44022
7.64514  0.974098  0.44022
6.86314  1.19004  0.117821
6.53568  1.03568  0.296163
6.67959  1.10927  0.229475
6.81307  1.28922  0.0203618
6.67959  1.10927  0.229475
7.07996  0.918124  0.48846
7.34562  0.974098  0.44022
7.25402  1.12448  0.195143
6.53568  1.03568  0.296163
6.53331  1.10927  0.229475
6.86314  1.19004  0.117821
7.34562  0.974098  0.44022
7.19638  1.0612  0.260469
6.48752  0.919645  0.498114
6.35592  1.03568  0.363517
7.16956  0.933129  0.495932
7.64514  0.974098  0.44022
7.41288  1.06512  0.288287
6.81307  1.28922  0.0203618
6.58673  1.14223  0.162439
7.2697  1.0612  0.286795
7.16956  0.933129  0.495932
6.62434  1.08006  0.245447
7.34562  0.974098  0.44022
7.12235  1.1185  0.209337
7.16956  0.933129  0.495932
6.58673  1.14223  0.162439
7.27895  1.07718  0.287263
7.25402  1.12448  0.195143
6.62434  1.08006  0.245447
6.67959  1.10927  0.229475
7.81256  1.24181  0.0253596
7.07996  0.918124  0.48846
7.2697  1.0612  0.286795
6.53568  1.03568  0.296163
6.81307  1.1943  0.124681
7.27895  1.07718  0.287263
7.41288  1.06512  0.288287
7.23109  1.06512  0.288287
6.62434  1.08006  0.245447
7.41288  1.06512  0.288287
7.16956  0.933129  0.495932
6.62434  1.08006  0.245447
7.11226  1.06512  0.264829
7.33323  1.08455  0.260469
7.23109  1.06512  0.288287
7.27895  1.07718  0.287263
7.12235  1.1185  0.209337
7.10259  1.08006  0.245447
7.23109  1.06512  0.288287
7.2697  1.0612  0.286795
7.16956  0.933129  0.495932
7.64514  0.974098  0.44022
6.53331  1.10927  0.229475
7.27895  1.07718  0.287263
7.2697  1.0612  0.286795
6.67959  1.10927  0.229475
7.34562  0.974098  0.44022
7.33323  1.08455  0.260469
6.81307  1.28922  0.0203618
7.16956  0.933129  0.495932
6.35592  1.03568  0.363517
6.74629  1.16543  0.133999
7.41288  1.06512  0.288287
7.16956  0.933129  0.495932
7.23109  1.06512  0.288287
6.81307  1.1943  0.124681
7.33323  1.08455  0.260469
6.58673  1.14223  0.162439
7.23109  1.06512  0.288287
7.10259  1.08006  0.245447
7.12235  1.1185  0.209337
7.2697  1.0612  0.286795
6.81307  1.28922  0.0203618
7.34562  0.974098  0.44022
7.11226  1.06512  0.264829
6.81307  1.1943  0.124681
7.33323  1.08455  0.260469
7.16956  0.933129  0.495932
7.64514  0.974098  0.44022
7.34562  0.974098  0.44022
6.67959  1.10927  0.229475
7.42229  0.974098  0.437267
6.32555  1.13873  0.211352
6.37276  0.984329  0.364989
7.34562  0.974098  0.44022
7.23109  1.06512  0.288287
7.07996  0.918124  0.48846
7.16956  0.933129  0.495932
6.58673  1.14223  0.162439
7.16956  0.933129  0.495932
7.27895  1.07718  0.287263
7.2697  1.0612  0.286795
7.11226  1.06512  0.264829
7.17257  1.0612  0.260469
6.32555  1.13873  0.211352
6.77933  1.23397  0.0870395
6.67959  1.10927  0.229475
7.33323  1.08455  0.260469
6.53331  1.10927  0.229475
6.77933  1.23397  0.0870395
7.16956  0.933129  0.495932
6.67959  1.10927  0.229475
7.2697  1.0612  0.286795
7.19638  1.0612  0.260469
7.34562  0.974098  0.44022
6.74629  1.16543  0.133999
6.67959  1.10927  0.229475
7.27895  1.07718  0.287263
6.53331  1.10927  0.229475
7.27895  1.07718  0.287263
6.81307  1.28922  0.0203618
6.58673  1.14223  0.162439
6.53331  1.10927  0.229475
7.11226  1.06512  0.264829
7.16956  0.933129  0.495932
7.34562  0.974098  0.44022
7.64514  0.974098  0.44022
7.64514  0.974098  0.44022
6.81307  1.28922  0.0203618
7.16956  0.933129  0.495932
7.23109  1.06512  0.288287
7.15356  1.15274  0.182865
7.11226  1.06512  0.264829
6.77933  1.23397  0.0870395
7.2697  1.0612  0.286795
7.27895  1.07718  0.287263
6.58673  1.14223  0.162439
6.58673  1.14223  0.162439
7.64514  0.974098  0.44022
7.07996  0.918124  0.48846
7.41288  1.06512  0.288287
6.67959  1.10927  0.229475
7.16956  0.933129  0.495932
7.33323  1.08455  0.260469
7.27895  1.07718  0.287263
6.58673  1.14223  0.162439
6.32555  1.13873  0.211352
7.2697  1.0612  0.286795
7.12235  1.1185  0.209337
7.27895  1.07718  0.287263
7.23109  1.06512  0.288287
7.07996  0.918124  0.48846
7.27895  1.07718  0.287263
7.16956  0.933129  0.495932
7.16956  0.933129  0.495932
6.81307  1.28922  0.0203618
7.07996  0.918124  0.48846
6.58673  1.14223  0.162439
7.11226  1.06512  0.264829
7.23109  1.06512  0.288287
7.27895  1.07718  0.287263
6.81307  1.1943  0.124681
6.81307  1.1943  0.124681
7.41288  1.06512  0.288287
7.10259  1.08006  0.245447
7.07996  0.918124  0.48846
6.37276  0.984329  0.364989
7.07996  0.918124  0.48846
7.33323  1.08455  0.260469
7.2697  1.0612  0.286795
7.12235  1.1185  0.209337
6.81307  1.1943  0.124681
6.75819  1.09814  0.260469
6.48752  0.919645  0.498114
6.67959  1.10927  0.229475
6.58673  1.14223  0.162439
7.12235  1.1185  0.209337
7.27895  1.07718  0.287263
7.16956  0.933129  0.495932
6.62434  1.08006  0.245447
6.77933  1.23397  0.0870395
7.33323  1.08455  0.260469
7.16956  0.933129  0.495932
6.58673  1.14223  0.162439
6.77933  1.23397  0.0870395
6.53331  1.10927  0.229475
6.75819  1.09814  0.260469
6.62434  1.08006  0.245447
7.15356  1.15274  0.182865
7.34562  0.974098  0.44022
7.41288  1.06512  0.288287
6.75819  1.09814  0.260469
7.07996  0.918124  0.48846
7.16956  0.933129  0.495932
6.35592  1.03568  0.363517
6.67959  1.10927  0.229475
6.67959  1.10927  0.229475
7.07996  0.918124  0.48846
7.16956  0.933129  0.495932
7.41288  1.06512  0.288287
7.2697  1.0612  0.286795
6.74629  1.16543  0.133999
6.58673  1.14223  0.162439
7.10259  1.08006  0.245447
7.34562  0.974098  0.44022
7.23109  1.06512  0.288287
6.62434  1.08006  0.245447
7.34562  0.974098  0.44022
7.41288  1.06512  0.288287
7.16956  0.933129  0.495932
7.16956  0.933129  0.495932
7.10259  1.08006  0.245447
7.12235  1.1185  0.209337
7.10259  1.08006  0.245447
7.33323  1.08455  0.260469
7.23109  1.06512  0.288287
7.23109  1.06512  0.288287
7.34562  0.974098  0.44022
7.81256  1.24181  0.0253596
7.33323  1.08455  0.260469
6.58673  1.14223  0.162439
7.19638  1.0612  0.260469
7.61669  1.01603  0.330798
6.58673  1.14223  0.162439
6.53331  1.10927  0.229475
7.23109  1.06512  0.288287
7.34562  0.974098  0.44022
7.23109  1.06512  0.288287
7.34562  0.974098  0.44022
6.58673  1.14223  0.162439
7.16956  0.933129  0.495932
7.12235  1.1185  0.209337
7.2697  1.0612  0.286795
7.27895  1.07718  0.287263
7.10259  1.08006  0.245447
7.41288  1.06512  0.288287
7.16956  0.933129  0.495932
7.23109  1.06512  0.288287
7.16956  0.933129  0.495932
7.11226  1.06512  0.264829
7.27895  1.07718  0.287263
6.53331  1.10927  0.229475
6.53568  1.03568  0.296163
6.53331  1.10927  0.229475
7.23109  1.06512  0.288287
6.86314  1.19004  0.117821
6.81307  1.1943  0.124681
7.16956  0.933129  0.495932
7.33036  0.973891  0.448704
6.89016  1.23106  0.0528333
6.58673  1.14223  0.162439
6.67959  1.10927  0.229475
6.37276  0.984329  0.364989
7.34562  0.974098  0.44022
6.48752  0.919645  0.498114
7.2697  1.0612  0.286795
7.41288  1.06512  0.288287
7.23109  1.06512  0.288287
7.23109  1.06512  0.288287
6.62434  1.08006  0.245447
7.16956  0.933129  0.495932
7.2697  1.0612  0.286795
7.41288  1.06512  0.288287
7.16956  0.933129  0.495932
7.33036  0.973891  0.448704
6.53331  1.10927  0.229475
7.16956  0.933129  0.495932
6.48752  0.919645  0.498114
6.81307  1.1943  0.124681
6.58673  1.14223  0.162439
6.53331  1.10927  0.229475
6.81307  1.1943  0.124681
6.53568  1.03568  0.296163
6.58673  1.14223  0.162439
7.23109  1.06512  0.288287
7.34562  0.974098  0.44022
7.23109  1.06512  0.288287
6.67959  1.10927  0.229475
6.53331  1.10927  0.229475
6.53331  1.10927  0.229475
7.33323  1.08455  0.260469
