0.959255  0.682599  0.221125
0.965913  0.744468  0.288919
0.959255  0.682599  0.221125
0.991248  0.819911  -0.144992
0.944372  0.593641  0.297913
0.959255  0.682599  0.221125
0.954659  0.608464  0.923919
0.88781  0.0832705  0.201593
0.959255  0.682599  0.221125
1.00054  0.760052  -0.230392
0.984631  0.782636  0.79987
0.959255  0.682599  0.221125
0.956138  0.521697  0.514617
0.965913  0.744468  0.288919
1.00054  0.760052  -0.230392
0.890203  0.133577  0.443812
1.00054  0.760052  -0.230392
1.00054  0.760052  -0.230392
1.00054  0.760052  -0.230392
0.959255  0.682599  0.221125
0.991248  0.819911  -0.144992
0.965913  0.744468  0.491175
0.984631  0.782636  0.79987
0.984631  0.819694  0.434844
1.00054  0.760052  -0.230392
0.965913  0.744468  0.288919
1.00054  0.760052  -0.230392
0.984631  0.782636  0.79987
0.959255  0.682599  0.379035
0.991248  0.819911  -0.144992
0.944372  0.598762  -0.0343876
0.959255  0.682599  0.221125
0.959255  0.682599  0.221125
0.944372  0.593641  0.297913
0.939507  0.567031  0.00508036
0.944372  0.593641  0.297913
0.959255  0.682599  0.221125
1.00054  0.760052  -0.230392
0.984631  0.721815  0.79987
1.00054  0.760052  -0.230392
0.973555  0.718583  0.720766
0.991248  0.819911  -0.144992
0.959255  0.682599  0.221125
0.991248  0.819911  -0.144992
0.9309  0.52832  0.188712
0.965913  0.744468  0.491175
0.991248  0.819911  -0.144992
1.00054  0.760052  -0.230392
0.991248  0.819911  -0.144992
0.944372  0.598762  -0.0343876
1.00054  0.760052  -0.230392
0.84495  -7.42976e-05  0.351751
0.973555  0.718583  0.720766
0.959255  0.682599  0.221125
0.959255  0.682599  0.221125
1.00054  0.760052  -0.230392
0.984631  0.721815  0.79987
0.984631  0.782636  0.79987
0.939507  0.567031  0.00508036
0.905658  0.377327  -1.04062
0.965913  0.744468  0.288919
0.956138  0.521697  0.514617
0.959255  0.682599  0.221125
0.944372  0.593641  0.297913
1.00054  0.760052  -0.230392
0.984631  0.782636  0.79987
0.9309  0.52832  0.188712
0.944372  0.598762  -0.0343876
0.944372  0.598762  -0.0343876
0.965913  0.744468  0.288919
0.956138  0.521697  0.514617
0.959255  0.682599  0.221125
0.991248  0.819911  -0.144992
1.00054  0.760052  -0.230392
0.959255  0.682599  0.221125
1.00054  0.760052  -0.230392
0.959255  0.682599  0.221125
0.959255  0.682599  0.221125
0.959255  0.682599  0.221125
0.991248  0.819911  -0.144992
1.00054  0.760052  -0.230392
0.965913  0.744468  0.288919
0.905658  0.377327  -1.04062
0.944372  0.593641  0.297913
0.959255  0.682599  0.221125
0.944372  0.593641  0.297913
0.973555  0.718583  0.720766
0.965913  0.744468  0.288919
0.944372  0.581103  0.00508036
0.984631  0.721815  0.79987
1.00054  0.760052  -0.230392
0.944372  0.581103  0.00508036
0.959255  0.682599  0.221125
0.984631  0.721815  0.79987
1.00054  0.760052  -0.230392
0.905658  0.377327  -1.04062
0.944372  0.598762  -0.0343876
0.959255  0.682599  0.221125
0.984631  0.721815  0.79987
0.959255  0.682599  0.221125
0.991248  0.819911  -0.144992
1.00054  0.760052  -0.230392
0.984631  0.819694  0.434844
0.991248  0.819911  -0.144992
0.984631  0.819694  0.434844
0.959255  0.682599  0.221125
0.944372  0.598762  -0.0343876
1.00054  0.760052  -0.230392
0.959255  0.682599  0.221125
1.00054  0.760052  -0.230392
1.00054  0.760052  -0.230392
0.991248  0.819911  -0.144992
0.944372  0.598762  -0.0343876
0.904228  0.249759  0.950826
0.959255  0.682599  0.221125
0.9309  0.52832  0.188712
1.00054  0.760052  -0.230392
0.84495  -7.42976e-05  0.351751
0.991248  0.819911  -0.144992
0.953781  0.715964  0.118385
1.00054  0.760052  -0.230392
1.00054  0.760052  -0.230392
0.984631  0.721815  0.79987
0.973555  0.718583  0.720766
0.984631  0.721815  0.79987
0.905658  0.377327  -1.04062
1.00054  0.760052  -0.230392
0.984631  0.819694  0.434844
0.944372  0.581103  0.00508036
0.930959  0.590541  0.331082
0.894809  0.154442  -0.590215
0.939507  0.567031  0.00508036
0.984631  0.819694  0.434844
1.00054  0.760052  -0.230392
0.984631  0.721815  0.79987
0.904228  0.249759  0.950826
0.991248  0.819911  -0.144992
0.984631  0.782636  0.79987
0.965913  0.744468  0.288919
0.991248  0.819911  -0.144992
0.973555  0.718583  0.720766
0.984631  0.819694  0.434844
0.959255  0.682599  0.221125
0.991248  0.819911  -0.144992
0.984631  0.782636  0.79987
1.00054  0.760052  -0.230392
1.00054  0.760052  -0.230392
1.00054  0.760052  -0.230392
0.944372  0.581103  0.00508036
0.991248  0.819911  -0.144992
0.954659  0.608464  0.923919
1.00054  0.760052  -0.230392
0.984631  0.721815  0.79987
0.959255  0.682599  0.221125
1.00054  0.760052  -0.338313
0.984631  0.819694  0.434844
1.00054  0.760052  -0.230392
0.991248  0.819911  -0.144992
0.991248  0.819911  -0.144992
0.959255  0.682599  0.221125
1.00054  0.760052  -0.230392
1.00054  0.760052  -0.230392
0.991248  0.819911  -0.144992
0.944372  0.598762  -0.0343876
0.959255  0.682599  0.221125
0.954659  0.608464  0.923919
0.959255  0.682599  0.221125
0.984631  0.782636  0.79987
1.00054  0.760052  -0.338313
0.984631  0.819694  0.434844
0.984631  0.721815  0.79987
0.984631  0.721815  0.79987
1.00054  0.760052  -0.230392
0.959255  0.682599  0.221125
0.944372  0.598762  -0.0343876
1.00054  0.760052  -0.230392
1.00054  0.760052  -0.230392
1.00054  0.760052  -0.230392
1.00054  0.760052  -0.230392
0.991248  0.819911  -0.144992
0.991248  0.819911  -0.144992
0.991248  0.819911  -0.144992
1.00054  0.760052  -0.230392
0.944372  0.598762  -0.0343876
1.00054  0.760052  -0.230392
1.00054  0.760052  -0.230392
0.954659  0.608464  0.923919
0.959255  0.682599  0.221125
0.991248  0.819911  -0.144992
0.984631  0.721815  0.79987
0.984631  0.782636  0.79987
0.953781  0.655655  -0.0884233
0.959255  0.682599  0.221125
0.959255  0.682599  0.221125
0.991248  0.819911  -0.144992
0.984631  0.782636  0.79987
0.944372  0.598762  -0.0343876
0.905658  0.377327  -1.04062
0.984631  0.782636  0.79987
0.991248  0.819911  -0.144992
0.954659  0.608464  0.923919
0.944372  0.593641  0.297913
0.965913  0.744468  0.288919
0.991248  0.819911  -0.144992
0.944372  0.593641  0.297913
1.00054  0.760052  -0.230392
1.00054  0.760052  -0.230392
0.878996  0.151209  0.280531
0.944372  0.598762  -0.0343876
1.00054  0.760052  -0.230392
0.965913  0.744468  0.288919
0.959255  0.682599  0.221125
1.00054  0.760052  -0.230392
0.930959  0.590541  0.331082
0.984631  0.819694  0.434844
1.00054  0.760052  -0.338313
0.954659  0.608464  0.923919
0.984631  0.721815  0.79987
0.959255  0.682599  0.221125
1.00054  0.760052  -0.230392
0.959255  0.682599  0.221125
1.00054  0.760052  -0.230392
0.984631  0.819694  0.434844
1.00054  0.760052  -0.230392
1.00054  0.760052  -0.230392
0.965913  0.744468  0.288919
0.984631  0.782636  0.79987
0.959255  0.682599  0.221125
0.984631  0.721815  0.79987
0.959255  0.682599  0.221125
0.991248  0.819911  -0.144992
0.984631  0.721815  0.79987
0.959255  0.682599  0.221125
0.984631  0.721815  0.79987
1.00054  0.760052  -0.230392
0.973555  0.718583  0.720766
0.991248  0.819911  -0.144992
0.944372  0.593641  0.297913
0.984631  0.819694  0.434844
0.959255  0.682599  0.221125
0.959255  0.682599  0.221125
1.00054  0.760052  -0.230392
0.890203  0.133577  0.443812
0.973555  0.718583  0.720766
0.973555  0.718583  0.720766
1.00054  0.760052  -0.230392
0.944372  0.598762  -0.0343876
0.954659  0.608464  0.923919
0.959255  0.682599  0.221125
0.959255  0.682599  0.221125
0.965913  0.744468  0.288919
1.00054  0.760052  -0.230392
0.959255  0.682599  0.221125
0.956138  0.521697  0.514617
0.984631  0.721815  0.79987
0.959255  0.682599  0.221125
1.00054  0.760052  -0.230392
0.84495  -7.42976e-05  0.351751
1.00054  0.760052  -0.230392
0.984631  0.782636  0.79987
0.959255  0.682599  0.221125
1.00054  0.760052  -0.230392
0.984631  0.819694  0.434844
0.944372  0.593641  0.297913
0.944372  0.598762  -0.0343876
0.984631  0.819694  0.434844
0.959255  0.682599  0.221125
1.00054  0.760052  -0.230392
0.965913  0.744468  0.491175
0.984631  0.819694  0.434844
0.965913  0.744468  0.288919
0.973555  0.718583  0.720766
1.00054  0.760052  -0.230392
1.00054  0.760052  -0.230392
0.984631  0.819694  0.434844
0.965913  0.744468  0.288919
0.984631  0.782636  0.79987
1.00054  0.760052  -0.230392
0.991248  0.819911  -0.144992
0.959255  0.682599  0.221125
0.991248  0.819911  -0.144992
0.984631  0.782636  0.79987
1.00054  0.760052  -0.230392
0.959255  0.682599  0.221125
1.00054  0.760052  -0.230392
0.959255  0.682599  0.221125
0.905658  0.377327  -1.04062
1.00054  0.760052  -0.230392
0.944372  0.581103  0.00508036
0.984631  0.782636  0.79987
1.00054  0.760052  -0.230392
0.84495  -7.42976e-05  0.351751
0.984631  0.819694  0.434844
0.984631  0.782636  0.79987
0.939507  0.567031  0.00508036
1.00054  0.760052  -0.230392
0.984631  0.721815  0.79987
0.959255  0.682599  0.221125
0.959255  0.682599  0.221125
0.944372  0.598762  -0.0343876
0.959255  0.682599  0.221125
0.991248  0.819911  -0.144992
1.00054  0.760052  -0.230392
1.00054  0.760052  -0.230392
1.00054  0.760052  -0.230392
0.959255  0.682599  0.221125
0.9309  0.52832  0.188712
0.965913  0.744468  0.491175
0.890203  0.133577  0.443812
0.984631  0.782636  0.79987
1.00054  0.760052  -0.230392
0.959255  0.682599  0.221125
1.00054  0.760052  -0.230392
0.930959  0.590541  0.331082
0.959255  0.682599  0.221125
0.944372  0.581103  0.00508036
1.00054  0.760052  -0.230392
0.890203  0.133577  0.443812
0.959255  0.682599  0.221125
0.959255  0.682599  0.221125
1.00054  0.760052  -0.230392
0.959255  0.682599  0.221125
0.956138  0.521697  0.514617
0.959255  0.682599  0.221125
0.959255  0.682599  0.221125
0.905658  0.377327  -1.04062
0.959255  0.682599  0.221125
0.944372  0.598762  -0.0343876
0.984631  0.721815  0.79987
0.944372  0.593641  0.297913
0.984631  0.782636  0.79987
0.973555  0.718583  0.720766
0.944372  0.593641  0.297913
0.904228  0.249759  0.950826
1.00054  0.760052  -0.230392
0.984631  0.721815  0.79987
0.991248  0.819911  -0.144992
0.890203  0.133577  0.443812
0.953781  0.678646  0.0593794
0.984631  0.782636  0.79987
0.959255  0.682599  0.221125
1.00054  0.760052  -0.230392
0.991248  0.819911  -0.144992
0.944372  0.598762  -0.0343876
0.991248  0.819911  -0.144992
1.00054  0.760052  -0.230392
0.973555  0.718583  0.720766
0.991248  0.819911  -0.144992
0.959255  0.682599  0.221125
1.00054  0.760052  -0.230392
1.00054  0.760052  -0.230392
0.965913  0.744468  0.491175
0.984631  0.721815  0.79987
0.973555  0.718583  0.720766
1.00054  0.760052  -0.230392
1.00054  0.760052  -0.230392
0.965913  0.744468  0.491175
0.959255  0.682599  0.221125
0.959255  0.682599  0.221125
0.991248  0.819911  -0.144992
0.991248  0.819911  -0.144992
1.00054  0.760052  -0.230392
0.905658  0.377327  -1.04062
1.00054  0.760052  -0.230392
0.984631  0.721815  0.79987
0.905658  0.377327  -1.04062
0.956138  0.521697  0.514617
1.00054  0.760052  -0.230392
0.956138  0.521697  0.514617
0.991248  0.819911  -0.144992
0.905658  0.377327  -0.94134
1.00054  0.760052  -0.230392
0.905658  0.377327  -0.94134
0.88781  0.0832705  0.201593
0.991248  0.819911  -0.144992
0.991248  0.819911  -0.144992
0.959255  0.682599  0.221125
0.879731  -0.0133902  0.136738
0.9309  0.52832  0.188712
0.984631  0.819694  0.434844
1.00054  0.760052  -0.230392
1.00054  0.760052  -0.230392
0.944372  0.598762  -0.0343876
0.984631  0.819694  0.434844
0.890203  0.133577  0.443812
0.9309  0.52832  0.188712
0.9309  0.52832  0.188712
0.959255  0.682599  0.221125
0.984631  0.782636  0.79987
0.959255  0.682599  0.221125
0.953781  0.655655  -0.0123925
1.00054  0.760052  -0.230392
1.00054  0.760052  -0.230392
0.904228  0.249759  0.950826
0.965913  0.744468  0.288919
0.984631  0.819694  0.434844
0.991248  0.819911  -0.144992
1.00054  0.760052  -0.230392
0.939507  0.567031  0.00508036
0.944372  0.593641  0.297913
0.991248  0.819911  -0.144992
0.944372  0.598762  -0.0343876
1.00054  0.760052  -0.230392
0.959255  0.682599  0.221125
1.00054  0.760052  -0.230392
0.944372  0.581103  0.00508036
0.984631  0.782636  0.79987
0.991248  0.819911  -0.144992
1.00054  0.760052  -0.230392
0.991248  0.819911  -0.144992
1.00054  0.760052  -0.230392
0.953781  0.655655  -0.0884233
0.944372  0.598762  -0.0343876
1.00054  0.760052  -0.230392
0.944372  0.581103  0.00508036
1.00054  0.760052  -0.230392
0.991248  0.819911  -0.144992
0.984631  0.721815  0.79987
0.944372  0.593641  0.297913
0.944372  0.598762  -0.0343876
0.944372  0.593641  0.297913
0.939507  0.567031  0.00508036
0.991248  0.819911  -0.144992
0.959255  0.682599  0.221125
0.991248  0.819911  -0.144992
1.00054  0.760052  -0.230392
0.959255  0.682599  0.221125
0.991248  0.819911  -0.144992
0.959255  0.682599  0.221125
0.991248  0.819911  -0.144992
0.905658  0.377327  -1.04062
0.991248  0.819911  -0.144992
0.944372  0.593641  0.297913
0.959255  0.682599  0.221125
0.939507  0.567031  0.00508036
0.9309  0.52832  0.188712
0.984631  0.721815  0.79987
0.973555  0.718583  0.720766
0.88781  0.0832705  0.201593
0.991248  0.819911  -0.144992
0.953781  0.655655  -0.0123925
1.00054  0.760052  -0.230392
0.984631  0.721815  0.79987
0.959255  0.682599  0.221125
0.991248  0.819911  -0.144992
0.930959  0.590541  0.331082
0.984631  0.819694  0.434844
1.00054  0.760052  -0.230392
0.965913  0.744468  0.288919
0.965913  0.744468  0.288919
0.991248  0.819911  -0.144992
0.984631  0.819694  0.434844
1.00054  0.760052  -0.230392
0.944372  0.593641  0.297913
0.956138  0.521697  0.514617
0.991248  0.819911  -0.144992
0.965913  0.744468  0.288919
0.991248  0.819911  -0.144992
0.973555  0.718583  0.720766
0.944372  0.598762  -0.0343876
0.959255  0.682599  0.221125
1.00054  0.760052  -0.230392
1.00054  0.760052  -0.230392
0.991248  0.819911  -0.144992
0.939507  0.567031  0.00508036
1.00054  0.760052  -0.230392
0.973555  0.718583  0.720766
0.953781  0.678646  0.0593794
0.965913  0.744468  0.288919
1.00054  0.760052  -0.230392
0.959255  0.682599  0.221125
0.991248  0.819911  -0.144992
1.00054  0.760052  -0.230392
1.00054  0.760052  -0.230392
0.984631  0.721815  0.79987
0.959255  0.682599  0.221125
0.965913  0.744468  0.491175
0.959255  0.682599  0.221125
1.00054  0.760052  -0.230392
0.959255  0.682599  0.221125
0.944372  0.598762  -0.0343876
0.905658  0.377327  -1.04062
0.965913  0.744468  0.288919
0.959255  0.682599  0.221125
1.00054  0.760052  -0.230392
0.991248  0.819911  -0.144992
0.991248  0.819911  -0.144992
0.991248  0.819911  -0.144992
0.991248  0.819911  -0.144992
0.973555  0.718583  0.720766
0.959255  0.682599  0.221125
0.954659  0.608464  0.923919
0.984631  0.819694  0.434844
1.00054  0.760052  -0.338313
1.00054  0.760052  -0.230392
0.973555  0.718583  0.720766
1.00054  0.760052  -0.230392
1.00054  0.760052  -0.230392
0.959255  0.682599  0.221125
0.959255  0.682599  0.221125
1.00054  0.760052  -0.338313
1.00054  0.760052  -0.230392
0.959255  0.682599  0.221125
0.991248  0.819911  -0.144992
0.944372  0.598762  -0.0343876
0.956138  0.521697  0.514617
0.973555  0.718583  0.720766
0.984631  0.819694  0.434844
0.953781  0.655655  -0.0123925
0.984631  0.782636  0.79987
0.991248  0.819911  -0.144992
1.00054  0.760052  -0.230392
1.00054  0.760052  -0.230392
1.00054  0.760052  -0.230392
0.944372  0.593641  0.297913
0.959255  0.682599  0.221125
0.959255  0.682599  0.221125
0.965913  0.744468  0.491175
0.973555  0.718583  0.720766
0.9309  0.52832  0.188712
0.84495  -7.42976e-05  0.351751
0.973555  0.718583  0.720766
1.00054  0.760052  -0.230392
1.00054  0.760052  -0.230392
0.905658  0.377327  -1.04062
0.944372  0.598762  -0.0343876
0.965913  0.744468  0.491175
0.905658  0.377327  -1.04062
1.00054  0.760052  -0.230392
0.959255  0.682599  0.221125
0.959255  0.682599  0.221125
1.00054  0.760052  -0.230392
0.944372  0.598762  -0.0343876
0.973555  0.718583  0.720766
0.956138  0.521697  0.514617
0.965913  0.744468  0.491175
1.00054  0.760052  -0.230392
0.984631  0.721815  0.79987
0.991248  0.819911  -0.144992
1.00054  0.760052  -0.230392
0.959255  0.682599  0.221125
0.991248  0.819911  -0.144992
0.959255  0.682599  0.221125
0.954659  0.608464  0.923919
0.959255  0.682599  0.221125
0.944372  0.593641  0.297913
0.959255  0.682599  0.379035
0.959255  0.682599  0.221125
1.00054  0.760052  -0.230392
0.944372  0.593641  0.297913
0.973555  0.718583  0.720766
0.944372  0.593641  0.297913
1.00054  0.760052  -0.230392
0.991248  0.819911  -0.144992
0.973555  0.718583  0.720766
0.973555  0.718583  0.720766
0.959255  0.682599  0.221125
0.930959  0.590541  0.331082
1.00054  0.760052  -0.230392
0.954659  0.608464  0.923919
0.939507  0.567031  0.00508036
0.965913  0.744468  0.288919
0.944372  0.581103  0.00508036
0.984631  0.782636  0.79987
0.991248  0.819911  -0.144992
1.00054  0.760052  -0.230392
0.991248  0.819911  -0.144992
0.959255  0.682599  0.221125
1.00054  0.760052  -0.230392
0.959255  0.682599  0.221125
1.00054  0.760052  -0.230392
0.959255  0.682599  0.221125
1.00054  0.760052  -0.230392
0.959255  0.682599  0.221125
0.984631  0.819694  0.434844
0.991248  0.819911  -0.144992
0.959255  0.682599  0.221125
0.944372  0.598762  -0.0343876
0.959255  0.682599  0.221125
0.991248  0.819911  -0.144992
1.00054  0.760052  -0.230392
0.959255  0.682599  0.221125
0.991248  0.819911  -0.144992
1.00054  0.760052  -0.230392
0.973555  0.718583  0.720766
0.984631  0.721815  0.79987
0.9309  0.52832  0.188712
0.959255  0.682599  0.221125
1.00054  0.760052  -0.230392
0.991248  0.819911  -0.144992
0.959255  0.682599  0.221125
0.959255  0.682599  0.221125
1.00054  0.760052  -0.230392
0.944372  0.581103  0.00508036
0.930959  0.590541  0.331082
0.878996  0.151209  0.280531
0.965913  0.744468  0.491175
1.00054  0.760052  -0.230392
0.944372  0.598762  -0.0343876
0.959255  0.682599  0.221125
0.939507  0.567031  0.00508036
0.959255  0.682599  0.221125
1.00054  0.760052  -0.230392
1.00054  0.760052  -0.230392
0.984631  0.782636  0.79987
1.00054  0.760052  -0.230392
0.965913  0.744468  0.491175
0.959255  0.682599  0.221125
0.991248  0.819911  -0.144992
1.00054  0.760052  -0.230392
0.939507  0.567031  0.00508036
1.00054  0.760052  -0.230392
1.00054  0.760052  -0.230392
0.904228  0.249759  0.950826
0.991248  0.819911  -0.144992
0.991248  0.819911  -0.144992
0.944372  0.598762  -0.0343876
0.959255  0.682599  0.221125
0.965913  0.744468  0.288919
1.00054  0.760052  -0.230392
0.991248  0.819911  -0.144992
1.00054  0.760052  -0.230392
0.991248  0.819911  -0.144992
1.00054  0.760052  -0.230392
0.984631  0.721815  0.79987
0.890203  0.133577  0.443812
0.959255  0.682599  0.221125
1.00054  0.760052  -0.230392
1.00054  0.760052  -0.230392
0.984631  0.819694  0.434844
1.00054  0.760052  -0.230392
0.959255  0.682599  0.221125
0.965913  0.744468  0.491175
0.905658  0.377327  -1.04062
0.9309  0.52832  0.188712
0.944372  0.598762  -0.0343876
1.00054  0.760052  -0.230392
0.965913  0.744468  0.288919
0.965913  0.744468  0.288919
0.965913  0.744468  0.288919
0.991248  0.819911  -0.144992
1.00054  0.760052  -0.230392
0.894809  0.154442  -0.590215
0.959255  0.682599  0.221125
0.984631  0.721815  0.79987
1.00054  0.760052  -0.230392
0.991248  0.819911  -0.144992
1.00054  0.760052  -0.230392
1.00054  0.760052  -0.230392
0.991248  0.819911  -0.144992
0.959255  0.682599  0.221125
0.984631  0.819694  0.434844
0.965913  0.744468  0.288919
0.890203  0.133577  0.443812
0.954659  0.608464  0.923919
0.984631  0.819694  0.434844
0.959255  0.682599  0.221125
0.984631  0.819694  0.434844
1.00054  0.760052  -0.230392
0.944372  0.593641  0.297913
1.00054  0.760052  -0.230392
0.984631  0.782636  0.79987
1.00054  0.760052  -0.230392
0.991248  0.819911  -0.144992
0.959255  0.682599  0.221125
0.84495  -7.42976e-05  0.351751
0.973555  0.718583  0.720766
0.984631  0.819694  0.434844
0.991248  0.819911  -0.144992
0.991248  0.819911  -0.144992
0.944372  0.598762  -0.0343876
1.00054  0.760052  -0.230392
0.959255  0.682599  0.221125
0.944372  0.598762  -0.0343876
1.00054  0.760052  -0.230392
0.965913  0.744468  0.288919
0.959255  0.682599  0.221125
0.944372  0.598762  -0.0343876
1.00054  0.760052  -0.230392
0.959255  0.682599  0.221125
0.9309  0.52832  0.188712
0.959255  0.682599  0.221125
0.959255  0.682599  0.221125
0.991248  0.819911  -0.144992
0.930959  0.590541  0.331082
0.991248  0.819911  -0.144992
0.944372  0.593641  0.297913
0.956138  0.476278  0.514617
1.00054  0.760052  -0.230392
0.991248  0.819911  -0.144992
0.9309  0.52832  0.188712
0.991248  0.819911  -0.144992
1.00054  0.760052  -0.230392
0.904228  0.249759  0.950826
0.984631  0.819694  0.434844
0.944372  0.581103  0.00508036
0.991248  0.819911  -0.144992
0.984631  0.782636  0.79987
0.959255  0.682599  0.221125
1.00054  0.760052  -0.230392
0.984631  0.721815  0.79987
1.00054  0.760052  -0.338313
0.956138  0.521697  0.514617
1.00054  0.760052  -0.230392
0.956138  0.521697  0.514617
0.944372  0.598762  -0.0343876
0.944372  0.593641  0.297913
0.991248  0.819911  -0.144992
0.973555  0.718583  0.720766
0.959255  0.682599  0.221125
0.944372  0.593641  0.297913
0.973555  0.718583  0.720766
0.984631  0.819694  0.434844
0.944372  0.593641  0.297913
0.991248  0.819911  -0.144992
0.984631  0.721815  0.79987
0.984631  0.819694  0.434844
0.954659  0.608464  0.923919
0.991248  0.819911  -0.144992
1.00054  0.760052  -0.230392
0.973555  0.718583  0.720766
0.879731  -0.0133902  0.136738
0.944372  0.593641  0.297913
0.984631  0.782636  0.79987
0.984631  0.721815  0.79987
0.984631  0.721815  0.79987
0.991248  0.819911  -0.144992
1.00054  0.760052  -0.230392
0.944372  0.581103  0.00508036
0.965913  0.744468  0.288919
1.00054  0.760052  -0.230392
0.973555  0.718583  0.720766
0.959255  0.682599  0.221125
1.00054  0.760052  -0.230392
0.878996  0.151209  0.280531
0.9309  0.52832  0.188712
0.984631  0.819694  0.434844
0.991248  0.819911  -0.144992
0.959255  0.682599  0.221125
0.991248  0.819911  -0.144992
1.00054  0.760052  -0.230392
1.00054  0.760052  -0.230392
0.991248  0.819911  -0.144992
0.991248  0.819911  -0.144992
0.959255  0.682599  0.221125
0.959255  0.682599  0.221125
0.959255  0.682599  0.221125
0.959255  0.682599  0.221125
0.984631  0.721815  0.79987
0.991248  0.819911  -0.144992
0.984631  0.721815  0.79987
1.00054  0.760052  -0.230392
1.00054  0.760052  -0.338313
0.944372  0.593641  0.297913
0.991248  0.819911  -0.144992
0.959255  0.682599  0.221125
0.965913  0.744468  0.288919
0.965913  0.744468  0.288919
0.984631  0.721815  0.79987
0.954659  0.608464  0.923919
0.959255  0.682599  0.221125
0.965913  0.744468  0.491175
0.984631  0.819694  0.434844
0.991248  0.819911  -0.144992
0.939507  0.567031  0.00508036
0.939507  0.567031  0.00508036
0.991248  0.819911  -0.144992
0.9309  0.52832  0.188712
1.00054  0.760052  -0.230392
1.00054  0.760052  -0.338313
1.00054  0.760052  -0.230392
0.944372  0.598762  -0.0343876
0.965913  0.744468  0.288919
0.984631  0.782636  0.79987
1.00054  0.760052  -0.230392
0.984631  0.819694  0.434844
0.991248  0.819911  -0.144992
0.965913  0.744468  0.288919
0.991248  0.819911  -0.144992
0.965913  0.744468  0.288919
0.965913  0.744468  0.491175
0.894809  0.154442  -0.590215
0.973555  0.718583  0.720766
0.944372  0.593641  0.297913
0.944372  0.593641  0.297913
0.959255  0.682599  0.221125
0.991248  0.819911  -0.144992
0.991248  0.819911  -0.144992
0.991248  0.819911  -0.144992
0.9309  0.52832  0.188712
0.984631  0.819694  0.434844
0.991248  0.819911  -0.144992
0.959255  0.682599  0.221125
0.959255  0.682599  0.221125
0.944372  0.598762  -0.0343876
0.939507  0.567031  0.00508036
0.952954  0.714384  -0.176172
1.00054  0.760052  -0.230392
0.984631  0.819694  0.434844
0.959255  0.682599  0.221125
0.973555  0.718583  0.720766
0.959255  0.682599  0.221125
0.984631  0.782636  0.79987
0.991248  0.819911  -0.144992
1.00054  0.760052  -0.230392
0.991248  0.819911  -0.144992
0.954659  0.608464  0.923919
1.00054  0.760052  -0.230392
0.991248  0.819911  -0.144992
0.84495  -7.42976e-05  0.351751
1.00054  0.760052  -0.230392
0.905658  0.377327  -1.04062
0.984631  0.721815  0.79987
0.984631  0.782636  0.79987
1.00054  0.760052  -0.230392
1.00054  0.760052  -0.338313
0.959255  0.682599  0.221125
1.00054  0.760052  -0.230392
0.991248  0.819911  -0.144992
0.991248  0.819911  -0.144992
0.984631  0.782636  0.79987
1.00054  0.760052  -0.230392
1.00054  0.760052  -0.230392
1.00054  0.760052  -0.230392
1.00054  0.760052  -0.230392
0.991248  0.819911  -0.144992
0.956138  0.521697  0.514617
1.00054  0.760052  -0.230392
0.904228  0.249759  0.950826
0.959255  0.682599  0.221125
0.991248  0.819911  -0.144992
0.973555  0.718583  0.720766
1.00054  0.760052  -0.230392
0.991248  0.819911  -0.144992
1.00054  0.760052  -0.230392
0.991248  0.819911  -0.144992
0.991248  0.819911  -0.144992
0.984631  0.782636  0.79987
0.959255  0.682599  0.221125
0.944372  0.598762  -0.0343876
0.984631  0.782636  0.79987
0.984631  0.721815  0.79987
0.959255  0.682599  0.221125
0.991248  0.819911  -0.144992
0.991248  0.819911  -0.144992
0.956138  0.521697  0.514617
0.984631  0.721815  0.79987
0.890203  0.133577  0.443812
1.00054  0.760052  -0.230392
1.00054  0.760052  -0.230392
0.953781  0.655655  -0.0884233
0.930959  0.590541  0.331082
0.991248  0.819911  -0.144992
1.00054  0.760052  -0.230392
0.944372  0.598762  -0.0343876
0.905658  0.377327  -0.94134
0.944372  0.598762  -0.0343876
0.984631  0.721815  0.79987
1.00054  0.760052  -0.230392
0.965913  0.744468  0.288919
0.953781  0.715964  0.118385
0.973555  0.718583  0.720766
1.00054  0.760052  -0.230392
0.965913  0.744468  0.288919
0.959255  0.682599  0.221125
0.991248  0.819911  -0.144992
0.944372  0.593641  0.297913
0.944372  0.598762  -0.0343876
1.00054  0.760052  -0.230392
1.00054  0.760052  -0.230392
0.959255  0.682599  0.221125
0.991248  0.819911  -0.144992
1.00054  0.760052  -0.230392
0.984631  0.721815  0.79987
0.984631  0.782636  0.79987
0.944372  0.598762  -0.0343876
0.939507  0.567031  0.00508036
1.00054  0.760052  -0.230392
0.959255  0.682599  0.221125
0.959255  0.682599  0.221125
0.991248  0.819911  -0.144992
0.965913  0.744468  0.491175
0.991248  0.819911  -0.144992
1.00054  0.760052  -0.230392
0.952954  0.714384  -0.176172
1.00054  0.760052  -0.338313
0.984631  0.782636  0.79987
0.956138  0.476278  0.514617
0.959255  0.682599  0.221125
0.939507  0.567031  0.00508036
0.959255  0.682599  0.221125
1.00054  0.760052  -0.230392
0.959255  0.682599  0.221125
1.00054  0.760052  -0.338313
0.9309  0.52832  0.188712
0.959255  0.682599  0.221125
1.00054  0.760052  -0.230392
0.959255  0.682599  0.221125
0.904228  0.249759  0.950826
0.991248  0.819911  -0.144992
0.991248  0.819911  -0.144992
0.944372  0.593641  0.297913
0.956138  0.521697  0.514617
0.973555  0.718583  0.720766
0.904228  0.249759  0.950826
0.984631  0.782636  0.79987
0.959255  0.682599  0.221125
0.973555  0.718583  0.720766
0.959255  0.682599  0.221125
0.965913  0.744468  0.491175
0.959255  0.682599  0.221125
0.953781  0.655655  -0.0884233
0.939507  0.567031  0.00508036
0.984631  0.782636  0.79987
0.930959  0.590541  0.331082
1.00054  0.760052  -0.230392
0.904228  0.249759  0.950826
1.00054  0.760052  -0.338313
1.00054  0.760052  -0.230392
0.959255  0.682599  0.221125
1.00054  0.760052  -0.230392
0.984631  0.819694  0.434844
0.984631  0.721815  0.79987
0.944372  0.598762  -0.0343876
0.973555  0.718583  0.720766
0.930959  0.590541  0.331082
0.959255  0.682599  0.221125
1.00054  0.760052  -0.230392
0.984631  0.782636  0.79987
0.991248  0.819911  -0.144992
0.944372  0.581103  0.00508036
0.965913  0.744468  0.288919
0.973555  0.718583  0.720766
1.00054  0.760052  -0.230392
1.00054  0.760052  -0.230392
0.956138  0.521697  0.514617
0.991248  0.819911  -0.144992
0.959255  0.682599  0.221125
0.944372  0.598762  -0.0343876
0.959255  0.682599  0.221125
0.88781  0.0832705  0.201593
0.959255  0.682599  0.221125
0.944372  0.598762  -0.0343876
1.00054  0.760052  -0.230392
0.894809  0.154442  -0.590215
0.930959  0.590541  0.331082
0.965913  0.744468  0.288919
0.904228  0.249759  0.950826
0.944372  0.598762  -0.0343876
0.959255  0.682599  0.221125
0.944372  0.581103  0.00508036
1.00054  0.760052  -0.230392
0.930959  0.590541  0.331082
0.905658  0.377327  -1.04062
0.965913  0.744468  0.288919
0.973555  0.718583  0.720766
0.959255  0.682599  0.221125
0.984631  0.819694  0.434844
0.984631  0.721815  0.79987
0.939507  0.567031  0.00508036
0.984631  0.721815  0.79987
0.956138  0.476278  0.514617
1.00054  0.760052  -0.230392
0.944372  0.598762  -0.0343876
0.991248  0.819911  -0.144992
0.991248  0.819911  -0.144992
1.00054  0.760052  -0.338313
0.965913  0.744468  0.288919
1.00054  0.760052  -0.230392
1.00054  0.760052  -0.230392
0.944372  0.598762  -0.0343876
0.984631  0.819694  0.434844
0.894809  0.154442  -0.590215
0.991248  0.819911  -0.144992
0.84495  -7.42976e-05  0.351751
0.984631  0.782636  0.79987
1.00054  0.760052  -0.230392
0.965913  0.744468  0.288919
1.00054  0.760052  -0.230392
0.953781  0.678646  0.0593794
0.965913  0.744468  0.491175
0.9309  0.52832  0.188712
1.00054  0.760052  -0.230392
0.973555  0.718583  0.720766
0.944372  0.593641  0.297913
0.965913  0.744468  0.491175
0.965913  0.744468  0.288919
0.984631  0.819694  0.434844
0.959255  0.682599  0.221125
0.965913  0.744468  0.288919
0.959255  0.682599  0.221125
0.965913  0.744468  0.288919
0.959255  0.682599  0.221125
0.991248  0.819911  -0.144992
0.959255  0.682599  0.221125
0.991248  0.819911  -0.144992
0.959255  0.682599  0.221125
0.984631  0.721815  0.79987
0.991248  0.819911  -0.144992
0.959255  0.682599  0.221125
