0.866249  0.932822  0.350954
0.860384  -0.945058  -0.191962
0.870948  0.256603  0.00421081
0.862961  0.694238  -0.286332
0.881001  -0.473783  0.491046
0.871124  -0.637027  -0.39146
0.866249  0.932822  0.310761
0.849996  0.797604  -0.866419
0.869203  0.336679  0.429946
0.866249  0.932822  0.310761
0.87875  -0.093263  0.60021
0.833084  -0.00129632  -0.808992
0.834825  0.635975  -1.11335
0.869203  0.282031  0.157205
0.843359  0.242038  0.101111
0.866249  0.932822  0.350954
0.866249  0.932822  0.375429
0.849996  0.797604  -0.866419
0.870948  0.256603  0.00421081
0.861244  -0.299371  0.560098
0.862961  0.694238  -0.286332
0.861244  -0.299371  0.560098
0.87013  -0.760698  -0.20535
0.866249  0.932822  0.375429
0.867771  -1.31265  0.387653
0.867671  0.490884  0.959127
0.867671  0.490884  0.959127
0.861244  -0.299371  0.560098
0.860384  -0.343119  -0.231871
0.867671  0.490884  0.959127
0.866249  0.932822  0.375429
0.881001  -0.473783  0.491046
0.871124  -0.637027  -0.39146
0.843359  0.242038  0.101111
0.869894  1.80285  -0.0633242
0.860384  -0.343119  -0.231871
0.870782  0.119345  -1.11433
0.869203  0.336679  0.429946
0.860384  -0.945058  -0.191962
0.866249  0.932822  0.310761
0.833084  -0.00129632  -0.808992
0.867771  -1.31265  0.387653
0.860384  -0.945058  -0.191962
0.835731  0.358194  -0.27188
0.881001  -0.473783  0.491046
0.869203  0.336679  0.429946
0.893711  -0.708294  -0.178589
0.87013  -0.760698  -0.20535
0.862961  0.694238  -0.286332
0.833084  -0.00129632  -0.808992
0.87013  -0.760698  -0.20535
0.849996  0.797604  -0.866419
0.854653  -0.560091  -0.139667
0.849996  0.797604  -0.866419
0.866249  0.932822  0.375429
0.869203  0.336679  0.429946
0.870948  0.256603  0.00421081
0.843359  0.242038  0.101111
0.867771  -1.31265  0.387653
0.849996  0.525083  -0.589236
0.843359  0.242038  0.101111
0.871124  -0.637027  -0.39146
0.854653  -0.560091  -0.139667
0.87013  -0.760698  -0.20535
0.843359  0.242038  0.101111
0.869203  0.282031  0.157205
0.871124  -0.637027  -0.39146
0.87013  -0.760698  -0.20535
0.860384  -0.945058  -0.191962
0.866249  0.932822  0.375429
0.861244  -0.299371  0.560098
0.866249  0.932822  0.310761
0.87013  -0.760698  -0.20535
0.87013  -0.760698  -0.20535
0.869203  0.336679  0.429946
0.849996  0.797604  -0.866419
0.860384  -0.945058  -0.191962
0.861244  -0.299371  0.560098
0.869203  0.282031  0.157205
0.870948  0.256603  0.00421081
0.888583  -1.0177  -0.00561074
0.866249  0.932822  0.310761
0.860384  -0.945058  -0.191962
0.87013  -0.760698  -0.20535
0.862961  0.694238  -0.286332
0.862961  0.694238  -0.286332
0.867771  -1.31265  0.387653
0.867771  -1.31265  0.387653
0.869203  0.336679  0.429946
0.843359  0.242038  0.101111
0.849996  0.797604  -0.866419
0.866249  0.932822  0.350954
0.832026  0.0452922  -0.876903
0.869203  0.282031  0.157205
0.871124  -0.637027  -0.39146
0.860384  -0.945058  -0.191962
0.866249  0.932822  0.375429
0.869203  0.282031  0.157205
0.87013  -0.760698  -0.20535
0.860384  -0.945058  -0.191962
0.869203  0.282031  0.157205
0.843359  0.242038  0.101111
0.87013  -0.760698  -0.20535
0.869203  0.282031  0.157205
0.869203  0.336679  0.429946
0.871124  -0.637027  -0.39146
0.870948  0.256603  0.00421081
0.87013  -0.760698  -0.20535
0.860384  -0.343119  -0.231871
0.862961  0.694238  -0.286332
0.85158  -0.0865601  -0.606906
0.867771  -1.31265  0.387653
0.849996  0.797604  -0.866419
0.835731  0.590024  -0.341599
0.87875  -0.093263  0.60021
0.867771  -1.31265  0.387653
0.835722  -1.21995  -0.584521
0.867771  -1.31265  0.387653
0.843359  0.242038  0.101111
0.866249  0.932822  0.310761
0.860384  -0.343119  -0.231871
0.867671  0.490884  0.959127
0.867771  -1.31265  0.387653
0.870948  0.256603  0.00421081
0.869203  0.282031  0.157205
0.860384  -0.945058  -0.191962
0.866249  0.932822  0.350954
0.869203  0.336679  0.429946
0.871124  -0.637027  -0.39146
0.835731  0.590024  -0.341599
0.870782  0.119345  -1.11433
0.849996  0.525083  -0.589236
0.860384  -0.945058  -0.191962
0.867671  0.490884  0.959127
0.87013  -0.760698  -0.20535
0.87013  -0.760698  -0.20535
0.87013  -0.760698  -0.20535
0.866249  0.932822  0.310761
0.832026  0.0452922  -0.876903
0.867771  -1.31265  0.387653
0.860384  -0.945058  -0.191962
0.860384  -0.343119  -0.231871
0.862961  0.694238  -0.286332
0.860384  -0.343119  -0.231871
0.869894  1.80285  -0.0633242
0.843359  0.242038  0.101111
0.860384  -0.343119  -0.231871
0.866249  0.932822  0.375429
0.860384  -0.945058  -0.191962
0.867771  -1.31265  0.387653
0.835731  0.358194  -0.27188
0.860384  -0.343119  -0.231871
0.87013  -0.760698  -0.20535
0.860384  -0.945058  -0.191962
0.866249  0.932822  0.375429
0.87013  -0.760698  -0.20535
0.849996  0.797604  -0.866419
0.8616  0.699714  0.101111
0.870782  0.119345  -1.11433
0.860384  -0.945058  -0.191962
0.835731  0.358194  -0.27188
0.870782  0.119345  -1.11433
0.870948  0.256603  0.00421081
0.893711  -0.708294  -0.178589
0.867771  -1.31265  0.387653
0.893711  -0.708294  -0.178589
0.87013  -0.760698  -0.20535
0.866249  0.932822  0.310761
0.860384  -0.343119  -0.231871
0.866249  0.932822  0.375429
0.849996  0.797604  -0.866419
0.87013  -0.760698  -0.20535
0.832026  0.0452922  -0.876903
0.849996  0.797604  -0.866419
0.862961  0.694238  -0.286332
0.849996  0.525083  -0.589236
0.87013  -0.760698  -0.20535
0.866249  0.932822  0.375429
0.869203  0.282031  0.157205
0.8616  0.699714  0.101111
0.833084  -0.00129632  -0.808992
0.860384  -0.343119  -0.231871
0.849996  0.797604  -0.866419
0.854653  -0.560091  -0.139667
0.866249  0.932822  0.350954
0.834825  0.635975  -1.11335
0.8616  0.238403  0.868447
0.843359  0.242038  0.101111
0.867771  -1.31265  0.387653
0.860384  -0.343119  -0.231871
0.866249  0.932822  0.375429
0.849996  0.797604  -0.866419
0.835731  0.358194  -0.27188
0.871124  -0.637027  -0.39146
0.869203  0.282031  0.157205
0.866249  0.932822  0.310761
0.893711  -0.708294  -0.178589
0.870948  0.256603  0.00421081
0.866249  0.932822  0.350954
0.87013  -0.760698  -0.20535
0.866249  0.932822  0.310761
0.869203  0.282031  0.157205
0.869203  0.336679  0.429946
0.870948  0.256603  0.00421081
0.849996  0.797604  -0.866419
0.866249  0.932822  0.310761
0.860384  -0.945058  -0.191962
0.870782  0.119345  -1.11433
0.860384  -0.945058  -0.191962
0.869203  0.336679  0.429946
0.87013  -0.760698  -0.20535
0.893711  -0.708294  -0.178589
0.87013  -0.760698  -0.20535
0.870782  0.119345  -1.11433
0.871124  -0.637027  -0.39146
0.833084  -0.00129632  -0.808992
0.860384  -0.945058  -0.191962
0.849996  0.525083  -0.589236
0.87013  -0.760698  -0.20535
0.862961  0.417498  0.978359
0.866249  0.932822  0.375429
0.87013  -0.760698  -0.20535
0.866249  0.932822  0.350954
0.87013  -0.760698  -0.20535
0.87013  -0.760698  -0.20535
0.870782  0.119345  -1.11433
0.893711  -0.708294  -0.178589
0.87013  -0.760698  -0.20535
0.87013  -0.760698  -0.20535
0.860384  -0.945058  -0.191962
0.893711  -0.708294  -0.178589
0.860384  -0.945058  -0.191962
0.862961  0.381267  0.978359
0.87013  -0.760698  -0.20535
0.860384  -0.945058  -0.191962
0.867671  0.490884  0.959127
0.849996  0.525083  -0.589236
0.833084  -0.00129632  -0.808992
0.869203  0.336679  0.429946
0.833084  -0.00129632  -0.808992
0.85158  -0.0865601  -0.606906
0.860384  -0.945058  -0.191962
0.866249  0.932822  0.350954
0.867671  0.490884  0.959127
0.888583  -1.0177  -0.00561074
0.87013  -0.760698  -0.20535
0.87013  -0.760698  -0.20535
0.860384  -0.945058  -0.191962
0.869203  0.282031  0.157205
0.866249  0.932822  0.375429
0.862961  0.381267  0.978359
0.849996  0.797604  -0.866419
0.87013  -0.760698  -0.20535
0.866249  0.932822  0.310761
0.835731  0.358194  -0.27188
0.869203  0.336679  0.429946
0.843359  0.242038  0.101111
0.835722  -1.21995  -0.584521
0.870948  0.256603  0.00421081
0.860384  -0.945058  -0.191962
0.835731  0.358194  -0.27188
0.867771  -1.31265  0.387653
0.862961  0.694238  -0.286332
0.843359  0.242038  0.101111
0.870948  0.256603  0.00421081
0.867671  0.490884  0.959127
0.860384  -0.343119  -0.231871
0.862961  0.381267  0.978359
0.873615  0.678387  0.602055
0.860384  -0.343119  -0.231871
0.87875  -0.296434  0.60021
0.869894  1.80285  -0.0633242
0.867771  -1.31265  0.387653
0.860384  -0.945058  -0.191962
0.835731  0.590024  -0.341599
0.860384  -0.945058  -0.191962
0.87875  -0.296434  0.60021
0.867671  0.490884  0.959127
0.866249  0.932822  0.310761
0.835731  0.358194  -0.27188
0.869203  0.282031  0.157205
0.869203  0.336679  0.429946
0.871124  -0.637027  -0.39146
0.867671  0.490884  0.959127
0.869203  0.336679  0.429946
0.860384  -0.945058  -0.191962
0.860384  -0.945058  -0.191962
0.87013  -0.760698  -0.20535
0.833084  -0.00129632  -0.808992
0.843359  0.242038  0.101111
0.870782  0.119345  -1.11433
0.843359  0.242038  0.101111
0.866249  0.932822  0.310761
0.869203  0.282031  0.157205
0.862961  0.381267  0.978359
0.87013  -0.760698  -0.20535
0.860384  -0.945058  -0.191962
0.870782  0.119345  -1.11433
0.860384  -0.945058  -0.191962
0.867771  -1.31265  0.387653
0.866249  0.932822  0.350954
0.881001  -0.473783  0.491046
0.87013  -0.760698  -0.20535
0.870782  0.119345  -1.11433
0.867671  0.490884  0.959127
0.871124  -0.637027  -0.39146
0.869203  0.336679  0.429946
0.843359  0.242038  0.101111
0.869203  0.282031  0.157205
0.860384  -0.945058  -0.191962
0.869203  0.282031  0.157205
0.87013  -0.760698  -0.20535
0.860384  -0.343119  -0.231871
0.862961  0.694238  -0.286332
0.87013  -0.760698  -0.20535
0.843359  0.242038  0.101111
0.843359  0.242038  0.101111
0.833084  -0.00129632  -0.808992
0.871124  -0.637027  -0.39146
0.866249  0.932822  0.375429
0.893711  -0.708294  -0.178589
0.860384  -0.945058  -0.191962
0.87013  -0.760698  -0.20535
0.871124  -0.637027  -0.39146
0.87013  -0.760698  -0.20535
0.87013  -0.760698  -0.20535
0.834825  0.635975  -1.11335
0.870782  0.119345  -1.11433
0.866249  0.932822  0.310761
0.866249  0.932822  0.310761
0.869894  1.80285  -0.0633242
0.869203  0.282031  0.157205
0.860384  -0.343119  -0.231871
0.849996  0.797604  -0.866419
0.835731  0.590024  -0.341599
0.833084  -0.00129632  -0.808992
0.862961  0.694238  -0.286332
0.866249  0.932822  0.310761
0.860384  -0.343119  -0.231871
0.893711  -0.708294  -0.178589
0.860384  -0.945058  -0.191962
0.869203  0.282031  0.157205
0.843359  0.242038  0.101111
0.866249  0.932822  0.310761
0.866249  0.932822  0.310761
0.866249  0.932822  0.310761
0.862961  0.694238  -0.286332
0.869894  1.80285  -0.0633242
0.870948  0.256603  0.00421081
0.870948  0.256603  0.00421081
0.85158  -0.0865601  -0.606906
0.87013  -0.760698  -0.20535
0.860384  -0.343119  -0.231871
0.854653  -0.560091  -0.139667
0.866249  0.932822  0.310761
0.835731  0.358194  -0.27188
0.832026  0.0452922  -0.876903
0.835731  0.590024  -0.341599
0.87013  -0.760698  -0.20535
0.870948  0.256603  0.00421081
0.834825  0.635975  -1.11335
0.866249  0.932822  0.375429
0.869203  0.282031  0.157205
0.870948  0.256603  0.00421081
0.866249  0.932822  0.375429
0.860384  -0.945058  -0.191962
0.870948  0.256603  0.00421081
0.860384  -0.945058  -0.191962
0.849996  0.797604  -0.866419
0.860384  -0.945058  -0.191962
0.87875  -0.296434  0.60021
0.860384  -0.343119  -0.231871
0.8616  0.699714  0.101111
0.867771  -1.31265  0.387653
0.87013  -0.760698  -0.20535
0.862961  0.381267  0.978359
0.862961  0.694238  -0.286332
0.843359  0.242038  0.101111
0.867671  0.490884  0.959127
0.866249  0.932822  0.375429
0.869894  1.80285  -0.0633242
0.867771  -1.31265  0.387653
0.861244  -0.299371  0.560098
0.860384  -0.945058  -0.191962
0.843359  0.242038  0.101111
0.893711  -0.708294  -0.178589
0.860384  -0.343119  -0.231871
0.854653  -0.560091  -0.139667
0.85158  -0.0865601  -0.606906
0.869203  0.282031  0.157205
0.87875  -0.093263  0.60021
0.860384  -0.343119  -0.231871
0.87013  -0.760698  -0.20535
0.87013  -0.760698  -0.20535
0.869203  0.336679  0.429946
0.862961  0.694238  -0.286332
0.870782  0.119345  -1.11433
0.860384  -0.343119  -0.231871
0.860384  -0.343119  -0.231871
0.860384  -0.945058  -0.191962
0.87875  -0.296434  0.60021
0.849996  0.525083  -0.589236
0.832026  0.0452922  -0.876903
0.866249  0.932822  0.350954
0.862961  0.694238  -0.286332
0.862961  0.694238  -0.286332
0.869203  0.282031  0.157205
0.862961  0.694238  -0.286332
0.87013  -0.760698  -0.20535
0.860384  -0.945058  -0.191962
0.849996  0.797604  -0.866419
0.87013  -0.760698  -0.20535
0.869203  0.282031  0.157205
0.860384  -0.945058  -0.191962
0.866249  0.932822  0.350954
0.835722  -1.21995  -0.584521
0.869894  1.80285  -0.0633242
0.843359  0.242038  0.101111
0.867771  -1.31265  0.387653
0.843359  0.242038  0.101111
0.866249  0.932822  0.310761
0.849996  0.525083  -0.589236
0.869203  0.282031  0.157205
0.870948  0.256603  0.00421081
0.871124  -0.637027  -0.39146
0.871124  -0.637027  -0.39146
0.849996  0.525083  -0.589236
0.833084  -0.00129632  -0.808992
0.87875  -0.093263  0.60021
0.87013  -0.760698  -0.20535
0.867671  0.490884  0.959127
0.87013  -0.760698  -0.20535
0.833084  -0.00129632  -0.808992
0.835731  0.590024  -0.341599
0.871124  -0.637027  -0.39146
0.893711  -0.708294  -0.178589
0.860384  -0.945058  -0.191962
0.833084  -0.00129632  -0.808992
0.866249  0.932822  0.310761
0.893711  -0.708294  -0.178589
0.8616  0.699714  0.101111
0.870782  0.119345  -1.11433
0.849996  0.525083  -0.589236
0.87013  -0.760698  -0.20535
0.866249  0.932822  0.310761
0.832026  0.0452922  -0.876903
0.866249  0.932822  0.310761
0.869203  0.336679  0.429946
0.849996  0.797604  -0.866419
0.866249  0.932822  0.310761
0.87875  -0.093263  0.60021
0.867671  0.490884  0.959127
0.87013  -0.760698  -0.20535
0.860384  -0.343119  -0.231871
0.861244  -0.299371  0.560098
0.860384  -0.343119  -0.231871
0.862961  0.381267  0.978359
0.869203  0.336679  0.429946
0.860384  -0.945058  -0.191962
0.870948  0.256603  0.00421081
0.870782  0.119345  -1.11433
0.869203  0.336679  0.429946
0.861244  -0.299371  0.560098
0.849996  0.797604  -0.866419
0.869894  1.80285  -0.0633242
0.869894  1.80285  -0.0633242
0.862961  0.694238  -0.286332
0.860384  -0.945058  -0.191962
0.869894  1.80285  -0.0633242
0.87013  -0.760698  -0.20535
0.869203  0.336679  0.429946
0.849996  0.797604  -0.866419
0.862961  0.694238  -0.286332
0.8616  0.238403  0.868447
0.867771  -1.31265  0.387653
0.849996  0.797604  -0.866419
0.866249  0.932822  0.310761
0.87013  -0.760698  -0.20535
0.867671  0.490884  0.959127
0.866249  0.932822  0.375429
0.866249  0.932822  0.310761
0.87013  -0.760698  -0.20535
0.869894  1.80285  -0.0633242
0.861244  -0.299371  0.560098
0.871124  -0.637027  -0.39146
0.869894  1.80285  -0.0633242
0.871124  -0.637027  -0.39146
0.870948  0.256603  0.00421081
0.835731  0.590024  -0.341599
0.87013  -0.760698  -0.20535
0.860384  -0.945058  -0.191962
0.866249  0.932822  0.310761
0.849996  0.525083  -0.589236
0.833084  -0.00129632  -0.808992
0.871124  -0.637027  -0.39146
0.833084  -0.00129632  -0.808992
0.849996  0.797604  -0.866419
0.860384  -0.945058  -0.191962
0.835731  0.590024  -0.341599
0.849996  0.797604  -0.866419
0.867671  0.490884  0.959127
0.867771  -1.31265  0.387653
0.860384  -0.343119  -0.231871
0.862961  0.694238  -0.286332
0.881001  -0.473783  0.491046
0.87013  -0.760698  -0.20535
0.849996  0.797604  -0.866419
0.860384  -0.945058  -0.191962
0.866249  0.932822  0.350954
0.843359  0.242038  0.101111
0.870948  0.256603  0.00421081
0.866249  0.932822  0.310761
0.866249  0.932822  0.310761
0.866249  0.932822  0.375429
0.860384  -0.343119  -0.231871
0.87013  -0.760698  -0.20535
0.866249  0.932822  0.310761
0.867671  0.490884  0.959127
0.867771  -1.31265  0.387653
0.832026  0.0452922  -0.876903
0.870782  0.119345  -1.11433
0.854653  -0.560091  -0.139667
0.867671  0.490884  0.959127
0.860384  -0.945058  -0.191962
0.87013  -0.760698  -0.20535
0.867671  0.490884  0.959127
0.867771  -1.31265  0.387653
0.843359  0.242038  0.101111
0.87013  -0.760698  -0.20535
0.870948  0.256603  0.00421081
0.833084  -0.00129632  -0.808992
0.869203  0.282031  0.157205
0.843359  0.242038  0.101111
0.860384  -0.945058  -0.191962
0.867771  -1.31265  0.387653
0.835722  -1.21995  -0.584521
0.870948  0.256603  0.00421081
0.866249  0.932822  0.310761
0.87013  -0.760698  -0.20535
0.87013  -0.760698  -0.20535
0.862961  0.381267  0.978359
0.867771  -1.31265  0.387653
0.869894  1.80285  -0.0633242
0.87013  -0.760698  -0.20535
0.843359  0.242038  0.101111
0.834825  0.635975  -1.11335
0.87013  -0.760698  -0.20535
0.860384  -0.945058  -0.191962
0.870782  0.119345  -1.11433
0.860384  -0.945058  -0.191962
0.861244  -0.299371  0.560098
0.843359  0.242038  0.101111
0.869894  1.80285  -0.0633242
0.867771  -1.31265  0.387653
0.861244  -0.299371  0.560098
0.870948  0.256603  0.00421081
0.866249  0.932822  0.310761
0.861244  -0.299371  0.560098
0.843359  0.242038  0.101111
0.866249  0.932822  0.375429
0.87013  -0.760698  -0.20535
0.870948  0.256603  0.00421081
0.835731  0.590024  -0.341599
0.87013  -0.760698  -0.20535
0.866249  0.932822  0.350954
0.860384  -0.343119  -0.231871
0.87013  -0.760698  -0.20535
0.835731  0.358194  -0.27188
0.87013  -0.760698  -0.20535
0.861244  -0.299371  0.560098
0.860384  -0.945058  -0.191962
0.85158  -0.0865601  -0.606906
0.867771  -1.31265  0.387653
0.87013  -0.760698  -0.20535
0.87013  -0.760698  -0.20535
0.862961  0.694238  -0.286332
0.866249  0.932822  0.350954
0.869203  0.282031  0.157205
0.849996  0.525083  -0.589236
0.8616  0.699714  0.101111
0.860384  -0.945058  -0.191962
0.835722  -1.21995  -0.584521
0.87013  -0.760698  -0.20535
0.87013  -0.760698  -0.20535
0.862961  0.694238  -0.286332
0.888583  -1.0177  -0.00561074
0.87875  -0.093263  0.60021
0.870782  0.119345  -1.11433
0.867671  0.490884  0.959127
0.860384  -0.945058  -0.191962
0.833084  -0.00129632  -0.808992
0.849996  0.797604  -0.866419
0.866249  0.932822  0.310761
0.87013  -0.760698  -0.20535
0.860384  -0.343119  -0.231871
0.8616  0.699714  0.101111
0.860384  -0.945058  -0.191962
0.854653  -0.560091  -0.139667
0.860384  -0.600706  -0.347823
0.833084  -0.00129632  -0.808992
0.860384  -0.343119  -0.231871
0.870782  0.119345  -1.11433
0.87013  -0.760698  -0.20535
0.862961  0.694238  -0.286332
0.87013  -0.760698  -0.20535
0.860384  -0.343119  -0.231871
0.867671  0.490884  0.959127
0.866249  0.932822  0.310761
0.867671  0.490884  0.959127
0.832026  0.0452922  -0.876903
0.866249  0.932822  0.310761
0.869894  1.80285  -0.0633242
0.866249  0.932822  0.350954
0.849996  0.525083  -0.589236
0.87875  -0.093263  0.60021
0.867671  0.490884  0.959127
0.866249  0.932822  0.375429
0.843359  0.242038  0.101111
0.87013  -0.760698  -0.20535
0.861244  -0.299371  0.560098
0.870948  0.256603  0.00421081
0.862961  0.694238  -0.286332
0.866249  0.932822  0.375429
0.862961  0.694238  -0.286332
0.849996  0.525083  -0.589236
0.87013  -0.760698  -0.20535
0.87013  -0.760698  -0.20535
0.869203  0.282031  0.157205
0.87013  -0.760698  -0.20535
0.871124  -0.637027  -0.39146
0.888583  -1.0177  -0.00561074
0.871124  -0.637027  -0.39146
0.87013  -0.760698  -0.20535
0.870948  0.256603  0.00421081
0.85158  -0.0865601  -0.606906
0.843359  0.242038  0.101111
0.860384  -0.945058  -0.191962
0.860384  -0.945058  -0.191962
0.871124  -0.637027  -0.39146
0.860384  -0.945058  -0.191962
0.849996  0.797604  -0.866419
0.87875  -0.296434  0.60021
0.860384  -0.343119  -0.231871
0.867671  0.490884  0.959127
0.870948  0.256603  0.00421081
0.867771  -1.31265  0.387653
0.871124  -0.637027  -0.39146
0.866249  0.932822  0.310761
0.860384  -0.945058  -0.191962
0.862961  0.694238  -0.286332
0.866249  0.932822  0.310761
0.870948  0.256603  0.00421081
0.869894  1.80285  -0.0633242
0.867671  0.490884  0.959127
0.871124  -0.637027  -0.39146
0.893711  -0.708294  -0.178589
0.866249  0.932822  0.310761
0.861244  -0.299371  0.560098
0.87013  -0.760698  -0.20535
0.888583  -1.0177  -0.00561074
0.849996  0.797604  -0.866419
0.867671  0.490884  0.959127
0.860384  -0.945058  -0.191962
0.87013  -0.760698  -0.20535
0.866249  0.932822  0.310761
0.869203  0.336679  0.429946
0.849996  0.797604  -0.866419
0.866249  0.932822  0.310761
0.862961  0.694238  -0.286332
0.867771  -1.31265  0.387653
0.866249  0.932822  0.375429
0.835731  0.358194  -0.27188
0.860384  -0.343119  -0.231871
0.867671  0.490884  0.959127
0.860384  -0.945058  -0.191962
0.860384  -0.945058  -0.191962
0.860384  -0.945058  -0.191962
0.860384  -0.945058  -0.191962
0.867671  0.490884  0.959127
0.870782  0.119345  -1.11433
0.867671  0.490884  0.959127
0.860384  -0.945058  -0.191962
0.860384  -0.343119  -0.231871
0.87013  -0.760698  -0.20535
0.87013  -0.760698  -0.20535
0.860384  -0.343119  -0.231871
0.869203  0.282031  0.157205
0.870948  0.256603  0.00421081
0.870782  0.119345  -1.11433
0.871124  -0.637027  -0.39146
0.869203  0.282031  0.157205
0.870782  0.119345  -1.11433
0.843359  0.242038  0.101111
0.862961  0.694238  -0.286332
0.866249  0.932822  0.310761
0.862961  0.694238  -0.286332
0.867671  0.490884  0.959127
0.860384  -0.343119  -0.231871
0.860384  -0.343119  -0.231871
0.862961  0.694238  -0.286332
0.843359  0.242038  0.101111
0.861244  -0.299371  0.560098
0.866249  0.932822  0.310761
0.869203  0.282031  0.157205
0.85158  -0.0865601  -0.606906
0.843359  0.242038  0.101111
0.860384  -0.945058  -0.191962
0.87875  -0.093263  0.60021
0.8616  0.238403  0.868447
0.8616  0.699714  0.101111
0.860384  -0.343119  -0.231871
0.888583  -1.0177  -0.00561074
0.867771  -1.31265  0.387653
0.843359  0.242038  0.101111
0.870948  0.256603  0.00421081
0.888583  -1.0177  -0.00561074
0.870948  0.256603  0.00421081
0.87013  -0.760698  -0.20535
0.893711  -0.708294  -0.178589
0.866249  0.932822  0.350954
0.862961  0.381267  0.978359
0.869203  0.336679  0.429946
0.869203  0.282031  0.157205
0.867771  -1.31265  0.387653
0.849996  0.797604  -0.866419
0.862961  0.694238  -0.286332
0.835731  0.590024  -0.341599
0.832026  0.0452922  -0.876903
0.867771  -1.31265  0.387653
0.866249  0.932822  0.350954
0.843359  0.242038  0.101111
0.867671  0.490884  0.959127
0.860384  -0.945058  -0.191962
0.861244  -0.299371  0.560098
0.849996  0.525083  -0.589236
0.869203  0.336679  0.429946
0.87013  -0.760698  -0.20535
0.834825  0.635975  -1.11335
0.849996  0.797604  -0.866419
0.860384  -0.945058  -0.191962
0.860384  -0.945058  -0.191962
0.860384  -0.945058  -0.191962
0.867771  -1.31265  0.387653
0.867671  0.490884  0.959127
0.871124  -0.637027  -0.39146
0.849996  0.525083  -0.589236
0.867771  -1.31265  0.387653
0.8616  0.699714  0.101111
0.8616  0.699714  0.101111
0.870948  0.256603  0.00421081
0.860384  -0.945058  -0.191962
0.867771  -1.31265  0.387653
0.854653  -0.560091  -0.139667
0.862961  0.381267  0.978359
0.869203  0.282031  0.157205
0.87013  -0.760698  -0.20535
0.87013  -0.760698  -0.20535
0.871124  -0.637027  -0.39146
0.87875  -0.093263  0.60021
0.867671  0.490884  0.959127
0.860384  -0.945058  -0.191962
0.869203  0.336679  0.429946
0.861244  -0.299371  0.560098
0.849996  0.797604  -0.866419
0.834825  0.635975  -1.11335
0.87013  -0.760698  -0.20535
0.834825  0.635975  -1.11335
0.869203  0.336679  0.429946
0.870948  0.256603  0.00421081
0.833084  -0.00129632  -0.808992
0.866249  0.932822  0.310761
0.860384  -0.343119  -0.231871
0.860384  -0.945058  -0.191962
0.87013  -0.760698  -0.20535
0.87013  -0.760698  -0.20535
0.833084  -0.00129632  -0.808992
0.866249  0.932822  0.310761
0.860384  -0.945058  -0.191962
0.832026  0.0452922  -0.876903
0.867671  0.490884  0.959127
0.87875  -0.093263  0.60021
0.869203  0.282031  0.157205
0.867671  0.490884  0.959127
0.832026  0.0452922  -0.876903
0.862961  0.694238  -0.286332
0.866249  0.932822  0.350954
0.833084  -0.00129632  -0.808992
0.860384  -0.343119  -0.231871
0.866249  0.932822  0.310761
0.869894  1.80285  -0.0633242
0.835731  0.590024  -0.341599
0.860384  -0.343119  -0.231871
0.849996  0.797604  -0.866419
0.87013  -0.760698  -0.20535
0.87013  -0.760698  -0.20535
0.862961  0.694238  -0.286332
0.835731  0.590024  -0.341599
0.866249  0.932822  0.310761
0.87875  -0.093263  0.60021
0.870948  0.256603  0.00421081
0.869894  1.80285  -0.0633242
0.849996  0.797604  -0.866419
0.860384  -0.343119  -0.231871
0.869203  0.336679  0.429946
0.87013  -0.760698  -0.20535
0.835731  0.358194  -0.27188
0.866249  0.932822  0.375429
0.87013  -0.760698  -0.20535
0.866249  0.932822  0.310761
0.87013  -0.760698  -0.20535
0.860384  -0.343119  -0.231871
0.870782  0.119345  -1.11433
0.833084  -0.00129632  -0.808992
0.834825  0.635975  -1.11335
0.8616  0.238403  0.868447
0.860384  -0.945058  -0.191962
0.869894  1.80285  -0.0633242
0.860384  -0.945058  -0.191962
0.869894  1.80285  -0.0633242
0.893711  -0.708294  -0.178589
0.833084  -0.00129632  -0.808992
0.843359  0.242038  0.101111
0.867771  -1.31265  0.387653
0.860384  -0.945058  -0.191962
0.854653  -0.560091  -0.139667
0.834825  0.635975  -1.11335
0.866249  0.932822  0.375429
0.866249  0.932822  0.375429
0.849996  0.525083  -0.589236
0.861244  -0.299371  0.560098
0.870948  0.256603  0.00421081
0.867671  0.490884  0.959127
0.843359  0.242038  0.101111
0.843359  0.242038  0.101111
0.860384  -0.945058  -0.191962
0.870948  0.256603  0.00421081
0.843359  0.242038  0.101111
0.860384  -0.945058  -0.191962
0.8616  0.699714  0.101111
0.860384  -0.945058  -0.191962
0.888583  -1.0177  -0.00561074
0.87013  -0.760698  -0.20535
0.869203  0.336679  0.429946
0.881001  -0.473783  0.491046
0.854653  -0.560091  -0.139667
0.860384  -0.343119  -0.231871
0.867671  0.490884  0.959127
0.860384  -0.945058  -0.191962
0.870782  0.119345  -1.11433
0.869894  1.80285  -0.0633242
0.866249  0.932822  0.350954
0.854653  -0.560091  -0.139667
0.87875  -0.093263  0.60021
0.87013  -0.760698  -0.20535
0.860384  -0.945058  -0.191962
0.862961  0.694238  -0.286332
0.861244  -0.299371  0.560098
0.849996  0.797604  -0.866419
0.87013  -0.760698  -0.20535
0.861244  -0.299371  0.560098
0.881001  -0.473783  0.491046
0.862961  0.381267  0.978359
0.860384  -0.945058  -0.191962
0.849996  0.797604  -0.866419
0.866249  0.932822  0.350954
0.833084  -0.00129632  -0.808992
0.866249  0.932822  0.310761
0.87875  -0.296434  0.60021
0.881001  -0.473783  0.491046
0.87013  -0.760698  -0.20535
0.860384  -0.945058  -0.191962
0.860384  -0.945058  -0.191962
0.833084  -0.00129632  -0.808992
0.869203  0.282031  0.157205
0.835731  0.358194  -0.27188
0.87013  -0.760698  -0.20535
0.893711  -0.708294  -0.178589
0.87013  -0.760698  -0.20535
0.87013  -0.760698  -0.20535
0.869894  1.80285  -0.0633242
0.860384  -0.945058  -0.191962
0.849996  0.797604  -0.866419
0.869203  0.282031  0.157205
0.893711  -0.708294  -0.178589
0.869203  0.336679  0.429946
0.862961  0.381267  0.978359
0.843359  0.242038  0.101111
0.849996  0.797604  -0.866419
0.866249  0.932822  0.350954
0.860384  -0.945058  -0.191962
0.843359  0.242038  0.101111
0.860384  -0.945058  -0.191962
0.866249  0.932822  0.375429
0.869203  0.282031  0.157205
0.888583  -1.0177  -0.00561074
0.869203  0.336679  0.429946
0.8616  0.238403  0.868447
0.866249  0.932822  0.310761
0.867671  0.490884  0.959127
0.869894  1.80285  -0.0633242
0.862961  0.694238  -0.286332
0.870782  0.119345  -1.11433
0.849996  0.797604  -0.866419
0.832026  0.0452922  -0.876903
0.870782  0.119345  -1.11433
0.87875  -0.093263  0.60021
0.860384  -0.945058  -0.191962
0.861244  -0.299371  0.560098
0.869894  1.80285  -0.0633242
0.834825  0.635975  -1.11335
0.862961  0.694238  -0.286332
0.87013  -0.760698  -0.20535
0.869203  0.336679  0.429946
0.867771  -1.31265  0.387653
0.87013  -0.760698  -0.20535
0.869894  1.80285  -0.0633242
0.861244  -0.299371  0.560098
0.866249  0.932822  0.310761
0.870782  0.119345  -1.11433
0.87013  -0.760698  -0.20535
0.862961  0.694238  -0.286332
0.87013  -0.760698  -0.20535
0.87013  -0.760698  -0.20535
0.87013  -0.760698  -0.20535
0.8616  0.699714  0.101111
0.870948  0.256603  0.00421081
0.860384  -0.945058  -0.191962
0.835731  0.358194  -0.27188
0.869203  0.282031  0.157205
0.860384  -0.343119  -0.231871
0.87013  -0.760698  -0.20535
0.869203  0.282031  0.157205
0.860384  -0.945058  -0.191962
0.867771  -1.31265  0.387653
0.866249  0.932822  0.310761
0.87875  -0.296434  0.60021
0.87013  -0.760698  -0.20535
0.869894  1.80285  -0.0633242
0.85158  -0.0865601  -0.606906
0.860384  -0.945058  -0.191962
0.862961  0.694238  -0.286332
0.862961  0.694238  -0.286332
0.854653  -0.560091  -0.139667
0.849996  0.797604  -0.866419
0.8616  0.699714  0.101111
0.867671  0.490884  0.959127
0.87875  -0.093263  0.60021
0.87875  -0.093263  0.60021
0.849996  0.797604  -0.866419
0.87013  -0.760698  -0.20535
0.833084  -0.00129632  -0.808992
0.832026  0.0452922  -0.876903
0.862961  0.381267  0.978359
0.866249  0.932822  0.310761
0.870948  0.256603  0.00421081
0.870782  0.119345  -1.11433
0.869203  0.282031  0.157205
0.862961  0.694238  -0.286332
0.843359  0.242038  0.101111
0.833084  -0.00129632  -0.808992
0.866249  0.932822  0.350954
0.870948  0.256603  0.00421081
0.833084  -0.00129632  -0.808992
0.87013  -0.760698  -0.20535
0.867671  0.490884  0.959127
0.87013  -0.760698  -0.20535
0.849996  0.797604  -0.866419
0.835731  0.358194  -0.27188
0.866249  0.932822  0.310761
0.85158  -0.0865601  -0.606906
0.866249  0.932822  0.310761
0.860384  -0.945058  -0.191962
0.860384  -0.343119  -0.231871
0.862961  0.694238  -0.286332
0.854653  -0.560091  -0.139667
0.860384  -0.343119  -0.231871
0.87875  -0.296434  0.60021
0.870948  0.256603  0.00421081
0.860384  -0.945058  -0.191962
0.849996  0.797604  -0.866419
0.867671  0.490884  0.959127
0.861244  -0.299371  0.560098
0.866249  0.932822  0.310761
0.869894  1.80285  -0.0633242
0.867671  0.490884  0.959127
0.862961  0.694238  -0.286332
0.867771  -1.31265  0.387653
0.861244  -0.299371  0.560098
0.869203  0.336679  0.429946
0.843359  0.242038  0.101111
0.87013  -0.760698  -0.20535
0.87875  -0.093263  0.60021
0.869203  0.336679  0.429946
0.87013  -0.760698  -0.20535
0.870782  0.119345  -1.11433
0.87875  -0.296434  0.60021
0.860384  -0.343119  -0.231871
0.843359  0.242038  0.101111
0.869203  0.336679  0.429946
0.835731  0.358194  -0.27188
