-1.11206  1.22924  -0.75022
-1.05659  1.17173  0.205115
-1.2038  1.34739  -0.883727
-1.0298  1.16217  0.347479
-0.931996  1.06297  0.139961
-1.11713  1.24345  0.633097
-0.931996  1.06297  0.139961
-1.57328  1.69309  0.944865
-1.11206  1.22924  -0.562032
-1.57328  1.69309  1.05736
-1.57328  1.69309  0.890776
-1.11713  1.24345  0.633097
-1.37962  1.48723  -0.51809
-1.36557  1.45054  0.0966823
-1.11713  1.24345  0.633097
-1.0298  1.16217  0.347479
-1.10472  1.21636  0.136281
-1.0298  1.16217  0.347479
-1.34088  1.44896  -0.524215
-1.57328  1.69309  0.944865
-1.23336  1.36472  -1.3678
-1.05659  1.17173  0.205115
-1.79935  1.87852  0.0578633
-1.05659  1.17173  0.205115
-1.05659  1.17173  0.205115
-1.11206  1.22924  -0.75022
-1.57328  1.69309  0.890776
-1.57328  1.69309  0.944865
-1.05659  1.17173  0.205115
-1.11206  1.22924  -0.562032
-0.983937  1.12117  -0.0797898
-1.79935  1.87852  0.0578633
-1.2038  1.34739  -0.883727
-1.57328  1.69309  0.944865
-1.0298  1.16217  0.347479
-0.931996  1.06297  0.218475
-1.11206  1.22924  -0.75022
-1.79935  1.87852  0.0578633
-1.57328  1.69309  0.944865
-1.57328  1.69309  0.890776
-0.9952  1.12502  -0.148088
-1.11206  1.22924  -0.75022
-0.9952  1.12502  -0.148088
-0.983937  1.12117  -0.0797898
-1.79935  1.87852  0.0578633
-1.57328  1.69309  0.759363
-1.57328  1.69309  0.944865
-1.33956  1.46321  -0.0145362
-1.29002  1.40194  0.707563
-1.11206  1.22924  -0.75022
-1.11206  1.22924  -0.75022
-0.9952  1.12502  -0.148088
-1.11713  1.24345  0.651477
-1.11713  1.24345  0.633097
-1.79935  1.87852  0.0578633
-1.29002  1.40194  0.909159
-1.57328  1.64781  0.944865
-1.34417  1.43601  0.340123
-1.05659  1.17173  0.205115
-1.35784  1.45938  -2.20467
-1.33956  1.46321  -0.0145362
-1.60506  1.73905  -0.079334
-0.983937  1.12117  -0.0797898
-1.57328  1.69309  1.05736
-1.57328  1.69309  0.944865
-1.0298  1.16217  0.347479
-1.60506  1.73905  -0.079334
-1.29002  1.40194  0.668341
-1.11206  1.22924  -0.75022
-1.60506  1.73905  -0.079334
-1.33956  1.46321  -0.0145362
-1.57328  1.69309  0.944865
-1.29002  1.40194  0.909159
-1.35784  1.45938  -2.20467
-0.763895  0.89438  1.25947
-1.11206  1.22924  -0.75022
-1.57328  1.69309  0.698186
-1.05659  1.17173  0.205115
-1.34088  1.44896  -0.524215
-1.79935  1.87852  0.0578633
-1.05659  1.17173  0.205115
-1.57328  1.69309  0.944865
-1.11206  1.22924  -0.75022
-1.10472  1.21636  0.136281
-1.34088  1.44896  -0.524215
-0.9952  1.12502  -0.148088
-1.57328  1.64781  0.963897
-1.0298  1.16217  0.347479
-1.0298  1.16217  0.347479
-1.57328  1.69309  0.890776
-1.33956  1.46321  -0.0145362
-1.57328  1.69309  0.944865
-1.31889  1.45077  -1.69997
-0.763895  0.89438  1.25947
-1.79935  1.87852  0.0578633
-1.34088  1.44896  -0.524215
-1.23336  1.36472  -1.3678
-1.57328  1.69309  1.05736
-0.983937  1.12117  -0.0797898
-0.763895  0.89438  1.25947
-1.34088  1.44896  -0.524215
-1.2038  1.34739  -0.883727
-1.11206  1.22924  -0.75022
-1.79935  1.87852  0.0578633
-0.9952  1.12502  -0.148088
-0.931996  1.06297  0.218475
-1.11713  1.24345  0.651477
-1.11713  1.24345  0.633097
-0.931996  1.06297  0.218475
-1.57328  1.64781  0.963897
-1.60506  1.73905  -0.079334
-1.57328  1.69309  1.05736
-1.11713  1.24345  0.633097
-1.57328  1.71784  1.0284
-1.11206  1.22924  -0.75022
-1.11206  1.22924  -0.75022
-1.11206  1.22924  -0.75022
-1.57328  1.69309  0.890776
-1.11206  1.22924  -0.562032
-1.0298  1.16217  0.347479
-1.29002  1.40194  0.668341
-1.0298  1.16217  0.347479
-1.37962  1.48723  -0.51809
-1.11206  1.22924  -0.75022
-1.37962  1.48723  -0.51809
-0.9952  1.12502  -0.148088
-1.23336  1.36472  -1.3678
-0.931996  1.06297  0.218475
-1.11206  1.22924  -0.562032
-0.931996  1.06297  0.218475
-0.9952  1.12502  -0.148088
-1.0298  1.16217  0.347479
-1.35784  1.45938  -2.20467
-1.11713  1.24345  0.633097
-1.57328  1.69309  0.890776
-0.93436  1.05883  0.383016
-1.57992  1.69309  0.944865
-1.0298  1.16217  0.347479
-1.38175  1.48687  0.783172
-1.34088  1.44896  -0.524215
-1.37962  1.48723  -0.51809
-1.79935  1.87852  0.0578633
-0.9952  1.12502  -0.148088
-1.57328  1.64781  0.963897
-1.11713  1.24345  0.633097
-1.57328  1.64781  0.944865
-1.31889  1.45077  -1.69997
-1.11206  1.22924  -0.75022
-1.05659  1.17173  0.205115
-1.11713  1.24345  0.633097
-1.2038  1.34739  -0.883727
-1.23336  1.36472  -1.3678
-1.79935  1.87852  0.0578633
-1.38002  1.48723  0.529297
-1.79935  1.87852  0.0578633
-1.0298  1.16217  0.347479
-1.57328  1.69309  0.759363
-0.931996  1.06297  0.218475
-1.57328  1.69309  0.944865
-1.11206  1.22924  -0.75022
-1.34088  1.44896  -0.524215
-0.9952  1.12502  -0.148088
-1.57328  1.69309  0.944865
-1.0298  1.16217  0.347479
-1.05659  1.17173  0.205115
-1.11713  1.24345  0.633097
-1.23336  1.36472  -1.3678
-1.34088  1.44896  -0.524215
-0.763895  0.89438  1.25947
-1.34088  1.44896  -0.524215
-1.11713  1.24345  0.633097
-1.05659  1.17173  0.205115
-1.57328  1.69309  0.944865
-1.57328  1.69309  0.944865
-1.23336  1.36472  -1.3678
-1.35784  1.45938  -2.20467
-0.763895  0.89438  1.25947
-1.11713  1.24345  0.633097
-1.0298  1.16217  0.347479
-1.37962  1.48723  -0.51809
-1.0298  1.16217  0.347479
-1.34417  1.43601  0.340123
-0.931996  1.06297  0.218475
-1.2038  1.34739  -0.883727
-1.57328  1.69309  0.944865
-1.05659  1.17173  0.205115
-1.23336  1.36472  -1.3678
-1.29002  1.40194  0.668341
-1.57992  1.69309  0.944865
-1.10472  1.21636  0.136281
-1.57328  1.69309  0.890776
-1.57328  1.69309  1.05736
-1.79935  1.87852  0.0578633
-1.57328  1.69309  0.890776
-1.57328  1.69309  0.890776
-1.11713  1.24345  0.633097
-1.57328  1.69309  0.944865
-1.0298  1.16217  0.347479
-1.57328  1.71784  1.0284
-1.57328  1.69309  0.944865
-1.57328  1.69309  1.05736
-1.11206  1.22924  -0.75022
-1.11206  1.22924  -0.75022
-1.05659  1.17173  0.205115
-1.38002  1.48723  0.529297
-1.34417  1.43601  0.340123
-1.05659  1.17173  0.205115
-1.0298  1.16217  0.347479
-1.29002  1.40194  0.707563
-1.11713  1.24345  0.643528
-1.34417  1.43601  0.340123
-1.57328  1.69309  1.05736
-1.34088  1.44896  -0.524215
-1.38002  1.48723  0.529297
-1.11713  1.24345  0.633097
-1.11206  1.22924  -0.562032
-1.37962  1.48723  -0.51809
-1.23336  1.36472  -1.3678
-1.57328  1.69309  0.944865
-0.9952  1.12502  -0.148088
-1.57328  1.69309  0.890776
-1.57328  1.69309  1.05736
-1.35784  1.45938  -2.20467
-1.36557  1.45054  0.0966823
-1.57328  1.69309  0.944865
-1.57328  1.64781  0.944865
-1.11206  1.22924  -0.75022
-1.11713  1.24345  0.633097
-1.2038  1.34739  -0.883727
-1.11206  1.22924  -0.562032
-0.9952  1.12502  -0.148088
-1.0298  1.16217  0.347479
-1.0298  1.16217  0.347479
-1.11206  1.22924  -0.953693
-1.11206  1.22924  -0.953693
-1.34417  1.43601  0.340123
-1.05659  1.17173  0.205115
-1.57328  1.69309  0.698186
-1.11206  1.22924  -0.953693
-1.0298  1.16217  0.347479
-1.11206  1.22924  -0.75022
-1.34417  1.43601  0.340123
-1.0298  1.16217  0.347479
-1.37962  1.48723  -0.51809
-1.0298  1.16217  0.347479
-1.57328  1.69309  0.944865
-1.10472  1.21636  0.136281
-0.9952  1.12502  -0.148088
-1.23336  1.36472  -1.3678
-1.0298  1.16217  0.347479
-1.79935  1.87852  0.0578633
-1.11206  1.22924  -0.75022
-1.31889  1.45077  -1.69997
-1.11206  1.22924  -0.953693
-1.34417  1.43601  0.340123
-1.11713  1.24345  0.633097
-1.11206  1.22924  -0.75022
-1.79935  1.87852  0.0578633
-1.69202  1.80696  -0.0517043
-1.35784  1.45938  -2.20467
-1.57328  1.69309  0.890776
-1.38002  1.48723  0.529297
-1.33956  1.46321  -0.0145362
-1.57328  1.69309  0.944865
-1.11206  1.22924  -0.75022
-1.05659  1.17173  0.205115
-1.0298  1.16217  0.347479
-0.9952  1.12502  -0.148088
-1.37962  1.48723  -0.51809
-1.37962  1.48723  -0.51809
-1.05659  1.17173  0.205115
-1.79935  1.87852  0.0578633
-1.0298  1.16217  0.347479
-1.11206  1.22924  -0.953693
-1.2038  1.34739  -0.883727
-1.37962  1.48723  -0.51809
-1.11206  1.22924  -0.75022
-1.57328  1.69309  1.05736
-1.11206  1.22924  -0.75022
-1.57328  1.69309  0.759363
-1.57328  1.69309  1.05736
-1.79935  1.87852  0.0578633
-1.57328  1.69309  1.05736
-0.931996  1.06297  0.218475
-1.57328  1.69309  0.759363
-1.57328  1.69309  0.890776
-1.57328  1.69309  0.944865
-1.34088  1.44896  -0.524215
-1.35784  1.45938  -2.20467
-1.11206  1.22924  -0.75022
-1.37962  1.48723  -0.51809
-1.57328  1.69309  0.944865
-1.34088  1.44896  -0.524215
-1.0298  1.16217  0.347479
-1.11206  1.22924  -0.75022
-1.57328  1.71784  1.0284
-1.57328  1.64781  0.963897
-1.57328  1.71784  1.0284
-1.36272  1.50172  1.2943
-1.11206  1.22924  -0.75022
-1.79935  1.87852  0.0578633
-1.11713  1.24345  0.633097
-1.57328  1.69309  0.944865
-1.37962  1.48723  -0.51809
-1.11713  1.24345  0.651477
-1.57328  1.69309  0.944865
-1.11713  1.24345  0.633097
-1.11206  1.22924  -0.562032
-0.926888  1.03795  -0.14372
-1.11206  1.22924  -0.75022
-1.38175  1.48687  0.783172
-1.38002  1.48723  0.529297
-1.11206  1.22924  -0.75022
-1.57328  1.69309  0.890776
-1.0298  1.16217  0.347479
-0.931996  1.06297  0.218475
-1.57328  1.69309  1.05736
-1.34088  1.44896  -0.524215
-1.11206  1.22924  -0.75022
-1.10472  1.21636  0.136281
-1.2038  1.34739  -0.883727
-1.11713  1.24345  0.651477
-1.05659  1.17173  0.205115
-1.11713  1.24345  0.633097
-1.57328  1.64781  0.963897
-1.57328  1.69309  0.944865
-1.05659  1.17173  0.205115
-1.57328  1.69309  0.944865
-1.35784  1.45938  -2.20467
-1.29002  1.40194  0.707563
-1.11206  1.22924  -0.75022
-1.35784  1.45938  -2.20467
-1.05659  1.17173  0.205115
-1.57328  1.64781  0.944865
-1.2038  1.34739  -0.883727
-1.57328  1.71784  1.0284
-1.0298  1.16217  0.347479
-1.11206  1.22924  -0.75022
-1.11713  1.24345  0.633097
-1.60506  1.73905  -0.079334
-1.0298  1.16217  0.347479
-1.05659  1.17173  0.205115
-1.11206  1.22924  -0.75022
-1.79935  1.87852  0.0578633
-1.11713  1.24345  0.633097
-1.34088  1.44896  -0.524215
-1.35784  1.45938  -2.20467
-1.57328  1.69309  0.944865
-1.11206  1.22924  -0.953693
-1.57328  1.69309  1.05736
-1.34088  1.44896  -0.524215
-1.11206  1.22924  -0.953693
-1.57328  1.69309  0.890776
-1.34417  1.43601  0.340123
-1.57328  1.69309  0.944865
-1.23336  1.36472  -1.3678
-1.05659  1.17173  0.205115
-1.79935  1.87852  0.0578633
-1.60506  1.73905  -0.079334
-1.35784  1.45938  -2.20467
-1.11713  1.24345  0.633097
-1.57328  1.69309  0.944865
-1.10472  1.21636  0.136281
-1.05659  1.17173  0.205115
-1.29002  1.40194  0.909159
-1.11206  1.22924  -0.75022
-0.931996  1.06297  0.218475
-1.29002  1.40194  0.707563
-1.05659  1.17173  0.205115
-1.57328  1.69309  0.944865
-1.57328  1.69309  0.944865
-1.23336  1.36472  -1.3678
-1.11206  1.22924  -0.75022
-1.79935  1.87852  0.0578633
-1.57328  1.69309  1.05736
-0.763895  0.89438  1.25947
-1.34417  1.43601  0.340123
-1.57328  1.64781  0.944865
-1.57328  1.69309  0.944865
-1.11206  1.22924  -0.75022
-1.37962  1.48723  -0.51809
-1.11206  1.22924  -0.75022
-1.35784  1.45938  -2.20467
-1.05659  1.17173  0.205115
-1.57328  1.69309  1.05736
-1.34088  1.44896  -0.524215
-1.79935  1.87852  0.0578633
-1.11713  1.24345  0.651477
-1.57328  1.69309  0.890776
-1.0298  1.16217  0.347479
-1.34088  1.44896  -0.524215
-1.57328  1.69309  0.944865
-1.0298  1.16217  0.347479
-1.79935  1.87852  0.0578633
-1.10472  1.21636  0.136281
-1.31889  1.45077  -1.69997
-0.931996  1.06297  0.218475
-0.763895  0.89438  1.25947
-1.69202  1.80696  -0.0517043
-1.34088  1.44896  -0.524215
-1.35784  1.45938  -2.20467
-1.60506  1.73905  -0.079334
-0.931996  1.06297  0.218475
-1.11206  1.22924  -0.953693
-1.2038  1.34739  -0.883727
-1.57328  1.69309  1.05736
-1.11206  1.22924  -0.75022
-1.11206  1.22924  -0.75022
-1.36557  1.45054  0.0966823
-1.23336  1.36472  -1.3678
-1.34417  1.43601  0.340123
-1.57328  1.69309  0.890776
-1.34088  1.44896  -0.524215
-1.79935  1.87852  0.0578633
-1.11206  1.22924  -0.75022
-1.11713  1.24345  0.633097
-0.9952  1.12502  -0.148088
-1.0298  1.16217  0.347479
-1.57328  1.69309  0.890776
-1.10472  1.21636  0.136281
-1.57328  1.69309  0.890776
-1.60506  1.73905  -0.079334
-1.11206  1.22924  -0.75022
-1.11206  1.22924  -0.75022
-1.57328  1.69309  0.944865
-1.11713  1.24345  0.651477
-1.57328  1.69309  0.944865
-1.57328  1.69309  0.944865
-1.11713  1.24345  0.633097
-1.2038  1.34739  -0.883727
-1.57328  1.69309  0.890776
-1.05659  1.17173  0.205115
-0.763895  0.89438  1.25947
-1.34088  1.44896  -0.524215
-1.11206  1.22924  -0.75022
-1.11713  1.24345  0.633097
-1.79935  1.87852  0.0578633
-1.11713  1.24345  0.633097
-0.763895  0.89438  1.25947
-1.36557  1.45054  0.0966823
-1.23336  1.36472  -1.3678
-1.57328  1.69309  0.944865
-1.11713  1.24345  0.633097
-1.57328  1.69309  0.944865
-1.37962  1.48723  -0.51809
-1.57992  1.69309  0.944865
-1.57328  1.69309  0.944865
-1.37962  1.48723  -0.51809
-1.57328  1.69309  0.944865
-1.0298  1.16217  0.347479
-1.79935  1.87852  0.0578633
-0.763895  0.89438  1.25947
-1.2038  1.34739  -0.883727
-0.931996  1.06297  0.218475
-1.60506  1.73905  -0.079334
-1.79935  1.87852  0.0578633
-1.0298  1.16217  0.347479
-1.0298  1.16217  0.347479
-1.0298  1.16217  0.347479
-1.11206  1.22924  -0.953693
-1.34417  1.43601  0.340123
-1.79935  1.87852  0.0578633
-1.2038  1.34739  -0.883727
-1.11206  1.22924  -0.75022
-1.0298  1.16217  0.347479
-1.57328  1.69309  0.890776
-1.11713  1.24345  0.633097
-1.11206  1.22924  -0.953693
-1.57328  1.69309  0.944865
-0.931996  1.06297  0.139961
-1.0298  1.16217  0.347479
-1.11713  1.24345  0.633097
-1.0298  1.16217  0.347479
-1.11206  1.22924  -0.75022
-1.11206  1.22924  -0.75022
-1.11206  1.22924  -0.562032
-1.38175  1.48687  0.783172
-1.05659  1.17173  0.205115
-1.57328  1.69309  0.890776
-1.57328  1.69309  0.944865
-1.37962  1.48723  -0.51809
-1.57328  1.69309  0.890776
-1.23336  1.36472  -1.3678
-1.57328  1.69309  0.944865
-0.983937  1.12117  -0.0797898
-1.11206  1.22924  -0.75022
-1.57328  1.69309  0.890776
-1.79935  1.87852  0.0578633
-1.09094  1.21986  0.148246
-1.34088  1.44896  -0.524215
-1.11713  1.24345  0.633097
-1.11206  1.22924  -0.75022
-1.11713  1.24345  0.633097
-1.60506  1.73905  -0.079334
-1.57328  1.69309  0.944865
-1.34417  1.43601  0.340123
-1.57328  1.69309  0.890776
-1.11206  1.22924  -0.953693
-1.34088  1.44896  -0.524215
-1.11713  1.24345  0.633097
-1.2038  1.34739  -0.883727
-1.57328  1.69309  0.890776
-1.11206  1.22924  -0.75022
-1.05659  1.17173  0.205115
-1.2038  1.34739  -0.883727
-1.57328  1.69309  0.944865
-1.57328  1.69309  0.944865
-1.36272  1.50172  1.2943
-1.11206  1.22924  -0.75022
-1.34088  1.44896  -0.524215
-1.33956  1.46321  -0.0145362
-1.57328  1.69309  0.944865
-1.57328  1.69309  0.944865
-1.35784  1.45938  -2.20467
-1.10472  1.21636  0.136281
-1.11713  1.24345  0.633097
-0.9952  1.12502  -0.148088
-1.05659  1.17173  0.205115
-1.11713  1.24345  0.633097
-1.0298  1.16217  0.347479
-1.57328  1.69309  0.944865
-1.11713  1.24345  0.633097
-1.57328  1.69309  0.944865
-1.57328  1.69309  0.759363
-1.57328  1.69309  0.944865
-1.79935  1.87852  0.0578633
-1.05659  1.17173  0.205115
-1.0298  1.16217  0.347479
-1.34417  1.43601  0.340123
-1.57328  1.64781  0.963897
-0.763895  0.89438  1.25947
-1.37962  1.48723  -0.51809
-1.29002  1.40194  0.668341
-0.763895  0.89438  1.25947
-1.57328  1.64781  0.944865
-1.35784  1.45938  -2.20467
-1.11713  1.24345  0.633097
-1.11206  1.22924  -0.75022
-1.29002  1.40194  0.909159
-1.57328  1.69309  0.944865
-0.9952  1.12502  -0.148088
-1.57328  1.64781  0.963897
-1.2038  1.34739  -0.883727
-1.57328  1.69309  0.890776
-1.79935  1.87852  0.0578633
-1.0298  1.16217  0.347479
-1.0298  1.16217  0.347479
-1.79935  1.87852  0.0578633
-1.05659  1.17173  0.205115
-1.11206  1.22924  -0.953693
-1.11713  1.24345  0.633097
-0.983937  1.12117  -0.0797898
-1.11713  1.24345  0.651477
-0.763895  0.89438  1.25947
-1.09094  1.21986  0.148246
-1.57328  1.69309  1.05736
-1.57328  1.69309  0.944865
-1.11206  1.22924  -0.75022
-1.23336  1.36472  -1.3678
-1.11206  1.22924  -0.75022
-1.0298  1.16217  0.347479
-1.05659  1.17173  0.205115
-1.05659  1.17173  0.205115
-1.69202  1.80696  -0.0517043
-1.57328  1.69309  0.944865
-1.0298  1.16217  0.347479
-1.29002  1.40194  0.668341
-1.11206  1.22924  -0.75022
-1.11713  1.24345  0.633097
-1.0298  1.16217  0.347479
-1.57328  1.69309  0.944865
-1.79935  1.87852  0.0578633
-1.0298  1.16217  0.347479
-0.9952  1.12502  -0.148088
-1.57328  1.69309  0.944865
-0.931996  1.06297  0.218475
-1.0298  1.16217  0.347479
-1.11206  1.22924  -0.75022
-1.57328  1.64781  0.963897
-1.11206  1.22924  -0.75022
-1.57328  1.69309  0.944865
-1.2038  1.34739  -0.883727
-1.57328  1.64781  0.944865
-1.37962  1.48723  -0.51809
-1.11713  1.24345  0.633097
-1.11206  1.22924  -0.75022
-1.0298  1.16217  0.347479
-1.57328  1.69309  0.944865
-1.0298  1.16217  0.347479
-1.34417  1.43601  0.340123
-1.57328  1.69309  0.890776
-1.11713  1.24345  0.633097
-0.9952  1.12502  -0.148088
-1.10472  1.21636  0.136281
-1.79935  1.87852  0.0578633
-1.31889  1.45077  -1.69997
-1.11206  1.22924  -0.953693
-1.57328  1.69309  0.890776
-1.2038  1.34739  -0.883727
-1.11206  1.22924  -0.75022
-1.38175  1.48687  0.783172
-1.57328  1.69309  0.944865
-1.57328  1.69309  0.944865
-1.2038  1.34739  -0.883727
-0.9952  1.12502  -0.148088
-1.11206  1.22924  -0.75022
-1.57328  1.69309  0.890776
-1.11206  1.22924  -0.75022
-1.35784  1.45938  -2.20467
-1.34417  1.43601  0.340123
-1.0298  1.16217  0.347479
-1.79935  1.87852  0.0578633
-0.763895  0.89438  1.25947
-1.0298  1.16217  0.347479
-1.29002  1.40194  0.668341
-1.11206  1.22924  -0.75022
-0.983937  1.12117  -0.0797898
-0.983937  1.12117  -0.0797898
-1.11713  1.24345  0.643528
-1.57328  1.69309  0.944865
-1.57328  1.69309  0.944865
-1.29002  1.40194  0.668341
-1.2038  1.34739  -0.883727
-1.79935  1.87852  0.0578633
-1.57328  1.69309  0.944865
-1.0298  1.16217  0.347479
-1.11713  1.24345  0.633097
-0.931996  1.06297  0.218475
-1.11206  1.22924  -0.953693
-1.38002  1.48723  0.529297
-1.11206  1.22924  -0.75022
-1.60506  1.73905  -0.079334
-1.57328  1.69309  0.944865
-1.57328  1.69309  0.944865
-0.983937  1.12117  -0.0797898
-1.79935  1.87852  0.0578633
-1.57328  1.69309  0.944865
-1.38175  1.48687  0.783172
-1.57328  1.69309  0.944865
-1.11713  1.24345  0.633097
-1.11206  1.22924  -0.75022
-0.931996  1.06297  0.218475
-0.763895  0.89438  1.25947
-1.11206  1.22924  -0.953693
-1.57328  1.69309  0.944865
-1.37962  1.48723  -0.51809
-1.11206  1.22924  -0.75022
-1.2038  1.34739  -0.883727
-1.57328  1.64781  0.963897
-1.11713  1.24345  0.633097
-1.57328  1.69309  0.890776
-1.57328  1.69309  0.890776
-1.38002  1.48723  0.529297
-1.2038  1.34739  -0.883727
-1.60506  1.73905  -0.079334
-1.11713  1.24345  0.633097
-0.983937  1.12117  -0.0797898
-1.57328  1.64781  0.963897
-1.11713  1.24345  0.633097
-1.57328  1.69309  0.944865
-1.05659  1.17173  0.205115
-1.23336  1.36472  -1.3678
-1.11713  1.24345  0.633097
-1.34417  1.43601  0.340123
-1.2038  1.34739  -0.883727
-1.57328  1.69309  0.890776
-0.931996  1.06297  0.139961
-0.983937  1.12117  -0.0797898
-1.79935  1.87852  0.0578633
-1.57328  1.69309  0.944865
-1.57328  1.69309  0.890776
-0.9952  1.12502  -0.148088
-1.11713  1.24345  0.633097
-1.79935  1.87852  0.0578633
-1.57328  1.69309  0.944865
-1.57328  1.69309  0.890776
-1.57328  1.69309  0.944865
-1.2038  1.34739  -0.883727
-1.35784  1.45938  -2.20467
-1.0298  1.16217  0.347479
-1.05659  1.17173  0.205115
-1.79935  1.87852  0.0578633
-1.79935  1.87852  0.0578633
-1.38002  1.48723  0.529297
-1.23336  1.36472  -1.3678
-1.36272  1.50172  1.2943
-1.57328  1.64781  0.963897
-1.11713  1.24345  0.651477
-1.79935  1.87852  0.0578633
-1.34088  1.44896  -0.524215
-1.34417  1.43601  0.340123
-1.57328  1.64781  0.963897
-1.57328  1.69309  0.944865
-1.10472  1.21636  0.136281
-1.23336  1.36472  -1.3678
-1.29002  1.40194  0.668341
-1.11206  1.22924  -0.75022
-1.2038  1.34739  -0.883727
-1.11713  1.24345  0.633097
-1.11206  1.22924  -0.75022
-1.57328  1.69309  0.890776
-1.11713  1.24345  0.633097
-1.0298  1.16217  0.347479
-1.57328  1.69309  0.944865
-1.0298  1.16217  0.347479
-1.23336  1.36472  -1.3678
-1.79935  1.87852  0.0578633
-1.11206  1.22924  -0.75022
-1.57328  1.69309  0.944865
-1.57328  1.69309  0.944865
-1.35784  1.45938  -2.20467
-1.34417  1.43601  0.340123
-1.0298  1.16217  0.347479
-1.79935  1.87852  0.0578633
-0.93436  1.05883  0.383016
-1.34088  1.44896  -0.524215
-1.11206  1.22924  -0.953693
-0.931996  1.06297  0.218475
-1.57328  1.64781  0.963897
-1.05659  1.17173  0.205115
-1.2038  1.34739  -0.883727
-1.57328  1.69309  0.944865
-1.34417  1.43601  0.340123
-1.57328  1.69309  0.890776
-1.60506  1.73905  -0.079334
-1.57328  1.69309  0.890776
-1.57328  1.64781  0.963897
-1.57328  1.69309  0.944865
-1.0298  1.16217  0.347479
-1.34088  1.44896  -0.524215
-1.34417  1.43601  0.340123
-0.763895  0.89438  1.25947
-1.0298  1.16217  0.347479
-1.05659  1.17173  0.205115
-1.57328  1.69309  0.890776
-1.57328  1.69309  0.890776
-1.29002  1.40194  0.707563
-1.2038  1.34739  -0.883727
-1.38002  1.48723  0.529297
-1.37962  1.48723  -0.51809
-1.11713  1.24345  0.633097
-1.11713  1.24345  0.633097
-1.57328  1.69309  0.890776
-0.9952  1.12502  -0.148088
-1.0298  1.16217  0.347479
-1.11206  1.22924  -0.75022
-1.11713  1.24345  0.633097
-1.11206  1.22924  -0.75022
-0.931996  1.06297  0.139961
-1.57328  1.69309  0.944865
-1.57328  1.69309  0.890776
-1.57328  1.69309  0.944865
-1.34088  1.44896  -0.524215
-1.0298  1.16217  0.347479
-1.2038  1.34739  -0.883727
-1.57328  1.69309  0.944865
-1.11713  1.24345  0.651477
-1.36557  1.45054  0.0966823
-1.0298  1.16217  0.347479
-1.57328  1.69309  0.944865
-1.38002  1.48723  0.529297
-1.34417  1.43601  0.340123
-1.57328  1.69309  0.890776
-1.57328  1.69309  0.944865
-1.29002  1.40194  0.668341
-0.931996  1.06297  0.218475
-0.931996  1.06297  0.139961
-1.79935  1.87852  0.0578633
-1.34088  1.44896  -0.524215
-1.57328  1.69309  0.944865
-1.05659  1.17173  0.205115
-1.57328  1.69309  0.944865
-1.34088  1.44896  -0.524215
-1.11713  1.24345  0.633097
-1.57328  1.69309  0.944865
-1.57328  1.71784  1.0284
-1.35784  1.45938  -2.20467
-1.37962  1.48723  -0.51809
-1.57328  1.69309  0.944865
-1.05659  1.17173  0.205115
-1.57328  1.69309  0.890776
-1.10472  1.21636  0.136281
-1.05659  1.17173  0.205115
-1.05659  1.17173  0.205115
-1.11713  1.24345  0.633097
-1.34417  1.43601  0.340123
-1.79935  1.87852  0.0578633
-1.57328  1.69309  0.944865
-1.05659  1.17173  0.205115
-1.29002  1.40194  0.909159
-1.35784  1.45938  -2.20467
-1.37962  1.48723  -0.51809
-1.0298  1.16217  0.347479
-0.93436  1.05883  0.383016
-1.2038  1.34739  -0.883727
-0.763895  0.89438  1.25947
-1.57328  1.69309  0.890776
-1.05659  1.17173  0.205115
-1.29002  1.40194  0.909159
-1.79935  1.87852  0.0578633
-1.05659  1.17173  0.205115
-1.0298  1.16217  0.347479
-1.34417  1.43601  0.340123
-1.11713  1.24345  0.633097
-1.57328  1.64781  0.963897
-1.29002  1.40194  0.668341
-1.11713  1.24345  0.633097
-1.0298  1.16217  0.347479
-1.57328  1.69309  1.05736
-1.23336  1.36472  -1.3678
-1.11206  1.22924  -0.75022
-1.23336  1.36472  -1.3678
-1.57328  1.64781  0.944865
-1.36557  1.45054  0.0966823
-1.57328  1.69309  0.944865
-1.34417  1.43601  0.340123
-1.11713  1.24345  0.651477
-1.11206  1.22924  -0.75022
-1.57328  1.69309  1.05736
-0.931996  1.06297  0.218475
-1.57328  1.69309  0.944865
-1.57328  1.69309  1.05736
-1.23336  1.36472  -1.3678
-1.79935  1.87852  0.0578633
-1.29002  1.40194  0.668341
-1.31889  1.45077  -1.69997
-1.11206  1.22924  -0.562032
-1.79935  1.87852  0.0578633
-1.2038  1.34739  -0.883727
-1.57328  1.71784  1.0284
-1.11713  1.24345  0.633097
-1.57328  1.69309  1.05736
-1.05659  1.17173  0.205115
-1.57328  1.69309  0.890776
-1.11206  1.22924  -0.75022
-1.57328  1.69309  0.944865
-1.05659  1.17173  0.205115
-1.11713  1.24345  0.633097
-1.05659  1.17173  0.205115
-1.34088  1.44896  -0.524215
-1.79935  1.87852  0.0578633
-1.11713  1.24345  0.633097
-1.79935  1.87852  0.0578633
-1.0298  1.16217  0.347479
-1.60506  1.73905  -0.079334
-1.57328  1.69309  0.944865
-1.11713  1.24345  0.633097
-1.79935  1.87852  0.0578633
-1.0298  1.16217  0.347479
-1.57328  1.69309  0.890776
-0.9952  1.12502  -0.148088
-1.37962  1.48723  -0.51809
-1.79935  1.87852  0.0578633
-1.09094  1.21986  0.148246
-1.11206  1.22924  -0.75022
-1.11713  1.24345  0.633097
-1.57328  1.69309  0.944865
-1.57328  1.69309  0.944865
-1.57328  1.69309  0.944865
-1.37962  1.48723  -0.51809
-1.2038  1.34739  -0.883727
-1.57328  1.69309  0.944865
-1.29002  1.40194  0.668341
-1.11206  1.22924  -0.75022
-1.60506  1.73905  -0.079334
-0.763895  0.89438  1.25947
-1.57328  1.69309  0.944865
-1.57328  1.69309  0.944865
-1.79935  1.87852  0.0578633
-1.11713  1.24345  0.633097
-0.931996  1.06297  0.139961
-1.57328  1.69309  0.944865
-1.34417  1.43601  0.340123
-1.57328  1.69309  0.944865
-1.79935  1.87852  0.0578633
-1.11713  1.24345  0.633097
-1.11713  1.24345  0.633097
-1.57328  1.69309  0.944865
-1.57328  1.69309  0.944865
-1.57328  1.69309  0.944865
-1.0298  1.16217  0.347479
-0.931996  1.06297  0.218475
-1.11206  1.22924  -0.75022
-1.57328  1.64781  0.944865
-1.57328  1.69309  0.944865
-1.57328  1.71784  1.0284
-0.763895  0.89438  1.25947
-1.57328  1.64781  0.963897
-1.0298  1.16217  0.347479
-1.05659  1.17173  0.205115
-1.05659  1.17173  0.205115
-1.11713  1.24345  0.633097
-1.11206  1.22924  -0.75022
-0.93436  1.05883  0.383016
-1.11713  1.24345  0.643528
-1.57328  1.69309  0.890776
-1.57328  1.69309  1.05736
-1.57328  1.64781  0.944865
-1.0298  1.16217  0.347479
-1.60506  1.73905  -0.079334
-0.763895  0.89438  1.25947
-1.31889  1.45077  -1.69997
-1.11713  1.24345  0.633097
-1.05659  1.17173  0.205115
-1.57328  1.69309  0.890776
-1.79935  1.87852  0.0578633
-1.57328  1.69309  0.944865
-1.0298  1.16217  0.347479
-1.11713  1.24345  0.633097
-1.11713  1.24345  0.633097
-1.0298  1.16217  0.347479
-1.57328  1.69309  0.890776
-1.05659  1.17173  0.205115
-1.38002  1.48723  0.529297
-1.34088  1.44896  -0.524215
-1.11206  1.22924  -0.75022
-1.0298  1.16217  0.347479
-1.11713  1.24345  0.633097
-1.57328  1.69309  0.944865
-1.57328  1.69309  0.698186
-1.57328  1.69309  0.698186
-0.763895  0.89438  1.25947
-1.11206  1.22924  -0.953693
-1.05659  1.17173  0.205115
-1.11713  1.24345  0.633097
-1.57328  1.69309  1.05736
-1.57328  1.69309  0.944865
-1.34088  1.44896  -0.524215
-1.11713  1.24345  0.633097
-1.34088  1.44896  -0.524215
-1.79935  1.87852  0.0578633
-1.11713  1.24345  0.633097
-1.05659  1.17173  0.205115
-1.60506  1.73905  -0.079334
-1.37962  1.48723  -0.51809
-1.11206  1.22924  -0.953693
-1.57328  1.69309  0.890776
-1.23336  1.36472  -1.3678
-1.57328  1.69309  0.944865
-1.11713  1.24345  0.633097
-1.11206  1.22924  -0.75022
-1.79935  1.87852  0.0578633
-1.57328  1.64781  0.944865
-1.10472  1.21636  0.136281
-1.57328  1.69309  0.944865
-1.38175  1.48687  0.783172
-1.11713  1.24345  0.633097
-1.57328  1.69309  0.944865
-1.57328  1.69309  0.759363
-1.11713  1.24345  0.633097
-0.983937  1.12117  -0.0797898
-1.11206  1.22924  -0.75022
-1.57328  1.69309  0.890776
-1.57328  1.69309  0.890776
-1.79935  1.87852  0.0578633
-1.36557  1.45054  0.0966823
-1.11713  1.24345  0.633097
-1.10472  1.21636  0.136281
-1.2038  1.34739  -0.883727
-1.05659  1.17173  0.205115
-1.57328  1.71784  1.0284
-0.931996  1.06297  0.218475
-1.11206  1.22924  -0.75022
-1.57328  1.69309  0.944865
-1.05659  1.17173  0.205115
-1.05659  1.17173  0.205115
-1.33956  1.46321  -0.0145362
-1.79935  1.87852  0.0578633
-1.57328  1.69309  0.890776
-1.57328  1.69309  0.944865
-0.9952  1.12502  -0.148088
-1.05659  1.17173  0.205115
-1.60506  1.73905  -0.079334
-1.79935  1.87852  0.0578633
-1.34088  1.44896  -0.524215
-1.57328  1.64781  0.963897
-1.57328  1.69309  0.944865
-1.60506  1.73905  -0.079334
-1.11713  1.24345  0.633097
-1.05659  1.17173  0.205115
-1.11206  1.22924  -0.75022
-1.57328  1.64781  0.963897
-1.05659  1.17173  0.205115
-0.9952  1.12502  -0.148088
-1.38002  1.48723  0.529297
-1.79935  1.87852  0.0578633
-1.0298  1.16217  0.347479
-1.10472  1.21636  0.136281
-1.57328  1.69309  0.944865
-1.79935  1.87852  0.0578633
-1.34088  1.44896  -0.524215
-1.31889  1.45077  -1.69997
-1.11206  1.22924  -0.75022
-1.11713  1.24345  0.633097
-1.69202  1.80696  -0.0517043
-1.36272  1.50172  1.2943
-1.34417  1.43601  0.340123
-1.57328  1.69309  0.890776
-1.11713  1.24345  0.651477
-1.57328  1.69309  0.944865
