0.55638  -0.88036  0.365357
0.55638  -0.88036  0.365357
0.535221  -0.264347  -0.228825
0.546464  -0.121866  0.809477
0.55638  -0.88036  0.365357
0.515029  -0.88036  0.512243
0.540593  -0.23323  0.197001
0.546464  -0.121866  0.809477
0.546464  -0.121866  0.809477
0.563766  0.509352  -0.245294
0.526597  0.0780587  0.918536
0.546318  0.475065  0.817771
0.539821  -0.843545  0.357863
0.529464  -0.284607  -0.104156
0.529257  1.04161  0.158318
0.569472  1.18074  -1.14494
0.535221  -0.0121396  0.210065
0.546318  0.475065  0.817771
0.526597  0.0780587  0.918536
0.535221  -0.904761  0.210065
0.55638  -0.88036  0.365357
0.55638  -0.88036  0.365357
0.535027  -0.524309  -0.409975
0.539821  -0.843545  0.357863
0.535221  -0.0121396  0.210065
0.526597  0.0780587  0.918536
0.526597  0.0780587  0.918536
0.546464  -0.121866  0.809477
0.535221  -0.0121396  0.210065
0.535221  -0.0121396  0.210065
0.535221  -0.264347  -0.228825
0.526597  0.0780587  0.918536
0.535221  -0.904761  0.210065
0.539821  -0.843545  0.357863
0.535221  -0.0121396  0.210065
0.529257  1.04161  0.158318
0.526597  0.0780587  0.918536
0.539821  -0.843545  0.357863
0.535221  -0.0121396  0.210065
0.546318  0.475065  0.817771
0.526597  0.0780587  0.918536
0.535221  -0.0121396  0.210065
0.535221  -0.264347  -0.228825
0.535221  -0.0121396  0.210065
0.516613  0.415926  0.28052
0.535221  -0.0121396  0.258654
0.546318  0.475065  0.817771
0.529257  1.04161  0.158318
0.529464  -0.284607  -0.104156
0.546464  -0.121866  0.809477
0.526597  0.0780587  0.918536
0.546464  -0.121866  0.809477
0.546318  0.475065  0.817771
0.563766  0.509352  -0.245294
0.535221  -0.0121396  0.210065
0.55638  -0.88036  0.365357
0.526597  0.0780587  0.918536
0.526597  0.0780587  0.918536
0.535221  -0.0121396  0.258654
0.529464  -0.284607  -0.104156
0.539821  -0.843545  0.357863
0.55638  -0.88036  0.365357
0.546464  -0.121866  0.809477
0.55638  -0.88036  0.365357
0.539821  -0.843545  0.357863
0.55638  -0.88036  0.365357
0.526597  0.0780587  0.918536
0.529464  -0.284607  -0.104156
0.521121  0.722587  -1.04611
0.515029  -0.88036  0.512243
0.521121  0.722587  -1.04611
0.526597  0.0780587  0.918536
0.529464  -0.284607  -0.104156
0.526597  0.0780587  0.918536
0.529464  -0.284607  -0.104156
0.539821  -0.843545  0.357863
0.521121  0.722587  -1.04611
0.529257  1.04161  0.158318
0.546464  -0.121866  0.809477
0.529464  -0.284607  -0.104156
0.529464  -0.284607  -0.104156
0.562066  0.00196261  0.364449
0.546464  -0.30233  0.809477
0.55638  -0.88036  0.365357
0.539821  -0.843545  0.357863
0.546464  -0.30233  0.809477
0.546464  -0.121866  0.809477
0.535221  -0.264347  -0.228825
0.529464  -0.284607  -0.104156
0.535221  -0.0121396  0.210065
0.526597  0.0780587  0.918536
0.546464  -0.121866  0.809477
0.535221  -0.904761  0.210065
0.535027  -0.524309  -0.409975
0.526597  0.0780587  0.918536
0.516613  0.415926  0.28052
0.546464  -0.121866  0.809477
0.539821  -0.843545  0.357863
0.515029  -0.88036  0.512243
0.526597  0.0780587  0.918536
0.563766  0.509352  -0.245294
0.535027  -0.524309  -0.409975
0.535221  -0.0121396  0.210065
0.539821  -0.843545  0.357863
0.546318  0.475065  0.817771
0.535221  -0.0121396  0.258654
0.521121  0.722587  -1.04611
0.546464  -0.121866  0.809477
0.535221  -0.0121396  0.210065
0.526597  0.0780587  0.918536
0.516613  0.415926  0.28052
0.535221  -0.0121396  0.258654
0.521121  0.722587  -1.04611
0.55638  -0.88036  0.365357
0.563766  0.509352  -0.245294
0.562066  0.00196261  0.296963
0.535221  -0.264347  -0.228825
0.535221  -0.0121396  0.210065
0.546318  0.475065  0.817771
0.529257  1.04161  0.158318
0.546318  0.475065  0.817771
0.526597  0.0780587  0.918536
0.55638  -0.88036  0.365357
0.546318  0.475065  0.817771
0.546464  -0.121866  0.809477
0.529464  -0.284607  -0.104156
0.526597  0.0780587  0.918536
0.539821  -0.843545  0.357863
0.526597  0.0780587  0.918536
0.526597  0.0780587  0.918536
0.521121  0.722587  -1.04611
0.535221  -0.0121396  0.258654
0.535221  -0.0121396  0.258654
0.535221  -0.264347  -0.228825
0.55638  -0.88036  0.365357
0.535221  -0.264347  -0.228825
0.55638  -0.88036  0.365357
0.55638  -0.88036  0.365357
0.529464  -0.284607  -0.104156
0.540593  -0.053145  0.197001
0.516613  0.415926  0.28052
0.521121  0.722587  -1.04611
0.546464  -0.30233  0.809477
0.529464  -0.284607  -0.104156
0.535221  -0.0121396  0.258654
0.535221  -0.0121396  0.210065
0.535221  -0.904761  0.210065
0.55638  -0.88036  0.365357
0.546464  -0.121866  0.809477
0.535221  -0.0121396  0.210065
0.535221  -0.0121396  0.210065
0.55638  -0.88036  0.365357
0.535221  -0.0121396  0.258654
0.55638  -0.88036  0.429676
0.546318  0.475065  0.817771
0.535221  -0.0121396  0.210065
0.515029  -0.88036  0.365357
0.529464  -0.284607  -0.104156
0.546464  -0.121866  0.809477
0.529257  1.04161  0.158318
0.529464  -0.284607  -0.104156
0.535295  -0.299603  0.67788
0.535221  -0.0121396  0.258654
0.55638  -0.88036  0.365357
0.55638  -0.88036  0.365357
0.535221  -0.0121396  0.210065
0.55638  -0.88036  0.365357
0.529464  -0.284607  -0.104156
0.535221  -0.0121396  0.258654
0.526597  0.0780587  0.918536
0.535221  -0.0121396  0.258654
0.526597  0.0780587  0.918536
0.516613  0.415926  0.28052
0.529464  -0.284607  -0.104156
0.546318  0.475065  0.817771
0.546464  -0.121866  0.809477
0.535295  -0.299603  0.67788
0.546464  -0.30233  0.809477
0.529257  1.04161  0.158318
0.535295  -0.00866943  0.344164
0.539821  -0.843545  0.357863
0.535221  -0.0121396  0.210065
0.529464  -0.284607  -0.104156
0.539821  -0.843545  0.357863
0.526597  0.0780587  0.918536
0.562066  0.00196261  0.364449
0.546464  -0.30233  0.809477
0.546318  0.475065  0.817771
0.535295  -0.00866943  0.344164
0.546318  0.475065  0.817771
0.539821  -0.843545  0.357863
0.535221  -0.0121396  0.210065
0.535221  -0.0121396  0.210065
0.526597  0.0780587  0.918536
0.535221  -0.264347  -0.228825
0.546318  0.475065  0.817771
0.55638  -0.88036  0.365357
0.526597  0.0780587  0.918536
0.526597  0.0780587  0.918536
0.529257  1.04161  0.158318
0.546464  -0.121866  0.809477
0.526597  0.0780587  0.918536
0.546318  0.475065  0.817771
0.539821  -0.843545  0.357863
0.526597  0.0780587  0.918536
0.55638  -0.88036  0.365357
0.546318  0.475065  0.817771
0.539821  -0.843545  0.357863
0.529257  1.04161  0.158318
0.546318  0.475065  0.817771
0.535221  -0.0121396  0.210065
0.535221  -0.0121396  0.258654
0.526597  0.0780587  0.918536
0.563766  0.509352  -0.245294
0.535221  -0.0121396  0.210065
0.546318  0.475065  0.817771
0.546318  0.475065  0.817771
0.535295  -0.00866943  0.344164
0.529464  -0.284607  -0.104156
0.529464  -0.284607  -0.104156
0.539821  -0.843545  0.357863
0.540593  -0.053145  0.197001
0.535221  -0.0121396  0.210065
0.526597  0.0780587  0.918536
0.535221  -0.0121396  0.210065
0.535221  -0.0121396  0.210065
0.535221  -0.0121396  0.258654
0.546464  -0.121866  0.809477
0.546318  0.475065  0.817771
0.546464  -0.30233  0.809477
0.535221  -0.0121396  0.210065
0.526597  0.0780587  0.918536
0.55638  -0.88036  0.365357
0.526597  0.0780587  0.918536
0.526597  0.0780587  0.918536
0.535221  -0.0121396  0.258654
0.563766  0.509352  -0.245294
0.546464  -0.30233  0.809477
0.569472  1.18074  -1.14494
0.535221  -0.0121396  0.210065
0.546318  0.475065  0.817771
0.539821  -0.843545  0.357863
0.535221  -0.904761  0.210065
0.526597  0.0780587  0.918536
0.521121  0.722587  -1.04611
0.563766  0.509352  -0.245294
0.539821  -0.843545  0.357863
0.526597  0.0780587  0.918536
0.535221  -0.0121396  0.258654
0.535221  -0.0121396  0.258654
0.539821  -0.843545  0.357863
0.535027  -0.524309  -0.409975
0.521121  0.722587  -1.04611
0.535295  -0.00866943  0.344164
0.539821  -0.843545  0.357863
0.546464  -0.121866  0.809477
0.563766  0.509352  -0.245294
0.535221  -0.0121396  0.258654
0.535221  -0.0121396  0.210065
0.535027  -0.524309  -0.409975
0.535221  -0.0121396  0.210065
0.526597  0.0780587  0.918536
0.516613  0.415926  0.28052
0.546464  -0.30233  0.809477
0.529257  1.04161  0.158318
0.529464  -0.284607  -0.104156
0.535221  -0.264347  -0.228825
0.529464  -0.284607  -0.104156
0.546464  -0.121866  0.809477
0.516613  0.415926  0.28052
0.546318  0.475065  0.817771
0.546464  -0.30233  0.809477
0.526597  0.0780587  0.918536
0.546318  0.475065  0.817771
0.563766  0.509352  -0.245294
0.546464  -0.121866  0.809477
0.529464  -0.284607  -0.104156
0.546318  0.475065  0.817771
0.521121  0.690718  -1.04611
0.529464  -0.284607  -0.104156
0.535221  -0.0121396  0.210065
0.535221  -0.0121396  0.210065
0.535221  -0.0121396  0.210065
0.539821  -0.843545  0.357863
0.526597  0.0780587  0.918536
0.535221  -0.0121396  0.258654
0.529257  1.04161  0.158318
0.535295  -0.00866943  0.344164
0.535221  -0.904761  0.210065
0.529464  -0.284607  -0.104156
0.562066  0.00196261  0.296963
0.562066  0.00196261  0.296963
0.529257  1.04161  0.158318
0.535221  -0.0121396  0.210065
0.535221  -0.0121396  0.210065
0.563766  0.509352  -0.245294
0.539821  -0.843545  0.357863
0.529464  -0.284607  -0.104156
0.529464  -0.284607  -0.104156
0.529257  1.04161  0.158318
0.529257  1.04161  0.158318
0.521121  0.722587  -1.04611
0.526597  0.0780587  0.918536
0.535027  -0.524309  -0.409975
0.515029  -0.88036  0.512243
0.535295  -0.299603  0.67788
0.535027  -0.524309  -0.409975
0.535221  -0.0121396  0.258654
0.535221  -0.0121396  0.210065
0.535221  -0.0121396  0.210065
0.562066  0.00196261  0.296963
0.529464  -0.284607  -0.104156
0.529464  -0.284607  -0.104156
0.546318  0.475065  0.817771
0.535221  -0.0121396  0.210065
0.546318  0.475065  0.817771
0.535221  -0.0121396  0.258654
0.526597  0.0780587  0.918536
0.535221  -0.0121396  0.210065
0.546318  0.475065  0.817771
0.546464  -0.121866  0.809477
0.546464  -0.30233  0.809477
0.529257  1.04161  0.158318
0.535221  -0.264347  -0.228825
0.55638  -0.88036  0.365357
0.529464  -0.284607  -0.104156
0.526597  0.0780587  0.918536
0.521121  0.722587  -1.04611
0.535221  -0.0121396  0.210065
0.526597  0.0780587  0.918536
0.535027  -0.524309  -0.409975
0.521121  0.690718  -1.04611
0.535221  -0.0121396  0.258654
0.540593  -0.053145  0.197001
0.55638  -0.88036  0.365357
0.546318  0.475065  0.817771
0.529464  -0.284607  -0.104156
0.546464  -0.30233  0.809477
0.535027  -0.524309  -0.409975
0.535221  -0.0121396  0.258654
0.526597  0.0780587  0.918536
0.535221  -0.0121396  0.210065
0.563766  0.509352  -0.245294
0.535221  -0.264347  -0.228825
0.535221  -0.904761  0.210065
0.539821  -0.843545  0.357863
0.535027  -0.524309  -0.409975
0.55638  -0.88036  0.365357
0.546318  0.475065  0.817771
0.539821  -0.843545  0.357863
0.535221  -0.0121396  0.258654
0.569472  1.18074  -1.14494
0.55638  -0.88036  0.365357
0.535221  -0.264347  -0.228825
0.535221  -0.904761  0.210065
0.55638  -0.88036  0.365357
0.529464  -0.284607  -0.104156
0.526597  0.0780587  0.918536
0.529464  -0.284607  -0.104156
0.546464  -0.121866  0.809477
0.546464  -0.30233  0.809477
0.526597  0.0780587  0.918536
0.535221  -0.0121396  0.258654
0.535221  -0.0121396  0.210065
0.526597  0.0780587  0.918536
0.535027  -0.524309  -0.409975
0.526597  0.0780587  0.918536
0.55638  -0.88036  0.365357
0.535027  -0.524309  -0.409975
0.535221  -0.0121396  0.210065
0.535221  -0.264347  -0.228825
0.546318  0.475065  0.817771
0.526597  0.0780587  0.918536
0.535221  -0.904761  0.210065
0.521121  0.722587  -1.04611
0.521121  0.722587  -1.04611
0.526597  0.0780587  0.918536
0.535221  -0.264347  -0.228825
0.535027  -0.524309  -0.409975
0.526597  0.0780587  0.918536
0.535027  -0.524309  -0.409975
0.535027  -0.524309  -0.409975
0.55638  -0.88036  0.365357
0.539821  -0.843545  0.357863
0.535221  -0.904761  0.210065
0.535295  -0.00866943  0.344164
0.529257  1.04161  0.158318
0.535027  -0.524309  -0.409975
0.540593  -0.23323  0.197001
0.546464  -0.121866  0.809477
0.55638  -0.88036  0.365357
0.546464  -0.121866  0.809477
0.535221  -0.264347  -0.228825
0.563766  0.509352  -0.245294
0.535221  -0.264347  -0.228825
0.546464  -0.30233  0.809477
0.563766  0.509352  -0.245294
0.529464  -0.284607  -0.104156
0.529257  1.04161  0.158318
0.535027  -0.524309  -0.409975
0.535221  -0.0121396  0.258654
0.562066  0.00196261  0.364449
0.55638  -0.88036  0.365357
0.526597  0.0780587  0.918536
0.535221  -0.0121396  0.210065
0.529464  -0.284607  -0.104156
0.526597  0.0780587  0.918536
0.546464  -0.121866  0.809477
0.55638  -0.88036  0.365357
0.535221  -0.0121396  0.258654
0.535221  -0.0121396  0.210065
0.535221  -0.264347  -0.228825
0.529464  -0.284607  -0.104156
0.546318  0.475065  0.817771
0.535295  -0.00866943  0.344164
0.546464  -0.121866  0.809477
0.540593  -0.053145  0.197001
0.55638  -0.88036  0.429676
0.515029  -0.88036  0.512243
0.529257  1.04161  0.158318
0.516613  0.415926  0.28052
0.546464  -0.121866  0.809477
0.546464  -0.30233  0.809477
0.535221  -0.904761  0.210065
0.521121  0.722587  -1.04611
0.546464  -0.30233  0.809477
0.535221  -0.0121396  0.210065
0.535221  -0.264347  -0.228825
0.529257  1.04161  0.158318
0.535221  -0.0121396  0.258654
0.526597  0.0780587  0.918536
0.526597  0.0780587  0.918536
0.529464  -0.284607  -0.104156
0.562066  0.00196261  0.364449
0.526597  0.0780587  0.918536
0.55638  -0.88036  0.365357
0.569472  1.18074  -1.14494
0.535221  -0.0121396  0.258654
0.535221  -0.0121396  0.210065
0.535221  -0.0121396  0.258654
0.55638  -0.88036  0.365357
0.535027  -0.524309  -0.409975
0.535027  -0.524309  -0.409975
0.529464  -0.284607  -0.104156
0.540593  -0.053145  0.197001
0.535221  -0.0121396  0.210065
0.535221  -0.264347  -0.228825
0.546464  -0.30233  0.809477
0.535027  -0.524309  -0.409975
0.563766  0.509352  -0.245294
0.529464  -0.284607  -0.104156
0.535027  -0.524309  -0.409975
0.529257  1.04161  0.158318
0.535027  -0.524309  -0.409975
0.526597  0.0780587  0.918536
0.546318  0.475065  0.817771
0.546318  0.475065  0.817771
0.539821  -0.843545  0.357863
0.529257  1.04161  0.158318
0.535221  -0.0121396  0.210065
0.535221  -0.0121396  0.258654
0.546318  0.475065  0.817771
0.55638  -0.88036  0.365357
0.540593  -0.23323  0.197001
0.546464  -0.121866  0.809477
0.535221  -0.264347  -0.228825
0.526597  0.0780587  0.918536
0.535221  -0.0121396  0.258654
0.515029  -0.88036  0.365357
0.539821  -0.843545  0.357863
0.529464  -0.284607  -0.104156
0.526597  0.0780587  0.918536
0.515029  -0.88036  0.512243
0.526597  0.0780587  0.918536
0.55638  -0.88036  0.365357
0.535295  -0.00866943  0.344164
0.546464  -0.121866  0.809477
0.529464  -0.284607  -0.104156
0.546464  -0.121866  0.809477
0.526597  0.0780587  0.918536
0.529257  1.04161  0.158318
0.515029  -0.88036  0.512243
0.546318  0.475065  0.817771
0.535221  -0.0121396  0.210065
0.546464  -0.121866  0.809477
0.540593  -0.23323  0.197001
0.535221  -0.0121396  0.210065
0.55638  -0.88036  0.365357
0.55638  -0.88036  0.365357
0.535221  -0.264347  -0.228825
0.569472  1.18074  -1.14494
0.535221  -0.0121396  0.258654
0.535221  -0.0121396  0.258654
0.535221  -0.264347  -0.228825
0.529464  -0.284607  -0.104156
0.529464  -0.284607  -0.104156
0.546318  0.475065  0.817771
0.546464  -0.121866  0.809477
0.569472  1.18074  -1.14494
0.539821  -0.843545  0.357863
0.535221  -0.0121396  0.210065
0.516613  0.415926  0.28052
0.535221  -0.0121396  0.258654
0.535221  -0.0121396  0.258654
0.535221  -0.0121396  0.210065
0.526597  0.0780587  0.918536
0.526597  0.0780587  0.918536
0.526597  0.0780587  0.918536
0.569472  1.18074  -1.14494
0.526597  0.0780587  0.918536
0.535295  -0.00866943  0.344164
0.55638  -0.88036  0.365357
0.526597  0.0780587  0.918536
0.562066  0.00196261  0.296963
0.539821  -0.843545  0.357863
0.535221  -0.0121396  0.210065
0.521121  0.722587  -1.04611
0.55638  -0.88036  0.365357
0.55638  -0.88036  0.365357
0.526597  0.0780587  0.918536
0.539821  -0.843545  0.357863
0.535221  -0.904761  0.210065
0.55638  -0.88036  0.365357
0.529257  1.04161  0.158318
0.529464  -0.284607  -0.104156
0.526597  0.0780587  0.918536
0.535221  -0.0121396  0.210065
0.529464  -0.284607  -0.104156
0.529464  -0.284607  -0.104156
0.535027  -0.524309  -0.409975
0.539821  -0.843545  0.357863
0.539821  -0.843545  0.357863
0.521121  0.722587  -1.04611
0.55638  -0.88036  0.365357
0.535221  -0.264347  -0.228825
0.55638  -0.88036  0.365357
0.563766  0.509352  -0.245294
0.535221  -0.0121396  0.258654
0.521121  0.722587  -1.04611
0.546464  -0.30233  0.809477
0.535295  -0.00866943  0.344164
0.546464  -0.30233  0.809477
0.526597  0.0780587  0.918536
0.526597  0.0780587  0.918536
0.55638  -0.88036  0.365357
0.546318  0.475065  0.817771
0.535221  -0.0121396  0.210065
0.535221  -0.0121396  0.210065
0.535221  -0.0121396  0.210065
0.535027  -0.524309  -0.409975
0.526597  0.0780587  0.918536
0.535295  -0.00866943  0.344164
0.535221  -0.904761  0.210065
0.526597  0.0780587  0.918536
0.569472  1.18074  -1.14494
0.529464  -0.284607  -0.104156
0.521121  0.722587  -1.04611
0.546464  -0.30233  0.809477
0.546464  -0.30233  0.809477
0.535221  -0.264347  -0.228825
0.526597  0.0780587  0.918536
0.535221  -0.264347  -0.228825
0.535221  -0.0121396  0.258654
0.546464  -0.121866  0.809477
0.535027  -0.524309  -0.409975
0.535295  -0.299603  0.67788
0.562066  0.00196261  0.364449
0.535221  -0.0121396  0.210065
0.55638  -0.88036  0.365357
0.539821  -0.843545  0.357863
0.529464  -0.284607  -0.104156
0.526597  0.0780587  0.918536
0.569472  1.18074  -1.14494
0.526597  0.0780587  0.918536
0.526597  0.0780587  0.918536
0.526597  0.0780587  0.918536
0.55638  -0.88036  0.365357
0.535221  -0.0121396  0.210065
0.546464  -0.121866  0.809477
0.529464  -0.284607  -0.104156
0.516613  0.415926  0.28052
0.516613  0.415926  0.28052
0.539821  -0.843545  0.357863
0.563766  0.509352  -0.245294
0.562066  0.00196261  0.296963
0.546464  -0.121866  0.809477
0.546318  0.475065  0.817771
0.526597  0.0780587  0.918536
0.562066  0.00196261  0.296963
0.535221  -0.0121396  0.258654
0.563766  0.509352  -0.245294
0.563766  0.509352  -0.245294
0.55638  -0.88036  0.365357
0.526597  0.0780587  0.918536
0.526597  0.0780587  0.918536
0.526597  0.0780587  0.918536
0.540593  -0.053145  0.197001
0.529464  -0.284607  -0.104156
0.546464  -0.30233  0.809477
0.529464  -0.284607  -0.104156
0.535221  -0.0121396  0.258654
0.529464  -0.284607  -0.104156
0.529257  1.04161  0.158318
0.535027  -0.524309  -0.409975
0.535221  -0.0121396  0.210065
0.546464  -0.121866  0.809477
0.526597  0.0780587  0.918536
0.526597  0.0780587  0.918536
0.516613  0.415926  0.28052
0.529257  1.04161  0.158318
0.539821  -0.843545  0.357863
0.546464  -0.121866  0.809477
0.539821  -0.843545  0.357863
0.535221  -0.904761  0.210065
0.526597  0.0780587  0.918536
0.526597  0.0780587  0.918536
0.539821  -0.843545  0.357863
0.535221  -0.0121396  0.210065
0.521121  0.690718  -1.04611
0.535027  -0.524309  -0.409975
0.529257  1.04161  0.158318
0.526597  0.0780587  0.918536
0.546464  -0.121866  0.809477
0.535221  -0.0121396  0.258654
0.535221  -0.0121396  0.210065
0.526597  0.0780587  0.918536
0.529464  -0.284607  -0.104156
0.535027  -0.524309  -0.409975
0.535027  -0.524309  -0.409975
0.539821  -0.843545  0.357863
0.529464  -0.284607  -0.104156
0.526597  0.0780587  0.918536
0.535221  -0.0121396  0.210065
0.529464  -0.284607  -0.104156
0.535221  -0.0121396  0.258654
0.546464  -0.121866  0.809477
0.539821  -0.843545  0.357863
0.516613  0.415926  0.28052
0.546318  0.475065  0.817771
0.526597  0.0780587  0.918536
0.526597  0.0780587  0.918536
0.521121  0.722587  -1.04611
0.535027  -0.524309  -0.409975
0.529464  -0.284607  -0.104156
0.535027  -0.524309  -0.409975
0.535221  -0.0121396  0.258654
0.529464  -0.284607  -0.104156
0.535221  -0.0121396  0.210065
0.521121  0.722587  -1.04611
0.529464  -0.284607  -0.104156
0.529464  -0.284607  -0.104156
0.546464  -0.30233  0.809477
0.516613  0.415926  0.28052
0.535221  -0.0121396  0.210065
0.526597  0.0780587  0.918536
0.546318  0.475065  0.817771
0.529257  1.04161  0.158318
0.529464  -0.284607  -0.104156
0.546464  -0.30233  0.809477
0.516613  0.415926  0.28052
0.529464  -0.284607  -0.104156
0.546318  0.475065  0.817771
0.529257  1.04161  0.158318
0.540593  -0.053145  0.197001
0.546464  -0.30233  0.809477
0.546464  -0.30233  0.809477
0.529464  -0.284607  -0.104156
0.535221  -0.0121396  0.258654
0.546318  0.475065  0.817771
0.535221  -0.264347  -0.228825
0.529464  -0.284607  -0.104156
0.546464  -0.121866  0.809477
0.526597  0.0780587  0.918536
0.529257  1.04161  0.158318
0.546318  0.475065  0.817771
0.546464  -0.121866  0.809477
0.535221  -0.0121396  0.210065
0.546464  -0.30233  0.809477
0.526597  0.0780587  0.918536
0.535221  -0.0121396  0.210065
0.526597  0.0780587  0.918536
0.55638  -0.88036  0.365357
0.529257  1.04161  0.158318
0.535295  -0.00866943  0.344164
0.535221  -0.264347  -0.228825
0.521121  0.722587  -1.04611
0.546464  -0.121866  0.809477
0.535221  -0.264347  -0.228825
0.526597  0.0780587  0.918536
0.55638  -0.88036  0.365357
0.535027  -0.524309  -0.409975
0.535221  -0.0121396  0.210065
0.535027  -0.524309  -0.409975
0.521121  0.722587  -1.04611
0.535221  -0.0121396  0.210065
0.55638  -0.88036  0.365357
0.546318  0.475065  0.817771
0.535027  -0.524309  -0.409975
0.535221  -0.0121396  0.258654
0.55638  -0.88036  0.365357
0.529464  -0.284607  -0.104156
0.529464  -0.284607  -0.104156
0.535027  -0.524309  -0.409975
0.546318  0.475065  0.817771
0.526597  0.0780587  0.918536
0.546318  0.475065  0.817771
0.535221  -0.0121396  0.210065
0.546464  -0.121866  0.809477
0.529257  1.04161  0.158318
0.526597  0.0780587  0.918536
0.563766  0.509352  -0.245294
0.563766  0.509352  -0.245294
0.526597  0.0780587  0.918536
0.563766  0.509352  -0.245294
0.55638  -0.88036  0.365357
0.521121  0.722587  -1.04611
0.516613  0.415926  0.28052
0.526597  0.0780587  0.918536
0.546464  -0.121866  0.809477
0.535221  -0.0121396  0.258654
0.55638  -0.88036  0.365357
0.535221  -0.904761  0.210065
0.529464  -0.284607  -0.104156
0.563766  0.509352  -0.245294
0.539821  -0.843545  0.357863
0.526597  0.0780587  0.918536
0.535221  -0.0121396  0.210065
0.526597  0.0780587  0.918536
0.535221  -0.904761  0.210065
0.535221  -0.0121396  0.210065
0.535295  -0.00866943  0.344164
0.521121  0.722587  -1.04611
0.535221  -0.904761  0.210065
0.535221  -0.0121396  0.258654
0.546318  0.475065  0.817771
0.535221  -0.264347  -0.228825
0.563766  0.509352  -0.245294
0.535221  -0.0121396  0.210065
0.540593  -0.23323  0.197001
0.546464  -0.121866  0.809477
0.526597  0.0780587  0.918536
0.539821  -0.843545  0.357863
0.535221  -0.0121396  0.210065
0.563766  0.509352  -0.245294
0.55638  -0.88036  0.365357
0.535221  -0.0121396  0.258654
0.529257  1.04161  0.158318
0.539821  -0.843545  0.357863
0.546318  0.475065  0.817771
0.535221  -0.0121396  0.210065
0.535221  -0.0121396  0.210065
0.526597  0.0780587  0.918536
0.535221  -0.0121396  0.210065
0.526597  0.0780587  0.918536
0.535221  -0.264347  -0.228825
0.535027  -0.524309  -0.409975
0.535221  -0.0121396  0.210065
0.529464  -0.284607  -0.104156
0.535221  -0.264347  -0.228825
0.526597  0.0780587  0.918536
0.516613  0.415926  0.28052
0.535027  -0.524309  -0.409975
0.546464  -0.121866  0.809477
0.540593  -0.053145  0.197001
0.562066  0.00196261  0.296963
0.535027  -0.524309  -0.409975
0.546318  0.475065  0.817771
0.526597  0.0780587  0.918536
0.526597  0.0780587  0.918536
0.546464  -0.121866  0.809477
0.526597  0.0780587  0.918536
0.521121  0.722587  -1.04611
0.535027  -0.524309  -0.409975
0.515029  -0.88036  0.512243
0.526597  0.0780587  0.918536
0.535221  -0.0121396  0.258654
0.546464  -0.121866  0.809477
0.526597  0.0780587  0.918536
0.529257  1.04161  0.158318
0.515029  -0.88036  0.512243
0.539821  -0.843545  0.357863
0.535221  -0.0121396  0.210065
0.546464  -0.121866  0.809477
0.535027  -0.524309  -0.409975
0.55638  -0.88036  0.365357
0.529464  -0.284607  -0.104156
0.535027  -0.524309  -0.409975
0.55638  -0.88036  0.365357
0.529464  -0.284607  -0.104156
0.515029  -0.88036  0.512243
0.546318  0.475065  0.817771
0.526597  0.0780587  0.918536
0.539821  -0.843545  0.357863
0.529464  -0.284607  -0.104156
0.535295  -0.00866943  0.344164
0.546464  -0.121866  0.809477
0.535027  -0.524309  -0.409975
0.539821  -0.843545  0.357863
0.535221  -0.0121396  0.210065
0.535221  -0.0121396  0.210065
0.546464  -0.121866  0.809477
0.526597  0.0780587  0.918536
0.55638  -0.88036  0.365357
0.535221  -0.0121396  0.258654
0.529464  -0.284607  -0.104156
0.529464  -0.284607  -0.104156
0.562066  0.00196261  0.296963
0.562066  0.00196261  0.364449
0.535221  -0.0121396  0.258654
0.546318  0.475065  0.817771
0.562066  0.00196261  0.364449
0.521121  0.722587  -1.04611
0.535221  -0.904761  0.210065
0.539821  -0.843545  0.357863
0.535027  -0.524309  -0.409975
0.562066  0.00196261  0.364449
0.521121  0.690718  -1.04611
0.55638  -0.88036  0.365357
0.515029  -0.88036  0.512243
0.535221  -0.0121396  0.210065
0.546464  -0.121866  0.809477
0.535221  -0.264347  -0.228825
0.529257  1.04161  0.158318
0.546464  -0.30233  0.809477
0.526597  0.0780587  0.918536
0.535221  -0.0121396  0.210065
0.55638  -0.88036  0.365357
0.546464  -0.121866  0.809477
0.526597  0.0780587  0.918536
0.535295  -0.00866943  0.344164
0.535221  -0.264347  -0.228825
0.526597  0.0780587  0.918536
0.526597  0.0780587  0.918536
0.55638  -0.88036  0.365357
0.535027  -0.524309  -0.409975
0.55638  -0.88036  0.365357
0.539821  -0.843545  0.357863
0.529464  -0.284607  -0.104156
0.55638  -0.88036  0.365357
0.526597  0.0780587  0.918536
0.535221  -0.264347  -0.228825
0.55638  -0.88036  0.365357
0.535221  -0.0121396  0.210065
0.515029  -0.88036  0.512243
0.535027  -0.524309  -0.409975
0.539821  -0.843545  0.357863
0.526597  0.0780587  0.918536
0.529464  -0.284607  -0.104156
0.535295  -0.299603  0.67788
0.521121  0.722587  -1.04611
0.546464  -0.121866  0.809477
0.55638  -0.88036  0.365357
0.526597  0.0780587  0.918536
0.535295  -0.00866943  0.344164
0.546318  0.475065  0.817771
0.546464  -0.121866  0.809477
0.529464  -0.284607  -0.104156
0.539821  -0.843545  0.357863
0.563766  0.509352  -0.245294
0.516613  0.415926  0.28052
0.526597  0.0780587  0.918536
0.562066  0.00196261  0.364449
0.539821  -0.843545  0.357863
0.526597  0.0780587  0.918536
0.526597  0.0780587  0.918536
0.529257  1.04161  0.158318
0.546464  -0.121866  0.809477
0.526597  0.0780587  0.918536
0.540593  -0.053145  0.197001
0.55638  -0.88036  0.365357
0.546464  -0.30233  0.809477
0.535221  -0.0121396  0.210065
0.539821  -0.843545  0.357863
0.535221  -0.0121396  0.210065
0.535221  -0.0121396  0.210065
0.526597  0.0780587  0.918536
0.526597  0.0780587  0.918536
0.526597  0.0780587  0.918536
0.569472  1.18074  -1.14494
0.515029  -0.88036  0.512243
0.562066  0.00196261  0.296963
0.526597  0.0780587  0.918536
0.526597  0.0780587  0.918536
0.535027  -0.524309  -0.409975
0.535221  -0.0121396  0.258654
0.562066  0.00196261  0.296963
0.535221  -0.904761  0.210065
0.535221  -0.0121396  0.210065
0.535221  -0.0121396  0.210065
0.546318  0.475065  0.817771
0.526597  0.0780587  0.918536
0.535221  -0.0121396  0.258654
0.535295  -0.00866943  0.344164
0.535221  -0.0121396  0.258654
0.546464  -0.121866  0.809477
0.529257  1.04161  0.158318
0.55638  -0.88036  0.365357
0.535221  -0.264347  -0.228825
0.546464  -0.121866  0.809477
0.562066  0.00196261  0.296963
0.546464  -0.121866  0.809477
0.546464  -0.121866  0.809477
0.539821  -0.843545  0.357863
0.546464  -0.121866  0.809477
0.535027  -0.524309  -0.409975
0.535221  -0.0121396  0.258654
0.535221  -0.0121396  0.210065
0.535221  -0.0121396  0.258654
0.55638  -0.88036  0.365357
0.535221  -0.0121396  0.210065
0.535221  -0.0121396  0.210065
0.546318  0.475065  0.817771
0.535221  -0.0121396  0.258654
0.535027  -0.524309  -0.409975
0.526597  0.0780587  0.918536
0.526597  0.0780587  0.918536
0.546464  -0.121866  0.809477
0.526597  0.0780587  0.918536
0.526597  0.0780587  0.918536
0.535295  -0.00866943  0.344164
0.546464  -0.121866  0.809477
0.535027  -0.524309  -0.409975
0.546318  0.475065  0.817771
0.540593  -0.053145  0.197001
0.563766  0.509352  -0.245294
0.516613  0.415926  0.28052
0.521121  0.722587  -1.04611
0.535221  -0.0121396  0.210065
0.529464  -0.284607  -0.104156
0.546464  -0.121866  0.809477
0.546318  0.475065  0.817771
0.526597  0.0780587  0.918536
0.535221  -0.0121396  0.210065
0.526597  0.0780587  0.918536
0.526597  0.0780587  0.918536
0.526597  0.0780587  0.918536
0.546318  0.475065  0.817771
0.539821  -0.843545  0.357863
0.535221  -0.0121396  0.210065
0.535221  -0.904761  0.210065
0.535221  -0.264347  -0.228825
0.529257  1.04161  0.158318
0.546464  -0.121866  0.809477
0.539821  -0.843545  0.357863
0.539821  -0.843545  0.357863
0.546464  -0.121866  0.809477
0.55638  -0.88036  0.365357
0.529464  -0.284607  -0.104156
0.515029  -0.88036  0.512243
0.535027  -0.524309  -0.409975
0.535221  -0.0121396  0.210065
0.515029  -0.88036  0.512243
0.529464  -0.284607  -0.104156
0.529464  -0.284607  -0.104156
0.526597  0.0780587  0.918536
0.546464  -0.121866  0.809477
0.535295  -0.00866943  0.344164
0.526597  0.0780587  0.918536
0.535295  -0.00866943  0.344164
0.546464  -0.121866  0.809477
0.539821  -0.843545  0.357863
0.526597  0.0780587  0.918536
0.55638  -0.88036  0.365357
0.55638  -0.88036  0.365357
0.546464  -0.121866  0.809477
0.535221  -0.264347  -0.228825
0.521121  0.722587  -1.04611
0.540593  -0.053145  0.197001
0.540593  -0.053145  0.197001
0.535027  -0.524309  -0.409975
0.535221  -0.264347  -0.228825
0.521121  0.722587  -1.04611
0.535221  -0.0121396  0.210065
0.562066  0.00196261  0.296963
0.515029  -0.88036  0.512243
0.529464  -0.284607  -0.104156
0.526597  0.0780587  0.918536
0.535221  -0.264347  -0.228825
0.55638  -0.88036  0.365357
0.529464  -0.284607  -0.104156
0.539821  -0.843545  0.357863
0.535221  -0.904761  0.210065
0.526597  0.0780587  0.918536
0.535221  -0.0121396  0.210065
0.535027  -0.524309  -0.409975
0.526597  0.0780587  0.918536
0.546464  -0.121866  0.809477
0.529464  -0.284607  -0.104156
0.55638  -0.88036  0.365357
0.535027  -0.524309  -0.409975
0.546464  -0.30233  0.809477
0.526597  0.0780587  0.918536
0.535221  -0.0121396  0.210065
0.535221  -0.0121396  0.258654
0.529464  -0.284607  -0.104156
0.529257  1.04161  0.158318
0.526597  0.0780587  0.918536
0.535221  -0.0121396  0.258654
0.546464  -0.121866  0.809477
0.526597  0.0780587  0.918536
