0.861657  0.151358  -0.0997519
0.861657  0.247194  0.128633
0.883137  -0.366594  -0.446422
0.861657  0.0140168  0.128633
0.829668  -0.82034  -0.0719887
0.884798  0.442222  -0.957703
0.849383  0.069273  -0.927076
0.861657  0.151358  -0.0997519
0.883137  -0.690885  -0.446422
0.861657  0.247194  0.128633
0.8743  0.20386  -0.285767
0.864522  1.21275  1.7056
0.883137  -0.366594  -0.446422
0.849383  0.069273  -0.927076
0.861657  0.151358  -0.0997519
0.897932  -0.826532  0.213418
0.861657  0.247194  0.128633
0.883137  -0.690885  -0.446422
0.883137  -0.690885  -0.446422
0.861657  -1.03271  0.525964
0.883137  -0.690885  -0.446422
0.820459  0.889089  0.250263
0.864522  1.21275  1.7056
0.864522  1.21275  1.7056
0.846912  0.578257  -0.522381
0.846912  0.873338  -0.563499
0.861657  -1.03271  0.525964
0.864522  1.21275  1.7056
0.820459  0.856037  0.250263
0.883137  -0.690885  -0.446422
0.893269  0.176296  -0.0452319
0.849383  0.069273  -0.927076
0.829668  -0.82034  -0.0719887
0.863583  -0.0854868  -0.783058
0.861657  0.247194  0.128633
0.820459  0.856037  0.250263
0.846912  0.578257  -0.522381
0.820459  0.856037  0.250263
0.820459  0.889089  0.250263
0.849383  0.069273  -0.927076
0.861657  0.247194  0.128633
0.861657  0.151358  -0.0997519
0.861657  0.151358  -0.0997519
0.883137  -0.690885  -0.446422
0.861657  -0.10908  -0.100899
0.8743  0.20386  -0.285767
0.893269  0.176296  -0.0452319
0.8743  0.20386  -0.285767
0.861657  0.247194  0.128633
0.861657  -1.03271  0.525964
0.897932  -0.826532  0.213418
0.846912  0.873338  -0.563499
0.883137  -0.366594  -0.446422
0.846912  0.578257  -0.522381
0.864522  1.21275  1.7056
0.883137  -0.690885  -0.446422
0.883137  -0.690885  -0.446422
0.883137  -0.690885  -0.446422
0.861657  0.247194  0.128633
0.849383  0.069273  -0.927076
0.861657  0.247194  0.128633
0.861657  0.247194  0.128633
0.861657  0.151358  -0.0997519
0.829668  -0.82034  -0.0719887
0.861657  0.247194  0.128633
0.861657  0.247194  0.128633
0.861657  0.0140168  0.128633
0.820459  0.856037  0.250263
0.829668  -0.82034  -0.0719887
0.883137  -0.690885  -0.446422
0.849383  0.069273  -0.927076
0.864522  1.21275  1.7056
0.861657  0.151358  -0.0997519
0.8743  0.20386  -0.285767
0.883137  -0.690885  -0.446422
0.864522  1.21275  1.7056
0.861657  0.247194  0.128633
0.884798  0.442222  -0.957703
0.880906  0.570633  -1.19303
0.820459  0.856037  0.250263
0.864522  1.21275  1.7056
0.883137  -0.690885  -0.446422
0.883137  -0.690885  -0.446422
0.883137  -0.690885  -0.446422
0.883137  -0.690885  -0.446422
0.861657  0.151358  -0.0997519
0.861657  -1.03271  0.525964
0.861657  0.247194  0.128633
0.863583  -0.0854868  -0.783058
0.888445  -0.904636  0.538162
0.888445  -0.904636  0.538162
0.883137  -0.690885  -0.446422
0.883137  -0.690885  -0.446422
0.820459  0.856037  0.250263
0.864522  1.21275  1.7056
0.846912  0.578257  -0.522381
0.861657  0.247194  0.128633
0.861657  0.0140168  0.128633
0.897932  -0.826532  0.213418
0.861657  0.247194  0.128633
0.884798  0.442222  -0.957703
0.861657  -1.03271  0.525964
0.861657  0.247194  0.128633
0.883137  -0.690885  -0.446422
0.846912  0.578257  -0.522381
0.861657  0.151358  -0.0997519
0.846912  0.873338  -0.563499
0.863583  -0.0854868  -0.783058
0.8743  0.20386  -0.285767
0.846912  0.578257  -0.522381
0.863583  -0.0854868  -0.783058
0.861657  0.151358  -0.0997519
0.861657  -0.10908  -0.100899
0.864522  1.21275  1.7056
0.883137  -0.366594  -0.446422
0.861657  0.247194  0.128633
0.884798  0.442222  -0.957703
0.883137  -0.690885  -0.446422
0.888445  -0.904636  0.538162
0.888445  -0.904636  0.538162
0.820459  0.856037  0.250263
0.863583  -0.0854868  -0.783058
0.820459  0.856037  0.250263
0.864522  1.21275  1.7056
0.820459  0.856037  0.250263
0.861657  0.247194  0.128633
0.888445  -0.904636  0.538162
0.880906  0.570633  -1.19303
0.883137  -0.366594  -0.446422
0.864522  1.21275  1.7056
0.883137  -0.690885  -0.446422
0.883137  -0.366594  -0.446422
0.861657  0.247194  0.128633
0.861657  -1.03271  0.525964
0.883137  -0.690885  -0.446422
0.846912  0.873338  -0.563499
0.863583  -0.0854868  -0.783058
0.861657  0.151358  -0.0997519
0.864522  1.21275  1.7056
0.888445  -0.904636  0.538162
0.883137  -0.690885  -0.446422
0.820459  0.856037  0.250263
0.863583  -0.0854868  -0.783058
0.861657  0.151358  -0.0997519
0.861657  0.247194  0.128633
0.861657  0.247194  0.128633
0.863583  -0.0854868  -0.783058
0.883137  -0.690885  -0.446422
0.884798  0.442222  -0.957703
0.883137  -0.690885  -0.446422
0.861657  -1.03271  0.525964
0.861657  0.151358  -0.0997519
0.863583  -0.0854868  -0.783058
0.883137  -0.690885  -0.446422
0.861657  0.247194  0.128633
0.863583  -0.0854868  -0.783058
0.8743  0.20386  -0.285767
0.884798  0.442222  -0.957703
0.888445  -0.904636  0.538162
0.861657  -0.10908  -0.100899
0.8743  0.222255  -0.406696
0.8743  0.20386  -0.285767
0.864522  1.21275  1.7056
0.883137  -0.690885  -0.446422
0.820459  0.856037  0.250263
0.820459  0.856037  0.250263
0.884798  0.442222  -0.957703
0.861657  0.247194  0.128633
0.861657  -1.03271  0.525964
0.888445  -0.904636  0.538162
0.861657  0.247194  0.128633
0.864522  1.21275  1.7056
0.8743  0.20386  -0.285767
0.864522  1.21275  1.7056
0.883137  -0.690885  -0.446422
0.820459  0.889089  0.250263
0.861657  0.247194  0.128633
0.897932  -0.826532  0.213418
0.846912  0.578257  -0.522381
0.864522  1.21275  1.7056
0.884798  0.442222  -0.957703
0.861657  0.151358  -0.0997519
0.861657  0.247194  0.128633
0.884798  0.442222  -0.957703
0.820459  0.856037  0.250263
0.861657  0.247194  0.128633
0.829668  -0.82034  -0.0719887
0.820459  0.856037  0.250263
0.861657  0.151358  -0.0997519
0.861657  0.247194  0.128633
0.883137  -0.690885  -0.446422
0.883137  -0.690885  -0.446422
0.829668  -0.82034  -0.0719887
0.861657  -1.03271  0.525964
0.884798  0.442222  -0.957703
0.861657  -1.03271  0.525964
0.883137  -0.366594  -0.446422
0.8743  0.20386  -0.285767
0.8743  0.222255  -0.406696
0.864522  1.21275  1.7056
0.888445  -0.904636  0.538162
0.863583  -0.0854868  -0.783058
0.820459  0.889089  0.250263
0.861657  0.247194  0.128633
0.829668  -0.82034  -0.0719887
0.863583  -0.0854868  -0.783058
0.8743  0.20386  -0.285767
0.8743  0.20386  -0.285767
0.864522  1.21275  1.7056
0.861657  0.247194  0.128633
0.861657  0.247194  0.128633
0.864522  1.21275  1.7056
0.8743  0.20386  -0.285767
0.880906  0.570633  -1.19303
0.849383  0.069273  -0.927076
0.861657  0.0140168  0.128633
0.849383  0.069273  -0.927076
0.846912  0.873338  -0.563499
0.897932  -0.826532  0.213418
0.861657  -1.03271  0.525964
0.829668  -0.82034  -0.0719887
0.861657  -1.03271  0.525964
0.863583  -0.0854868  -0.783058
0.880906  0.570633  -1.19303
0.884798  0.442222  -0.957703
0.863583  -0.0854868  -0.783058
0.861657  -0.10908  -0.100899
0.849383  0.069273  -0.927076
0.8743  0.20386  -0.285767
0.849383  0.069273  -0.927076
0.846912  0.578257  -0.522381
0.884798  0.442222  -0.957703
0.861657  -0.10908  -0.100899
0.897932  -0.826532  0.213418
0.861657  0.247194  0.128633
0.8743  0.20386  -0.285767
0.884798  0.442222  -0.957703
0.883137  -0.366594  -0.446422
0.8743  0.20386  -0.285767
0.863583  -0.0854868  -0.783058
0.863583  -0.0854868  -0.783058
0.849383  0.069273  -0.927076
0.849383  0.069273  -0.927076
0.829668  -0.82034  -0.0719887
0.883137  -0.366594  -0.446422
0.861657  0.247194  0.128633
0.883137  -0.690885  -0.446422
0.861657  0.151358  -0.0997519
0.861657  0.151358  -0.0997519
0.861657  0.0140168  0.128633
0.864522  1.21275  1.7056
0.861657  0.151358  -0.0997519
0.846912  0.873338  -0.563499
0.864522  1.21275  1.7056
0.861657  -0.867682  0.525964
0.883137  -0.366594  -0.446422
0.861657  0.247194  0.128633
0.864522  1.21275  1.7056
0.820459  0.856037  0.250263
0.861657  -1.03271  0.525964
0.880906  0.570633  -1.19303
0.883137  -0.690885  -0.446422
0.861657  -0.867682  0.525964
0.861657  0.0140168  0.128633
0.861657  -1.03271  0.525964
0.861657  0.247194  0.128633
0.883137  -0.690885  -0.446422
0.820459  0.856037  0.250263
0.864522  1.21275  1.7056
0.861657  0.247194  0.128633
0.820459  0.856037  0.250263
0.861657  -1.03271  0.525964
0.861657  -1.03271  0.525964
0.883137  -0.690885  -0.446422
0.861657  0.247194  0.128633
0.864522  1.21275  1.7056
0.864522  1.21275  1.7056
0.861657  0.247194  0.128633
0.883137  -0.690885  -0.446422
0.846912  0.578257  -0.522381
0.861657  0.247194  0.128633
0.820459  0.856037  0.250263
0.883137  -0.690885  -0.446422
0.883137  -0.690885  -0.446422
0.861657  0.247194  0.128633
0.863583  -0.0854868  -0.783058
0.883137  -0.690885  -0.446422
0.861657  -1.03271  0.525964
0.861657  0.0140168  0.128633
0.883137  -0.690885  -0.446422
0.884798  0.442222  -0.957703
0.829668  -0.82034  -0.0719887
0.829668  -0.82034  -0.0719887
0.861657  -1.03271  0.525964
0.849383  0.069273  -0.927076
0.861657  0.247194  0.128633
0.861657  0.247194  0.128633
0.864522  1.21275  1.7056
0.861657  0.247194  0.128633
0.893269  0.176296  -0.0452319
0.861657  -1.03271  0.525964
0.861657  0.0140168  0.128633
0.820459  0.856037  0.250263
0.883137  -0.690885  -0.446422
0.883137  -0.366594  -0.446422
0.864522  1.21275  1.7056
0.849383  0.069273  -0.927076
0.861657  0.151358  -0.0997519
0.861657  0.0140168  0.128633
0.883137  -0.366594  -0.446422
0.861657  0.151358  -0.0997519
0.829668  -0.82034  -0.0719887
0.880906  0.570633  -1.19303
0.864522  1.21275  1.7056
0.880906  0.570633  -1.19303
0.829668  -0.82034  -0.0719887
0.883137  -0.366594  -0.446422
0.861657  0.247194  0.128633
0.8743  0.20386  -0.285767
0.861657  0.151358  -0.0997519
0.861657  -1.03271  0.525964
0.861657  0.247194  0.128633
0.8743  0.20386  -0.285767
0.864522  1.21275  1.7056
0.846912  0.873338  -0.563499
0.861657  0.0140168  0.128633
0.846912  0.578257  -0.522381
0.820459  0.856037  0.250263
0.893269  0.176296  -0.0452319
0.846912  0.873338  -0.563499
0.863583  -0.0854868  -0.783058
0.863583  -0.0854868  -0.783058
0.864522  1.21275  1.7056
0.8743  0.20386  -0.285767
0.861657  0.247194  0.128633
0.846912  0.873338  -0.563499
0.8743  0.20386  -0.285767
0.883137  -0.366594  -0.446422
0.863583  -0.0854868  -0.783058
0.861657  0.151358  -0.0997519
0.883137  -0.366594  -0.446422
0.861657  0.151358  -0.0997519
0.864522  1.21275  1.7056
0.861657  -0.867682  0.525964
0.846912  0.873338  -0.563499
0.880906  0.570633  -1.19303
0.8743  0.20386  -0.285767
0.897932  -0.826532  0.213418
0.846912  0.873338  -0.563499
0.861657  0.247194  0.128633
0.864522  1.21275  1.7056
0.8743  0.20386  -0.285767
0.861657  0.247194  0.128633
0.884798  0.442222  -0.957703
0.861657  0.247194  0.128633
0.846912  0.873338  -0.563499
0.846912  0.578257  -0.522381
0.884798  0.442222  -0.957703
0.861657  0.247194  0.128633
0.883137  -0.690885  -0.446422
0.864522  1.21275  1.7056
0.893269  0.176296  -0.0452319
0.8743  0.20386  -0.285767
0.884798  0.442222  -0.957703
0.861657  0.247194  0.128633
0.861657  0.0140168  0.128633
0.8743  0.20386  -0.285767
0.893269  0.176296  -0.0452319
0.861657  0.151358  -0.0997519
0.883137  -0.690885  -0.446422
0.883137  -0.366594  -0.446422
0.861657  -0.867682  0.525964
0.883137  -0.690885  -0.446422
0.861657  -1.03271  0.525964
0.864522  1.21275  1.7056
0.864522  1.21275  1.7056
0.861657  0.247194  0.128633
0.820459  0.856037  0.250263
0.861657  0.0140168  0.128633
0.888445  -0.904636  0.538162
0.8743  0.20386  -0.285767
0.883137  -0.366594  -0.446422
0.883137  -0.690885  -0.446422
0.861657  0.247194  0.128633
0.888445  -0.904636  0.538162
0.863583  -0.0854868  -0.783058
0.861657  -1.03271  0.525964
0.883137  -0.366594  -0.446422
0.861657  0.247194  0.128633
0.883137  -0.366594  -0.446422
0.884798  0.442222  -0.957703
0.897932  -0.826532  0.213418
0.8743  0.20386  -0.285767
0.861657  0.247194  0.128633
0.883137  -0.366594  -0.446422
0.864522  1.21275  1.7056
0.864522  1.21275  1.7056
0.8743  0.20386  -0.285767
0.861657  -1.03271  0.525964
0.861657  0.151358  -0.0997519
0.861657  0.151358  -0.0997519
0.861657  0.0140168  0.128633
0.829668  -0.82034  -0.0719887
0.880906  0.570633  -1.19303
0.8743  0.20386  -0.285767
0.883137  -0.690885  -0.446422
0.820459  0.889089  0.250263
0.884798  0.442222  -0.957703
0.861657  0.151358  -0.0997519
0.883137  -0.690885  -0.446422
0.863583  -0.0854868  -0.783058
0.846912  0.873338  -0.563499
0.861657  0.247194  0.128633
0.864522  1.21275  1.7056
0.883137  -0.690885  -0.446422
0.846912  0.873338  -0.563499
0.864522  1.21275  1.7056
0.846912  0.578257  -0.522381
0.880906  0.570633  -1.19303
0.861657  -1.03271  0.525964
0.829668  -0.82034  -0.0719887
0.8743  0.20386  -0.285767
0.884798  0.442222  -0.957703
0.888445  -0.904636  0.538162
0.861657  0.247194  0.128633
0.849383  0.069273  -0.927076
0.884798  0.442222  -0.957703
0.846912  0.873338  -0.563499
0.829668  -0.82034  -0.0719887
0.849383  0.069273  -0.927076
0.863583  -0.0854868  -0.783058
0.861657  0.151358  -0.0997519
0.8743  0.222255  -0.406696
0.861657  0.151358  -0.0997519
0.863583  -0.0854868  -0.783058
0.861657  0.247194  0.128633
0.897932  -0.826532  0.213418
0.883137  -0.690885  -0.446422
0.883137  -0.690885  -0.446422
0.888445  -0.904636  0.538162
0.897932  -0.826532  0.213418
0.884798  0.442222  -0.957703
0.864522  1.21275  1.7056
0.861657  0.0140168  0.128633
0.884798  0.442222  -0.957703
0.883137  -0.690885  -0.446422
0.8743  0.222255  -0.406696
0.863583  -0.0854868  -0.783058
0.864522  1.21275  1.7056
0.861657  0.247194  0.128633
0.861657  0.247194  0.128633
0.861657  0.247194  0.128633
0.820459  0.856037  0.250263
0.820459  0.889089  0.250263
0.829668  -0.82034  -0.0719887
0.861657  -1.03271  0.525964
0.846912  0.873338  -0.563499
0.861657  0.0140168  0.128633
0.883137  -0.690885  -0.446422
0.849383  0.069273  -0.927076
0.897932  -0.826532  0.213418
0.861657  0.151358  -0.0997519
0.883137  -0.690885  -0.446422
0.884798  0.442222  -0.957703
0.846912  0.578257  -0.522381
0.883137  -0.690885  -0.446422
0.883137  -0.366594  -0.446422
0.863583  -0.0854868  -0.783058
0.864522  1.21275  1.7056
0.861657  -1.03271  0.525964
0.829668  -0.82034  -0.0719887
0.863583  -0.0854868  -0.783058
0.861657  0.247194  0.128633
0.861657  0.247194  0.128633
0.846912  0.873338  -0.563499
0.861657  -1.03271  0.525964
0.829668  -0.82034  -0.0719887
0.846912  0.873338  -0.563499
0.884798  0.442222  -0.957703
0.861657  0.0140168  0.128633
0.864522  1.21275  1.7056
0.880906  0.570633  -1.19303
0.861657  0.0140168  0.128633
0.820459  0.889089  0.250263
0.888445  -0.904636  0.538162
0.861657  0.247194  0.128633
0.861657  -0.867682  0.525964
0.883137  -0.690885  -0.446422
0.880906  0.570633  -1.19303
0.863583  -0.0854868  -0.783058
0.861657  0.247194  0.128633
0.897932  -0.826532  0.213418
0.861657  0.151358  -0.0997519
0.849383  0.160039  -0.927076
0.861657  0.247194  0.128633
0.893269  0.176296  -0.0452319
0.880906  0.570633  -1.19303
0.861657  -0.10908  -0.100899
0.8743  0.20386  -0.285767
0.863583  -0.0854868  -0.783058
0.884798  0.442222  -0.957703
0.820459  0.889089  0.250263
0.861657  -1.03271  0.525964
0.897932  -0.826532  0.213418
0.849383  0.069273  -0.927076
0.861657  0.247194  0.128633
0.861657  0.247194  0.128633
0.861657  -1.03271  0.525964
0.849383  0.069273  -0.927076
0.880906  0.570633  -1.19303
0.883137  -0.690885  -0.446422
0.8743  0.20386  -0.285767
0.880906  0.570633  -1.19303
0.861657  0.151358  -0.0997519
0.897932  -0.826532  0.213418
0.880906  0.570633  -1.19303
0.861657  0.0140168  0.128633
0.883137  -0.366594  -0.446422
0.883137  -0.690885  -0.446422
0.883137  -0.690885  -0.446422
0.829668  -0.82034  -0.0719887
0.861657  0.247194  0.128633
0.861657  -1.03271  0.525964
0.861657  0.247194  0.128633
0.861657  -1.03271  0.525964
0.897932  -0.826532  0.213418
0.883137  -0.690885  -0.446422
0.861657  -1.03271  0.525964
0.883137  -0.690885  -0.446422
0.8743  0.20386  -0.285767
0.861657  0.247194  0.128633
0.849383  0.160039  -0.927076
0.884798  0.442222  -0.957703
0.861657  0.247194  0.128633
0.897932  -0.826532  0.213418
0.861657  0.151358  -0.0997519
0.883137  -0.366594  -0.446422
0.884798  0.442222  -0.957703
0.861657  -0.867682  0.525964
0.861657  0.151358  -0.0997519
0.884798  0.442222  -0.957703
0.861657  0.0140168  0.128633
0.883137  -0.690885  -0.446422
0.884798  0.442222  -0.957703
0.884798  0.442222  -0.957703
0.883137  -0.366594  -0.446422
0.861657  -1.03271  0.525964
0.8743  0.20386  -0.285767
0.861657  -0.10908  -0.100899
0.861657  -0.867682  0.525964
0.893269  0.176296  -0.0452319
0.861657  -1.03271  0.525964
0.883137  -0.690885  -0.446422
0.864522  1.21275  1.7056
0.861657  0.151358  -0.0997519
0.863583  -0.0854868  -0.783058
0.861657  0.247194  0.128633
0.829668  -0.82034  -0.0719887
0.861657  0.0140168  0.128633
0.883137  -0.690885  -0.446422
0.861657  0.247194  0.128633
0.849383  0.069273  -0.927076
0.861657  0.247194  0.128633
0.883137  -0.366594  -0.446422
0.849383  0.069273  -0.927076
0.861657  0.247194  0.128633
0.820459  0.856037  0.250263
0.861657  0.151358  -0.0997519
0.880906  0.570633  -1.19303
0.861657  -0.10908  -0.100899
0.8743  0.20386  -0.285767
0.861657  0.151358  -0.0997519
0.846912  0.873338  -0.563499
0.8743  0.20386  -0.285767
0.883137  -0.690885  -0.446422
0.883137  -0.690885  -0.446422
0.880906  0.570633  -1.19303
0.884798  0.442222  -0.957703
0.8743  0.20386  -0.285767
0.861657  0.247194  0.128633
0.829668  -0.82034  -0.0719887
0.864522  1.21275  1.7056
0.883137  -0.690885  -0.446422
0.884798  0.30482  -0.957703
0.820459  0.856037  0.250263
0.863583  -0.0854868  -0.783058
0.846912  0.578257  -0.522381
0.864522  1.21275  1.7056
0.8743  0.20386  -0.285767
0.849383  0.069273  -0.927076
0.861657  0.247194  0.128633
0.8743  0.20386  -0.285767
0.861657  -1.03271  0.525964
0.846912  0.873338  -0.563499
0.861657  0.151358  -0.0997519
0.820459  0.856037  0.250263
0.846912  0.578257  -0.522381
0.861657  -1.03271  0.525964
0.864522  1.21275  1.7056
0.849383  0.160039  -0.927076
0.846912  0.578257  -0.522381
0.861657  0.0140168  0.128633
0.861657  0.247194  0.128633
0.883137  -0.690885  -0.446422
0.884798  0.442222  -0.957703
0.883137  -0.690885  -0.446422
0.864522  1.21275  1.7056
0.897932  -0.826532  0.213418
0.861657  0.247194  0.128633
0.883137  -0.690885  -0.446422
0.8743  0.20386  -0.285767
0.897932  -0.826532  0.213418
0.897932  -0.826532  0.213418
0.861657  0.151358  -0.0997519
0.861657  0.247194  0.128633
0.8743  0.20386  -0.285767
0.861657  0.247194  0.128633
0.883137  -0.690885  -0.446422
0.888445  -0.904636  0.538162
0.846912  0.873338  -0.563499
0.884798  0.442222  -0.957703
0.820459  0.856037  0.250263
0.846912  0.578257  -0.522381
0.861657  0.247194  0.128633
0.820459  0.856037  0.250263
0.864522  1.21275  1.7056
0.849383  0.160039  -0.927076
0.849383  0.160039  -0.927076
0.884798  0.442222  -0.957703
0.888445  -0.904636  0.538162
0.849383  0.069273  -0.927076
0.864522  1.21275  1.7056
0.861657  0.247194  0.128633
0.8743  0.222255  -0.406696
0.883137  -0.366594  -0.446422
0.820459  0.889089  0.250263
0.829668  -0.82034  -0.0719887
0.861657  -1.03271  0.525964
0.829668  -0.82034  -0.159421
0.883137  -0.366594  -0.446422
0.864522  1.21275  1.7056
0.884798  0.442222  -0.957703
0.829668  -0.82034  -0.0719887
0.884798  0.442222  -0.957703
0.884798  0.442222  -0.957703
0.846912  0.873338  -0.563499
0.829668  -0.82034  -0.0719887
0.883137  -0.690885  -0.446422
0.849383  0.069273  -0.927076
0.880906  0.570633  -1.19303
0.883137  -0.690885  -0.446422
0.883137  -0.366594  -0.446422
0.897932  -0.826532  0.213418
0.863583  -0.0854868  -0.783058
0.861657  -0.10908  -0.100899
0.888445  -0.904636  0.538162
0.861657  -1.03271  0.525964
0.861657  0.247194  0.128633
0.861657  0.247194  0.128633
0.883137  -0.366594  -0.446422
0.864522  1.21275  1.7056
0.829668  -0.82034  -0.0719887
0.863583  -0.0854868  -0.783058
0.861657  0.151358  -0.0997519
0.864522  1.21275  1.7056
0.820459  0.856037  0.250263
0.8743  0.20386  -0.285767
0.893269  0.176296  -0.0452319
0.861657  -1.03271  0.525964
0.846912  0.873338  -0.563499
0.880906  0.570633  -1.19303
0.861657  0.151358  -0.0997519
0.897932  -0.826532  0.213418
0.861657  0.0140168  0.128633
0.8743  0.20386  -0.285767
0.846912  0.873338  -0.563499
0.861657  0.247194  0.128633
0.880906  0.570633  -1.19303
0.861657  0.247194  0.128633
0.897932  -0.826532  0.213418
0.883137  -0.690885  -0.446422
0.883137  -0.366594  -0.446422
0.863583  -0.0854868  -0.783058
0.8743  0.222255  -0.406696
0.846912  0.873338  -0.563499
0.883137  -0.690885  -0.446422
0.820459  0.856037  0.250263
0.883137  -0.366594  -0.446422
0.888445  -0.904636  0.538162
0.8743  0.222255  -0.406696
0.8743  0.20386  -0.285767
0.897932  -0.826532  0.213418
0.897932  -0.826532  0.213418
0.863583  -0.0854868  -0.783058
0.864522  1.21275  1.7056
0.861657  0.247194  0.128633
0.829668  -0.82034  -0.0719887
0.861657  -1.03271  0.525964
0.883137  -0.366594  -0.446422
0.880906  0.570633  -1.19303
0.864522  1.21275  1.7056
0.861657  0.247194  0.128633
0.883137  -0.366594  -0.446422
0.883137  -0.366594  -0.446422
0.861657  0.247194  0.128633
0.861657  0.247194  0.128633
0.861657  0.151358  -0.0997519
0.863583  -0.0854868  -0.783058
0.863583  -0.0854868  -0.783058
0.883137  -0.690885  -0.446422
0.883137  -0.690885  -0.446422
0.897932  -0.826532  0.213418
0.846912  0.873338  -0.563499
0.8743  0.20386  -0.285767
0.8743  0.20386  -0.285767
0.893269  0.176296  -0.0452319
0.897932  -0.826532  0.213418
0.883137  -0.366594  -0.446422
0.897932  -0.826532  0.213418
0.883137  -0.690885  -0.446422
0.884798  0.442222  -0.957703
0.864522  1.21275  1.7056
0.883137  -0.690885  -0.446422
0.820459  0.889089  0.250263
0.820459  0.889089  0.250263
0.864522  1.21275  1.7056
0.863583  -0.0854868  -0.783058
0.864522  1.21275  1.7056
0.8743  0.20386  -0.285767
0.863583  -0.0854868  -0.783058
0.880906  0.570633  -1.19303
0.883137  -0.690885  -0.446422
0.888445  -0.904636  0.538162
0.820459  0.856037  0.250263
0.863583  -0.0854868  -0.783058
0.861657  0.151358  -0.0997519
0.883137  -0.690885  -0.446422
0.820459  0.889089  0.250263
0.849383  0.069273  -0.927076
0.8743  0.20386  -0.285767
0.863583  -0.0854868  -0.783058
0.861657  0.247194  0.128633
0.861657  0.0140168  0.128633
0.8743  0.20386  -0.285767
0.864522  1.21275  1.7056
0.8743  0.20386  -0.285767
0.884798  0.442222  -0.957703
0.883137  -0.690885  -0.446422
0.863583  -0.0854868  -0.783058
0.846912  0.873338  -0.563499
0.864522  1.21275  1.7056
0.861657  0.247194  0.128633
0.864522  1.21275  1.7056
0.863583  -0.0854868  -0.783058
0.861657  0.247194  0.128633
0.861657  -1.03271  0.525964
0.863583  -0.0854868  -0.783058
0.864522  1.21275  1.7056
0.861657  0.247194  0.128633
0.884798  0.442222  -0.957703
0.880906  0.570633  -1.19303
0.863583  -0.0854868  -0.783058
0.861657  0.151358  -0.0997519
0.883137  -0.690885  -0.446422
0.846912  0.578257  -0.522381
0.864522  1.21275  1.7056
0.861657  0.247194  0.128633
0.861657  0.247194  0.128633
0.880906  0.570633  -1.19303
0.863583  -0.0854868  -0.783058
0.861657  0.0140168  0.128633
0.893269  0.176296  -0.0452319
0.861657  -1.03271  0.525964
0.846912  0.578257  -0.522381
0.897932  -0.826532  0.213418
0.883137  -0.690885  -0.446422
0.829668  -0.82034  -0.0719887
0.846912  0.873338  -0.563499
0.8743  0.20386  -0.285767
0.883137  -0.690885  -0.446422
0.820459  0.856037  0.250263
0.829668  -0.82034  -0.159421
0.829668  -0.82034  -0.0719887
0.861657  -1.03271  0.525964
0.897932  -0.826532  0.213418
0.8743  0.20386  -0.285767
0.883137  -0.366594  -0.446422
0.8743  0.20386  -0.285767
0.849383  0.069273  -0.927076
0.864522  1.21275  1.7056
0.8743  0.20386  -0.285767
0.880906  0.570633  -1.19303
0.8743  0.222255  -0.406696
0.829668  -0.82034  -0.0719887
0.888445  -0.904636  0.538162
0.864522  1.21275  1.7056
0.897932  -0.826532  0.213418
0.884798  0.442222  -0.957703
0.861657  0.0140168  0.128633
0.863583  -0.0854868  -0.783058
0.861657  0.0140168  0.128633
0.888445  -0.904636  0.538162
0.829668  -0.82034  -0.0719887
0.8743  0.20386  -0.285767
0.883137  -0.690885  -0.446422
0.849383  0.160039  -0.927076
0.861657  0.247194  0.128633
0.883137  -0.690885  -0.446422
0.883137  -0.690885  -0.446422
0.864522  1.21275  1.7056
0.861657  -1.03271  0.525964
0.863583  -0.0854868  -0.783058
0.820459  0.856037  0.250263
0.861657  -1.03271  0.525964
0.884798  0.442222  -0.957703
0.829668  -0.82034  -0.0719887
0.864522  1.21275  1.7056
0.861657  0.151358  -0.0997519
0.863583  -0.0854868  -0.783058
0.846912  0.873338  -0.563499
0.861657  0.151358  -0.0997519
0.883137  -0.690885  -0.446422
0.861657  -1.03271  0.525964
0.849383  0.069273  -0.927076
0.829668  -0.82034  -0.0719887
0.883137  -0.690885  -0.446422
0.861657  0.247194  0.128633
0.883137  -0.690885  -0.446422
0.863583  -0.0854868  -0.783058
0.880906  0.570633  -1.19303
0.863583  -0.0854868  -0.783058
0.897932  -0.826532  0.213418
0.893269  0.176296  -0.0452319
0.863583  -0.0854868  -0.783058
0.863583  -0.0854868  -0.783058
0.861657  0.247194  0.128633
0.888445  -0.904636  0.538162
0.864522  1.21275  1.7056
0.861657  0.151358  -0.0997519
0.863583  -0.0854868  -0.783058
0.864522  1.21275  1.7056
0.863583  -0.0854868  -0.783058
0.864522  1.21275  1.7056
0.861657  -1.03271  0.525964
0.888445  -0.904636  0.538162
0.861657  -1.03271  0.525964
0.893269  0.176296  -0.0452319
0.864522  1.21275  1.7056
0.861657  0.247194  0.128633
0.846912  0.578257  -0.522381
0.897932  -0.826532  0.213418
0.863583  -0.0854868  -0.783058
0.8743  0.20386  -0.285767
0.820459  0.856037  0.250263
0.861657  -1.03271  0.525964
0.861657  0.151358  -0.0997519
0.861657  0.247194  0.128633
0.8743  0.20386  -0.285767
0.861657  0.151358  -0.0997519
0.861657  0.247194  0.128633
0.884798  0.442222  -0.957703
0.884798  0.30482  -0.957703
0.861657  -1.03271  0.525964
0.883137  -0.690885  -0.446422
0.880906  0.570633  -1.19303
0.883137  -0.366594  -0.446422
0.864522  1.21275  1.7056
0.883137  -0.366594  -0.446422
0.863583  -0.0854868  -0.783058
0.829668  -0.82034  -0.0719887
0.883137  -0.690885  -0.446422
0.8743  0.20386  -0.285767
0.8743  0.20386  -0.285767
0.861657  0.151358  -0.0997519
0.861657  -1.03271  0.525964
0.820459  0.856037  0.250263
0.864522  1.21275  1.7056
0.880906  0.570633  -1.19303
0.8743  0.20386  -0.285767
0.863583  -0.0854868  -0.783058
0.8743  0.20386  -0.285767
0.861657  -1.03271  0.525964
0.883137  -0.366594  -0.446422
0.8743  0.20386  -0.285767
0.829668  -0.82034  -0.0719887
0.829668  -0.82034  -0.0719887
0.861657  0.151358  -0.0997519
0.849383  0.160039  -0.927076
0.883137  -0.690885  -0.446422
0.861657  0.247194  0.128633
0.863583  -0.0854868  -0.783058
0.861657  0.0140168  0.128633
0.861657  0.247194  0.128633
0.8743  0.20386  -0.285767
0.861657  -1.03271  0.525964
0.861657  -1.03271  0.525964
0.861657  0.247194  0.128633
0.863583  -0.0854868  -0.783058
0.883137  -0.690885  -0.446422
0.861657  0.151358  -0.0997519
0.864522  1.21275  1.7056
0.884798  0.442222  -0.957703
0.861657  0.247194  0.128633
0.861657  -0.867682  0.525964
0.849383  0.160039  -0.927076
0.883137  -0.690885  -0.446422
0.883137  -0.690885  -0.446422
0.863583  -0.0854868  -0.783058
0.864522  1.21275  1.7056
0.8743  0.20386  -0.285767
0.829668  -0.82034  -0.0719887
0.829668  -0.82034  -0.0719887
0.897932  -0.826532  0.213418
0.864522  1.21275  1.7056
0.861657  0.0140168  0.128633
0.861657  -1.03271  0.525964
0.8743  0.20386  -0.285767
0.863583  -0.0854868  -0.783058
0.864522  1.21275  1.7056
0.880906  0.570633  -1.19303
0.864522  1.21275  1.7056
0.820459  0.889089  0.250263
0.888445  -0.904636  0.538162
0.861657  0.151358  -0.0997519
0.880906  0.570633  -1.19303
0.861657  0.247194  0.128633
0.883137  -0.690885  -0.446422
0.883137  -0.690885  -0.446422
0.883137  -0.690885  -0.446422
0.820459  0.856037  0.250263
0.863583  -0.0854868  -0.783058
0.849383  0.069273  -0.927076
0.820459  0.889089  0.250263
0.849383  0.069273  -0.927076
0.829668  -0.82034  -0.0719887
0.884798  0.442222  -0.957703
0.861657  0.151358  -0.0997519
0.861657  0.247194  0.128633
0.861657  -0.867682  0.525964
0.884798  0.442222  -0.957703
0.861657  0.247194  0.128633
0.884798  0.442222  -0.957703
0.884798  0.30482  -0.957703
0.883137  -0.366594  -0.446422
0.8743  0.20386  -0.285767
0.883137  -0.690885  -0.446422
0.861657  -1.03271  0.525964
0.820459  0.856037  0.250263
0.861657  0.247194  0.128633
0.820459  0.856037  0.250263
0.893269  0.176296  -0.0452319
0.883137  -0.690885  -0.446422
0.861657  -0.867682  0.525964
0.883137  -0.690885  -0.446422
0.883137  -0.366594  -0.446422
0.846912  0.578257  -0.522381
0.8743  0.20386  -0.285767
0.880906  0.570633  -1.19303
0.861657  -1.03271  0.525964
0.888445  -0.904636  0.538162
0.883137  -0.690885  -0.446422
0.861657  0.247194  0.128633
0.883137  -0.690885  -0.446422
0.8743  0.222255  -0.406696
0.864522  1.21275  1.7056
0.880906  0.570633  -1.19303
0.883137  -0.690885  -0.446422
0.861657  0.0140168  0.128633
0.888445  -0.904636  0.538162
0.849383  0.069273  -0.927076
0.861657  0.0140168  0.128633
0.820459  0.856037  0.250263
0.861657  -1.03271  0.525964
0.8743  0.20386  -0.285767
0.861657  0.151358  -0.0997519
0.880906  0.570633  -1.19303
0.883137  -0.366594  -0.446422
0.861657  -1.03271  0.525964
0.861657  0.247194  0.128633
0.8743  0.20386  -0.285767
0.861657  0.247194  0.128633
0.861657  0.151358  -0.0997519
0.849383  0.160039  -0.927076
0.820459  0.856037  0.250263
0.861657  0.151358  -0.0997519
0.883137  -0.690885  -0.446422
0.861657  0.0140168  0.128633
0.883137  -0.690885  -0.446422
0.861657  -1.03271  0.525964
0.861657  0.151358  -0.0997519
0.861657  0.247194  0.128633
0.849383  0.069273  -0.927076
0.861657  -1.03271  0.525964
0.863583  -0.0854868  -0.783058
0.820459  0.856037  0.250263
0.897932  -0.826532  0.213418
0.829668  -0.82034  -0.0719887
0.883137  -0.690885  -0.446422
0.861657  0.151358  -0.0997519
0.849383  0.069273  -0.927076
