-1.04084  1.30939  0.219602
-1.12133  1.3739  -0.938413
-1.09902  1.36406  -0.442777
-0.927342  1.17637  -0.387836
-1.86552  2.15373  0.196111
-1.20061  1.47404  0.372663
-1.01088  1.29068  -1.44497
-1.89964  2.18455  -0.524817
-0.927342  1.17637  -0.103213
-1.04084  1.30939  0.219602
-1.04084  1.30939  0.219602
-1.04084  1.30742  0.429269
-1.89964  2.18455  -0.32985
-1.72186  1.9527  -0.110658
-1.89964  2.18455  -0.524817
-1.72186  1.9527  -0.110658
-1.16357  1.41963  0.356722
-1.20061  1.47404  0.372663
-1.04084  1.30939  0.429269
-1.72186  1.9527  -0.110658
-1.12133  1.3739  -0.938413
-1.10497  1.41386  -1.25277
-1.20061  1.47404  0.372663
-1.16357  1.41963  0.356722
-0.927342  1.17637  -0.387836
-1.89964  2.18455  -0.38199
-0.843783  1.11087  -0.226958
-0.843783  1.11087  -0.226958
-1.89964  2.18455  -0.32985
-1.72186  1.9527  -0.110658
-0.927342  1.17637  -0.387836
-1.03598  1.30594  -0.487473
-1.20061  1.47404  0.372663
-1.01088  1.29068  -1.44497
-1.77579  1.98963  -0.50675
-0.927342  1.17637  -0.387836
-0.843783  1.11087  -0.226958
-1.10497  1.43556  -1.00102
-1.89964  2.18455  -0.524817
-1.04084  1.30939  0.429269
-0.843783  1.11087  -0.226958
-1.20061  1.47404  0.372663
-1.78228  2.01744  -0.635315
-1.10497  1.41386  -0.907656
-1.78228  2.01744  -0.635315
-1.01088  1.29068  -1.44497
-1.41256  1.66844  0.044231
-1.04084  1.30939  0.219602
-1.16357  1.41963  0.356722
-1.04084  1.30939  0.219602
-1.16357  1.41963  0.356722
-0.843783  1.11087  -0.226958
-1.04084  1.30939  0.219602
-1.04084  1.30939  -0.198586
-1.04084  1.30742  0.429269
-1.89964  2.18455  -0.524817
-1.89964  2.18455  -0.38199
-1.89964  2.18455  -0.524817
-0.843783  1.11087  -0.226958
-1.20061  1.47404  0.372663
-1.10497  1.41386  -1.25277
-0.927342  1.17637  -0.387836
-1.01088  1.29068  -1.44497
-1.89964  2.18455  -0.524817
-1.89964  2.18455  -0.32985
-1.04084  1.30742  0.429269
-1.09902  1.36406  -0.442777
-1.20061  1.47404  0.372663
-0.927342  1.17637  -0.387836
-1.89964  2.18455  -0.32985
-0.927342  1.17637  -0.387836
-1.86552  2.15373  0.196111
-0.843783  1.11087  -0.226958
-1.04084  1.30742  0.429269
-1.10497  1.41386  -0.907656
-1.20061  1.47404  0.372663
-1.89964  2.18455  -0.524817
-1.41256  1.66844  0.044231
-1.72186  1.9527  -0.110658
-0.843783  1.11087  -0.226958
-0.843783  1.11087  -0.226958
-1.01088  1.29068  -1.44497
-1.72186  1.9527  -0.110658
-1.04084  1.30939  0.429269
-1.89964  2.18455  -0.32985
-1.89964  2.18455  -0.32985
-1.89964  2.18455  -0.524817
-1.04084  1.30939  0.429269
-1.01088  1.29068  -1.44497
-0.843783  1.11087  -0.226958
-1.10497  1.41386  -0.907656
-1.89964  2.18455  -0.524817
-0.843783  1.11087  -0.226958
-1.89964  2.18455  -0.524817
-1.03598  1.30594  -0.487473
-1.10497  1.41386  -0.907656
-1.89964  2.18455  -0.524817
-0.989388  1.26329  -0.948052
-1.89964  2.18455  -0.38199
-1.04084  1.30742  0.429269
-1.12133  1.3739  -0.938413
-0.843783  1.11087  -0.226958
-1.20061  1.47404  0.372663
-1.20061  1.47404  0.372663
-0.927342  1.17637  -0.387836
-0.927342  1.17637  -0.387836
-1.09902  1.36406  -0.442777
-1.01088  1.29068  -1.44497
-0.843783  1.11087  -0.226958
-1.72186  1.9527  -0.110658
-1.89964  2.18455  -0.38199
-1.89964  2.18455  -0.32985
-1.10497  1.41386  -0.907656
-1.04084  1.30742  0.429269
-1.09902  1.36406  -0.442777
-1.04084  1.30742  0.429269
-1.89964  2.18455  -0.38199
-1.03598  1.30594  -0.487473
-0.843783  1.11087  -0.226958
-1.16357  1.41963  0.356722
-1.89964  2.18455  -0.38199
-1.04084  1.30939  0.219602
-1.01088  1.29068  -1.44497
-1.89964  2.18455  -0.38199
-1.04084  1.30742  0.429269
-1.03598  1.30594  -0.487473
-0.843783  1.11087  -0.226958
-1.72186  1.9527  -0.110658
-1.14116  1.36469  0.571997
-0.927342  1.17637  -0.387836
-0.843783  1.11087  -0.226958
-0.843783  1.11087  -0.226958
-1.16357  1.41963  0.356722
-1.20061  1.47404  0.372663
-1.16357  1.41963  0.356722
-1.89964  2.18455  -0.38199
-0.927342  1.17637  -0.387836
-1.1347  1.46561  -0.938413
-1.72186  1.9527  -0.110658
-1.89964  2.18455  -0.524817
-1.04084  1.30742  0.429269
-1.04084  1.30939  0.219602
-1.03598  1.30594  -0.487473
-1.89964  2.18455  -0.524817
-1.04084  1.30939  0.219602
-1.89964  2.18455  -0.38199
-0.927342  1.17637  -0.387836
-0.927342  1.17637  -0.387836
-1.89964  2.18455  -0.38199
-0.927342  1.17637  -0.387836
-1.01088  1.29068  -1.44497
-1.89964  2.18455  -0.524817
-1.86552  2.15373  0.196111
-1.09902  1.36406  -0.442777
-0.927342  1.17637  -0.387836
-1.86552  2.15373  0.196111
-1.04084  1.30939  0.335967
-0.927342  1.17637  -0.387836
-1.03598  1.30594  -0.487473
-1.86552  2.15373  0.196111
-0.927342  1.17637  -0.387836
-1.89964  2.18455  -0.38199
-1.89964  2.18455  -0.38199
-0.843783  1.11087  -0.226958
-1.89964  2.18455  -0.32985
-1.89964  2.18455  -0.524817
-1.10497  1.41386  -0.907656
-0.843783  1.11087  -0.226958
-1.89964  2.18455  -0.38199
-1.89964  2.18455  -0.38199
-1.20061  1.47404  0.372663
-1.89964  2.18455  -0.524817
-0.927342  1.17637  -0.387836
-0.843783  1.11087  -0.226958
-1.89964  2.18455  -0.38199
-1.09902  1.36406  -0.442777
-1.89964  2.18455  -0.524817
-1.86552  2.15373  0.196111
-1.86552  2.15373  0.196111
-1.86552  2.15373  0.196111
-1.10497  1.41386  -0.907656
-1.04084  1.30939  0.219602
-1.09902  1.36406  -0.442777
-1.89964  2.18455  -0.524817
-0.843783  1.11087  -0.226958
-1.04084  1.30939  0.429269
-0.843783  1.11087  -0.226958
-1.04084  1.30742  0.429269
-1.04084  1.30939  0.429269
-1.89964  2.18455  -0.524817
-0.927342  1.17637  -0.387836
-0.989388  1.26329  -0.948052
-1.04084  1.30742  0.429269
-1.89964  2.18455  -0.524817
-0.843783  1.11087  -0.226958
-1.89964  2.18455  -0.38199
-1.03598  1.30594  -0.487473
-1.04084  1.30939  0.219602
-1.41256  1.66844  0.14189
-1.01088  1.29068  -1.44497
-1.89964  2.18455  -0.38199
-1.41256  1.66844  0.044231
-1.86552  2.15373  0.196111
-1.72186  1.9527  -0.110658
-0.843783  1.11087  -0.226958
-1.10497  1.41386  -0.907656
-1.10497  1.41386  -0.907656
-1.01088  1.29068  -1.44497
-1.03598  1.30594  -0.487473
-1.04084  1.30939  0.219602
-1.01088  1.29068  -1.44497
-1.72186  1.9527  -0.110658
-0.927342  1.17637  -0.387836
-1.04084  1.30742  0.429269
-0.843783  1.11087  -0.226958
-1.14116  1.36469  0.571997
-1.86552  2.15373  0.196111
-0.843783  1.11087  -0.226958
-1.04084  1.30939  0.219602
-1.16357  1.41963  0.356722
-0.843783  1.11087  -0.226958
-1.89964  2.18455  -0.524817
-1.1347  1.46561  -0.938413
-1.72186  1.9527  -0.110658
-0.843783  1.11087  -0.226958
-1.03598  1.30594  -0.487473
-0.927342  1.17637  -0.387836
-1.03598  1.30594  -0.487473
-1.20061  1.47404  0.372663
-1.72186  1.9527  -0.110658
-1.89964  2.18455  -0.32985
-1.04084  1.30742  0.429269
-1.04084  1.30939  0.429269
-1.89964  2.18455  -0.32985
-0.843783  1.11087  -0.226958
-1.03598  1.30594  -0.487473
-1.89964  2.18455  -0.524817
-1.89964  2.18455  -0.524817
-1.89964  2.18455  -0.524817
-1.20061  1.47404  0.372663
-1.77579  1.98963  -0.50675
-1.04084  1.30939  0.429269
-1.89964  2.18455  -0.524817
-0.843783  1.11087  -0.226958
-1.72186  1.9527  -0.110658
-1.89964  2.18455  -0.524817
-1.86552  2.15373  0.196111
-1.89964  2.18455  -0.32985
-0.927342  1.17637  -0.387836
-1.04084  1.30742  0.429269
-1.20061  1.47404  0.372663
-0.927342  1.17637  -0.387836
-1.03598  1.30594  -0.487473
-1.72186  1.9527  -0.110658
-1.04084  1.30939  0.429269
-1.03598  1.30594  -0.487473
-1.89964  2.18455  -0.38199
-1.04084  1.30939  0.219602
-1.72186  1.9527  -0.110658
-1.89964  2.18455  -0.524817
-1.89964  2.18455  -0.524817
-1.12133  1.3739  -0.938413
-1.04084  1.30939  -0.198586
-1.72186  1.9527  -0.110658
-1.41256  1.66844  0.044231
-1.10497  1.41386  -0.907656
-1.10497  1.41386  -0.907656
-1.89964  2.18455  -0.38199
-1.89964  2.18455  -0.524817
-1.10497  1.41386  -0.907656
-1.89964  2.18455  -0.38199
-1.09902  1.36406  -0.442777
-1.04084  1.30742  0.429269
-1.77579  1.98963  -0.50675
-0.927342  1.17637  -0.387836
-1.01088  1.29068  -1.44497
-1.04084  1.30939  0.219602
-1.04084  1.30939  0.219602
-1.10497  1.41386  -0.907656
-0.843783  1.11087  -0.226958
-1.04084  1.30939  0.219602
-1.04084  1.30939  0.219602
-0.927342  1.17637  -0.387836
-1.17502  1.49854  0.480484
-1.04084  1.30939  0.219602
-1.89964  2.18455  -0.524817
-0.843783  1.11087  -0.226958
-1.16357  1.41963  0.356722
-0.843783  1.11087  -0.226958
-1.89964  2.18455  -0.38199
-1.04084  1.30939  0.429269
-1.04084  1.30939  0.219602
-1.86552  2.15373  0.196111
-1.04084  1.30939  0.219602
-1.77579  1.98963  -0.50675
-1.77579  1.98963  -0.50675
-1.89964  2.18455  -0.524817
-1.09902  1.36406  -0.442777
-1.89964  2.18455  -0.524817
-0.843783  1.11087  -0.226958
-0.843783  1.11087  -0.226958
-1.20061  1.47404  0.372663
-0.843783  1.11087  -0.226958
-0.927342  1.17637  -0.103213
-0.843783  1.11087  -0.226958
-1.20061  1.47404  0.372663
-1.89964  2.18455  -0.38199
-1.20061  1.47404  0.372663
-1.86552  2.15373  0.196111
-1.04084  1.30939  0.219602
-1.86552  2.15373  0.196111
-1.89964  2.18455  -0.524817
-1.89964  2.18455  -0.32985
-1.09902  1.36406  -0.442777
-0.927342  1.17637  -0.387836
-1.14116  1.36469  0.571997
-0.843783  1.11087  -0.226958
-1.10497  1.41386  -1.25277
-0.843783  1.11087  -0.226958
-1.10497  1.41386  -0.907656
-1.72186  1.9527  -0.110658
-0.843783  1.11087  -0.226958
-1.89964  2.18455  -0.524817
-1.72186  1.9527  -0.110658
-1.09902  1.36406  -0.442777
-1.77579  1.98963  -0.50675
-1.09902  1.36406  -0.442777
-1.72186  1.9527  -0.110658
-1.04084  1.30939  0.219602
-1.04084  1.30939  0.219602
-1.89964  2.18455  -0.524817
-0.843783  1.11087  -0.226958
-1.04084  1.30939  0.219602
-1.04084  1.30939  0.219602
-1.72186  1.9527  -0.110658
-1.12133  1.3739  -0.938413
-1.09902  1.36406  -0.442777
-1.04084  1.30939  0.219602
-1.86552  2.15373  0.196111
-1.10497  1.41386  -1.25277
-1.89964  2.18455  -0.524817
-1.04084  1.30939  0.429269
-1.78228  2.01744  -0.635315
-0.927342  1.17637  -0.387836
-1.04084  1.30742  0.429269
-1.04084  1.30742  0.429269
-1.09902  1.36406  -0.442777
-1.77579  1.98963  -0.50675
-1.03598  1.30594  -0.487473
-1.89964  2.18455  -0.524817
-1.10497  1.41386  -1.25277
-0.843783  1.11087  -0.226958
-0.927342  1.17637  -0.387836
-1.16357  1.41963  0.356722
-1.20061  1.47404  0.372663
-0.927342  1.17637  -0.387836
-1.72186  1.9527  -0.110658
-1.72186  1.9527  -0.110658
-1.01088  1.29068  -1.44497
-1.12133  1.3739  -0.938413
-1.10497  1.41386  -0.907656
-1.16357  1.41963  0.356722
-1.10497  1.41386  -0.907656
-0.989388  1.26329  -0.948052
-1.09902  1.36406  -0.442777
-1.01088  1.29068  -1.44497
-1.20061  1.47404  0.372663
-1.89964  2.18455  -0.32985
-1.12133  1.3739  -0.938413
-0.927342  1.17637  -0.387836
-1.72186  1.9527  -0.110658
-1.16357  1.41963  0.356722
-1.89964  2.18455  -0.524817
-1.04084  1.30939  0.429269
-0.908236  1.18081  0.737706
-1.04084  1.30742  0.429269
-0.927342  1.17637  -0.103213
-1.16357  1.41963  0.356722
-1.10497  1.41386  -0.907656
-0.927342  1.17637  -0.387836
-1.04084  1.30742  0.429269
-1.89964  2.18455  -0.38199
-0.927342  1.17637  -0.387836
-1.04084  1.30742  0.429269
-1.89964  2.18455  -0.524817
-0.927342  1.17637  -0.387836
-0.843783  1.11087  -0.226958
-1.03598  1.30594  -0.487473
-1.04084  1.30939  0.335967
-1.04084  1.30939  0.219602
-1.03598  1.30594  -0.487473
-1.89964  2.18455  -0.524817
-1.03598  1.30594  -0.487473
-0.843783  1.11087  -0.226958
-0.843783  1.11087  -0.226958
-1.01088  1.29068  -1.44497
-0.927342  1.17637  -0.387836
-1.20061  1.47404  0.372663
-1.89964  2.18455  -0.524817
-0.843783  1.11087  -0.226958
-1.89964  2.18455  -0.32985
-1.89964  2.18455  -0.38199
-0.843783  1.11087  -0.226958
-0.927342  1.17637  -0.387836
-1.89964  2.18455  -0.524817
-0.927342  1.17637  -0.387836
-1.77579  1.98963  -0.50675
-1.09902  1.36406  -0.442777
-1.41256  1.66844  0.044231
-1.89964  2.18455  -0.38199
-1.20061  1.47404  0.372663
-0.843783  1.11087  -0.226958
-1.10497  1.41386  -0.907656
-1.72186  1.9527  -0.110658
-1.89964  2.18455  -0.32985
-1.04084  1.30939  0.219602
-1.04084  1.30939  0.219602
-1.03598  1.30594  -0.487473
-1.01088  1.29068  -1.44497
-1.89964  2.18455  -0.38199
-0.927342  1.17637  -0.387836
-1.72186  1.9527  -0.110658
-1.89964  2.18455  -0.524817
-1.01088  1.29068  -1.44497
-1.86552  2.15373  0.196111
-1.89964  2.18455  -0.38199
-1.41256  1.66844  0.044231
-1.20061  1.47404  0.372663
-1.89964  2.18455  -0.524817
-1.41256  1.66844  0.044231
-1.10497  1.41386  -0.907656
-1.03598  1.30594  -0.487473
-1.89964  2.18455  -0.524817
-1.89964  2.18455  -0.524817
-1.03598  1.30594  -0.487473
-0.927342  1.17637  -0.387836
-1.89964  2.18455  -0.524817
-0.927342  1.17637  -0.387836
-1.16357  1.41963  0.356722
-1.89964  2.18455  -0.524817
-1.04084  1.30939  -0.198586
-0.989388  1.26329  -0.948052
-1.09902  1.36406  -0.442777
-1.20061  1.47404  0.372663
-1.03598  1.30594  -0.487473
-1.04084  1.30939  0.219602
-0.927342  1.17637  -0.387836
-1.86552  2.15373  0.196111
-0.927342  1.17637  -0.387836
-1.12133  1.3739  -0.938413
-1.89964  2.18455  -0.38199
-1.86552  2.15373  0.196111
-0.843783  1.11087  -0.226958
-1.16357  1.41963  0.356722
-1.03598  1.30594  -0.487473
-1.89964  2.18455  -0.524817
-0.927342  1.17637  -0.387836
-0.927342  1.17637  -0.387836
-1.89964  2.18455  -0.32985
-1.04084  1.30939  0.219602
-0.843783  1.11087  -0.226958
-1.03598  1.30594  -0.487473
-1.72186  1.9527  -0.110658
-1.10497  1.41386  -0.907656
-0.927342  1.17637  -0.387836
-1.04084  1.30939  0.219602
-1.03598  1.30594  -0.487473
-1.41256  1.66844  0.044231
-1.09902  1.36406  -0.442777
-0.927342  1.17637  -0.387836
-1.20061  1.47404  0.372663
-0.843783  1.11087  -0.226958
-1.04084  1.30742  0.429269
-1.89964  2.18455  -0.38199
-1.72186  1.9527  -0.110658
-0.927342  1.17637  -0.387836
-0.843783  1.11087  -0.226958
-1.72186  1.9527  -0.110658
-0.927342  1.17637  -0.387836
-1.72186  1.9527  -0.110658
-1.16357  1.41963  0.356722
-0.927342  1.17637  -0.387836
-1.20061  1.47404  0.372663
-0.927342  1.17637  -0.387836
-1.04084  1.30939  0.219602
-1.89964  2.18455  -0.38199
-1.77579  1.98963  -0.50675
-1.89964  2.18455  -0.38199
-1.20061  1.47404  0.372663
-1.89964  2.18455  -0.38199
-1.89964  2.18455  -0.524817
-1.03598  1.30594  -0.487473
-0.927342  1.17637  -0.387836
-1.89964  2.18455  -0.38199
-1.89964  2.18455  -0.38199
-1.04084  1.30939  0.219602
-1.04084  1.30939  0.429269
-1.89964  2.18455  -0.524817
-1.16357  1.41963  0.356722
-0.927342  1.17637  -0.387836
-1.89964  2.18455  -0.524817
-1.12133  1.3739  -0.938413
-1.16357  1.41963  0.356722
-0.843783  1.11087  -0.226958
-1.20061  1.47404  0.372663
-0.927342  1.17637  -0.387836
-1.89964  2.18455  -0.38199
-0.927342  1.17637  -0.387836
-0.927342  1.17637  -0.387836
-1.10497  1.41386  -0.907656
-1.77579  1.98963  -0.50675
-1.17502  1.49854  0.480484
-0.843783  1.11087  -0.226958
-1.16357  1.41963  0.356722
-1.89964  2.18455  -0.524817
-0.927342  1.17637  -0.387836
-1.86552  2.15373  0.196111
-1.04084  1.30939  0.335967
-1.04084  1.30939  0.219602
-1.72186  1.9527  -0.110658
-1.89964  2.18455  -0.38199
-1.89964  2.18455  -0.524817
-1.86552  2.15373  0.196111
-1.10497  1.41386  -0.907656
-1.89964  2.18455  -0.524817
-1.03598  1.30594  -0.487473
-1.20061  1.47404  0.372663
-1.09902  1.36406  -0.442777
-1.03598  1.30594  -0.487473
-1.89964  2.18455  -0.524817
-0.927342  1.17637  -0.387836
-1.89964  2.18455  -0.38199
-0.843783  1.11087  -0.226958
-1.04084  1.30742  0.429269
-0.927342  1.17637  -0.387836
-1.16357  1.41963  0.356722
-0.927342  1.17637  -0.387836
-1.10497  1.41386  -0.907656
-1.04084  1.30939  0.219602
-1.12133  1.3739  -0.938413
-1.04084  1.30742  0.429269
-0.843783  1.11087  -0.226958
-1.20061  1.47404  0.372663
-0.927342  1.17637  -0.387836
-1.16357  1.41963  0.356722
-1.16357  1.41963  0.356722
-1.86552  2.15373  0.196111
-0.927342  1.17637  -0.387836
-1.04084  1.30742  0.429269
-0.927342  1.17637  -0.387836
-1.20061  1.47404  0.372663
-1.04084  1.30939  -0.198586
-1.04084  1.30939  0.219602
-0.927342  1.17637  -0.103213
-1.01088  1.29068  -1.44497
-0.927342  1.17637  -0.387836
-1.20061  1.47404  0.372663
-1.86552  2.15373  0.196111
-1.89964  2.18455  -0.524817
-0.843783  1.11087  -0.226958
-1.77579  1.98963  -0.50675
-1.20061  1.47404  0.372663
-1.04084  1.30939  0.429269
-1.17502  1.49854  0.480484
-1.04084  1.30939  -0.198586
-1.03598  1.30594  -0.487473
-1.89964  2.18455  -0.32985
-1.86552  2.15373  0.196111
-1.86552  2.15373  0.196111
-1.10497  1.41386  -0.907656
-0.927342  1.17637  -0.387836
-1.04084  1.30742  0.429269
-1.04084  1.30742  0.429269
-0.927342  1.17637  -0.387836
-1.01088  1.29068  -1.44497
-1.10497  1.41386  -0.907656
-1.03598  1.30594  -0.487473
-0.843783  1.11087  -0.226958
-0.927342  1.17637  -0.387836
-0.843783  1.11087  -0.226958
-1.16357  1.41963  0.356722
-1.10497  1.41386  -0.907656
-1.04084  1.30742  0.429269
-1.41256  1.66844  0.044231
-1.14116  1.36469  0.571997
-1.10497  1.41386  -0.907656
-1.01088  1.29068  -1.44497
-1.20061  1.47404  0.372663
-1.20061  1.47404  0.372663
-1.04084  1.30939  0.335967
-1.89964  2.18455  -0.524817
-1.86552  2.15373  0.196111
-1.78228  2.01744  -0.635315
-1.89964  2.18455  -0.524817
-1.20061  1.47404  0.372663
-1.12133  1.3739  -0.938413
-1.72186  1.9527  -0.110658
-1.89964  2.18455  -0.524817
-1.20061  1.47404  0.372663
-1.10497  1.41386  -0.907656
-1.89964  2.18455  -0.524817
-1.20061  1.47404  0.372663
-0.843783  1.11087  -0.226958
-0.843783  1.11087  -0.226958
-1.89964  2.18455  -0.38199
-1.20061  1.47404  0.372663
-1.72186  1.9527  -0.110658
-1.04084  1.30742  0.429269
-1.86552  2.15373  0.196111
-1.04084  1.30742  0.429269
-1.03598  1.30594  -0.487473
-1.10497  1.41386  -1.25277
-1.89964  2.18455  -0.524817
-1.16357  1.41963  0.356722
-1.04084  1.30939  0.219602
-0.927342  1.17637  -0.387836
-1.20061  1.47404  0.372663
-0.843783  1.11087  -0.226958
-1.89964  2.18455  -0.524817
-1.01088  1.29068  -1.44497
-1.12133  1.3739  -0.938413
-1.20061  1.47404  0.372663
-1.89964  2.18455  -0.524817
-1.01088  1.29068  -1.44497
-1.89964  2.18455  -0.524817
-0.927342  1.17637  -0.387836
-0.843783  1.11087  -0.226958
-1.72186  1.9527  -0.110658
-1.09902  1.36406  -0.442777
-1.10497  1.41386  -0.907656
-1.10497  1.41386  -0.907656
-1.89964  2.18455  -0.32985
-1.09902  1.36406  -0.442777
-0.927342  1.17637  -0.103213
-1.86552  2.15373  0.196111
-1.89964  2.18455  -0.32985
-0.927342  1.17637  -0.387836
-0.927342  1.17637  -0.387836
-1.03598  1.30594  -0.487473
-1.01088  1.29068  -1.44497
-1.10497  1.41386  -0.907656
-0.843783  1.11087  -0.226958
-1.16357  1.41963  0.356722
-0.843783  1.11087  -0.226958
-0.843783  1.11087  -0.226958
-1.17502  1.49854  0.480484
-1.89964  2.18455  -0.38199
-1.72186  1.9527  -0.110658
-1.04084  1.30939  0.219602
-0.927342  1.17637  -0.387836
-0.927342  1.17637  -0.103213
-1.72186  1.9527  -0.110658
-1.01088  1.29068  -1.44497
-1.04084  1.30939  0.335967
-1.89964  2.18455  -0.524817
-1.20061  1.47404  0.372663
-1.10497  1.41386  -0.907656
-1.09902  1.36406  -0.442777
-0.927342  1.17637  -0.387836
-1.10497  1.41386  -0.907656
-1.89964  2.18455  -0.38199
-1.20061  1.47404  0.372663
-1.12133  1.3739  -0.938413
-1.16357  1.41963  0.356722
-1.04084  1.30742  0.429269
-1.04084  1.30939  0.219602
-1.03598  1.30594  -0.487473
-0.927342  1.17637  -0.387836
-1.09902  1.36406  -0.442777
-0.843783  1.11087  -0.226958
-1.01088  1.29068  -1.44497
-1.89964  2.18455  -0.524817
-1.04084  1.30939  0.219602
-1.86552  2.15373  0.196111
-1.01088  1.29068  -1.44497
-0.927342  1.17637  -0.387836
-1.09902  1.36406  -0.442777
-1.72186  1.9527  -0.110658
-1.20061  1.47404  0.372663
-1.89964  2.18455  -0.38199
-1.20061  1.47404  0.372663
-1.89964  2.18455  -0.524817
-1.20061  1.47404  0.372663
-0.843783  1.11087  -0.226958
-1.04084  1.30939  0.429269
-1.10497  1.41386  -0.907656
-1.20061  1.47404  0.372663
-0.927342  1.17637  -0.387836
-1.04084  1.30939  0.219602
-1.03598  1.30594  -0.487473
-1.89964  2.18455  -0.38199
-1.04084  1.30939  -0.198586
-1.17502  1.49854  0.480484
-1.41256  1.66844  0.044231
-1.04084  1.30742  0.429269
-0.843783  1.11087  -0.226958
-1.04084  1.30742  0.429269
-1.04084  1.30939  0.219602
-1.04084  1.30939  0.219602
-1.03598  1.30594  -0.487473
-1.89964  2.18455  -0.524817
-1.04084  1.30939  0.429269
-1.89964  2.18455  -0.524817
-1.89964  2.18455  -0.524817
-1.04084  1.30939  0.429269
-1.89964  2.18455  -0.524817
-1.89964  2.18455  -0.32985
-1.89964  2.18455  -0.38199
-1.16357  1.41963  0.356722
-1.03598  1.30594  -0.487473
-1.16357  1.41963  0.356722
-0.927342  1.17637  -0.387836
-1.89964  2.18455  -0.524817
-0.927342  1.17637  -0.387836
-1.77579  1.98963  -0.50675
-1.04084  1.30939  0.219602
-1.89964  2.18455  -0.524817
-1.89964  2.18455  -0.524817
-1.16357  1.41963  0.356722
-0.843783  1.11087  -0.226958
-1.89964  2.18455  -0.32985
-1.86552  2.15373  0.196111
-1.09902  1.36406  -0.442777
-1.89964  2.18455  -0.38199
-0.927342  1.17637  -0.387836
-1.04084  1.30939  0.219602
-1.01088  1.29068  -1.44497
-1.09902  1.36406  -0.442777
-1.86552  2.15373  0.196111
-0.843783  1.11087  -0.226958
-1.72186  1.9527  -0.110658
-0.927342  1.17637  -0.387836
-1.89964  2.18455  -0.38199
-0.927342  1.17637  -0.387836
-1.04084  1.30742  0.429269
-0.843783  1.11087  -0.226958
-0.843783  1.11087  -0.226958
-0.843783  1.11087  -0.226958
-1.09902  1.36406  -0.442777
-0.843783  1.11087  -0.226958
-1.04084  1.30939  0.219602
-0.927342  1.17637  -0.387836
-1.20061  1.47404  0.372663
-0.927342  1.17637  -0.387836
-0.843783  1.11087  -0.226958
-1.04084  1.30939  0.219602
-1.10497  1.41386  -0.907656
-1.72186  1.9527  -0.110658
-1.89964  2.18455  -0.524817
-1.77579  1.98963  -0.50675
-1.72186  1.9527  -0.110658
-0.843783  1.11087  -0.226958
-1.20061  1.47404  0.372663
-1.89964  2.18455  -0.38199
-1.04084  1.30742  0.429269
-1.10497  1.41386  -1.25277
-1.01088  1.29068  -1.44497
-1.04084  1.30742  0.429269
-1.89964  2.18455  -0.524817
-0.927342  1.17637  -0.387836
-1.11447  1.44832  1.5875
-1.16357  1.41963  0.356722
-1.89964  2.18455  -0.32985
-0.843783  1.11087  -0.226958
-1.01088  1.29068  -1.44497
-0.843783  1.11087  -0.226958
-1.72186  1.9527  -0.110658
-1.10497  1.41386  -1.25277
-1.86552  2.15373  0.196111
-1.41256  1.66844  0.044231
-1.89964  2.18455  -0.38199
-1.72186  1.9527  -0.110658
-0.927342  1.18965  -0.388718
-0.843783  1.11087  -0.226958
-0.843783  1.11087  -0.226958
-0.843783  1.11087  -0.226958
-1.86552  2.15373  0.196111
-1.89964  2.18455  -0.32985
-1.86552  2.15373  0.196111
-1.20061  1.47404  0.372663
-0.843783  1.11087  -0.226958
-1.10497  1.43556  -1.00102
-1.10497  1.41386  -1.25277
-1.20061  1.47404  0.372663
-1.89964  2.18455  -0.524817
-1.09902  1.36406  -0.442777
-1.89964  2.18455  -0.524817
-1.12133  1.3739  -0.938413
-1.78228  2.01744  -0.635315
-0.843783  1.11087  -0.226958
-1.04084  1.30939  0.429269
-1.72186  1.9527  -0.110658
-1.89964  2.18455  -0.32985
-1.10497  1.41386  -0.907656
-1.10497  1.41386  -0.907656
-0.927342  1.17637  -0.387836
-1.04084  1.30939  0.219602
-1.86552  2.15373  0.196111
-1.04084  1.30742  0.429269
-1.01088  1.29068  -1.44497
-1.04084  1.30939  0.219602
-1.86552  2.15373  0.196111
-0.927342  1.17637  -0.387836
-0.927342  1.17637  -0.387836
-0.843783  1.11087  -0.226958
-1.04084  1.30939  0.219602
-1.89964  2.18455  -0.38199
-1.89964  2.18455  -0.524817
-1.01088  1.29068  -1.44497
-0.843783  1.11087  -0.226958
-0.927342  1.17637  -0.387836
-0.927342  1.17637  -0.387836
-1.20061  1.47404  0.372663
-1.86552  2.15373  0.196111
-1.04084  1.30939  0.219602
-1.89964  2.18455  -0.524817
-1.12133  1.3739  -0.938413
-1.72186  1.9527  -0.110658
-1.04084  1.30742  0.429269
-1.16357  1.41963  0.356722
-1.09902  1.36406  -0.442777
-1.17502  1.49854  0.480484
-0.927342  1.17637  -0.387836
-1.86552  2.15373  0.196111
-1.04084  1.30742  0.429269
-1.89964  2.18455  -0.32985
-0.927342  1.17637  -0.387836
-1.72186  1.9527  -0.110658
-0.927342  1.17637  -0.387836
-1.04084  1.30939  0.219602
-1.86552  2.15373  0.196111
-1.03598  1.30594  -0.487473
-1.89964  2.18455  -0.524817
-0.843783  1.11087  -0.226958
-1.04084  1.30939  0.219602
-1.89964  2.18455  -0.32985
-1.12133  1.3739  -0.938413
-1.04084  1.30742  0.429269
-1.86552  2.15373  0.196111
-1.10497  1.41386  -0.907656
-1.16357  1.41963  0.356722
-1.89964  2.18455  -0.38199
-1.01088  1.29068  -1.44497
-0.843783  1.11087  -0.226958
-0.927342  1.17637  -0.387836
-1.20061  1.47404  0.372663
-1.04084  1.30939  0.429269
-0.927342  1.17637  -0.387836
-1.04084  1.30742  0.429269
-1.89964  2.18455  -0.524817
-1.10497  1.41386  -0.907656
-1.04084  1.30742  0.429269
-1.10497  1.43556  -1.00102
-0.843783  1.11087  -0.226958
-1.04084  1.30939  0.219602
-1.03598  1.30594  -0.487473
-1.10497  1.41386  -1.25277
-1.78228  2.01744  -0.635315
-1.01088  1.29068  -1.44497
-1.03598  1.30594  -0.487473
-1.86552  2.15373  0.196111
-1.77579  1.98963  -0.50675
-1.04084  1.30742  0.429269
-1.12133  1.3739  -0.938413
-0.843783  1.11087  -0.226958
-1.04084  1.30742  0.429269
-1.16357  1.41963  0.356722
-1.03598  1.30594  -0.487473
-1.12133  1.3739  -0.938413
-1.89964  2.18455  -0.38199
-1.89964  2.18455  -0.524817
-0.843783  1.11087  -0.226958
-0.843783  1.11087  -0.226958
-1.04084  1.30939  0.429269
-0.927342  1.17637  -0.387836
-1.10497  1.41386  -0.907656
-1.86552  2.15373  0.196111
-1.72186  1.9527  -0.110658
-0.927342  1.17637  -0.387836
-1.16357  1.41963  0.356722
-0.843783  1.11087  -0.226958
-0.927342  1.17637  -0.103213
-1.72186  1.9527  -0.110658
-1.89964  2.18455  -0.524817
-1.20061  1.47404  0.372663
-1.09902  1.36406  -0.442777
-1.04084  1.30939  0.219602
-0.843783  1.11087  -0.226958
-0.843783  1.11087  -0.226958
-0.927342  1.17637  -0.387836
-1.77579  1.98963  -0.50675
-1.01088  1.29068  -1.44497
-1.72186  1.9527  -0.110658
-1.04084  1.30939  0.219602
-1.89964  2.18455  -0.38199
-0.927342  1.17637  -0.387836
-0.927342  1.17637  -0.387836
-1.89964  2.18455  -0.38199
-1.10497  1.41386  -0.907656
-1.20061  1.47404  0.372663
-1.89964  2.18455  -0.524817
-0.843783  1.11087  -0.226958
-1.03598  1.30594  -0.487473
-1.77579  1.98963  -0.50675
-1.03598  1.30594  -0.487473
-1.86552  2.15373  0.196111
-0.927342  1.17637  -0.387836
-1.04084  1.30939  0.429269
-1.89964  2.18455  -0.524817
-1.10497  1.41386  -0.907656
-0.843783  1.11087  -0.226958
-1.89964  2.18455  -0.524817
-1.89964  2.18455  -0.32985
-0.843783  1.11087  -0.226958
-1.10497  1.41386  -0.907656
-1.03598  1.30594  -0.487473
-1.01088  1.29068  -1.44497
-1.12133  1.3739  -0.938413
-1.01088  1.29068  -1.44497
-1.04084  1.30939  0.335967
-1.10497  1.41386  -1.25277
-1.72186  1.9527  -0.110658
-0.843783  1.11087  -0.226958
-1.11447  1.44832  1.5875
-1.09902  1.36406  -0.442777
-1.89964  2.18455  -0.32985
-0.927342  1.17637  -0.387836
-1.04084  1.30939  0.429269
-0.927342  1.17637  -0.387836
-1.89964  2.18455  -0.524817
-1.11447  1.44832  1.5875
-0.843783  1.11087  -0.226958
-0.843783  1.11087  -0.226958
-0.927342  1.17637  -0.387836
-1.89964  2.18455  -0.524817
-1.41256  1.66844  0.044231
-0.843783  1.11087  -0.226958
-1.89964  2.18455  -0.38199
-1.72186  1.9527  -0.110658
-1.04084  1.30939  0.219602
-1.04084  1.30939  0.219602
-1.04084  1.30742  0.429269
-1.72186  1.9527  -0.110658
-1.89964  2.18455  -0.524817
-1.04084  1.30939  0.219602
-1.12133  1.3739  -0.938413
-1.04084  1.30939  0.335967
-0.927342  1.17637  -0.103213
-0.843783  1.11087  -0.226958
-1.20061  1.47404  0.372663
-1.04084  1.30742  0.429269
-1.89964  2.18455  -0.32985
-1.86552  2.15373  0.196111
-1.04084  1.30939  0.335967
-1.09902  1.36406  -0.442777
-0.843783  1.11087  -0.226958
-0.927342  1.17637  -0.387836
-0.927342  1.17637  -0.387836
-1.10497  1.41386  -0.907656
-0.927342  1.17637  -0.387836
-1.86552  2.15373  0.196111
-1.10497  1.43556  -1.00102
-1.72186  1.9527  -0.110658
-1.89964  2.18455  -0.32985
-0.843783  1.11087  -0.226958
-1.16357  1.41963  0.356722
-1.89964  2.18455  -0.38199
-1.03598  1.30594  -0.487473
-1.01088  1.29068  -1.44497
-0.843783  1.11087  -0.226958
-1.89964  2.18455  -0.524817
-1.89964  2.18455  -0.32985
-1.04084  1.30742  0.429269
-0.843783  1.11087  -0.226958
-1.89964  2.18455  -0.38199
-1.20061  1.47404  0.372663
-0.843783  1.11087  -0.226958
-1.89964  2.18455  -0.32985
-1.12133  1.3739  -0.938413
-1.04084  1.30939  0.219602
-1.01088  1.29068  -1.44497
-1.20061  1.47404  0.372663
-0.927342  1.17637  -0.387836
-0.843783  1.11087  -0.226958
-0.927342  1.17637  -0.387836
-1.89964  2.18455  -0.32985
-1.89964  2.18455  -0.524817
-1.89964  2.18455  -0.524817
-0.927342  1.17637  -0.387836
-0.927342  1.17637  -0.387836
-1.89964  2.18455  -0.524817
-0.843783  1.11087  -0.226958
-1.04084  1.30742  0.429269
-1.01088  1.29068  -1.44497
-1.03598  1.30594  -0.487473
-1.41256  1.66844  0.044231
-1.01088  1.29068  -1.44497
-1.09902  1.36406  -0.442777
-1.89964  2.18455  -0.524817
-1.86552  2.15373  0.196111
