0.718819  0.192706  0.581779
0.718819  0.192706  0.581779
0.714617  0.193655  -0.783989
0.702966  0.311305  0.348945
0.760468  -0.89175  0.112087
0.718819  0.192706  0.581779
0.718819  0.192706  0.581779
0.743683  -0.541153  0.491171
0.69639  0.191534  0.338794
0.726487  0.117564  -0.566502
0.718819  0.192706  0.581779
0.718819  0.192706  0.581779
0.730626  -0.565517  1.50178
0.702966  0.41953  -0.585739
0.702966  0.311305  0.348945
0.699524  -0.305876  0.533885
0.724603  -0.543416  0.375579
0.733499  -0.0479845  0.645498
0.718819  -0.134151  0.581779
0.724384  -0.0476838  0.901382
0.724384  -0.0476838  0.901382
0.719758  1.20548  0.0546437
0.718819  0.192706  0.974014
0.743683  -0.541153  0.491171
0.718819  0.192706  0.581779
0.702908  0.423287  -0.37779
0.718819  0.192706  0.581779
0.726487  0.117564  -0.566502
0.718819  0.192706  0.581779
0.718819  -0.134151  0.581779
0.724603  -0.543416  0.375579
0.718819  0.192706  0.581779
0.718819  0.192706  0.961973
0.728006  0.590387  0.055087
0.718819  0.192706  0.581779
0.743683  -0.541153  0.491171
0.728006  0.919371  0.347331
0.718819  0.192706  0.581779
0.737553  -0.565517  0.16701
0.718819  0.192706  0.581779
0.718819  0.192706  0.581779
0.737553  -0.565517  0.242542
0.69639  0.191534  0.338794
0.718819  0.192706  0.581779
0.719385  -0.434062  0.00455524
0.737553  -0.565517  0.242542
0.728006  0.919371  0.347331
0.737553  -0.565517  0.242542
0.719385  -0.434062  0.00455524
0.722147  -0.254394  -0.139765
0.718819  -0.134151  0.581779
0.718819  -0.134151  0.581779
0.719385  -0.434062  0.00455524
0.718819  0.192706  0.581779
0.726487  0.117564  -0.566502
0.718819  0.192706  0.581779
0.718819  0.192706  0.581779
0.718819  -0.134151  0.581779
0.730626  -0.565517  1.50178
0.718819  0.192706  0.581779
0.718819  0.192706  0.581779
0.728006  0.919371  0.347331
0.719758  1.20548  0.0546437
0.737553  -0.565517  0.242542
0.702908  0.423287  -0.37779
0.711517  0.292445  0.298317
0.714617  0.193655  -0.783989
0.718819  -0.134151  0.581779
0.724603  -0.543416  0.191521
0.728006  0.919371  0.347331
0.718819  0.192706  0.581779
0.728006  0.590387  0.055087
0.719385  -0.434062  0.00455524
0.702966  0.387836  -0.0968262
0.69639  0.191534  0.338794
0.737553  -0.565517  0.242542
0.728006  0.590387  0.055087
0.718819  0.192706  0.581779
0.718819  -0.134151  0.581779
0.718819  0.192706  0.581779
0.718819  0.192706  0.581779
0.702966  0.41953  -0.585739
0.714617  0.144523  -0.361246
0.737553  -0.565517  0.242542
0.718819  0.192706  0.581779
0.726487  0.117564  -0.566502
0.718819  0.192706  0.974014
0.702966  0.387836  -0.0968262
0.724603  -0.543416  0.191521
0.718819  -0.134151  0.581779
0.724603  -0.543416  0.375579
0.737553  -0.565517  0.242542
0.718819  0.192706  0.581779
0.702908  0.423287  -0.37779
0.718819  0.192706  0.961973
0.69639  0.191534  0.338794
0.719385  -0.434062  0.00455524
0.718819  0.192706  0.581779
0.728006  0.590387  0.055087
0.728006  0.919371  0.347331
0.718819  0.192706  0.581779
0.719758  1.20548  0.0546437
0.718819  0.192706  0.581779
0.724603  -0.543416  0.191521
0.726487  0.117564  -0.566502
0.718819  0.192706  0.581779
0.718819  0.192706  0.581779
0.718819  0.192706  0.974014
0.719758  1.20548  0.0546437
0.719758  1.20548  0.0546437
0.702966  0.387836  -0.0968262
0.718819  0.192706  0.581779
0.718819  0.192706  0.581779
0.711517  0.292445  0.298317
0.718819  0.192706  0.581779
0.726487  0.117564  -0.566502
0.733499  -0.0479845  0.645498
0.702908  0.423287  -0.37779
0.730626  -0.565517  1.50178
0.718819  0.192706  0.581779
0.728006  0.590387  0.055087
0.718819  -0.134151  0.581779
0.69639  0.191534  0.338794
0.711517  0.292445  0.298317
0.718819  0.192706  0.974014
0.718819  0.192706  0.581779
0.718819  -0.134151  0.581779
0.718819  0.192706  0.581779
0.724384  -0.0476838  0.901382
0.718819  0.192706  0.581779
0.719385  -0.434062  0.00455524
0.724603  -0.543416  0.375579
0.718819  0.192706  0.581779
0.724603  -0.543416  0.375579
0.69639  0.191534  0.338794
0.722231  0.562842  0.873938
0.718819  0.192706  0.581779
0.718819  0.192706  0.581779
0.702966  0.311305  0.348945
0.714617  0.193655  -0.783989
0.718819  0.192706  0.581779
0.718819  0.192706  0.581779
0.718819  0.192706  0.581779
0.724603  -0.543416  0.375579
0.718819  0.192706  0.961973
0.743683  -0.541153  0.491171
0.714617  0.144523  -0.361246
0.718819  -0.134151  0.581779
0.728006  0.919371  0.347331
0.718819  -0.134151  0.581779
0.718819  0.192706  0.581779
0.728006  0.590387  0.055087
0.702908  0.423287  -0.37779
0.726487  0.117564  -0.566502
0.722231  0.562842  0.873938
0.718819  0.192706  0.581779
0.714617  0.193655  -0.783989
0.724603  -0.543416  0.191521
0.722231  0.562842  0.873938
0.718819  0.192706  0.581779
0.718819  0.192706  0.581779
0.718819  0.192706  0.581779
0.702966  0.41953  -0.585739
0.714617  0.193655  -0.783989
0.718819  -0.134151  0.581779
0.718819  -0.134151  0.581779
0.737553  -0.565517  0.242542
0.737553  -0.565517  0.242542
0.718819  0.192706  0.581779
0.730626  -0.565517  1.50178
0.719385  -0.434062  0.00455524
0.714617  0.193655  -0.783989
0.718819  0.192706  0.961973
0.724384  -0.0476838  0.901382
0.718819  0.192706  0.961973
0.726487  0.117564  -0.566502
0.702966  0.387836  -0.0968262
0.702966  0.41953  -0.585739
0.719385  -0.434062  0.00455524
0.718819  0.192706  0.581779
0.718819  0.192706  0.581779
0.718819  0.192706  0.581779
0.718819  0.192706  0.581779
0.719758  1.20548  0.0546437
0.718819  0.192706  0.581779
0.718819  0.192706  0.581779
0.733499  -0.0479845  0.645498
0.702908  0.423287  -0.37779
0.718819  0.192706  0.974014
0.726487  0.117564  -0.566502
0.724603  -0.543416  0.191521
0.718819  0.192706  0.961973
0.718819  0.192706  0.581779
0.702908  0.423287  -0.37779
0.726487  0.117564  -0.566502
0.728006  0.590387  0.055087
0.724384  -0.0476838  0.901382
0.733499  -0.0479845  0.645498
0.718819  0.192706  0.974014
0.719758  1.20548  0.0546437
0.718819  0.192706  0.581779
0.718819  -0.134151  0.581779
0.693334  -0.23573  0.521224
0.718819  -0.134151  0.581779
0.718819  -0.134151  0.581779
0.726487  0.117564  -0.566502
0.718819  -0.134151  0.581779
0.724603  -0.543416  0.375579
0.730626  -0.565517  1.50178
0.718819  0.192706  0.961973
0.714617  0.193655  -0.783989
0.702966  0.41953  -0.585739
0.718819  -0.134151  0.581779
0.726487  0.117564  -0.566502
0.719758  1.20548  0.0546437
0.718819  0.192706  0.581779
0.718819  0.192706  0.581779
0.718819  0.192706  0.961973
0.728006  0.590387  0.055087
0.718819  0.192706  0.581779
0.724603  -0.543416  0.191521
0.719385  -0.434062  0.00455524
0.702966  0.41953  -0.585739
0.728006  0.590387  0.055087
0.714617  0.144523  -0.361246
0.718819  0.192706  0.961973
0.743683  -0.541153  0.491171
0.702908  0.423287  -0.37779
0.718819  -0.134151  0.581779
0.730626  -0.565517  1.50178
0.728006  0.919371  0.347331
0.718819  0.192706  0.581779
0.718819  -0.134151  0.581779
0.699524  -0.305876  0.533885
0.722231  0.562842  0.873938
0.728006  0.590387  0.055087
0.724384  -0.0476838  0.901382
0.714617  0.144523  -0.361246
0.726487  0.117564  -0.566502
0.728006  0.919371  0.347331
0.714617  0.144523  -0.361246
0.714617  0.193655  -0.783989
0.718819  0.192706  0.581779
0.718819  -0.134151  0.581779
0.718819  0.192706  0.581779
0.728006  0.919371  0.347331
0.699524  -0.305876  0.533885
0.730626  -0.565517  1.50178
0.718819  -0.134151  0.581779
0.718819  0.192706  0.581779
0.718819  0.192706  0.581779
0.728006  0.919371  0.347331
0.737553  -0.565517  0.242542
0.730626  -0.565517  1.50178
0.718819  0.192706  0.581779
0.714617  0.193655  -0.783989
0.714617  0.144523  -0.361246
0.728006  0.919371  0.347331
0.728006  0.919371  0.347331
0.718819  0.192706  0.581779
0.702908  0.423287  -0.37779
0.724603  -0.543416  0.191521
0.702966  0.387836  -0.0968262
0.728006  0.590387  0.055087
0.728006  0.919371  0.347331
0.737553  -0.565517  0.242542
0.733499  -0.0479845  0.645498
0.722147  -0.254394  -0.139765
0.718819  0.192706  0.581779
0.719385  -0.434062  0.00455524
0.730626  -0.565517  1.50178
0.702908  0.423287  -0.37779
0.714617  0.144523  -0.361246
0.728006  0.919371  0.347331
0.737553  -0.565517  0.242542
0.728006  0.919371  0.347331
0.702966  0.311305  0.348945
0.724603  -0.543416  0.191521
0.718819  0.192706  0.974014
0.702908  0.423287  -0.37779
0.718819  0.192706  0.974014
0.702908  0.423287  -0.37779
0.718819  -0.134151  0.581779
0.718819  -0.134151  0.581779
0.718819  0.192706  0.581779
0.724384  -0.0476838  0.901382
0.702908  0.423287  -0.37779
0.719758  1.20548  0.0546437
0.718819  0.192706  0.581779
0.702908  0.423287  -0.37779
0.714617  0.193655  -0.783989
0.699524  -0.305876  0.533885
0.719758  1.20548  0.0546437
0.737553  -0.565517  0.242542
0.718819  0.192706  0.581779
0.702966  0.387836  -0.0968262
0.724603  -0.543416  0.375579
0.730626  -0.565517  1.50178
0.69639  0.191534  0.338794
0.726487  0.117564  -0.566502
0.718819  0.192706  0.961973
0.718819  0.192706  0.581779
0.724384  -0.0476838  0.901382
0.702908  0.423287  -0.37779
0.714617  0.193655  -0.783989
0.719758  1.20548  0.0546437
0.737553  -0.565517  0.16701
0.726487  0.117564  -0.566502
0.743683  -0.541153  0.491171
0.733499  -0.0479845  0.645498
0.718819  -0.134151  0.581779
0.714617  0.193655  -0.783989
0.719758  1.20548  0.0546437
0.718819  0.192706  0.581779
0.714617  0.144523  -0.361246
0.728006  0.919371  0.347331
0.719758  1.20548  0.0546437
0.718819  0.192706  0.581779
0.726487  0.117564  -0.566502
0.69639  0.191534  0.338794
0.737553  -0.565517  0.242542
0.718819  0.192706  0.581779
0.699524  -0.305876  0.533885
0.726487  0.117564  -0.566502
0.728006  0.919371  0.347331
0.714617  0.144523  -0.361246
0.728006  0.590387  0.055087
0.718819  -0.134151  0.581779
0.714617  0.144523  -0.361246
0.718819  0.192706  0.581779
0.719385  -0.434062  0.00455524
0.718819  0.192706  0.581779
0.714617  0.193655  -0.783989
0.726487  0.117564  -0.566502
0.737553  -0.565517  0.242542
0.718819  0.192706  0.581779
0.702966  0.311305  0.348945
0.718819  -0.134151  0.581779
0.718819  0.192706  0.581779
0.711517  0.292445  0.298317
0.728006  0.919371  0.347331
0.730626  -0.565517  1.50178
0.718819  0.192706  0.581779
0.730626  -0.565517  1.50178
0.714617  0.144523  -0.361246
0.737553  -0.565517  0.242542
0.737553  -0.565517  0.242542
0.718819  0.192706  0.581779
0.726487  0.117564  -0.566502
0.737553  -0.565517  0.242542
0.702908  0.423287  -0.37779
0.718819  -0.134151  0.581779
0.718819  -0.134151  0.581779
0.743683  -0.541153  0.491171
0.719758  1.20548  0.0546437
0.724603  -0.543416  0.375579
0.724384  -0.0476838  0.901382
0.718819  -0.134151  0.581779
0.719385  -0.434062  0.00455524
0.714617  0.144523  -0.361246
0.714617  0.144523  -0.361246
0.699524  -0.305876  0.533885
0.718819  0.192706  0.581779
0.719758  1.20548  0.0546437
0.724603  -0.543416  0.191521
0.743683  -0.541153  0.491171
0.718819  -0.134151  0.581779
0.737553  -0.565517  0.242542
0.69639  0.191534  0.338794
0.719758  1.20548  0.0546437
0.724603  -0.543416  0.375579
0.718819  -0.134151  0.581779
0.718819  0.192706  0.581779
0.737553  -0.565517  0.242542
0.702908  0.423287  -0.37779
0.737553  -0.565517  0.242542
0.718819  0.192706  0.581779
0.702966  0.387836  -0.0968262
0.711517  0.292445  0.298317
0.726487  0.117564  -0.566502
0.718819  0.192706  0.581779
0.718819  0.192706  0.961973
0.724384  -0.0476838  0.901382
0.728006  0.919371  0.347331
0.724603  -0.543416  0.191521
0.730626  -0.565517  1.50178
0.699524  -0.305876  0.533885
0.718819  -0.134151  0.581779
0.718819  0.192706  0.581779
0.737553  -0.565517  0.242542
0.711517  0.292445  0.298317
0.702966  0.387836  -0.0968262
0.726487  0.117564  -0.566502
0.722231  0.204134  -0.173342
0.702966  0.41953  -0.585739
0.718819  0.192706  0.581779
0.718819  -0.134151  0.581779
0.726487  0.117564  -0.566502
0.718819  0.192706  0.581779
0.719385  -0.434062  0.00455524
0.722231  0.562842  0.873938
0.699524  -0.305876  0.533885
0.724603  -0.543416  0.375579
0.714617  0.144523  -0.361246
0.718819  -0.134151  0.581779
0.718819  0.192706  0.581779
0.702966  0.41953  -0.585739
0.702966  0.387836  -0.0968262
0.743683  -0.541153  0.491171
0.714617  0.144523  -0.361246
0.718819  0.192706  0.974014
0.718819  -0.134151  0.581779
0.702908  0.423287  -0.37779
0.702966  0.41953  -0.585739
0.718819  -0.134151  0.581779
0.718819  -0.134151  0.581779
0.702966  0.387836  -0.0968262
0.714617  0.144523  -0.361246
0.718819  -0.134151  0.581779
0.718819  0.192706  0.974014
0.718819  -0.134151  0.581779
0.702908  0.423287  -0.37779
0.718819  -0.134151  0.581779
0.730626  -0.565517  1.50178
0.702966  0.387836  -0.0968262
0.714617  0.193655  -0.783989
0.718819  0.192706  0.581779
0.724384  -0.0476838  0.901382
0.702966  0.41953  -0.585739
0.728006  0.919371  0.347331
0.718819  -0.134151  0.581779
0.730626  -0.565517  1.50178
0.728006  0.919371  0.347331
0.718819  0.192706  0.961973
0.714617  0.193655  -0.783989
0.719385  -0.434062  0.00455524
0.726487  0.117564  -0.566502
0.693334  -0.23573  0.521224
0.718819  0.192706  0.581779
0.718819  -0.134151  0.581779
0.718819  -0.134151  0.581779
0.718819  -0.134151  0.581779
0.718819  0.192706  0.581779
0.730626  -0.565517  1.50178
0.718819  0.192706  0.581779
0.718819  -0.134151  0.581779
0.733499  -0.0479845  0.645498
0.714617  0.144523  -0.361246
0.728006  0.919371  0.347331
0.718819  0.192706  0.961973
0.728006  0.919371  0.347331
0.718819  0.192706  0.581779
0.718819  0.192706  0.581779
0.718819  -0.134151  0.581779
0.702966  0.41953  -0.585739
0.718819  0.192706  0.581779
0.728006  0.590387  0.055087
0.728006  0.919371  0.347331
0.718819  0.192706  0.961973
0.719758  1.20548  0.0546437
0.730626  -0.565517  1.50178
0.718819  0.192706  0.581779
0.714617  0.144523  -0.361246
0.718819  0.192706  0.581779
0.714617  0.193655  -0.783989
0.718819  0.192706  0.581779
0.719758  1.20548  0.0546437
0.718819  0.192706  0.961973
0.702966  0.387836  -0.0968262
0.722231  0.562842  0.873938
0.724384  -0.0476838  0.901382
0.718819  -0.134151  0.581779
0.718819  0.192706  0.581779
0.718819  0.192706  0.581779
0.718819  -0.134151  0.581779
0.737553  -0.565517  0.242542
0.730626  -0.565517  1.50178
0.718819  0.192706  0.581779
0.730626  -0.565517  1.50178
0.724603  -0.543416  0.375579
0.702966  0.41953  -0.585739
0.702966  0.387836  -0.0968262
0.714617  0.144523  -0.361246
0.718819  0.192706  0.961973
0.728006  0.919371  0.347331
0.69639  0.191534  0.338794
0.719758  1.20548  0.0546437
0.718819  0.192706  0.974014
0.714617  0.144523  -0.361246
0.718819  0.192706  0.581779
0.728006  0.590387  0.055087
0.718819  0.192706  0.581779
0.718819  0.192706  0.961973
0.718819  0.192706  0.581779
0.718819  0.192706  0.581779
0.728006  0.919371  0.347331
0.718819  0.192706  0.581779
0.728006  0.919371  0.347331
0.718819  0.192706  0.581779
0.724384  -0.0476838  0.901382
0.728006  0.919371  0.347331
0.718819  0.192706  0.581779
0.737553  -0.565517  0.242542
0.714617  0.144523  -0.361246
0.724603  -0.543416  0.191521
0.718819  0.192706  0.581779
0.726487  0.117564  -0.566502
0.718819  -0.134151  0.581779
0.726487  0.117564  -0.566502
0.728006  0.590387  0.055087
0.718819  0.192706  0.581779
0.718819  0.192706  0.581779
0.730626  -0.565517  1.50178
0.699524  -0.305876  0.533885
0.718819  0.192706  0.581779
0.718819  0.192706  0.581779
0.724603  -0.543416  0.375579
0.722231  0.562842  0.873938
0.728006  0.590387  0.055087
0.718819  0.192706  0.581779
0.718819  0.192706  0.581779
0.743683  -0.541153  0.491171
0.728006  0.590387  0.055087
0.699524  -0.305876  0.533885
0.737553  -0.565517  0.16701
0.702966  0.41953  -0.585739
0.726487  0.117564  -0.566502
0.724384  -0.0476838  0.901382
0.722231  0.204134  -0.173342
0.718819  0.192706  0.581779
0.726487  0.117564  -0.566502
0.718819  0.192706  0.581779
0.718819  0.192706  0.581779
0.730626  -0.565517  1.50178
0.728006  0.919371  0.347331
0.711517  0.292445  0.298317
0.699524  -0.305876  0.533885
0.719385  -0.434062  0.00455524
0.743683  -0.541153  0.491171
0.718819  0.192706  0.581779
0.693334  -0.23573  0.521224
0.728006  0.919371  0.347331
0.728006  0.919371  0.347331
0.714617  0.144523  -0.361246
0.718819  0.192706  0.581779
0.718819  0.192706  0.581779
0.724603  -0.543416  0.375579
0.702908  0.423287  -0.37779
0.726487  0.117564  -0.566502
0.702966  0.41953  -0.585739
0.699524  -0.305876  0.533885
0.730626  -0.565517  1.50178
0.702908  0.423287  -0.37779
0.728006  0.919371  0.347331
0.730626  -0.565517  1.50178
0.730626  -0.565517  1.50178
0.702966  0.311305  0.348945
0.718819  0.192706  0.581779
0.718819  0.192706  0.581779
0.728006  0.919371  0.347331
0.718819  0.192706  0.581779
0.714617  0.193655  -0.783989
0.719758  1.20548  0.0546437
0.714617  0.144523  -0.361246
0.699524  -0.305876  0.533885
0.737553  -0.565517  0.242542
0.718819  0.192706  0.961973
0.722231  0.562842  0.873938
0.714617  0.144523  -0.361246
0.728006  0.919371  0.347331
0.702966  0.387836  -0.0968262
0.726487  0.117564  -0.566502
0.702966  0.41953  -0.585739
0.737553  -0.565517  0.242542
0.718819  0.192706  0.581779
0.718819  -0.134151  0.581779
0.718819  0.192706  0.581779
0.718819  0.192706  0.581779
0.737553  -0.565517  0.242542
0.714617  0.193655  -0.783989
0.718819  0.192706  0.581779
0.718819  -0.134151  0.581779
0.702908  0.423287  -0.37779
0.718819  0.192706  0.581779
0.718819  -0.134151  0.581779
0.718819  0.192706  0.961973
0.718819  -0.134151  0.581779
0.724603  -0.543416  0.375579
0.718819  0.192706  0.581779
0.726487  0.117564  -0.566502
0.718819  0.192706  0.961973
0.718819  0.192706  0.581779
0.714617  0.193655  -0.783989
0.728006  0.919371  0.347331
0.702908  0.423287  -0.37779
0.69639  0.191534  0.338794
0.718819  -0.134151  0.581779
0.728006  0.590387  0.055087
0.714617  0.144523  -0.361246
0.718819  -0.134151  0.581779
0.728006  0.919371  0.347331
0.702908  0.423287  -0.37779
0.702966  0.311305  0.348945
0.718819  0.192706  0.581779
0.702966  0.41953  -0.585739
0.718819  0.192706  0.974014
0.718819  0.192706  0.581779
0.724384  -0.0476838  0.901382
0.739781  -0.844865  0.280923
0.718819  0.192706  0.581779
0.730626  -0.565517  1.50178
0.718819  0.192706  0.974014
0.718819  0.192706  0.581779
0.733499  -0.0479845  0.645498
0.728006  0.919371  0.347331
0.737553  -0.565517  0.242542
0.718819  0.192706  0.974014
0.726487  0.117564  -0.566502
0.718819  0.192706  0.961973
0.718819  0.192706  0.581779
0.737553  -0.565517  0.242542
0.722147  -0.254394  -0.139765
0.702908  0.423287  -0.37779
0.718819  0.192706  0.581779
0.737553  -0.565517  0.16701
0.724603  -0.543416  0.375579
0.718819  0.192706  0.581779
0.69639  0.191534  0.338794
0.714617  0.144523  -0.361246
0.69639  0.191534  0.338794
0.718819  0.192706  0.581779
0.675606  -0.563086  -0.428354
0.728006  0.919371  0.347331
0.718819  -0.134151  0.581779
0.724384  -0.0476838  0.901382
0.718819  0.192706  0.581779
0.743683  -0.541153  0.491171
0.737553  -0.565517  0.242542
0.699524  -0.305876  0.533885
0.718819  0.192706  0.581779
0.722231  0.562842  0.873938
0.743683  -0.541153  0.491171
0.714617  0.144523  -0.361246
0.718819  -0.134151  0.581779
0.760468  -0.89175  0.112087
0.719758  1.20548  0.0546437
0.728006  0.919371  0.347331
0.718819  0.192706  0.581779
0.724603  -0.543416  0.191521
0.718819  0.192706  0.581779
0.718819  -0.134151  0.581779
0.719758  1.20548  0.0546437
0.733499  -0.0479845  0.645498
0.714617  0.144523  -0.361246
0.719758  1.20548  0.0546437
0.718819  0.192706  0.581779
0.702966  0.311305  0.348945
0.722231  0.562842  0.873938
0.718819  0.192706  0.581779
0.714617  0.193655  -0.783989
0.714617  0.144523  -0.361246
0.726487  0.117564  -0.566502
0.718819  0.192706  0.581779
0.718819  0.192706  0.581779
0.714617  0.193655  -0.783989
0.719758  1.20548  0.0546437
0.728006  0.919371  0.347331
0.728006  0.590387  0.055087
0.702966  0.41953  -0.585739
0.730626  -0.565517  1.50178
0.724603  -0.543416  0.191521
0.718819  0.192706  0.581779
0.718819  0.192706  0.581779
0.719758  1.20548  0.0546437
0.718819  0.192706  0.581779
0.724384  -0.0476838  0.901382
0.718819  0.192706  0.581779
0.718819  0.192706  0.581779
0.730626  -0.565517  1.50178
0.711517  0.292445  0.298317
0.724384  -0.0476838  0.901382
0.722231  0.204134  -0.173342
0.730626  -0.565517  1.50178
0.718819  0.192706  0.581779
0.743683  -0.541153  0.491171
0.726487  0.117564  -0.566502
0.730626  -0.565517  1.50178
0.743683  -0.541153  0.491171
0.711517  0.292445  0.298317
0.719758  1.20548  0.0546437
0.702908  0.423287  -0.37779
0.718819  0.192706  0.974014
0.718819  0.192706  0.581779
0.714617  0.193655  -0.783989
0.693334  -0.23573  0.521224
0.724603  -0.543416  0.191521
0.699524  -0.305876  0.533885
0.718819  0.192706  0.581779
0.718819  -0.134151  0.581779
0.718819  0.192706  0.961973
0.719758  1.20548  0.0546437
0.702966  0.41953  -0.585739
0.718819  0.192706  0.581779
0.69639  0.191534  0.338794
0.718819  0.192706  0.974014
0.718819  0.192706  0.581779
0.726487  0.117564  -0.566502
0.724603  -0.543416  0.375579
0.702966  0.387836  -0.0968262
0.718819  0.192706  0.581779
0.724384  -0.0476838  0.901382
0.718819  0.192706  0.961973
0.719758  1.20548  0.0546437
0.718819  0.192706  0.581779
0.737553  -0.565517  0.16701
0.718819  0.192706  0.581779
0.719385  -0.434062  0.00455524
0.718819  0.192706  0.581779
0.733499  -0.0479845  0.645498
0.724603  -0.543416  0.191521
0.719758  1.20548  0.0546437
0.718819  0.192706  0.961973
0.718819  0.192706  0.581779
0.718819  0.192706  0.961973
0.702966  0.41953  -0.585739
0.718819  -0.134151  0.581779
0.743683  -0.541153  0.491171
0.722231  0.562842  0.873938
0.718819  0.192706  0.581779
0.724603  -0.543416  0.191521
0.733499  -0.0479845  0.645498
0.737553  -0.565517  0.16701
0.718819  0.192706  0.581779
0.702966  0.387836  -0.0968262
0.702966  0.387836  -0.0968262
0.733499  -0.0479845  0.645498
0.718819  0.192706  0.581779
0.718819  -0.134151  0.581779
0.728006  0.919371  0.347331
0.724384  -0.0476838  0.901382
0.718819  -0.134151  0.581779
0.719758  1.20548  0.0546437
0.719385  -0.434062  0.00455524
0.718819  0.192706  0.581779
0.728006  0.919371  0.347331
0.718819  0.192706  0.581779
0.760468  -0.89175  0.112087
0.718819  -0.134151  0.581779
0.724603  -0.543416  0.191521
0.69639  0.191534  0.338794
0.737553  -0.565517  0.242542
0.726487  0.117564  -0.566502
0.724603  -0.543416  0.191521
0.718819  0.192706  0.581779
0.737553  -0.565517  0.242542
0.760468  -0.89175  0.112087
0.724603  -0.543416  0.191521
0.726487  0.117564  -0.566502
0.730626  -0.565517  1.50178
0.718819  0.192706  0.581779
0.718819  -0.134151  0.581779
0.722231  0.204134  -0.173342
0.718819  0.192706  0.581779
0.737553  -0.565517  0.242542
0.714617  0.144523  -0.361246
0.730626  -0.565517  1.50178
0.718819  0.192706  0.581779
0.718819  -0.134151  0.581779
0.718819  0.192706  0.961973
0.718819  0.192706  0.974014
0.718819  0.192706  0.581779
0.730626  -0.565517  1.50178
0.69639  0.191534  0.338794
0.699524  -0.305876  0.533885
0.726487  0.117564  -0.566502
0.699524  -0.305876  0.533885
0.737553  -0.565517  0.242542
0.719758  1.20548  0.0546437
0.718819  0.192706  0.581779
0.699524  -0.305876  0.533885
0.718819  0.192706  0.581779
0.728006  0.919371  0.347331
0.719758  1.20548  0.0546437
0.702966  0.41953  -0.585739
0.724384  -0.0476838  0.901382
0.724384  -0.0476838  0.901382
0.718819  0.192706  0.581779
0.724603  -0.543416  0.375579
0.718819  0.192706  0.581779
0.718819  0.192706  0.581779
0.718819  0.192706  0.581779
0.737553  -0.565517  0.242542
0.718819  0.192706  0.974014
0.699524  -0.305876  0.533885
0.719758  1.20548  0.0546437
0.719758  1.20548  0.0546437
0.719758  1.20548  0.0546437
0.726487  0.117564  -0.566502
0.714617  0.193655  -0.783989
0.699524  -0.305876  0.533885
0.728006  0.919371  0.347331
0.728006  0.919371  0.347331
0.702966  0.311305  0.348945
0.719385  -0.434062  0.00455524
0.737553  -0.565517  0.242542
0.718819  0.192706  0.581779
0.718819  -0.134151  0.581779
0.718819  0.192706  0.581779
0.702966  0.387836  -0.0968262
0.730626  -0.565517  1.50178
0.730626  -0.565517  1.50178
0.718819  -0.134151  0.581779
0.728006  0.919371  0.347331
0.724603  -0.543416  0.375579
0.702908  0.423287  -0.37779
0.718819  -0.134151  0.581779
0.728006  0.919371  0.347331
0.719385  -0.434062  0.00455524
0.718819  -0.134151  0.581779
0.718819  0.192706  0.581779
0.726487  0.117564  -0.566502
0.718819  -0.134151  0.581779
0.724384  -0.0476838  0.901382
0.718819  0.192706  0.961973
0.718819  0.192706  0.581779
0.702966  0.311305  0.348945
0.733499  -0.0479845  0.645498
0.718819  -0.134151  0.581779
0.726487  0.117564  -0.566502
0.718819  -0.134151  0.581779
0.711517  0.292445  0.298317
0.718819  0.192706  0.581779
0.718819  -0.134151  0.581779
0.718819  -0.134151  0.581779
0.702908  0.423287  -0.37779
0.711517  0.292445  0.298317
0.714617  0.144523  -0.361246
0.719758  1.20548  0.0546437
0.719758  1.20548  0.0546437
0.702966  0.41953  -0.585739
0.69639  0.191534  0.338794
0.728006  0.590387  0.055087
0.714617  0.193655  -0.783989
0.730626  -0.565517  1.50178
0.718819  0.192706  0.581779
0.714617  0.144523  -0.361246
0.724384  -0.0476838  0.901382
0.699524  -0.305876  0.533885
0.718819  0.192706  0.581779
0.722231  0.562842  0.873938
0.718819  0.192706  0.581779
0.737553  -0.565517  0.16701
0.718819  0.192706  0.581779
0.724603  -0.543416  0.375579
0.702908  0.423287  -0.37779
0.719758  1.20548  0.0546437
0.722147  -0.254394  -0.139765
0.702908  0.423287  -0.37779
0.737553  -0.565517  0.16701
0.737553  -0.565517  0.16701
0.726487  0.117564  -0.566502
0.718819  -0.134151  0.581779
0.718819  0.192706  0.581779
0.718819  0.192706  0.581779
0.718819  0.192706  0.961973
0.726487  0.117564  -0.566502
0.718819  0.192706  0.581779
0.718819  0.192706  0.581779
0.718819  -0.134151  0.581779
0.728006  0.919371  0.347331
0.718819  0.192706  0.961973
0.728006  0.919371  0.347331
0.728006  0.919371  0.347331
0.718819  0.192706  0.961973
0.718819  0.192706  0.581779
0.737553  -0.565517  0.242542
0.69639  0.191534  0.338794
0.718819  0.192706  0.581779
0.718819  0.192706  0.581779
0.693334  -0.23573  0.521224
0.693334  -0.23573  0.521224
0.724603  -0.543416  0.191521
0.718819  0.192706  0.581779
0.702966  0.41953  -0.585739
0.743683  -0.541153  0.491171
0.724603  -0.543416  0.375579
0.724603  -0.543416  0.191521
0.702966  0.387836  -0.0968262
0.718819  -0.134151  0.581779
0.718819  0.192706  0.961973
0.724384  -0.0476838  0.901382
0.726487  0.117564  -0.566502
0.728006  0.919371  0.347331
0.728006  0.919371  0.347331
0.699524  -0.305876  0.533885
0.69639  0.191534  0.338794
0.737553  -0.565517  0.242542
0.69639  0.191534  0.338794
0.714617  0.193655  -0.783989
0.724384  -0.0476838  0.901382
0.722231  0.204134  -0.173342
0.726487  0.117564  -0.566502
0.724384  -0.0476838  0.901382
0.737553  -0.565517  0.242542
0.737553  -0.565517  0.242542
0.699524  -0.305876  0.533885
0.699524  -0.305876  0.533885
0.702908  0.423287  -0.37779
0.737553  -0.565517  0.242542
0.726487  0.117564  -0.566502
0.718819  -0.134151  0.581779
0.728006  0.919371  0.347331
0.718819  0.192706  0.581779
0.728006  0.590387  0.055087
0.714617  0.193655  -0.783989
0.702966  0.387836  -0.0968262
0.726487  0.117564  -0.566502
0.718819  0.192706  0.974014
0.724603  -0.543416  0.375579
0.718819  -0.134151  0.581779
0.719385  -0.434062  0.00455524
0.702908  0.423287  -0.37779
0.718819  0.192706  0.581779
0.718819  -0.134151  0.581779
0.702966  0.311305  0.348945
0.718819  0.192706  0.581779
0.714617  0.144523  -0.361246
0.718819  0.192706  0.581779
0.728006  0.919371  0.347331
0.719758  1.20548  0.0546437
0.718819  0.192706  0.581779
0.714617  0.193655  -0.783989
0.722231  0.562842  0.873938
0.724384  -0.0476838  0.901382
0.718819  0.192706  0.581779
0.718819  0.192706  0.581779
0.714617  0.193655  -0.783989
0.714617  0.144523  -0.361246
0.702908  0.423287  -0.37779
0.702966  0.41953  -0.585739
0.724384  -0.0476838  0.901382
0.718819  0.192706  0.581779
0.728006  0.919371  0.347331
0.726487  0.117564  -0.566502
0.718819  0.192706  0.581779
0.702908  0.423287  -0.37779
0.718819  0.192706  0.974014
0.718819  -0.134151  0.581779
0.726487  0.117564  -0.566502
0.718819  -0.134151  0.581779
0.730626  -0.565517  1.50178
0.718819  0.192706  0.581779
0.718819  -0.134151  0.581779
0.718819  0.192706  0.581779
0.719758  1.20548  0.0546437
0.728006  0.590387  0.055087
0.718819  0.192706  0.581779
0.718819  0.192706  0.581779
0.718819  0.192706  0.581779
0.718819  0.192706  0.581779
0.702966  0.387836  -0.0968262
0.724384  -0.0476838  0.901382
0.728006  0.919371  0.347331
0.724384  -0.0476838  0.901382
0.702966  0.387836  -0.0968262
0.718819  0.192706  0.581779
0.737553  -0.565517  0.242542
0.718819  0.192706  0.581779
0.718819  -0.134151  0.581779
0.718819  -0.134151  0.581779
0.718819  0.192706  0.581779
0.718819  -0.134151  0.581779
0.718819  0.192706  0.581779
0.714617  0.193655  -0.783989
0.719758  1.20548  0.0546437
0.718819  0.192706  0.581779
0.699524  -0.305876  0.533885
0.722231  0.562842  0.873938
0.737553  -0.565517  0.242542
0.702908  0.423287  -0.37779
0.718819  0.192706  0.581779
0.718819  0.192706  0.581779
0.737553  -0.565517  0.242542
0.718819  -0.134151  0.581779
0.730626  -0.565517  1.50178
0.724603  -0.543416  0.375579
0.718819  0.192706  0.581779
0.711517  0.292445  0.298317
0.714617  0.144523  -0.361246
0.724384  -0.0476838  0.901382
0.718819  0.192706  0.961973
0.718819  -0.134151  0.581779
0.702908  0.423287  -0.37779
0.726487  0.117564  -0.566502
0.714617  0.144523  -0.361246
0.714617  0.193655  -0.783989
0.737553  -0.565517  0.242542
0.726487  0.117564  -0.566502
0.718819  0.192706  0.581779
0.693334  -0.23573  0.521224
