8.22031  1.11726  0.934004
7.59138  1.20946  1.32392
7.97763  1.16111  0.964698
8.22031  1.11726  0.934004
7.97763  1.16111  0.964698
8.0407  1.08182  0.79805
8.0407  1.08182  0.79805
8.22031  1.11726  0.934004
8.0407  1.08182  0.79805
8.22031  1.11726  0.934004
8.0407  1.08182  0.79805
7.41974  1.21697  1.32288
8.22031  1.11726  1.03818
6.60218  1.12292  0.799761
8.22031  1.11726  0.934004
8.22031  1.11726  0.934004
8.0407  1.08182  0.79805
8.0407  1.08182  0.79805
8.22031  1.11726  0.934004
7.40265  1.21061  1.11109
7.44042  1.26024  1.51559
7.59138  1.20946  1.32392
7.59138  1.20946  1.32392
8.22031  1.11726  0.934004
8.22031  1.11726  0.934004
7.59138  1.20946  1.32392
7.41974  1.21697  1.32288
7.10341  1.30398  1.99158
8.22031  1.11726  0.934004
7.52359  1.13316  1.01239
8.0407  1.08182  0.79805
7.11338  1.22471  1.35272
6.60218  1.12292  0.799761
8.22031  1.11726  0.934004
8.22031  1.11726  0.934004
7.97763  1.16111  0.964698
6.93658  1.30398  1.99158
8.07142  1.18333  1.08049
8.0407  1.08182  0.79805
8.83544  1.03622  0.667684
6.93658  1.30398  1.99158
8.68833  1.03622  0.533486
8.22031  1.11726  0.934004
7.59138  1.20946  1.32392
8.0407  1.08182  0.79805
8.22031  1.11726  0.934004
8.0407  1.08182  0.79805
8.22031  1.11726  0.934004
8.22031  1.11726  0.934004
7.97763  1.16111  0.964698
8.22031  1.11726  0.934004
6.93658  1.30398  1.99158
6.93658  1.30398  1.99158
8.22031  1.11726  0.934004
8.0407  1.08182  0.79805
8.22031  1.11726  0.934004
7.40265  1.21061  1.11109
8.22031  1.11726  0.934004
7.59138  1.20946  1.32392
8.0407  1.08182  0.79805
7.97763  1.16111  0.964698
7.40146  1.26024  1.47003
7.59138  1.20946  1.32392
7.40265  1.21061  1.11109
8.0407  1.08182  0.79805
8.22031  1.11726  0.934004
8.22031  1.11726  0.934004
7.40265  1.21061  1.11109
7.44042  1.26024  1.51559
7.97763  1.16111  0.964698
7.97763  1.16111  0.964698
7.11338  1.22471  1.40841
8.0407  1.08182  0.79805
7.40265  1.21061  1.11109
7.10823  1.21697  1.32288
8.22031  1.11726  0.934004
7.61325  1.16111  0.964698
8.22031  1.11726  0.934004
7.97763  1.16111  0.964698
6.93658  1.30398  1.99158
8.0407  1.08182  0.79805
7.14817  1.27853  1.8425
6.93658  1.30398  1.99158
7.44042  1.26024  1.51559
8.22031  1.11726  0.934004
8.22031  1.11726  0.934004
8.22031  1.11726  0.934004
7.59138  1.20946  1.32392
8.22031  1.11726  0.934004
7.40265  1.21061  1.11109
8.22031  1.11726  0.934004
8.22031  1.11726  0.934004
7.59138  1.20946  1.32392
8.22031  1.11726  0.934004
8.22031  1.11726  0.934004
7.10341  1.30398  1.99158
7.14817  1.27853  1.8425
7.97763  1.16111  0.964698
8.68833  1.03622  0.533486
7.61325  1.16111  0.964698
7.14817  1.27853  1.8425
8.22031  1.11726  0.934004
7.11338  1.22471  1.35272
6.94262  1.27017  1.57516
8.22031  1.11726  0.934004
8.22031  1.11726  0.934004
8.0407  1.08182  0.79805
8.07142  1.18333  1.08049
8.22031  1.11726  0.934004
7.44042  1.26024  1.51559
7.40265  1.21061  1.11109
7.97763  1.16111  0.964698
8.22031  1.11726  0.934004
7.97763  1.16111  0.964698
7.44042  1.26024  1.51559
7.44042  1.26024  1.51559
8.22031  1.11726  0.934004
8.22031  1.11726  0.934004
7.97763  1.16111  0.964698
8.22031  1.11726  0.934004
8.0407  1.08182  0.79805
8.0407  1.08182  0.79805
7.44042  1.26024  1.51559
7.97763  1.16111  0.964698
6.93658  1.30398  1.99158
8.22031  1.11726  0.934004
7.97763  1.16111  0.964698
8.22031  1.11726  0.934004
7.59138  1.20946  1.32392
7.40265  1.21061  1.11109
8.22031  1.11726  0.934004
8.22031  1.11726  0.934004
7.59138  1.20946  1.32392
8.22031  1.11726  0.934004
6.93658  1.30398  1.99158
8.22031  1.11726  0.934004
8.07142  1.18333  1.08049
8.22031  1.11726  0.934004
8.22031  1.11726  0.934004
8.07142  1.18333  1.08049
8.0407  1.08182  0.79805
8.22031  1.11726  0.934004
7.14817  1.27853  1.8425
7.10341  1.30398  1.99158
7.59138  1.20946  1.32392
8.22031  1.11726  0.934004
7.97763  1.16111  0.964698
7.14817  1.27853  1.8425
8.83544  1.03622  0.667684
8.22031  1.11726  0.934004
7.59138  1.20946  1.32392
7.59138  1.20946  1.32392
8.07142  1.18333  1.08049
8.22031  1.11726  0.934004
8.83544  1.03622  0.667684
7.44042  1.26024  1.51559
8.22031  1.11726  0.934004
7.44042  1.26024  1.51559
7.11338  1.22471  1.40841
8.07142  1.18333  1.08049
8.83544  1.03622  0.667684
7.14817  1.27853  1.8425
8.22031  1.11726  0.934004
7.59138  1.20946  1.32392
7.97763  1.16111  0.964698
8.83544  1.03622  0.667684
8.22031  1.11726  0.934004
7.95101  1.0244  0.584617
8.22031  1.11726  0.934004
6.93658  1.30398  1.99158
8.0407  1.08182  0.79805
8.22031  1.11726  0.934004
8.0407  1.08182  0.79805
7.11338  1.22471  1.35272
7.97763  1.16111  0.964698
8.0407  1.08182  0.79805
7.61325  1.16111  0.964698
8.22031  1.11726  0.934004
8.22031  1.11726  0.934004
7.10341  1.30398  1.99158
8.22031  1.11726  0.934004
8.22031  1.11726  0.934004
7.95101  1.0244  0.584617
6.60218  1.12292  0.799761
8.0407  1.08182  0.79805
8.0407  1.08182  0.79805
6.93658  1.30398  1.99158
6.60218  1.12292  0.799761
7.44042  1.26024  1.51559
8.0407  1.08182  0.79805
8.07142  1.18333  1.08049
7.41974  1.21697  1.32288
8.0407  1.08182  0.79805
7.59138  1.20946  1.32392
7.95101  1.0244  0.584617
8.22031  1.11726  0.934004
7.44042  1.26024  1.51559
8.22031  1.11726  0.934004
8.0407  1.08182  0.79805
8.22031  1.11726  0.934004
7.10823  1.21697  1.32288
7.97763  1.16111  0.964698
8.0407  1.08182  0.79805
7.44042  1.26024  1.51559
6.94262  1.27017  1.57516
8.22031  1.11726  0.934004
8.22031  1.11726  0.934004
6.88174  1.21701  1.09297
7.40265  1.21061  1.11109
7.97763  1.16111  0.964698
7.95101  1.0244  0.584617
7.52359  1.13316  1.01239
7.11338  1.22471  1.35272
7.40265  1.21061  1.11109
8.22031  1.11726  0.934004
8.07142  1.18333  1.08049
8.22031  1.11726  0.934004
7.95101  1.0244  0.584617
8.0407  1.08182  0.79805
8.83544  1.03622  0.667684
8.22031  1.11726  0.934004
8.22031  1.11726  0.934004
7.40146  1.26024  1.47003
8.22031  1.11726  0.934004
8.0407  1.08182  0.79805
8.07142  1.18333  1.08049
7.59138  1.20946  1.32392
6.93658  1.30398  1.99158
8.07142  1.18333  1.08049
8.0407  1.08182  0.79805
7.44042  1.26024  1.51559
8.0407  1.08182  0.79805
8.22031  1.11726  0.934004
8.22031  1.11726  0.934004
8.22031  1.11726  0.934004
7.40265  1.21061  1.11109
7.40265  1.21061  1.11109
7.14817  1.27853  1.8425
8.22031  1.11726  0.934004
8.68833  1.03622  0.533486
8.22031  1.11726  0.934004
7.40265  1.21061  1.11109
6.93658  1.30398  1.99158
8.22031  1.11726  1.03818
7.97763  1.16111  0.964698
8.22031  1.11726  0.934004
7.59138  1.20946  1.32392
8.22031  1.11726  0.934004
8.22031  1.11726  0.934004
7.40265  1.21061  1.11109
6.93658  1.30398  1.99158
8.22031  1.11726  0.934004
8.0407  1.08182  0.79805
8.22031  1.11726  0.934004
8.0407  1.08182  0.79805
8.0407  1.08182  0.79805
8.0407  1.08182  0.79805
8.0407  1.08182  0.79805
7.59138  1.20946  1.32392
7.14817  1.27853  1.8425
7.59138  1.20946  1.32392
7.44042  1.26024  1.51559
8.22031  1.11726  0.934004
8.22031  1.11726  0.934004
7.44042  1.26024  1.51559
7.97763  1.16111  0.964698
7.61325  1.16111  0.964698
8.0407  1.08182  0.79805
8.22031  1.11726  0.934004
7.10341  1.30398  1.99158
7.97763  1.16111  0.964698
8.07142  1.18333  1.08049
8.0407  1.08182  0.79805
6.93658  1.30398  1.99158
8.22031  1.11726  0.934004
6.93658  1.30398  1.99158
7.10341  1.30398  1.99158
8.22031  1.11726  0.934004
7.44042  1.26024  1.51559
7.97763  1.16111  0.964698
7.59138  1.20946  1.32392
8.22031  1.11726  0.934004
7.14817  1.27853  1.8425
8.22031  1.11726  0.934004
8.22031  1.11726  0.934004
8.0407  1.08182  0.79805
7.11338  1.22471  1.35272
7.52359  1.13316  1.01239
8.0407  1.08182  0.79805
8.0407  1.08182  0.79805
7.40265  1.21061  1.11109
8.22031  1.11726  0.934004
7.59138  1.20946  1.32392
8.22031  1.11726  0.934004
6.93658  1.30398  1.99158
7.41974  1.21697  1.32288
7.61325  1.16111  0.964698
8.07142  1.18333  1.08049
6.93658  1.30398  1.99158
8.22031  1.11726  0.934004
8.68833  1.03622  0.533486
7.97763  1.16111  0.964698
7.11338  1.22471  1.35272
7.59138  1.20946  1.32392
8.22031  1.11726  0.934004
6.93658  1.30398  1.99158
6.94262  1.27017  1.57516
7.52359  1.13316  1.01239
8.22031  1.11726  0.934004
8.22031  1.11726  0.934004
8.22031  1.11726  0.934004
8.22031  1.11726  0.934004
7.40265  1.21061  1.11109
7.44042  1.26024  1.51559
8.22031  1.11726  0.934004
8.22031  1.11726  0.934004
8.22031  1.11726  0.934004
6.93658  1.30398  1.99158
7.59138  1.20946  1.32392
8.0407  1.08182  0.79805
8.22031  1.11726  0.934004
8.22031  1.11726  0.934004
7.10823  1.21697  1.32288
8.0407  1.08182  0.79805
7.11338  1.22471  1.35272
8.22031  1.11726  0.934004
7.59138  1.20946  1.32392
7.97763  1.16111  0.964698
7.97763  1.16111  0.964698
8.0407  1.08182  0.79805
8.22031  1.11726  0.934004
8.22031  1.11726  0.934004
6.93658  1.30398  1.99158
7.10341  1.30398  1.99158
7.97763  1.16111  0.964698
7.44042  1.26024  1.51559
7.97763  1.16111  0.964698
8.0407  1.08182  0.79805
8.83544  1.03622  0.667684
7.59138  1.20946  1.32392
8.22031  1.11726  0.934004
8.0407  1.08182  0.79805
6.93658  1.30398  1.99158
6.93658  1.30398  1.99158
8.22031  1.11726  0.934004
7.14817  1.27853  1.8425
8.68833  1.03622  0.533486
7.44042  1.26024  1.51559
7.59138  1.20946  1.32392
7.14817  1.27853  1.8425
7.40265  1.21061  1.11109
7.14817  1.27853  1.8425
8.22031  1.11726  0.934004
7.61325  1.16111  0.964698
8.22031  1.11726  0.934004
7.10341  1.30398  1.99158
6.93658  1.30398  1.99158
7.59138  1.20946  1.32392
8.22031  1.11726  0.934004
6.93658  1.30398  1.99158
7.59138  1.20946  1.32392
7.14817  1.27853  1.8425
6.93658  1.30398  1.99158
6.93658  1.30398  1.99158
8.07142  1.18333  1.08049
8.22031  1.11726  0.934004
8.22031  1.11726  1.03818
7.10823  1.21697  1.32288
6.93658  1.30398  1.99158
8.0407  1.08182  0.79805
8.0407  1.08182  0.79805
8.83544  1.03622  0.667684
7.61325  1.16111  0.964698
8.22031  1.11726  0.934004
8.0407  1.08182  0.79805
8.22031  1.11726  0.934004
6.93658  1.30398  1.99158
8.07142  1.18333  1.08049
6.93658  1.30398  1.99158
8.22031  1.11726  1.03818
8.22031  1.11726  0.934004
8.0407  1.08182  0.79805
8.22031  1.11726  0.934004
8.22031  1.11726  0.934004
7.11338  1.22471  1.35272
7.97763  1.16111  0.964698
7.10341  1.30398  1.99158
7.11338  1.22471  1.35272
8.07142  1.18333  1.08049
6.93658  1.30398  1.99158
8.22031  1.11726  0.934004
8.22031  1.11726  0.934004
7.40265  1.21061  1.11109
6.93658  1.30398  1.99158
8.07142  1.18333  1.08049
8.22031  1.11726  0.934004
8.22031  1.11726  0.934004
6.93658  1.30398  1.99158
7.97763  1.16111  0.964698
7.59138  1.20946  1.32392
7.97763  1.16111  0.964698
8.22031  1.11726  0.934004
6.93658  1.30398  1.99158
8.0407  1.08182  0.79805
7.97763  1.16111  0.964698
8.0407  1.08182  0.79805
8.0407  1.08182  0.79805
7.40146  1.26024  1.47003
6.93658  1.30398  1.99158
8.22031  1.11726  0.934004
7.10341  1.30398  1.99158
7.61325  1.16111  0.964698
6.60218  1.12292  0.799761
8.22031  1.11726  0.934004
6.60218  1.12292  0.799761
8.22031  1.11726  0.934004
7.97763  1.16111  0.964698
8.22031  1.11726  0.934004
7.40265  1.21061  1.11109
8.0407  1.08182  0.79805
7.40265  1.21061  1.11109
7.59138  1.20946  1.32392
8.22031  1.11726  1.03818
7.59138  1.20946  1.32392
7.14817  1.27853  1.8425
8.22031  1.11726  0.934004
7.59138  1.20946  1.32392
7.97763  1.16111  0.964698
7.11338  1.22471  1.35272
7.40265  1.21061  1.11109
8.22031  1.11726  0.934004
7.97763  1.16111  0.964698
7.40265  1.21061  1.11109
8.68833  1.03622  0.533486
7.97763  1.16111  0.964698
6.88174  1.21701  1.09297
8.22031  1.11726  0.934004
7.40265  1.21061  1.11109
7.14817  1.27853  1.8425
8.22031  1.11726  0.934004
7.40265  1.21061  1.11109
7.97763  1.16111  0.964698
8.22031  1.11726  0.934004
8.0407  1.08182  0.79805
7.61325  1.16111  0.964698
6.93658  1.30398  1.99158
8.22031  1.11726  0.934004
7.59138  1.20946  1.32392
8.83544  1.03622  0.667684
8.22031  1.11726  0.934004
7.61325  1.16111  0.964698
8.0407  1.08182  0.79805
6.93658  1.30398  1.99158
6.93658  1.30398  1.99158
8.22031  1.11726  0.934004
7.59138  1.20946  1.32392
8.22031  1.11726  0.934004
8.07142  1.18333  1.08049
8.22031  1.11726  0.934004
7.41974  1.21697  1.32288
6.93658  1.30398  1.99158
8.22031  1.11726  0.934004
7.14817  1.27853  1.8425
7.40265  1.21061  1.11109
8.07142  1.18333  1.08049
7.41974  1.21697  1.32288
7.41974  1.21697  1.32288
8.0407  1.08182  0.79805
8.22031  1.11726  0.934004
8.0407  1.08182  0.79805
7.97763  1.16111  0.964698
7.14817  1.27853  1.8425
8.0407  1.08182  0.79805
8.0407  1.08182  0.79805
7.97763  1.16111  0.964698
7.95101  1.0244  0.584617
7.10341  1.30398  1.99158
7.10341  1.30398  1.99158
8.0407  1.08182  0.79805
6.93658  1.30398  1.99158
8.07142  1.18333  1.08049
7.97763  1.16111  0.964698
8.22031  1.11726  0.934004
7.59138  1.20946  1.32392
7.40265  1.21061  1.11109
7.61325  1.16111  0.964698
6.60218  1.12292  0.799761
8.0407  1.08182  0.79805
6.94262  1.27017  1.57516
8.0407  1.08182  0.79805
8.0407  1.08182  0.79805
7.59138  1.20946  1.32392
6.93658  1.30398  1.99158
7.97763  1.16111  0.964698
8.22031  1.11726  0.934004
8.22031  1.11726  0.934004
8.83544  1.03622  0.667684
8.0407  1.08182  0.79805
8.22031  1.11726  0.934004
8.0407  1.08182  0.79805
7.11338  1.22471  1.35272
8.22031  1.11726  0.934004
8.22031  1.11726  0.934004
8.0407  1.08182  0.79805
7.40146  1.26024  1.47003
7.40265  1.21061  1.11109
8.22031  1.11726  0.934004
8.22031  1.11726  0.934004
8.0407  1.08182  0.79805
8.22031  1.11726  0.934004
7.59138  1.20946  1.32392
8.0407  1.08182  0.79805
7.97763  1.16111  0.964698
8.22031  1.11726  0.934004
8.22031  1.11726  0.934004
7.61325  1.16111  0.964698
7.14817  1.27853  1.8425
8.22031  1.11726  0.934004
8.22031  1.11726  0.934004
7.11338  1.22471  1.35272
7.44042  1.26024  1.51559
8.83544  1.03622  0.667684
8.22031  1.11726  0.934004
8.22031  1.11726  0.934004
7.40265  1.21061  1.11109
7.44042  1.26024  1.51559
8.0407  1.08182  0.79805
8.22031  1.11726  0.934004
6.93658  1.30398  1.99158
8.68833  1.03622  0.533486
7.14817  1.27853  1.8425
7.97763  1.16111  0.964698
7.61325  1.16111  0.964698
8.22031  1.11726  0.934004
8.0407  1.08182  0.79805
8.22031  1.11726  0.934004
6.93658  1.30398  1.99158
7.14817  1.27853  1.8425
7.97763  1.16111  0.964698
8.0407  1.08182  0.79805
8.22031  1.11726  0.934004
7.44042  1.26024  1.51559
8.22031  1.11726  0.934004
8.22031  1.11726  0.934004
6.60218  1.12292  0.799761
7.44042  1.26024  1.51559
8.0407  1.08182  0.79805
6.93658  1.30398  1.99158
8.22031  1.11726  0.934004
8.22031  1.11726  0.934004
6.93658  1.30398  1.99158
8.07142  1.18333  1.08049
8.68833  1.03622  0.533486
7.97763  1.16111  0.964698
8.22031  1.11726  0.934004
7.40265  1.21061  1.11109
8.22031  1.11726  0.934004
7.14817  1.27853  1.8425
8.0407  1.08182  0.79805
7.59138  1.20946  1.32392
7.95101  1.0244  0.584617
6.93658  1.30398  1.99158
6.93658  1.30398  1.99158
7.97763  1.16111  0.964698
8.0407  1.08182  0.79805
8.83544  1.03622  0.667684
7.59138  1.20946  1.32392
8.22031  1.11726  0.934004
6.93658  1.30398  1.99158
8.22031  1.11726  0.934004
7.97763  1.16111  0.964698
8.22031  1.11726  0.934004
8.22031  1.11726  0.934004
8.07142  1.18333  1.08049
8.22031  1.11726  0.934004
7.59138  1.20946  1.32392
8.22031  1.11726  0.934004
7.61325  1.16111  0.964698
7.97763  1.16111  0.964698
7.40265  1.21061  1.11109
8.22031  1.11726  0.934004
8.0407  1.08182  0.79805
7.14817  1.27853  1.8425
7.10341  1.30398  1.99158
8.22031  1.11726  0.934004
7.61325  1.16111  0.964698
7.61325  1.16111  0.964698
7.14817  1.27853  1.8425
8.22031  1.11726  0.934004
8.07142  1.18333  1.08049
7.14817  1.27853  1.8425
7.11338  1.22471  1.40841
8.0407  1.08182  0.79805
6.80714  1.21701  1.09297
8.22031  1.11726  0.934004
7.44042  1.26024  1.51559
7.97763  1.16111  0.964698
8.0407  1.08182  0.79805
6.93658  1.30398  1.99158
8.22031  1.11726  0.934004
8.22031  1.11726  0.934004
6.93658  1.30398  1.99158
7.14817  1.27853  1.8425
8.22031  1.11726  0.934004
7.59138  1.20946  1.32392
7.44042  1.26024  1.51559
7.61325  1.16111  0.964698
8.0407  1.08182  0.79805
8.22031  1.11726  0.934004
6.93658  1.30398  1.99158
6.94262  1.27017  1.57516
8.0407  1.08182  0.79805
7.59138  1.20946  1.32392
8.0407  1.08182  0.79805
8.0407  1.08182  0.79805
7.59138  1.20946  1.32392
7.40265  1.21061  1.11109
7.40265  1.21061  1.11109
7.95101  1.0244  0.584617
7.41974  1.21697  1.32288
7.11338  1.22471  1.35272
8.22031  1.11726  0.934004
7.40265  1.21061  1.11109
8.0407  1.08182  0.79805
8.22031  1.11726  0.934004
7.61325  1.16111  0.964698
7.40265  1.21061  1.11109
7.97763  1.16111  0.964698
6.80714  1.21701  1.09297
7.44042  1.26024  1.51559
8.22031  1.11726  0.934004
8.83544  1.03622  0.667684
6.93658  1.30398  1.99158
7.11338  1.22471  1.35272
8.22031  1.11726  0.934004
8.22031  1.11726  0.934004
8.22031  1.11726  0.934004
8.22031  1.11726  0.934004
8.0407  1.08182  0.79805
7.97763  1.16111  0.964698
7.44042  1.26024  1.51559
8.22031  1.11726  0.934004
7.97763  1.16111  0.964698
8.0407  1.08182  0.79805
8.22031  1.11726  0.934004
8.0407  1.08182  0.79805
7.40146  1.26024  1.47003
7.97763  1.16111  0.964698
6.94262  1.27017  1.57516
7.97763  1.16111  0.964698
6.88174  1.21701  1.09297
8.0407  1.08182  0.79805
7.97763  1.16111  0.964698
7.97763  1.16111  0.964698
8.22031  1.11726  0.934004
8.68833  1.03622  0.533486
8.22031  1.11726  0.934004
8.83544  1.03622  0.667684
7.40265  1.21061  1.11109
7.52359  1.13316  1.01239
7.97763  1.16111  0.964698
7.44042  1.26024  1.51559
7.59138  1.20946  1.32392
8.22031  1.11726  0.934004
8.22031  1.11726  0.934004
7.97763  1.16111  0.964698
8.22031  1.11726  0.934004
7.14817  1.27853  1.8425
8.0407  1.08182  0.79805
6.94262  1.27017  1.57516
8.22031  1.11726  0.934004
8.22031  1.11726  0.934004
8.22031  1.11726  0.934004
6.93658  1.30398  1.99158
7.10341  1.30398  1.99158
8.07142  1.18333  1.08049
7.40265  1.21061  1.11109
8.22031  1.11726  0.934004
7.40265  1.21061  1.11109
8.0407  1.08182  0.79805
8.22031  1.11726  0.934004
7.40265  1.21061  1.11109
8.0407  1.08182  0.79805
7.40265  1.21061  1.11109
6.93658  1.30398  1.99158
7.44042  1.26024  1.51559
8.22031  1.11726  0.934004
8.22031  1.11726  0.934004
8.22031  1.11726  0.934004
8.22031  1.11726  0.934004
8.22031  1.11726  0.934004
7.61325  1.16111  0.964698
7.61325  1.16111  0.964698
7.59138  1.20946  1.32392
6.93658  1.30398  1.99158
8.22031  1.11726  0.934004
7.14817  1.27853  1.8425
7.40265  1.21061  1.11109
8.22031  1.11726  0.934004
7.97763  1.16111  0.964698
7.44042  1.26024  1.51559
8.22031  1.11726  0.934004
7.97763  1.16111  0.964698
8.22031  1.11726  0.934004
7.97763  1.16111  0.964698
8.22031  1.11726  0.934004
7.10341  1.30398  1.99158
8.22031  1.11726  0.934004
7.40265  1.21061  1.11109
8.0407  1.08182  0.79805
8.22031  1.11726  0.934004
8.68833  1.03622  0.533486
8.22031  1.11726  0.934004
8.0407  1.08182  0.79805
7.97763  1.16111  0.964698
7.11338  1.22471  1.35272
6.44556  1.23008  1.06401
8.22031  1.11726  0.934004
8.07142  1.18333  1.08049
7.40265  1.21061  1.11109
8.22031  1.11726  0.934004
7.52359  1.13316  1.01239
7.59138  1.20946  1.32392
8.22031  1.11726  0.934004
8.22031  1.11726  0.934004
8.0407  1.08182  0.79805
7.14817  1.27853  1.8425
8.0407  1.08182  0.79805
7.10823  1.21697  1.32288
8.22031  1.11726  0.934004
8.22031  1.11726  0.934004
8.0407  1.08182  0.79805
8.22031  1.11726  0.934004
8.22031  1.11726  0.934004
6.94262  1.27017  1.57516
8.22031  1.11726  0.934004
8.22031  1.11726  0.934004
8.22031  1.11726  0.934004
7.14817  1.27853  1.8425
8.22031  1.11726  0.934004
6.93658  1.30398  1.99158
7.40265  1.21061  1.11109
7.95101  1.0244  0.584617
8.0407  1.08182  0.79805
7.40265  1.21061  1.11109
7.44042  1.26024  1.51559
7.14817  1.27853  1.8425
7.44042  1.26024  1.51559
7.61325  1.16111  0.964698
7.97763  1.16111  0.964698
7.40265  1.21061  1.11109
8.22031  1.11726  0.934004
8.22031  1.11726  0.934004
8.0407  1.08182  0.79805
6.93658  1.30398  1.99158
6.93658  1.30398  1.99158
6.60218  1.12292  0.799761
8.0407  1.08182  0.79805
7.40265  1.21061  1.11109
7.61325  1.16111  0.964698
8.22031  1.11726  0.934004
7.14817  1.27853  1.8425
8.22031  1.11726  0.934004
7.14817  1.27853  1.8425
8.22031  1.11726  0.934004
7.97763  1.16111  0.964698
7.97763  1.16111  0.964698
7.61325  1.16111  0.964698
8.22031  1.11726  0.934004
7.59138  1.20946  1.32392
7.61325  1.16111  0.964698
7.59138  1.20946  1.32392
8.22031  1.11726  0.934004
8.22031  1.11726  0.934004
6.60218  1.12292  0.799761
8.22031  1.11726  0.934004
8.22031  1.11726  0.934004
8.0407  1.08182  0.79805
7.59138  1.20946  1.32392
8.22031  1.11726  0.934004
7.11338  1.22471  1.35272
8.22031  1.11726  0.934004
7.59138  1.20946  1.32392
8.22031  1.11726  0.934004
8.22031  1.11726  0.934004
8.22031  1.11726  0.934004
8.22031  1.11726  0.934004
8.22031  1.11726  1.03818
8.22031  1.11726  0.934004
6.94262  1.27017  1.57516
7.44042  1.26024  1.51559
7.59138  1.20946  1.32392
8.07142  1.18333  1.08049
6.93658  1.30398  1.99158
8.07142  1.18333  1.08049
8.0407  1.08182  0.79805
8.22031  1.11726  0.934004
7.40265  1.21061  1.11109
8.07142  1.18333  1.08049
7.10341  1.30398  1.99158
6.93658  1.30398  1.99158
8.22031  1.11726  0.934004
7.59138  1.20946  1.32392
7.40265  1.21061  1.11109
7.44042  1.26024  1.51559
8.22031  1.11726  0.934004
8.22031  1.11726  0.934004
8.22031  1.11726  0.934004
8.22031  1.11726  0.934004
6.60218  1.12292  0.799761
7.59138  1.20946  1.32392
7.59138  1.20946  1.32392
8.22031  1.11726  0.934004
8.68833  1.03622  0.533486
7.97763  1.16111  0.964698
7.59138  1.20946  1.32392
7.97763  1.16111  0.964698
8.22031  1.11726  0.934004
8.22031  1.11726  0.934004
8.22031  1.11726  0.934004
8.22031  1.11726  0.934004
7.59138  1.20946  1.32392
8.0407  1.08182  0.79805
7.97763  1.16111  0.964698
7.97763  1.16111  0.964698
7.61325  1.16111  0.964698
8.22031  1.11726  0.934004
7.10823  1.21697  1.32288
8.22031  1.11726  0.934004
7.44042  1.26024  1.51559
6.94262  1.27017  1.57516
7.40265  1.21061  1.11109
7.61325  1.16111  0.964698
8.22031  1.11726  0.934004
8.22031  1.11726  0.934004
6.88174  1.21701  1.09297
8.0407  1.08182  0.79805
8.0407  1.08182  0.79805
8.22031  1.11726  0.934004
8.22031  1.11726  0.934004
8.22031  1.11726  0.934004
8.22031  1.11726  0.934004
8.0407  1.08182  0.79805
6.93658  1.30398  1.99158
8.68833  1.03622  0.533486
8.22031  1.11726  0.934004
7.59138  1.20946  1.32392
7.14817  1.27853  1.8425
7.97763  1.16111  0.964698
6.80714  1.21701  1.09297
8.22031  1.11726  0.934004
8.22031  1.11726  0.934004
7.95101  1.0244  0.584617
7.44042  1.26024  1.51559
8.0407  1.08182  0.79805
7.40265  1.21061  1.11109
8.0407  1.08182  0.79805
8.22031  1.11726  0.934004
7.14817  1.27853  1.8425
8.68833  1.03622  0.533486
7.61325  1.16111  0.964698
8.22031  1.11726  0.934004
7.40265  1.21061  1.11109
8.22031  1.11726  0.934004
7.11338  1.22471  1.35272
6.93658  1.30398  1.99158
8.07142  1.18333  1.08049
8.22031  1.11726  0.934004
8.0407  1.08182  0.79805
8.22031  1.11726  0.934004
6.93658  1.30398  1.99158
8.22031  1.11726  0.934004
7.44042  1.26024  1.51559
7.97763  1.16111  0.964698
8.0407  1.08182  0.79805
8.22031  1.11726  0.934004
8.07142  1.18333  1.08049
7.40265  1.21061  1.11109
8.0407  1.08182  0.79805
8.0407  1.08182  0.79805
8.22031  1.11726  0.934004
8.22031  1.11726  0.934004
8.0407  1.08182  0.79805
8.22031  1.11726  0.934004
8.07142  1.18333  1.08049
8.0407  1.08182  0.79805
8.0407  1.08182  0.79805
8.22031  1.11726  0.934004
6.93658  1.30398  1.99158
7.61325  1.16111  0.964698
7.61325  1.16111  0.964698
8.22031  1.11726  0.934004
8.83544  1.03622  0.667684
7.44042  1.26024  1.51559
7.61325  1.16111  0.964698
8.22031  1.11726  0.934004
8.22031  1.11726  0.934004
7.40265  1.21061  1.11109
8.0407  1.08182  0.79805
8.22031  1.11726  0.934004
8.0407  1.08182  0.79805
8.22031  1.11726  0.934004
7.40265  1.21061  1.11109
7.59138  1.20946  1.32392
8.22031  1.11726  0.934004
8.0407  1.08182  0.79805
8.22031  1.11726  0.934004
7.59138  1.20946  1.32392
7.40265  1.21061  1.11109
8.22031  1.11726  0.934004
8.0407  1.08182  0.79805
8.22031  1.11726  0.934004
7.59138  1.20946  1.32392
8.22031  1.11726  0.934004
8.22031  1.11726  0.934004
8.22031  1.11726  0.934004
7.61325  1.16111  0.964698
7.95101  1.0244  0.584617
8.83544  1.03622  0.667684
7.61325  1.16111  0.964698
7.61325  1.16111  0.964698
8.0407  1.08182  0.79805
7.40265  1.21061  1.11109
8.22031  1.11726  0.934004
7.97763  1.16111  0.964698
8.0407  1.08182  0.79805
6.93658  1.30398  1.99158
7.59138  1.20946  1.32392
8.22031  1.11726  0.934004
7.40265  1.21061  1.11109
6.60218  1.12292  0.799761
8.22031  1.11726  0.934004
7.59138  1.20946  1.32392
8.22031  1.11726  0.934004
8.22031  1.11726  0.934004
8.22031  1.11726  1.03818
8.22031  1.11726  0.934004
7.95101  1.0244  0.584617
8.22031  1.11726  0.934004
8.22031  1.11726  0.934004
6.60218  1.12292  0.799761
8.22031  1.11726  0.934004
8.0407  1.08182  0.79805
8.22031  1.11726  0.934004
7.97763  1.16111  0.964698
7.14817  1.27853  1.8425
8.0407  1.08182  0.79805
7.59138  1.20946  1.32392
8.22031  1.11726  0.934004
8.22031  1.11726  0.934004
8.22031  1.11726  0.934004
7.14817  1.27853  1.8425
8.22031  1.11726  0.934004
8.0407  1.08182  0.79805
6.93658  1.30398  1.99158
8.22031  1.11726  0.934004
6.93658  1.30398  1.99158
8.0407  1.08182  0.79805
8.07142  1.18333  1.08049
7.61325  1.16111  0.964698
8.22031  1.11726  0.934004
8.22031  1.11726  0.934004
8.22031  1.11726  0.934004
8.22031  1.11726  0.934004
8.22031  1.11726  0.934004
8.0407  1.08182  0.79805
7.59138  1.20946  1.32392
7.44042  1.26024  1.51559
7.61325  1.16111  0.964698
7.11338  1.22471  1.35272
8.83544  1.03622  0.667684
8.22031  1.11726  0.934004
6.93658  1.30398  1.99158
7.40265  1.21061  1.11109
6.93658  1.30398  1.99158
7.11338  1.22471  1.35272
6.93658  1.30398  1.99158
8.22031  1.11726  0.934004
8.22031  1.11726  0.934004
8.22031  1.11726  0.934004
6.93658  1.30398  1.99158
8.22031  1.11726  0.934004
7.41974  1.21697  1.32288
7.95101  1.0244  0.584617
7.59138  1.20946  1.32392
8.22031  1.11726  0.934004
8.22031  1.11726  0.934004
6.93658  1.30398  1.99158
6.93658  1.30398  1.99158
7.59138  1.20946  1.32392
8.22031  1.11726  0.934004
8.22031  1.11726  0.934004
7.59138  1.20946  1.32392
7.61325  1.16111  0.964698
8.0407  1.08182  0.79805
6.94262  1.27017  1.57516
8.22031  1.11726  0.934004
7.59138  1.20946  1.32392
8.22031  1.11726  0.934004
7.44042  1.26024  1.51559
