0.871641  -0.074981  -1.07271
0.873283  -0.0825264  -0.126804
0.911095  0.268923  -0.417513
0.855775  -0.187615  -0.381974
0.946967  0.365958  -0.661899
0.873283  -0.0825264  -0.126804
0.946967  0.365958  -0.661899
0.857943  -0.199328  0.78458
0.92809  0.260522  0.173745
0.911095  0.268923  -0.417513
0.921509  0.147722  0.0525082
0.9187  0.236255  0.372654
0.941758  0.307861  -0.476473
0.9187  0.236255  0.372654
0.916087  0.305611  0.473974
0.946967  0.43434  -1.38488
0.855775  -0.187615  -0.381974
0.890747  0.0223105  -1.48967
0.900849  -0.124253  -0.00156039
0.941758  0.307861  -0.476473
0.946967  0.43434  -1.38488
0.911095  0.268923  -0.417513
0.911095  0.244749  -0.264711
0.946967  0.43434  -1.38488
0.83572  -0.541774  -0.424829
0.901864  0.281207  0.0338386
0.890747  0.0223105  -1.48967
0.946967  0.365958  -0.661899
0.92809  0.260522  0.173745
0.9187  0.236255  0.372654
0.946967  0.365958  -0.661899
0.946967  0.365958  -0.661899
0.911095  0.289857  -0.264711
0.938342  0.326485  -0.108845
0.911095  0.289857  -0.264711
0.938342  0.449979  -0.187281
0.901864  0.281207  0.0338386
0.938342  0.326485  -0.0354168
0.898689  0.137327  0.732598
0.938342  0.326485  -0.465165
0.9187  0.236255  0.372654
0.871641  0.0779912  -0.859252
0.878243  0.138763  0.121118
0.946967  0.365958  -0.661899
0.938342  0.449979  -0.187281
0.890747  0.0223105  -1.48967
0.898689  0.137327  0.732598
0.9187  0.236255  0.372654
0.911095  0.268923  -0.417513
0.873283  -0.0825264  -0.126804
0.938342  0.449979  -0.187281
0.855775  -0.187615  -0.381974
0.857943  0.0362771  0.78458
0.938342  0.449979  -0.187281
0.901864  0.281207  0.0338386
0.959207  0.494674  -0.287833
0.946967  0.43434  -1.38488
0.938342  0.326485  -0.0354168
0.946967  0.43434  -1.38488
0.959207  0.494674  -0.287833
0.941758  0.307861  -0.476473
0.946967  0.365958  -0.661899
0.873283  -0.0825264  -0.126804
0.873283  -0.0825264  -0.126804
0.855775  -0.187615  -0.381974
0.946967  0.365958  -0.661899
0.9187  0.236255  0.372654
0.9187  0.236255  0.372654
0.9187  0.236255  0.372654
0.941758  0.307861  -0.476473
0.900849  -0.124253  -0.00156039
0.916087  0.305611  0.473974
0.9187  0.236255  0.372654
0.946967  0.365958  -0.661899
0.911095  0.383327  -0.0438476
0.911095  0.244749  -0.264711
0.911095  0.244749  -0.264711
0.92727  0.32369  -0.59604
0.947307  0.363484  0.340408
0.871641  0.0779912  -0.859252
0.946967  0.365958  -0.661899
0.938342  0.326485  -0.0354168
0.9187  0.236255  0.372654
0.946967  0.365958  -0.661899
0.901864  0.281207  0.0338386
0.871641  -0.074981  -1.07271
0.938342  0.326485  -0.465165
0.941758  0.307861  -0.476473
0.911095  0.268923  -0.417513
0.9187  0.236255  0.372654
0.921509  0.147722  0.0525082
0.878243  0.138763  0.121118
0.9187  0.236255  0.372654
0.890747  0.0223105  -1.48967
0.911095  0.244749  -0.264711
0.946967  0.365958  -0.661899
0.855775  -0.187615  -0.381974
0.890747  0.0223105  -1.48967
0.9187  0.236255  0.372654
0.938342  0.449979  -0.187281
0.83572  -0.541774  -0.424829
0.898689  0.137327  0.732598
0.916087  0.305611  0.473974
0.938342  0.326485  -0.108845
0.946967  0.365958  -0.661899
0.9187  0.236255  0.372654
0.901864  0.281207  0.0338386
0.916087  0.305611  0.473974
0.857943  0.0362771  0.78458
0.878243  0.138763  0.121118
0.857943  -0.199328  0.78458
0.900849  -0.124253  -0.00156039
0.95727  0.307861  -0.476473
0.946967  0.43434  -1.38488
0.941758  0.307861  -0.476473
0.878243  0.138763  0.121118
0.946967  0.365958  -0.661899
0.9187  0.236255  0.372654
0.938342  0.326485  -0.108845
0.941758  0.307861  -0.799597
0.857943  0.0362771  0.78458
0.871641  -0.074981  -1.07271
0.946967  0.365958  -0.661899
0.9187  0.236255  0.372654
0.921509  0.147722  0.0525082
0.911095  0.268923  -0.417513
0.911095  0.244749  -0.264711
0.938342  0.449979  -0.187281
0.938342  0.326485  -0.0354168
0.833282  -0.122683  0.701676
0.916087  0.305611  0.473974
0.92727  0.32369  -0.59604
0.9187  0.236255  0.372654
0.941758  0.307861  -0.476473
0.946967  0.365958  -0.661899
0.871641  -0.074981  -1.07271
0.911095  0.244749  -0.264711
0.911095  0.268923  -0.417513
0.873283  -0.0825264  -0.126804
0.911095  0.268923  -0.417513
0.911095  0.244749  -0.264711
0.9187  0.236255  0.372654
0.890747  0.0223105  -1.48967
0.857943  -0.199328  0.78458
0.900849  -0.124253  -0.00156039
0.938342  0.449979  -0.187281
0.92727  0.32369  -0.820352
0.938342  0.326485  -0.465165
0.901864  0.281207  0.0338386
0.900849  -0.124253  -0.00156039
0.959207  0.494674  -0.287833
0.946967  0.43434  -1.38488
0.857943  0.0362771  0.78458
0.938342  0.326485  -0.0354168
0.916087  0.305611  0.473974
0.92727  0.32369  -0.820352
0.873283  -0.0825264  -0.126804
0.873283  0.0296113  0.10659
0.900849  -0.124253  -0.00156039
0.9187  0.236255  0.372654
0.921509  0.147722  0.0525082
0.900849  -0.124253  -0.00156039
0.947307  0.363484  0.404965
0.941758  0.307861  -0.476473
0.916087  0.305611  0.473974
0.911095  0.244749  -0.264711
0.946967  0.365958  -0.661899
0.890747  0.0223105  -1.48967
0.833282  -0.122683  0.701676
0.916087  0.305611  0.473974
0.938342  0.326485  -0.108845
0.911095  0.244749  -0.264711
0.938342  0.326485  -0.0354168
0.9187  0.236255  0.372654
0.878243  0.138763  0.121118
0.946967  0.365958  -0.661899
0.947307  0.363484  0.404965
0.890747  0.0223105  -1.48967
0.9187  0.236255  0.372654
0.83572  -0.541774  -0.424829
0.857943  -0.199328  0.78458
0.911095  0.268923  -0.417513
0.873283  -0.0825264  -0.126804
0.83572  -0.541774  -0.424829
0.83572  -0.541774  -0.424829
0.9187  0.236255  0.372654
0.9187  0.236255  0.372654
0.9187  0.236255  0.372654
0.833282  -0.122683  0.701676
0.890747  0.0223105  -1.48967
0.92809  0.260522  0.173745
0.946967  0.43434  -1.38488
0.871641  -0.074981  -1.07271
0.941758  0.307861  -0.476473
0.855775  -0.187615  -0.381974
0.941758  0.307861  -0.476473
0.941758  0.307861  -0.476473
0.946967  0.43434  -1.38488
0.938342  0.449979  -0.187281
0.938342  0.449979  -0.187281
0.946967  0.43434  -1.38488
0.947307  0.363484  0.340408
0.938342  0.326485  -0.108845
0.898689  0.137327  0.732598
0.938342  0.449979  -0.187281
0.921509  0.147722  0.0525082
0.941758  0.307861  -0.476473
0.871641  0.0779912  -0.859252
0.911095  0.244749  -0.264711
0.901864  0.281207  0.0338386
0.857943  0.0362771  0.78458
0.9187  0.236255  0.372654
0.833282  -0.122683  0.701676
0.941758  0.307861  -0.799597
0.83572  -0.541774  -0.424829
0.946967  0.365958  -0.661899
0.941758  0.307861  -0.476473
0.901864  0.281207  0.0338386
0.911095  0.268923  -0.417513
0.938342  0.326485  -0.0354168
0.938342  0.326485  -0.0354168
0.959207  0.494674  -0.287833
0.911095  0.383327  -0.0438476
0.947307  0.363484  0.340408
0.946967  0.365958  -0.661899
0.9187  0.236255  0.372654
0.916087  0.305611  0.473974
0.911095  0.244749  -0.264711
0.959207  0.494674  -0.287833
0.911095  0.244749  -0.264711
0.946967  0.365958  -0.661899
0.857943  0.0362771  0.78458
0.941758  0.307861  -0.476473
0.946967  0.43434  -1.38488
0.938342  0.449979  -0.187281
0.901864  0.281207  0.0338386
0.890747  0.0223105  -1.48967
0.9187  0.236255  0.372654
0.855775  -0.187615  -0.381974
0.911095  0.244749  -0.264711
0.911095  0.289857  -0.264711
0.9187  0.236255  0.372654
0.946967  0.43434  -1.38488
0.911095  0.383327  -0.0438476
0.938342  0.449979  -0.187281
0.901864  0.281207  0.0338386
0.911095  0.268923  -0.417513
0.916087  0.305611  0.473974
0.921509  0.147722  0.0525082
0.890747  0.0223105  -1.48967
0.916087  0.305611  0.473974
0.911095  0.244749  -0.264711
0.959207  0.494674  -0.287833
0.938342  0.326485  -0.108845
0.941758  0.307861  -0.799597
0.938342  0.449979  -0.187281
0.855775  -0.187615  -0.381974
0.911095  0.244749  -0.264711
0.938342  0.326485  -0.465165
0.857943  -0.199328  0.78458
0.938342  0.449979  -0.187281
0.941758  0.307861  -0.476473
0.921509  0.147722  0.0525082
0.871641  0.0779912  -0.859252
0.9187  0.236255  0.372654
0.855775  -0.187615  -0.381974
0.9187  0.236255  0.372654
0.9187  0.236255  0.372654
0.911095  0.244749  -0.264711
0.890747  0.0223105  -1.48967
0.83572  -0.541774  -0.424829
0.911095  0.268923  -0.417513
0.946967  0.365958  -0.661899
0.916087  0.305611  0.473974
0.946967  0.43434  -1.38488
0.890747  0.0223105  -1.48967
0.873283  -0.0825264  -0.126804
0.941758  0.307861  -0.476473
0.938342  0.449979  -0.187281
0.941758  0.307861  -0.476473
0.911095  0.268923  -0.417513
0.938342  0.449979  -0.187281
0.959207  0.494674  -0.287833
0.938342  0.326485  -0.0354168
0.9187  0.236255  0.372654
0.911095  0.244749  -0.264711
0.921509  0.147722  0.0525082
0.938342  0.326485  -0.108845
0.938342  0.449979  -0.187281
0.911095  0.244749  -0.264711
0.938342  0.326485  -0.0354168
0.911095  0.268923  -0.417513
0.946967  0.43434  -1.38488
0.938342  0.449979  -0.187281
0.938342  0.449979  -0.187281
0.941758  0.307861  -0.476473
0.95727  0.307861  -0.476473
0.83572  -0.541774  -0.424829
0.911095  0.383327  -0.0438476
0.9187  0.236255  0.372654
0.901864  0.281207  0.0338386
0.946967  0.365958  -0.661899
0.946967  0.43434  -1.38488
0.83572  -0.541774  -0.424829
0.916087  0.305611  0.473974
0.911095  0.289857  -0.264711
0.9187  0.236255  0.372654
0.946967  0.365958  -0.661899
0.83572  -0.541774  -0.424829
0.929212  0.468631  -0.59082
0.906083  -0.0860507  -0.451169
0.9187  0.236255  0.372654
0.833282  -0.122683  0.701676
0.871641  0.0779912  -0.859252
0.911095  0.268923  -0.417513
0.938342  0.326485  -0.0354168
0.916087  0.305611  0.473974
0.916087  0.305611  0.473974
0.911095  0.244749  -0.264711
0.83572  -0.541774  -0.424829
0.890747  0.0223105  -1.48967
0.911095  0.244749  -0.264711
0.941758  0.307861  -0.799597
0.941758  0.307861  -0.799597
0.873283  -0.0825264  -0.126804
0.873283  0.0296113  0.10659
0.946967  0.43434  -1.38488
0.9187  0.236255  0.372654
0.911095  0.244749  -0.264711
0.92727  0.32369  -0.820352
0.938342  0.326485  -0.0354168
0.916087  0.305611  0.473974
0.878243  0.138763  0.121118
0.941758  0.307861  -0.476473
0.916087  0.305611  0.473974
0.911095  0.244749  -0.264711
0.92727  0.32369  -0.820352
0.916087  0.305611  0.473974
0.871641  -0.074981  -1.07271
0.890747  0.0223105  -1.48967
0.9187  0.236255  0.372654
0.890747  0.0223105  -1.48967
0.946967  0.365958  -0.661899
0.938342  0.449979  -0.187281
0.901864  0.281207  0.0338386
0.946967  0.43434  -1.38488
0.900849  -0.124253  -0.00156039
0.873283  -0.0825264  -0.126804
0.911095  0.383327  -0.0438476
0.9187  0.236255  0.372654
0.938342  0.449979  -0.187281
0.873283  -0.0825264  -0.126804
0.833282  -0.122683  0.701676
0.871641  -0.074981  -1.07271
0.9187  0.236255  0.372654
0.946967  0.365958  -0.661899
0.911095  0.268923  -0.417513
0.871641  0.0779912  -0.859252
0.947307  0.363484  0.404965
0.92727  0.32369  -0.820352
0.938342  0.326485  -0.0354168
0.941758  0.307861  -0.476473
0.911095  0.268923  -0.417513
0.946967  0.365958  -0.661899
0.900849  -0.124253  -0.00156039
0.873283  -0.0825264  -0.126804
0.890747  0.0223105  -1.48967
0.878243  0.138763  0.121118
0.911095  0.268923  -0.417513
0.911095  0.268923  -0.417513
0.871641  0.0779912  -0.859252
0.911095  0.268923  -0.417513
0.911095  0.289857  -0.264711
0.911095  0.268923  -0.417513
0.890747  0.0223105  -1.48967
0.938342  0.326485  -0.108845
0.946967  0.365958  -0.661899
0.855775  -0.187615  -0.381974
0.9187  0.236255  0.372654
0.911095  0.244749  -0.264711
0.911095  0.268923  -0.417513
0.938342  0.326485  -0.465165
0.95727  0.307861  -0.476473
0.9187  0.236255  0.372654
0.911095  0.244749  -0.264711
0.833282  -0.122683  0.701676
0.900849  -0.124253  -0.00156039
0.901864  0.281207  0.0338386
0.946967  0.365958  -0.661899
0.916087  0.305611  0.473974
0.916087  0.305611  0.473974
0.857943  -0.199328  0.78458
0.871641  -0.074981  -1.07271
0.938342  0.326485  -0.108845
0.946967  0.365958  -0.661899
0.9187  0.236255  0.372654
0.9187  0.236255  0.372654
0.911095  0.244749  -0.264711
0.873283  -0.0825264  -0.126804
0.946967  0.365958  -0.661899
0.911095  0.244749  -0.264711
0.941758  0.307861  -0.799597
0.9187  0.236255  0.372654
0.911095  0.244749  -0.264711
0.83572  -0.541774  -0.424829
0.9187  0.236255  0.372654
0.901864  0.281207  0.0338386
0.901864  0.281207  0.0338386
0.911095  0.244749  -0.264711
0.9187  0.236255  0.372654
0.855775  -0.187615  -0.381974
0.9187  0.236255  0.372654
0.938342  0.449979  -0.187281
0.938342  0.449979  -0.187281
0.901864  0.281207  0.0338386
0.898689  0.137327  0.732598
0.946967  0.365958  -0.661899
0.916087  0.305611  0.473974
0.938342  0.326485  -0.0354168
0.959207  0.494674  -0.287833
0.941758  0.307861  -0.476473
0.941758  0.307861  -0.476473
0.911095  0.268923  -0.417513
0.941758  0.307861  -0.799597
0.890747  0.0223105  -1.48967
0.871641  -0.074981  -1.07271
0.900849  -0.124253  -0.00156039
0.946967  0.365958  -0.661899
0.901864  0.281207  0.0338386
0.938342  0.449979  -0.187281
0.9187  0.236255  0.372654
0.890747  0.0223105  -1.48967
0.911095  0.244749  -0.264711
0.959207  0.494674  -0.287833
0.9187  0.236255  0.372654
0.941758  0.307861  -0.799597
0.878243  0.138763  0.121118
0.890747  0.0223105  -1.48967
0.921509  0.147722  0.0525082
0.911095  0.268923  -0.417513
0.901864  0.281207  0.0338386
0.9187  0.236255  0.372654
0.938342  0.326485  -0.108845
0.941758  0.307861  -0.476473
0.941758  0.307861  -0.799597
0.911095  0.383327  -0.0438476
0.938342  0.449979  -0.187281
0.911095  0.268923  -0.417513
0.911095  0.244749  -0.264711
0.916087  0.305611  0.473974
0.911095  0.268923  -0.417513
0.871641  0.0779912  -0.859252
0.9187  0.236255  0.372654
0.900849  -0.124253  -0.00156039
0.916087  0.305611  0.473974
0.906083  -0.0860507  -0.451169
0.941758  0.307861  -0.476473
0.938342  0.449979  -0.187281
0.890747  0.0223105  -1.48967
0.873283  -0.0825264  -0.126804
0.857943  0.0362771  0.78458
0.855775  -0.187615  -0.381974
0.873283  -0.0825264  -0.126804
0.83572  -0.541774  -0.424829
0.941758  0.307861  -0.799597
0.916087  0.305611  0.473974
0.946967  0.365958  -0.661899
0.878243  0.138763  0.121118
0.921509  0.147722  0.0525082
0.83572  -0.541774  -0.424829
0.938342  0.449979  -0.187281
0.890747  0.0223105  -1.48967
0.833282  -0.122683  0.701676
0.911095  0.244749  -0.264711
0.938342  0.449979  -0.187281
0.911095  0.244749  -0.264711
0.938342  0.449979  -0.187281
0.92727  0.32369  -0.665526
0.938342  0.449979  -0.187281
0.890747  0.0223105  -1.48967
0.871641  -0.074981  -1.07271
0.871641  0.0779912  -0.859252
0.873283  0.0296113  0.10659
0.83572  -0.541774  -0.424829
0.946967  0.43434  -1.38488
0.898689  0.137327  0.732598
0.941758  0.307861  -0.799597
0.946967  0.43434  -1.38488
0.911095  0.244749  -0.264711
0.946967  0.365958  -0.661899
0.901864  0.281207  0.0338386
0.890747  0.0223105  -1.48967
0.878243  0.138763  0.121118
0.941758  0.307861  -0.476473
0.901864  0.281207  0.0338386
0.900849  -0.124253  -0.00156039
0.959207  0.494674  -0.287833
0.873283  0.0296113  0.10659
0.901864  0.281207  0.0338386
0.916087  0.305611  0.473974
0.946967  0.365958  -0.661899
0.911095  0.268923  -0.417513
0.898689  0.137327  0.732598
0.961003  0.328234  -0.377579
0.941758  0.307861  -0.799597
0.959207  0.494674  -0.287833
0.873283  -0.0825264  -0.126804
0.938342  0.326485  -0.0354168
0.938342  0.449979  -0.187281
0.911095  0.268923  -0.417513
0.941758  0.307861  -0.476473
0.911095  0.268923  -0.417513
0.941758  0.307861  -0.476473
0.911095  0.268923  -0.417513
0.900849  -0.124253  -0.00156039
0.938342  0.449979  -0.187281
0.921509  0.147722  0.0525082
0.946967  0.365958  -0.661899
0.921509  0.147722  0.0525082
0.946967  0.365958  -0.661899
0.959207  0.494674  -0.287833
0.916087  0.305611  0.473974
0.921509  0.147722  0.0525082
0.946967  0.365958  -0.661899
0.898689  0.137327  0.732598
0.911095  0.244749  -0.264711
0.911095  0.244749  -0.264711
0.857943  0.0362771  0.78458
0.911095  0.268923  -0.417513
0.83572  -0.541774  -0.424829
0.898689  0.137327  0.732598
0.900849  -0.124253  -0.00156039
0.878243  0.138763  0.121118
0.946967  0.365958  -0.661899
0.9187  0.236255  0.372654
0.9187  0.236255  0.372654
0.9187  0.236255  0.372654
0.911095  0.244749  -0.264711
0.911095  0.383327  -0.0438476
0.911095  0.244749  -0.264711
0.921509  0.147722  0.0525082
0.921509  0.147722  0.0525082
0.941758  0.307861  -0.476473
0.873283  -0.0825264  -0.126804
0.873283  -0.0825264  -0.126804
0.901864  0.281207  0.0338386
0.901864  0.281207  0.0338386
0.938342  0.326485  -0.0354168
0.941758  0.307861  -0.476473
0.946967  0.365958  -0.661899
0.946967  0.365958  -0.661899
0.938342  0.449979  -0.187281
0.857943  -0.199328  0.78458
0.941758  0.307861  -0.476473
0.911095  0.244749  -0.264711
0.941758  0.307861  -0.799597
0.911095  0.244749  -0.264711
0.890747  0.0223105  -1.48967
0.890747  0.0223105  -1.48967
0.938342  0.449979  -0.187281
0.938342  0.326485  -0.0354168
0.911095  0.268923  -0.417513
0.911095  0.383327  -0.0438476
0.911095  0.268923  -0.417513
0.941758  0.307861  -0.476473
0.871641  0.0779912  -0.859252
0.938342  0.449979  -0.187281
0.911095  0.268923  -0.417513
0.917139  0.108096  -0.330058
0.911095  0.244749  -0.264711
0.9187  0.236255  0.372654
0.873283  -0.0825264  -0.126804
0.938342  0.449979  -0.187281
0.83572  -0.541774  -0.424829
0.901864  0.281207  0.0338386
0.911095  0.383327  -0.0438476
0.9187  0.236255  0.372654
0.9187  0.236255  0.372654
0.890747  0.0223105  -1.48967
0.911095  0.244749  -0.264711
0.938342  0.326485  -0.0354168
0.871641  0.0779912  -0.859252
0.941758  0.307861  -0.476473
0.941758  0.307861  -0.799597
0.938342  0.326485  -0.108845
0.921509  0.147722  0.0525082
0.855775  -0.187615  -0.381974
0.833282  -0.122683  0.701676
0.857943  -0.199328  0.78458
0.83572  -0.541774  -0.424829
0.946967  0.365958  -0.661899
0.9187  0.236255  0.372654
0.873283  -0.0825264  -0.126804
0.946967  0.365958  -0.661899
0.938342  0.326485  -0.0354168
0.941758  0.307861  -0.476473
0.9187  0.236255  0.372654
0.938342  0.449979  -0.187281
0.878243  0.138763  0.121118
0.916087  0.305611  0.473974
0.941758  0.307861  -0.799597
0.946967  0.365958  -0.661899
0.855775  -0.187615  -0.381974
0.946967  0.365958  -0.661899
0.946967  0.365958  -0.661899
0.901864  0.281207  0.0338386
0.911095  0.383327  -0.0438476
0.871641  -0.074981  -1.07271
0.941758  0.307861  -0.799597
0.857943  0.0362771  0.78458
0.833282  -0.122683  0.701676
0.938342  0.326485  -0.0354168
0.878243  0.138763  0.121118
0.941758  0.307861  -0.476473
0.946967  0.43434  -1.38488
0.938342  0.326485  -0.108845
0.9187  0.236255  0.372654
0.946967  0.365958  -0.661899
0.871641  0.0779912  -0.859252
0.9187  0.236255  0.372654
0.916087  0.305611  0.473974
0.855775  -0.187615  -0.381974
0.911095  0.268923  -0.417513
0.921509  0.147722  0.0525082
0.871641  -0.074981  -1.07271
0.938342  0.326485  -0.108845
0.941758  0.307861  -0.476473
0.938342  0.449979  -0.187281
0.857943  0.0362771  0.78458
0.921509  0.147722  0.0525082
0.946967  0.365958  -0.661899
0.941758  0.307861  -0.799597
0.911095  0.268923  -0.417513
0.890747  0.0223105  -1.48967
0.938342  0.449979  -0.187281
0.911095  0.268923  -0.417513
0.911095  0.268923  -0.417513
0.946967  0.365958  -0.661899
0.9187  0.236255  0.372654
0.946967  0.43434  -1.38488
0.901864  0.281207  0.0338386
0.911095  0.268923  -0.417513
0.938342  0.326485  -0.0354168
0.947307  0.363484  0.404965
0.911095  0.289857  -0.264711
0.900849  -0.124253  -0.00156039
0.871641  -0.074981  -1.07271
0.938342  0.326485  -0.108845
0.938342  0.326485  -0.0354168
0.9187  0.236255  0.372654
0.946967  0.365958  -0.661899
0.911095  0.289857  -0.264711
0.911095  0.268923  -0.417513
0.941758  0.307861  -0.476473
0.946967  0.43434  -1.38488
0.911095  0.268923  -0.417513
0.946967  0.43434  -1.38488
0.938342  0.326485  -0.465165
0.83572  -0.541774  -0.424829
0.878243  0.138763  0.121118
0.9187  0.236255  0.372654
0.9187  0.236255  0.372654
0.941758  0.307861  -0.476473
0.911095  0.268923  -0.417513
0.946967  0.365958  -0.661899
0.911095  0.244749  -0.264711
0.946967  0.43434  -1.38488
0.901864  0.281207  0.0338386
0.911095  0.268923  -0.417513
0.878243  0.138763  0.121118
0.911095  0.268923  -0.417513
0.92727  0.32369  -0.820352
0.938342  0.449979  -0.187281
0.9187  0.236255  0.372654
0.938342  0.326485  -0.108845
0.946967  0.365958  -0.661899
0.916087  0.305611  0.473974
0.911095  0.244749  -0.264711
0.857943  0.0362771  0.78458
0.946967  0.365958  -0.661899
0.911095  0.268923  -0.417513
0.916087  0.305611  0.473974
0.938342  0.449979  -0.187281
0.941758  0.307861  -0.476473
0.873283  -0.0825264  -0.126804
0.871641  0.0779912  -0.859252
0.911095  0.268923  -0.417513
0.911095  0.383327  -0.0438476
0.947307  0.363484  0.404965
0.873283  -0.0825264  -0.126804
0.941758  0.307861  -0.799597
0.938342  0.449979  -0.187281
0.890747  0.0223105  -1.48967
0.911095  0.289857  -0.264711
0.946967  0.365958  -0.661899
0.890747  0.0223105  -1.48967
0.871641  -0.074981  -1.07271
0.916087  0.305611  0.473974
0.857943  0.0362771  0.78458
0.873283  -0.0825264  -0.126804
0.941758  0.307861  -0.476473
0.911095  0.244749  -0.264711
0.947307  0.363484  0.404965
0.911095  0.268923  -0.417513
0.871641  -0.074981  -1.07271
0.921509  0.147722  0.0525082
0.911095  0.289857  -0.264711
0.946967  0.43434  -1.38488
0.890747  0.0223105  -1.48967
0.878243  0.138763  0.121118
0.911095  0.244749  -0.264711
0.911095  0.244749  -0.264711
0.916087  0.305611  0.473974
0.873283  -0.0825264  -0.126804
0.946967  0.365958  -0.661899
0.873283  -0.0825264  -0.126804
0.873283  -0.0825264  -0.126804
0.878243  0.138763  0.121118
0.890747  0.0223105  -1.48967
0.911095  0.268923  -0.417513
0.92727  0.32369  -0.665526
0.941758  0.307861  -0.799597
0.911095  0.289857  -0.264711
0.900849  -0.124253  -0.00156039
0.901864  0.281207  0.0338386
0.959207  0.494674  -0.287833
0.916087  0.305611  0.473974
0.906083  -0.0860507  -0.451169
0.878243  0.138763  0.121118
0.890747  0.0223105  -1.48967
0.946967  0.365958  -0.661899
0.941758  0.307861  -0.476473
0.873283  0.0296113  0.10659
0.9187  0.236255  0.372654
0.916087  0.305611  0.473974
0.941758  0.307861  -0.476473
0.9187  0.236255  0.372654
0.938342  0.449979  -0.187281
0.911095  0.268923  -0.417513
0.938342  0.326485  -0.0354168
0.946967  0.43434  -1.38488
0.83572  -0.541774  -0.424829
0.911095  0.268923  -0.417513
0.871641  -0.074981  -1.07271
0.946967  0.43434  -1.38488
0.941758  0.307861  -0.799597
0.901864  0.281207  0.0338386
0.946967  0.365958  -0.661899
0.873283  0.0296113  0.10659
0.941758  0.307861  -0.476473
0.941758  0.307861  -0.476473
0.890747  0.0223105  -1.48967
0.946967  0.365958  -0.661899
0.911095  0.268923  -0.417513
0.938342  0.449979  -0.187281
0.921509  0.147722  0.0525082
0.941758  0.307861  -0.476473
0.946967  0.365958  -0.661899
0.938342  0.449979  -0.187281
0.901864  0.281207  0.0338386
0.916087  0.305611  0.473974
0.911095  0.244749  -0.264711
0.833282  -0.122683  0.701676
0.938342  0.326485  -0.0354168
0.911095  0.244749  -0.264711
0.938342  0.326485  -0.0354168
0.911095  0.268923  -0.417513
0.911095  0.268923  -0.417513
0.855775  -0.187615  -0.381974
0.871641  -0.074981  -1.07271
0.938342  0.449979  -0.187281
0.901864  0.281207  0.0338386
0.901864  0.281207  0.0338386
0.857943  0.0362771  0.78458
0.941758  0.307861  -0.476473
0.911095  0.268923  -0.417513
0.9187  0.236255  0.372654
0.878243  0.138763  0.121118
0.878243  0.138763  0.121118
0.911095  0.268923  -0.417513
0.911095  0.268923  -0.417513
0.871641  -0.074981  -1.07271
0.921509  0.147722  0.0525082
0.916087  0.305611  0.473974
0.941758  0.307861  -0.476473
0.911095  0.244749  -0.264711
0.946967  0.365958  -0.661899
0.946967  0.43434  -1.38488
0.946967  0.365958  -0.661899
0.878243  0.138763  0.121118
0.938342  0.449979  -0.187281
0.911095  0.383327  -0.0438476
0.878243  0.138763  0.121118
0.9187  0.236255  0.372654
0.911095  0.244749  -0.264711
0.857943  0.0362771  0.78458
0.95727  0.307861  -0.476473
0.938342  0.449979  -0.187281
0.890747  0.0223105  -1.48967
0.938342  0.326485  -0.0354168
0.9187  0.236255  0.372654
0.890747  0.0223105  -1.48967
0.871641  0.0779912  -0.859252
0.833282  -0.122683  0.701676
0.946967  0.365958  -0.661899
0.946967  0.365958  -0.661899
0.946967  0.365958  -0.661899
0.938342  0.326485  -0.0354168
0.871641  0.0779912  -0.859252
0.9187  0.236255  0.372654
0.911095  0.268923  -0.417513
0.857943  0.0362771  0.78458
0.9187  0.236255  0.372654
0.916087  0.305611  0.473974
0.9187  0.236255  0.372654
0.916087  0.305611  0.473974
0.871641  0.0779912  -0.859252
0.938342  0.449979  -0.187281
0.9187  0.236255  0.372654
0.873283  -0.0825264  -0.126804
0.911095  0.268923  -0.417513
0.9187  0.236255  0.372654
0.929212  0.468631  -0.59082
0.871641  -0.074981  -1.07271
0.938342  0.449979  -0.187281
0.890747  0.0223105  -1.48967
0.938342  0.449979  -0.187281
0.921509  0.147722  0.0525082
0.929212  0.468631  -0.59082
0.871641  0.0779912  -0.859252
0.901864  0.281207  0.0338386
0.871641  -0.074981  -1.07271
0.871641  0.0779912  -0.859252
0.871641  -0.074981  -1.07271
0.871641  -0.074981  -1.07271
0.878243  0.138763  0.121118
0.947307  0.363484  0.404965
0.938342  0.326485  -0.0354168
0.890747  0.0223105  -1.48967
0.911095  0.268923  -0.417513
0.959207  0.494674  -0.287833
0.83572  -0.541774  -0.424829
0.938342  0.449979  -0.187281
0.921509  0.147722  0.0525082
0.83572  -0.541774  -0.424829
0.946967  0.365958  -0.661899
0.911095  0.268923  -0.417513
0.911095  0.244749  -0.264711
0.911095  0.244749  -0.264711
0.916087  0.305611  0.473974
0.911095  0.268923  -0.417513
0.947307  0.363484  0.404965
0.911095  0.268923  -0.417513
0.911095  0.244749  -0.264711
0.871641  0.0779912  -0.859252
0.911095  0.268923  -0.417513
0.871641  0.0779912  -0.859252
0.911095  0.244749  -0.264711
0.938342  0.449979  -0.187281
0.941758  0.307861  -0.476473
0.871641  0.0779912  -0.859252
0.9187  0.236255  0.372654
0.941758  0.307861  -0.799597
0.9187  0.236255  0.372654
0.901864  0.281207  0.0338386
0.878243  0.138763  0.121118
0.916087  0.305611  0.473974
0.946967  0.365958  -0.661899
0.911095  0.268923  -0.417513
0.890747  0.0223105  -1.48967
0.959207  0.494674  -0.287833
0.878243  0.138763  0.121118
0.901864  0.281207  0.0338386
0.946967  0.365958  -0.661899
0.941758  0.307861  -0.476473
0.9187  0.236255  0.372654
0.890747  0.0223105  -1.48967
0.941758  0.307861  -0.476473
0.921509  0.147722  0.0525082
0.911095  0.289857  -0.264711
0.911095  0.268923  -0.417513
0.938342  0.449979  -0.187281
0.911095  0.268923  -0.417513
0.855775  -0.187615  -0.381974
0.921509  0.147722  0.0525082
0.901864  0.281207  0.0338386
0.900849  -0.124253  -0.00156039
0.890747  0.0223105  -1.48967
0.946967  0.365958  -0.661899
0.947307  0.363484  0.340408
0.946967  0.365958  -0.661899
0.911095  0.268923  -0.417513
0.938342  0.326485  -0.0354168
0.921509  0.147722  0.0525082
0.890747  0.0223105  -1.48967
0.946967  0.43434  -1.38488
0.9187  0.236255  0.372654
0.901864  0.281207  0.0338386
0.873283  0.0296113  0.10659
0.946967  0.43434  -1.38488
0.83572  -0.541774  -0.424829
0.857943  -0.199328  0.78458
0.898689  0.137327  0.732598
0.941758  0.307861  -0.799597
0.878243  0.138763  0.121118
0.911095  0.289857  -0.264711
0.833282  -0.122683  0.701676
0.946967  0.365958  -0.661899
0.911095  0.244749  -0.264711
0.911095  0.268923  -0.417513
0.941758  0.307861  -0.476473
0.938342  0.449979  -0.187281
0.833282  -0.122683  0.701676
0.911095  0.244749  -0.264711
0.946967  0.365958  -0.661899
0.911095  0.383327  -0.0438476
0.941758  0.307861  -0.476473
0.946967  0.43434  -1.38488
0.873283  -0.0825264  -0.126804
0.901864  0.281207  0.0338386
0.906083  -0.0860507  -0.451169
0.946967  0.43434  -1.38488
0.916087  0.305611  0.473974
0.871641  0.0779912  -0.859252
0.9187  0.236255  0.372654
0.959207  0.494674  -0.287833
0.911095  0.268923  -0.417513
0.947307  0.363484  0.404965
0.898689  0.137327  0.732598
0.871641  0.0779912  -0.859252
0.911095  0.268923  -0.417513
0.938342  0.326485  -0.108845
0.941758  0.307861  -0.799597
0.890747  0.0223105  -1.48967
0.906083  -0.0860507  -0.451169
0.871641  0.0779912  -0.859252
0.946967  0.43434  -1.38488
0.911095  0.244749  -0.264711
0.941758  0.307861  -0.476473
0.916087  0.305611  0.473974
0.906083  -0.0860507  -0.451169
0.95727  0.307861  -0.476473
0.873283  -0.0825264  -0.126804
0.938342  0.449979  -0.187281
0.857943  0.0362771  0.78458
0.938342  0.326485  -0.0354168
0.83572  -0.541774  -0.424829
0.911095  0.268923  -0.417513
0.911095  0.268923  -0.417513
0.9187  0.236255  0.372654
0.95727  0.307861  -0.476473
0.941758  0.307861  -0.476473
0.898689  0.137327  0.732598
0.911095  0.383327  -0.0438476
0.911095  0.244749  -0.264711
0.938342  0.449979  -0.187281
0.946967  0.365958  -0.661899
0.878243  0.138763  0.121118
0.917139  0.108096  -0.330058
0.938342  0.326485  -0.0354168
0.901864  0.281207  0.0338386
0.901864  0.281207  0.0338386
0.959207  0.494674  -0.287833
0.911095  0.244749  -0.264711
0.921509  0.147722  0.0525082
0.916087  0.305611  0.473974
0.833282  -0.122683  0.701676
0.941758  0.307861  -0.799597
0.941758  0.307861  -0.799597
0.916087  0.305611  0.473974
0.911095  0.244749  -0.264711
0.873283  -0.0825264  -0.126804
0.9187  0.236255  0.372654
0.911095  0.268923  -0.417513
0.916087  0.305611  0.473974
0.941758  0.307861  -0.799597
0.938342  0.449979  -0.187281
0.938342  0.326485  -0.0354168
0.901864  0.281207  0.0338386
0.92809  0.260522  0.173745
0.916087  0.305611  0.473974
0.9187  0.236255  0.372654
0.911095  0.268923  -0.417513
0.890747  0.0223105  -1.48967
0.857943  -0.199328  0.78458
0.941758  0.307861  -0.476473
0.911095  0.244749  -0.264711
0.9187  0.236255  0.372654
0.947307  0.363484  0.404965
0.946967  0.43434  -1.38488
0.873283  0.0296113  0.10659
0.9187  0.236255  0.372654
0.938342  0.449979  -0.187281
0.911095  0.383327  -0.0438476
0.916087  0.305611  0.473974
0.9187  0.236255  0.372654
0.873283  0.0296113  0.10659
0.916087  0.305611  0.473974
0.857943  -0.199328  0.78458
0.916087  0.305611  0.473974
