0.859038  0.50653  0.0781803
0.89198  0.867868  -0.226155
0.863093  -1.58393  0.629918
0.871815  -0.797268  1.18037
0.887448  1.43443  0.555186
0.9  -0.392688  0.750212
0.878202  -1.59024  1.40563
0.874826  -0.304829  -0.435166
0.874826  -0.304829  -0.435166
0.856197  0.0684758  -1.58247
0.871815  -0.797268  1.18037
0.851165  0.479102  0.534132
0.871815  -0.797268  1.18037
0.90205  -0.432402  0.284345
0.874826  -0.102505  -0.479172
0.907063  0.556153  -0.109523
0.874826  -0.102505  -0.479172
0.859993  -0.330571  -0.613415
0.874826  -0.102505  -0.479172
0.863093  -1.58393  0.629918
0.863349  0.112818  0.443751
0.897964  1.22707  -0.19847
0.874826  -0.304829  -0.435166
0.863093  -1.58393  0.629918
0.907063  0.556153  -0.221596
0.863093  -1.58393  0.629918
0.874826  -0.304829  -0.435166
0.874826  -0.102505  -0.479172
0.9  -0.392688  0.750212
0.862328  1.43096  0.288752
0.874826  -0.102505  -0.479172
0.863349  0.112818  0.443751
0.862328  1.43096  0.288752
0.863349  0.112818  0.443751
0.90205  -1.04132  0.0456811
0.897964  1.22707  -0.19847
0.874826  -0.102505  -0.479172
0.857781  -0.101865  -0.662198
0.89198  0.867868  -0.226155
0.907063  0.556153  -0.221596
0.863349  0.112818  0.443751
0.887448  1.43443  0.555186
0.859993  -0.330571  -0.613415
0.856197  0.0684758  -1.58247
0.875703  0.0606834  0.0111793
0.874826  -0.304829  -0.435166
0.851165  0.479102  0.534132
0.897964  1.22707  -0.19847
0.887448  1.43443  0.555186
0.874781  -0.963681  0.398725
0.855595  0.770954  -0.123467
0.874826  -0.102505  -0.479172
0.874414  0.0251848  -0.00814946
0.890956  -0.235954  0.34386
0.875703  0.0606834  0.0111793
0.871815  -0.797268  1.18037
0.89198  0.867868  -0.226155
0.871815  -0.797268  1.18037
0.874826  -0.102505  -0.479172
0.871815  -0.797268  1.18037
0.878202  -1.59024  1.40563
0.874826  -0.102505  -0.479172
0.863349  0.112818  0.443751
0.874826  -0.102505  -0.479172
0.863093  -1.58393  0.629918
0.894896  0.473796  0.708775
0.863349  0.112818  0.443751
0.859993  -0.330571  -0.613415
0.894896  0.473796  0.708775
0.862328  1.43096  0.288752
0.874826  -0.102505  -0.479172
0.90205  -0.432402  0.284345
0.851165  0.479102  0.534132
0.875703  0.0606834  0.0111793
0.897964  1.24783  -0.19847
0.875703  0.0606834  0.0111793
0.894896  0.473796  0.708775
0.851165  0.479102  0.534132
0.894896  0.473796  0.708775
0.878202  -1.59024  1.40563
0.856197  0.0684758  -1.58247
0.863349  0.112818  0.443751
0.863349  0.112818  0.443751
0.874826  -0.304829  -0.435166
0.871815  -0.797268  1.18037
0.859484  -0.040919  -0.414293
0.894896  0.473796  0.708775
0.894896  0.473796  0.708775
0.863093  -1.58393  0.629918
0.875703  0.0606834  0.0111793
0.859038  0.50653  0.0781803
0.855595  0.770954  -0.123467
0.862328  1.43096  0.288752
0.862328  1.43096  0.288752
0.875703  0.0606834  0.0111793
0.862328  1.43096  0.288752
0.907063  0.556153  -0.109523
0.863093  -1.58393  0.629918
0.859038  0.50653  0.0781803
0.89198  0.867868  -0.226155
0.851165  0.479102  0.534132
0.863349  0.112818  0.443751
0.874781  -0.963681  0.398725
0.90205  -0.432402  0.284345
0.907063  0.556153  -0.109523
0.907063  0.556153  -0.109523
0.871815  -0.797268  1.18037
0.874826  -0.304829  -0.435166
0.863349  0.112818  0.443751
0.863349  0.112818  0.443751
0.907063  0.556153  -0.109523
0.874781  -0.963681  0.398725
0.863349  0.112818  0.443751
0.851165  0.567442  0.534132
0.878202  -1.59024  1.21395
0.863349  0.112818  0.443751
0.874826  -0.102505  -0.479172
0.874781  -0.963681  0.398725
0.863349  0.112818  0.443751
0.90205  -0.432402  0.284345
0.871815  -0.797268  1.18037
0.875703  0.0606834  0.0111793
0.863349  0.112818  0.443751
0.851165  0.567442  0.534132
0.859038  0.50653  0.0781803
0.871815  -0.797268  1.18037
0.863349  0.112818  0.443751
0.863349  0.112818  0.443751
0.871815  -0.797268  1.18037
0.878202  -1.59024  1.40563
0.894896  0.473796  0.708775
0.863349  0.112818  0.443751
0.878202  -1.59024  1.40563
0.871815  -0.797268  1.18037
0.897964  1.24783  -0.19847
0.874826  -0.102505  -0.338811
0.894896  0.473796  0.708775
0.874826  -0.102505  -0.479172
0.887448  1.12168  0.171798
0.90205  -0.432402  0.284345
0.871815  -0.797268  1.18037
0.851165  0.479102  0.534132
0.855595  0.770954  -0.123467
0.874826  -0.102505  -0.479172
0.874826  -0.102505  -0.479172
0.863349  0.112818  0.443751
0.9  -0.392688  0.750212
0.875703  0.0606834  0.0111793
0.875703  0.0606834  0.0111793
0.871815  -0.797268  1.18037
0.857781  -0.101865  -0.662198
0.874826  -0.102505  -0.479172
0.90205  -0.432402  0.284345
0.863349  0.112818  0.443751
0.875703  0.0606834  0.0111793
0.863349  0.112818  0.443751
0.878202  -1.59024  1.40563
0.887448  1.43443  0.555186
0.887448  1.43443  0.555186
0.874826  -0.304829  -0.435166
0.874781  -0.963681  0.398725
0.862328  1.43096  0.288752
0.875703  0.0606834  0.0111793
0.857781  -0.101865  -0.662198
0.878202  -1.59024  1.40563
0.894896  0.473796  0.708775
0.874826  -0.102505  -0.479172
0.851165  0.567442  0.534132
0.894896  0.473796  0.708775
0.848922  -0.542362  0.244585
0.851165  0.479102  0.534132
0.874781  -0.963681  0.398725
0.863349  0.112818  0.443751
0.862328  1.43096  0.288752
0.874826  -0.330571  -0.859974
0.878202  -1.59024  1.40563
0.875703  0.0606834  0.0111793
0.90205  -0.432402  0.284345
0.897964  1.22707  -0.19847
0.875703  0.0606834  0.0111793
0.878202  -1.59024  1.21395
0.890956  -0.235954  0.34386
0.878202  -1.59024  1.40563
0.897964  1.22707  -0.19847
0.890956  -0.235954  0.34386
0.863093  -1.58393  0.629918
0.871815  -0.797268  1.18037
0.871815  -0.797268  1.18037
0.874826  -0.102505  -0.479172
0.874826  -0.102505  -0.479172
0.907063  0.556153  -0.221596
0.894896  0.473796  0.708775
0.859038  0.50653  0.0781803
0.878202  -1.59024  1.21395
0.859038  0.50653  0.0781803
0.878202  -1.59024  1.40563
0.878202  -1.59024  1.40563
0.89198  0.867868  -0.226155
0.874826  -0.102505  -0.479172
0.874826  -0.102505  -0.479172
0.878202  -1.59024  1.21395
0.894896  0.473796  0.708775
0.90205  -0.432402  0.284345
0.856197  0.0684758  -1.58247
0.856197  0.0684758  -1.58247
0.851165  0.567442  0.534132
0.859038  0.50653  0.0781803
0.9  -0.392688  0.750212
0.862328  1.43096  0.288752
0.863349  0.112818  0.443751
0.863349  0.112818  0.443751
0.89198  0.867868  -0.226155
0.874826  -0.102505  -0.479172
0.874826  -0.102505  -0.479172
0.863349  0.112818  0.443751
0.874826  -0.304829  -0.435166
0.874826  -0.102505  -0.479172
0.859038  0.50653  0.0781803
0.851165  0.479102  0.534132
0.887448  1.43443  0.555186
0.907063  0.556153  -0.109523
0.856197  0.0684758  -1.58247
0.878202  -1.59024  1.40563
0.871815  -0.797268  1.18037
0.856197  0.0684758  -1.58247
0.862328  1.43096  0.288752
0.887448  1.43443  0.555186
0.862328  1.43096  0.288752
0.859038  0.50653  0.0781803
0.874826  -0.304829  -0.435166
0.862328  1.43096  0.288752
0.907063  0.556153  -0.109523
0.875703  0.0606834  0.0111793
0.863349  0.112818  0.443751
0.871815  -0.797268  1.18037
0.851165  0.479102  0.534132
0.874826  -0.330571  -0.859974
0.874826  -0.304829  -0.435166
0.874781  -0.963681  0.398725
0.890956  -0.235954  0.34386
0.863349  0.112818  0.443751
0.857781  -0.101865  -0.662198
0.863349  0.112818  0.443751
0.863093  -1.58393  0.629918
0.874826  -0.102505  -0.479172
0.851165  0.479102  0.534132
0.871815  -0.797268  1.18037
0.874826  -0.102505  -0.479172
0.907063  0.556153  -0.109523
0.863349  0.112818  0.443751
0.875703  0.0606834  0.0111793
0.859038  0.50653  0.0781803
0.871815  -0.797268  1.18037
0.878202  -1.59024  1.40563
0.874826  -0.304829  -0.435166
0.871815  -1.01245  1.37834
0.863093  -1.58393  0.629918
0.851165  0.567442  0.534132
0.871815  -0.797268  1.18037
0.863093  -1.58393  0.629918
0.878202  -1.59024  1.21395
0.907063  0.556153  -0.221596
0.871815  -0.797268  1.18037
0.874826  -0.102505  -0.479172
0.863349  0.112818  0.443751
0.875703  0.0606834  0.0111793
0.894896  0.473796  0.708775
0.851165  0.479102  0.534132
0.9  -0.392688  0.750212
0.863349  0.112818  0.443751
0.871815  -0.797268  1.18037
0.851165  0.567442  0.534132
0.862328  1.43096  0.288752
0.871815  -0.797268  1.18037
0.863349  0.112818  0.443751
0.863349  0.112818  0.443751
0.851165  0.479102  0.534132
0.859038  0.50653  0.0781803
0.863349  0.112818  0.443751
0.851165  0.567442  0.534132
0.878202  -1.59024  1.21395
0.862328  1.43096  0.288752
0.871815  -0.797268  1.18037
0.874826  -0.304829  -0.435166
0.89198  0.867868  -0.226155
0.887448  1.43443  0.555186
0.859038  0.50653  0.0781803
0.878202  -1.59024  1.21395
0.874826  -0.102505  -0.479172
0.878202  -1.59024  1.21395
0.878202  -1.59024  1.40563
0.878202  -1.59024  1.40563
0.851165  0.567442  0.534132
0.863093  -1.58393  0.629918
0.878202  -1.59024  1.40563
0.874826  -0.102505  -0.479172
0.859038  0.50653  0.0781803
0.875703  0.0606834  0.0111793
0.851165  0.479102  0.534132
0.874826  -0.304829  -0.435166
0.863093  -1.58393  0.629918
0.871815  -0.797268  1.18037
0.897964  1.22707  -0.19847
0.9  -0.392688  0.750212
0.875703  0.0606834  0.0111793
0.862328  1.43096  0.288752
0.897964  1.22707  -0.19847
0.874781  -0.963681  0.398725
0.881039  -0.0292833  1.32491
0.907063  0.556153  -0.109523
0.851165  0.567442  0.534132
0.874826  -0.304829  -0.435166
0.874781  -0.963681  0.398725
0.89198  0.867868  -0.226155
0.871815  -0.797268  1.18037
0.874826  -0.102505  -0.479172
0.859038  0.50653  0.0781803
0.875703  0.0606834  0.0111793
0.874826  -0.102505  -0.479172
0.863349  0.112818  0.443751
0.874826  -0.102505  -0.479172
0.871815  -0.797268  1.18037
0.874826  -0.102505  -0.338811
0.874826  -0.304829  -0.435166
0.863349  0.112818  0.443751
0.897964  1.22707  -0.19847
0.863093  -1.58393  0.629918
0.874826  -0.102505  -0.479172
0.871815  -0.797268  1.18037
0.9  -0.392688  0.750212
0.862328  1.43096  0.288752
0.871815  -0.47845  1.18037
0.871815  -0.797268  1.18037
0.848922  -0.542362  0.244585
0.862328  1.43096  0.288752
0.874826  -0.102505  -0.479172
0.874826  -0.102505  -0.479172
0.887448  1.43443  0.555186
0.863349  0.112818  0.443751
0.878202  -1.59024  1.40563
0.871815  -0.797268  1.18037
0.874826  -0.102505  -0.479172
0.907063  0.556153  -0.221596
0.859038  0.50653  0.0781803
0.878202  -1.59024  1.40563
0.871815  -0.797268  1.18037
0.871815  -0.797268  1.18037
0.874826  -0.102505  -0.479172
0.874826  -0.102505  -0.479172
0.863093  -1.58393  0.629918
0.875703  0.0606834  0.0111793
0.856197  0.0684758  -1.58247
0.862328  1.43096  0.288752
0.875703  0.0606834  0.0111793
0.863093  -1.58393  0.629918
0.871815  -0.797268  1.18037
0.874826  -0.102505  -0.479172
0.863349  0.112818  0.443751
0.90205  -0.432402  0.284345
0.897964  1.22707  -0.19847
0.874826  -0.102505  -0.479172
0.851165  0.567442  0.534132
0.863349  0.112818  0.443751
0.878202  -1.59024  1.21395
0.878202  -1.59024  1.40563
0.859993  -0.330571  -0.613415
0.863349  0.112818  0.443751
0.890956  -0.235954  0.34386
0.878202  -1.59024  1.40563
0.874826  -0.102505  -0.479172
0.871815  -0.797268  1.18037
0.878202  -1.59024  1.40563
0.878202  -1.59024  1.40563
0.863093  -1.58393  0.629918
0.855595  0.770954  -0.123467
0.863093  -1.58393  0.629918
0.859038  0.50653  0.0781803
0.851165  0.479102  0.534132
0.856197  0.0684758  -1.58247
0.875703  0.0606834  0.0111793
0.907063  0.556153  -0.109523
0.874826  -0.304829  -0.435166
0.874826  -0.102505  -0.479172
0.862328  1.43096  0.288752
0.878202  -1.59024  1.21395
0.890956  -0.235954  0.34386
0.89198  0.867868  -0.226155
0.859038  0.50653  0.0781803
0.863093  -1.58393  0.629918
0.897964  1.22707  -0.19847
0.859038  0.50653  0.0781803
0.897964  1.24783  -0.19847
0.851165  0.479102  0.534132
0.874826  -0.102505  -0.479172
0.874781  -0.963681  0.398725
0.887448  1.43443  0.555186
0.89198  0.867868  -0.226155
0.874414  0.0251848  -0.00814946
0.897964  1.22707  -0.19847
0.871815  -0.797268  1.18037
0.875703  0.0606834  0.0111793
0.874826  -0.102505  -0.479172
0.874826  -0.304829  -0.435166
0.878202  -1.59024  1.40563
0.859038  0.50653  0.0781803
0.894896  0.473796  0.708775
0.897964  1.22707  -0.19847
0.874826  -0.304829  -0.435166
0.859038  0.50653  0.0781803
0.874414  0.0251848  -0.00814946
0.863349  0.112818  0.443751
0.863349  0.112818  0.443751
0.862328  1.43096  0.288752
0.851165  0.567442  0.534132
0.897964  1.22707  -0.19847
0.863349  0.112818  0.443751
0.874826  -0.102505  -0.338811
0.856197  0.0684758  -1.58247
0.871815  -1.01245  1.37834
0.862328  1.43096  0.288752
0.859038  0.50653  0.0781803
0.857781  -0.101865  -0.662198
0.863093  -1.58393  0.629918
0.863349  0.112818  0.443751
0.874826  -0.304829  -0.435166
0.871815  -0.797268  1.18037
0.874414  0.0251848  -0.00814946
0.856197  0.0684758  -1.58247
0.878202  -1.59024  1.40563
0.874826  -0.102505  -0.479172
0.863349  0.112818  0.443751
0.874826  -0.330571  -0.859974
0.897964  1.22707  -0.19847
0.878202  -1.59024  1.40563
0.863349  0.112818  0.443751
0.874826  -0.102505  -0.479172
0.875703  0.0606834  0.0111793
0.863093  -1.58393  0.629918
0.897964  1.22707  -0.19847
0.875703  0.0606834  0.0111793
0.871815  -1.01245  1.37834
0.862328  1.43096  0.288752
0.878202  -1.59024  1.40563
0.851165  0.479102  0.534132
0.875703  0.0606834  0.0111793
0.907063  0.556153  -0.109523
0.897964  1.22707  -0.19847
0.856197  0.0684758  -1.58247
0.881604  1.15792  -0.723486
0.878202  -1.59024  1.40563
0.863093  -1.58393  0.629918
0.871815  -0.797268  1.18037
0.863349  0.112818  0.443751
0.890956  -0.235954  0.34386
0.862328  1.43096  0.288752
0.859038  0.50653  0.0781803
0.874826  -0.102505  -0.479172
0.856197  0.0684758  -1.58247
0.871815  -0.797268  1.18037
0.859484  -0.040919  -0.414293
0.859038  0.50653  0.0781803
0.871815  -0.797268  1.18037
0.90205  -0.432402  0.284345
0.874826  -0.102505  -0.479172
0.851165  0.567442  0.534132
0.874781  -0.963681  0.398725
0.887448  1.43443  0.555186
0.874826  -0.102505  -0.479172
0.871815  -0.797268  1.18037
0.859038  0.50653  0.0781803
0.897964  1.24783  -0.19847
0.857781  -0.101865  -0.662198
0.863349  0.112818  0.443751
0.874826  -0.304829  -0.435166
0.89198  0.867868  -0.226155
0.863349  0.112818  0.443751
0.881604  0.94931  -0.957224
0.874781  -0.963681  0.398725
0.887448  1.43443  0.555186
0.894896  0.473796  0.708775
0.862328  1.43096  0.288752
0.862328  1.43096  0.288752
0.871815  -0.797268  1.18037
0.90205  -0.432402  0.284345
0.894896  0.473796  0.708775
0.897964  1.22707  -0.19847
0.897964  1.22707  -0.19847
0.857781  -0.101865  -0.662198
0.863093  -1.58393  0.629918
0.874826  -0.304829  -0.435166
0.863093  -1.58393  0.629918
0.887448  1.43443  0.555186
0.871815  -0.797268  1.18037
0.863093  -1.58393  0.629918
0.863349  0.112818  0.443751
0.874781  -0.963681  0.398725
0.874826  -0.304829  -0.435166
0.874826  -0.102505  -0.479172
0.862328  1.43096  0.288752
0.878202  -1.59024  1.21395
0.862328  1.43096  0.288752
0.859038  0.50653  0.0781803
0.897964  1.22707  -0.19847
0.881604  0.94931  -0.957224
0.897964  1.22707  -0.19847
0.874826  -0.304829  -0.435166
0.851165  0.479102  0.534132
0.874826  -0.102505  -0.479172
0.887448  1.43443  0.555186
0.907063  0.556153  -0.109523
0.874781  -0.963681  0.398725
0.875703  0.0606834  0.0111793
0.89198  0.867868  -0.226155
0.874826  -0.102505  -0.338811
0.894896  0.473796  0.708775
0.863349  0.112818  0.443751
0.875703  0.0606834  0.0111793
0.897964  1.22707  -0.19847
0.874826  -0.102505  -0.338811
0.874826  -0.102505  -0.479172
0.863349  0.112818  0.443751
0.857781  -0.101865  -0.662198
0.90205  -0.432402  0.284345
0.863093  -1.58393  0.629918
0.907063  0.556153  -0.109523
0.89198  0.867868  -0.226155
0.874826  -0.102505  -0.479172
0.90205  -0.432402  0.284345
0.871815  -0.797268  1.18037
0.887448  1.43443  0.555186
0.878202  -1.59024  1.40563
0.875703  0.0606834  0.0111793
0.871815  -0.797268  1.18037
0.863349  0.112818  0.443751
0.851165  0.479102  0.534132
0.90205  -1.04132  0.0456811
0.875703  0.0606834  0.0111793
0.874826  -0.102505  -0.479172
0.875703  0.0606834  0.0111793
0.863349  0.112818  0.443751
0.907063  0.556153  -0.109523
0.862328  1.43096  0.288752
0.874826  -0.102505  -0.479172
0.875703  0.0606834  0.0111793
0.894896  0.473796  0.708775
0.871815  -0.797268  1.18037
0.878202  -1.59024  1.40563
0.874826  -0.304829  -0.435166
0.878202  -1.59024  1.40563
0.862328  1.43096  0.288752
0.878202  -1.59024  1.40563
0.874826  -0.102505  -0.479172
0.881604  1.15792  -0.723486
0.871815  -0.797268  1.18037
0.862328  1.43096  0.288752
0.859038  0.50653  0.0781803
0.878202  -1.59024  1.40563
0.874826  -0.304829  -0.435166
0.863349  0.112818  0.443751
0.874781  -0.963681  0.398725
0.859038  0.50653  0.0781803
0.887448  1.43443  0.555186
0.871815  -0.797268  1.18037
0.897964  1.22707  -0.19847
0.859038  0.50653  0.0781803
0.878202  -1.59024  1.40563
0.863093  -1.58393  0.629918
0.89198  0.867868  -0.226155
0.897964  1.22707  -0.19847
0.874826  -0.102505  -0.479172
0.894896  0.473796  0.708775
0.874826  -0.102505  -0.479172
0.89198  0.867868  -0.226155
0.871815  -0.797268  1.18037
0.862328  1.43096  0.288752
0.863349  0.112818  0.443751
0.863349  0.112818  0.443751
0.90205  -1.04132  0.0456811
0.89198  0.867868  -0.226155
0.897964  1.22707  -0.19847
0.859038  0.50653  0.0781803
0.874826  -0.102505  -0.479172
0.871815  -0.797268  1.18037
0.874826  -0.304829  -0.435166
0.874826  -0.102505  -0.479172
0.863349  0.112818  0.443751
0.851165  0.479102  0.534132
0.894896  0.473796  0.708775
0.89198  0.867868  -0.226155
0.863093  -1.58393  0.629918
0.878202  -1.59024  1.40563
0.863349  0.112818  0.443751
0.897964  1.22707  -0.19847
0.874826  -0.102505  -0.479172
0.863093  -1.58393  0.629918
0.878202  -1.59024  1.40563
0.874826  -0.102505  -0.479172
0.871815  -0.797268  1.18037
0.874781  -0.963681  0.398725
0.878202  -1.59024  1.40563
0.863093  -1.58393  0.629918
0.851165  0.567442  0.534132
0.859038  0.50653  0.0781803
0.874781  -0.963681  0.398725
0.878202  -1.59024  1.21395
0.863349  0.112818  0.443751
0.897964  1.24783  -0.19847
0.881604  0.94931  -0.957224
0.855595  0.770954  -0.123467
0.897964  1.22707  -0.19847
0.856197  0.0684758  -1.58247
0.890956  -0.235954  0.34386
0.897964  1.22707  -0.19847
0.863093  -1.58393  0.629918
0.878202  -1.59024  1.21395
0.894896  0.473796  0.708775
0.878202  -1.59024  1.40563
0.90205  -0.432402  0.284345
0.894896  0.473796  0.708775
0.863093  -1.58393  0.629918
0.874826  -0.102505  -0.479172
0.90205  -0.432402  0.284345
0.878202  -1.59024  1.40563
0.874826  -0.102505  -0.479172
0.875703  0.0606834  0.0111793
0.874826  -0.102505  -0.479172
0.878202  -1.59024  1.40563
0.859038  0.50653  0.0781803
0.859038  0.50653  0.0781803
0.894896  0.473796  0.708775
0.874826  -0.330571  -0.859974
0.874826  -0.102505  -0.479172
0.894896  0.473796  0.708775
0.863349  0.112818  0.443751
0.894896  0.473796  0.708775
0.875703  0.0606834  0.0111793
0.859038  0.50653  0.0781803
0.897964  1.22707  -0.19847
0.874781  -0.963681  0.398725
0.863349  0.112818  0.443751
0.874781  -0.963681  0.398725
0.863349  0.112818  0.443751
0.894896  0.473796  0.708775
0.875703  0.0606834  0.0111793
0.878202  -1.59024  1.40563
0.863093  -1.58393  0.629918
0.863349  0.112818  0.443751
0.871815  -0.797268  1.18037
0.856197  0.0684758  -1.58247
0.851165  0.567442  0.534132
0.874826  -0.304829  -0.435166
0.894896  0.473796  0.708775
0.878202  -1.59024  1.40563
0.90205  -0.432402  0.284345
0.907063  0.556153  -0.221596
0.863093  -1.58393  0.629918
0.863349  0.112818  0.443751
0.874826  -0.102505  -0.479172
0.874826  -0.102505  -0.338811
0.871815  -0.797268  1.18037
0.859038  0.50653  0.0781803
0.874826  -0.102505  -0.479172
0.874826  -0.102505  -0.479172
0.871815  -0.797268  1.18037
0.851165  0.479102  0.534132
0.90205  -1.04132  0.0456811
0.862328  1.43096  0.288752
0.897964  1.22707  -0.19847
0.851165  0.567442  0.534132
0.863093  -1.58393  0.629918
0.863093  -1.58393  0.629918
0.90205  -0.432402  0.284345
0.863349  0.112818  0.443751
0.878202  -1.59024  1.40563
0.878202  -1.59024  1.21395
0.874826  -0.102505  -0.479172
0.894896  0.473796  0.708775
0.862328  1.43096  0.288752
0.856197  0.0684758  -1.58247
0.90205  -0.432402  0.284345
0.90205  -1.04132  0.0456811
0.857781  -0.101865  -0.662198
0.862328  1.43096  0.288752
0.897964  1.22707  -0.19847
0.862328  1.43096  0.288752
0.862328  1.43096  0.288752
0.874826  -0.304829  -0.435166
0.874826  -0.304829  -0.435166
0.874826  -0.102505  -0.479172
0.874781  -0.963681  0.398725
0.871815  -0.797268  1.18037
0.874826  -0.304829  -0.435166
0.871815  -0.797268  1.18037
0.874826  -0.304829  -0.435166
0.90205  -0.432402  0.284345
0.878202  -1.59024  1.21395
0.890956  -0.235954  0.34386
0.859038  0.50653  0.0781803
0.875703  0.0606834  0.0111793
0.874826  -0.304829  -0.435166
0.874826  -0.102505  -0.479172
0.871815  -0.797268  1.18037
0.856197  0.0684758  -1.58247
0.859038  0.50653  0.0781803
0.871815  -0.797268  1.18037
0.874826  -0.304829  -0.435166
0.887448  1.12168  0.171798
0.871815  -0.797268  1.18037
0.862328  1.43096  0.288752
0.871815  -0.797268  1.18037
0.874414  0.0251848  -0.00814946
0.863093  -1.58393  0.629918
0.894896  0.473796  0.708775
0.851165  0.479102  0.534132
0.874826  -0.304829  -0.435166
0.856197  0.0684758  -1.58247
0.871815  -0.797268  1.18037
0.851165  0.479102  0.534132
0.856197  0.0684758  -1.58247
0.863349  0.112818  0.443751
0.878202  -1.59024  1.40563
0.894896  0.473796  0.708775
0.874826  -0.102505  -0.479172
0.90205  -0.432402  0.284345
0.89198  0.867868  -0.226155
0.897964  1.22707  -0.19847
0.863349  0.112818  0.443751
0.875703  0.0606834  0.0111793
0.907063  0.556153  -0.109523
0.89198  0.867868  -0.226155
0.897964  1.22707  -0.19847
0.9  -0.392688  0.750212
0.856197  0.0684758  -1.58247
0.871815  -0.797268  1.18037
0.897964  1.24783  -0.19847
0.863093  -1.58393  0.629918
0.875703  0.0606834  0.0111793
0.874826  -0.102505  -0.479172
0.894896  0.473796  0.708775
0.874826  -0.102505  -0.479172
0.875703  0.0606834  0.0111793
0.90205  -1.04132  0.0456811
0.878202  -1.59024  1.21395
0.878202  -1.59024  1.40563
0.878202  -1.59024  1.21395
0.897964  1.22707  -0.19847
0.863093  -1.58393  0.629918
0.856197  0.0684758  -1.58247
0.907063  0.556153  -0.109523
0.857781  -0.101865  -0.662198
0.90205  -0.432402  0.284345
0.874781  -0.963681  0.398725
0.851165  0.479102  0.534132
0.874826  -0.304829  -0.435166
0.90205  -0.432402  0.284345
0.863349  0.112818  0.443751
0.859038  0.50653  0.0781803
0.863349  0.112818  0.443751
0.863349  0.112818  0.443751
0.875703  0.0606834  0.0111793
0.862328  1.43096  0.288752
0.863093  -1.58393  0.629918
0.863349  0.112818  0.443751
0.863093  -1.58393  0.629918
0.874826  -0.102505  -0.338811
0.878202  -1.59024  1.40563
0.89198  0.867868  -0.226155
0.894896  0.473796  0.708775
0.863093  -1.58393  0.629918
0.878202  -1.59024  1.40563
0.907063  0.556153  -0.109523
0.887448  1.43443  0.555186
0.856197  0.0684758  -1.58247
0.863093  -1.58393  0.629918
0.874826  -0.304829  -0.435166
0.851165  0.567442  0.534132
0.856197  0.0684758  -1.58247
0.897964  1.24783  -0.19847
0.874826  -0.304829  -0.435166
0.887448  1.12168  0.171798
0.859038  0.50653  0.0781803
0.874826  -0.102505  -0.479172
0.894896  0.473796  0.708775
0.878202  -1.59024  1.40563
0.878202  -1.59024  1.40563
0.878202  -1.59024  1.40563
0.863349  0.112818  0.443751
0.89198  0.867868  -0.226155
0.863093  -1.58393  0.629918
0.871815  -0.797268  1.18037
0.874826  -0.102505  -0.479172
0.878202  -1.59024  1.40563
0.874826  -0.102505  -0.479172
0.878202  -1.59024  1.40563
0.907063  0.556153  -0.109523
0.9  -0.392688  0.750212
0.871815  -1.01245  1.37834
0.9  -0.392688  0.750212
0.878202  -1.59024  1.21395
0.851165  0.567442  0.534132
0.862328  1.43096  0.288752
0.862328  1.43096  0.288752
0.874826  -0.102505  -0.479172
0.875703  0.0606834  0.0111793
0.874826  -0.304829  -0.435166
0.874781  -0.963681  0.398725
0.890956  -0.235954  0.34386
0.863349  0.112818  0.443751
0.90205  -0.432402  0.284345
0.878202  -1.59024  1.40563
0.851165  0.479102  0.534132
0.871815  -0.797268  1.18037
0.878202  -1.59024  1.40563
0.862328  1.43096  0.288752
0.894896  0.473796  0.708775
0.897964  1.24783  -0.19847
0.894896  0.473796  0.708775
0.890956  -0.235954  0.34386
0.894896  0.473796  0.708775
0.851165  0.479102  0.534132
0.878202  -1.59024  1.40563
0.878202  -1.59024  1.21395
0.875703  0.0606834  0.0111793
0.878202  -1.59024  1.40563
0.894896  0.473796  0.708775
0.878202  -1.59024  1.21395
0.878202  -1.59024  1.40563
0.894896  0.473796  0.708775
0.863093  -1.58393  0.629918
0.862328  1.43096  0.288752
0.907063  0.556153  -0.221596
0.863349  0.112818  0.443751
0.874826  -0.102505  -0.479172
0.887448  1.43443  0.555186
0.887448  1.43443  0.555186
0.863349  0.112818  0.443751
0.878202  -1.59024  1.40563
0.887448  1.43443  0.555186
0.9  -0.392688  0.750212
0.90205  -0.432402  0.284345
0.897964  1.22707  -0.19847
0.856197  0.0684758  -1.58247
0.9  -0.392688  0.750212
0.878202  -1.59024  1.40563
0.859993  -0.330571  -0.613415
0.89198  0.867868  -0.226155
0.878202  -1.59024  1.21395
0.874826  -0.102505  -0.479172
0.851165  0.479102  0.534132
0.874826  -0.102505  -0.479172
0.907063  0.556153  -0.109523
0.90205  -0.432402  0.284345
0.871815  -0.797268  1.18037
0.897964  1.22707  -0.19847
0.9  -0.392688  0.750212
0.887448  1.43443  0.555186
0.862328  1.43096  0.288752
0.874414  0.0251848  -0.00814946
0.878202  -1.59024  1.40563
0.859038  0.50653  0.0781803
0.863349  0.112818  0.443751
0.851165  0.479102  0.534132
0.90205  -0.432402  0.284345
0.863093  -1.58393  0.629918
0.894896  0.473796  0.708775
0.874826  -0.102505  -0.479172
0.874781  -0.963681  0.398725
0.894896  0.473796  0.708775
0.874826  -0.102505  -0.338811
0.871815  -0.797268  1.18037
0.897964  1.22707  -0.19847
0.887448  1.12168  0.171798
0.874826  -0.102505  -0.338811
0.863349  0.112818  0.443751
0.878202  -1.59024  1.40563
0.857781  -0.101865  -0.662198
0.887448  1.43443  0.555186
0.875703  0.0606834  0.0111793
0.863349  0.112818  0.443751
0.859038  0.50653  0.0781803
0.9  -0.392688  0.750212
0.874826  -0.304829  -0.435166
0.878202  -1.59024  1.21395
0.875703  0.0606834  0.0111793
0.897964  1.22707  -0.19847
0.897964  1.22707  -0.19847
0.863349  0.112818  0.443751
0.89198  0.867868  -0.226155
0.874826  -0.102505  -0.479172
0.878202  -1.59024  1.40563
0.907063  0.556153  -0.221596
0.871815  -1.01245  1.37834
0.874826  -0.102505  -0.479172
0.859038  0.50653  0.0781803
0.874826  -0.304829  -0.435166
0.863349  0.112818  0.443751
0.89198  0.867868  -0.226155
0.894896  0.473796  0.708775
0.90205  -1.04132  0.0456811
0.894896  0.473796  0.708775
0.878202  -1.59024  1.40563
0.89198  0.867868  -0.226155
0.856197  0.0684758  -1.58247
0.863349  0.112818  0.443751
0.851165  0.479102  0.534132
0.863093  -1.58393  0.629918
0.862328  1.43096  0.288752
0.857781  -0.101865  -0.662198
0.857781  -0.101865  -0.662198
0.863349  0.112818  0.443751
0.878202  -1.59024  1.40563
0.90205  -0.432402  0.284345
0.897964  1.22707  -0.19847
0.874414  0.0251848  -0.00814946
0.878202  -1.59024  1.40563
0.871815  -0.797268  1.18037
0.859993  -0.330571  -0.613415
0.863093  -1.58393  0.629918
0.878202  -1.59024  1.40563
0.862328  1.43096  0.288752
0.90205  -0.432402  0.284345
0.871815  -0.797268  1.18037
0.878202  -1.59024  1.21395
0.871815  -0.797268  1.18037
0.862328  1.43096  0.288752
0.878202  -1.59024  1.40563
0.90205  -0.432402  0.284345
0.894896  0.473796  0.708775
0.862328  1.43096  0.288752
0.863093  -1.58393  0.629918
0.874826  -0.102505  -0.479172
0.871815  -0.797268  1.18037
0.874826  -0.102505  -0.479172
0.887448  1.43443  0.555186
0.874826  -0.102505  -0.479172
0.863349  0.112818  0.443751
0.874826  -0.102505  -0.479172
0.875703  0.0606834  0.0111793
0.875703  0.0606834  0.0111793
0.859993  -0.330571  -0.613415
0.874826  -0.102505  -0.338811
0.863349  0.112818  0.443751
0.90205  -0.432402  0.284345
0.871815  -1.01245  1.37834
0.863093  -1.58393  0.629918
0.894896  0.473796  0.708775
0.878202  -1.59024  1.40563
0.874414  0.0251848  -0.00814946
0.875703  0.0606834  0.0111793
0.863349  0.112818  0.443751
0.851165  0.567442  0.534132
0.851165  0.479102  0.534132
0.894896  0.473796  0.708775
0.874826  -0.102505  -0.479172
0.874826  -0.304829  -0.435166
0.90205  -0.432402  0.284345
0.894896  0.473796  0.708775
0.851165  0.479102  0.534132
0.862328  1.43096  0.288752
0.857781  -0.101865  -0.662198
0.859038  0.50653  0.0781803
0.875703  0.0606834  0.0111793
0.887448  1.43443  0.555186
0.89198  0.867868  -0.226155
0.907063  0.556153  -0.109523
0.855595  0.770954  -0.123467
0.878202  -1.59024  1.40563
0.862328  1.43096  0.288752
0.907063  0.556153  -0.109523
0.862328  1.43096  0.288752
0.874826  -0.102505  -0.479172
0.878202  -1.59024  1.40563
0.874826  -0.102505  -0.479172
0.859993  -0.330571  -0.613415
0.871815  -0.797268  1.18037
0.862328  1.43096  0.288752
0.894896  0.473796  0.708775
0.875703  0.0606834  0.0111793
0.878202  -1.59024  1.40563
0.887448  1.43443  0.555186
0.871815  -0.797268  1.18037
0.862328  1.43096  0.288752
0.878202  -1.59024  1.40563
0.90205  -0.432402  0.284345
0.859038  0.50653  0.0781803
0.878202  -1.59024  1.21395
0.863349  0.112818  0.443751
0.897964  1.22707  -0.19847
0.907063  0.556153  -0.221596
0.851165  0.479102  0.534132
0.863349  0.112818  0.443751
0.89198  0.867868  -0.226155
0.897964  1.22707  -0.19847
0.859038  0.50653  0.0781803
0.863349  0.112818  0.443751
0.859993  -0.330571  -0.613415
0.862328  1.43096  0.288752
0.874826  -0.102505  -0.479172
0.862328  1.43096  0.288752
0.871815  -0.797268  1.18037
