t meta_n emi  mean_info  tr1  tr2  tr3  strategy
0  103787  0.100088  0.499803  0.900007  0.000821918  0.000113678  4
100  79688  0.178372  0.721951  0.675882  0.0758033  -0.00117142  4
200  79113  0.252724  0.759631  0.572411  0.133732  0.00771187  4
300  79779  0.276535  0.754835  0.559058  0.187275  0.0330918  4
400  78792  0.275526  0.755854  0.558756  0.20722  0.00938412  4
500  79154  0.27653  0.741567  0.559746  0.213096  -0.00910297  4
600  80186  0.275277  0.720942  0.563904  0.235715  -0.00413291  4
700  79811  0.27789  0.731317  0.573171  0.264531  0.00593666  4
800  79128  0.266723  0.72577  0.58226  0.293357  0.0156123  4
900  80489  0.27934  0.726175  0.591564  0.328981  0.0383863  4
1000  79657  0.268131  0.722639  0.589589  0.312062  0.0129977  4
1100  79734  0.270491  0.701407  0.592659  0.320412  0.0348239  4
1200  79401  0.263357  0.716988  0.590362  0.322213  0.0519264  4
1300  80279  0.270892  0.712469  0.588707  0.334063  0.0824136  4
1400  79544  0.266673  0.703044  0.584374  0.331262  0.0568523  4
1500  79941  0.281205  0.714355  0.586015  0.349825  0.0603012  4
1600  79613  0.269096  0.721098  0.587017  0.341209  0.0831804  4
1700  79620  0.267353  0.705615  0.591553  0.346931  0.103154  4
1800  79861  0.268039  0.699534  0.590949  0.339381  0.113123  4
1900  79508  0.26325  0.695559  0.58926  0.324048  0.101834  4
2000  80330  0.266965  0.699204  0.596335  0.350473  0.100398  4
2100  80850  0.273123  0.718138  0.593947  0.353079  0.024875  4
2200  79723  0.26688  0.716535  0.592302  0.347968  0.0246339  4
2300  78534  0.254599  0.72106  0.597399  0.358632  -0.0137442  4
2400  79268  0.257849  0.724849  0.600167  0.360594  -0.0611961  4
2500  79455  0.261409  0.717529  0.594818  0.357701  -0.0731138  4
2600  80345  0.269177  0.708873  0.595307  0.356806  -0.065962  4
2700  80760  0.268332  0.70629  0.596065  0.361024  -0.0382202  4
2800  80605  0.275617  0.710002  0.5967  0.380969  0.00546281  4
2900  79225  0.269575  0.692796  0.600141  0.388229  0.0441195  4
3000  79851  0.255521  0.692071  0.604342  0.372583  0.0422502  4
3100  80239  0.264956  0.69126  0.597332  0.375124  0.0597116  4
3200  79158  0.258069  0.6949  0.59946  0.377038  0.0883242  4
3300  79744  0.266031  0.693552  0.592336  0.38078  0.066354  4
3400  80516  0.272902  0.689982  0.596887  0.391811  0.0829889  4
3500  80994  0.274321  0.684894  0.599875  0.397838  0.0949215  4
3600  79458  0.26969  0.679712  0.594671  0.393179  0.0887607  4
3700  78872  0.261816  0.678713  0.596407  0.397762  0.14468  4
3800  79761  0.268684  0.674502  0.594918  0.402282  0.153109  4
3900  80118  0.258913  0.673797  0.59741  0.385723  0.131028  4
4000  80812  0.258191  0.673886  0.590987  0.350347  0.182732  4
4100  80161  0.258556  0.682351  0.590699  0.35411  0.134981  4
4200  79846  0.253196  0.685245  0.58827  0.342243  0.100957  4
4300  79890  0.260635  0.68474  0.593664  0.347804  0.132069  4
4400  80870  0.268068  0.663873  0.589865  0.357881  0.211222  4
4500  81043  0.280205  0.666523  0.591675  0.362255  0.208495  4
4600  80667  0.258376  0.673853  0.589495  0.353006  0.264666  4
4700  80531  0.264014  0.670274  0.59294  0.363707  0.292339  4
4800  79972  0.265079  0.675032  0.588479  0.358414  0.284711  4
4900  80911  0.271713  0.672797  0.588133  0.356712  0.27882  4
5000  80594  0.256489  0.672397  0.591258  0.366037  0.316124  4
5100  79617  0.250523  0.680196  0.593205  0.36629  0.268662  4
5200  80662  0.26261  0.681295  0.590896  0.341771  0.250023  4
5300  79778  0.262615  0.678949  0.590936  0.34368  0.211217  4
5400  80471  0.259328  0.664844  0.592583  0.343628  0.172261  4
5500  80012  0.252444  0.66032  0.594322  0.347077  0.187037  4
5600  79784  0.252405  0.658368  0.591489  0.349225  0.24459  4
5700  79741  0.257504  0.652184  0.595901  0.37454  0.245437  4
5800  80397  0.257169  0.656998  0.594403  0.371115  0.29437  4
5900  79431  0.253545  0.655441  0.599877  0.38475  0.30364  4
6000  79626  0.258087  0.645863  0.601473  0.393909  0.285941  4
6100  80238  0.256018  0.650686  0.60287  0.398224  0.282082  4
6200  80289  0.257263  0.652758  0.608242  0.424866  0.30704  4
6300  79550  0.258696  0.642194  0.609656  0.438571  0.332432  4
6400  80399  0.274841  0.648765  0.608353  0.441636  0.354862  4
6500  79509  0.258865  0.639499  0.609891  0.440616  0.421584  4
6600  79915  0.25638  0.635507  0.611228  0.448427  0.49737  4
6700  79665  0.252947  0.635946  0.606256  0.43558  0.516629  4
6800  79466  0.247353  0.634875  0.609399  0.437947  0.501018  4
6900  80699  0.262643  0.640007  0.607997  0.43791  0.538978  4
7000  81086  0.262988  0.626702  0.60729  0.442595  0.579515  4
7100  79703  0.264784  0.624662  0.603118  0.440199  0.583853  4
7200  79709  0.263404  0.614062  0.602021  0.447311  0.630022  4
7300  80670  0.264807  0.605207  0.604804  0.447874  0.655388  4
7400  79408  0.248929  0.61021  0.605232  0.452624  0.67719  4
7500  80032  0.266593  0.610115  0.602556  0.454635  0.677633  4
7600  81087  0.258131  0.615726  0.603066  0.453357  0.712298  4
7700  79954  0.257751  0.615091  0.60527  0.459221  0.742521  4
7800  79163  0.249519  0.623063  0.603731  0.456012  0.741379  4
7900  80368  0.266214  0.615066  0.603984  0.458076  0.783589  4
8000  80426  0.250861  0.615226  0.602052  0.449096  0.779994  4
8100  80033  0.256835  0.623255  0.6045  0.458081  0.774424  4
8200  79338  0.249016  0.61564  0.606069  0.466759  0.841112  4
8300  80111  0.261  0.616975  0.607658  0.475909  0.844402  4
8400  80488  0.261962  0.621366  0.610833  0.477928  0.846853  4
8500  80120  0.249318  0.624231  0.609861  0.483722  0.818131  4
8600  79566  0.254218  0.626283  0.610681  0.480756  0.868934  4
8700  80912  0.247966  0.621229  0.610608  0.484357  0.856  4
8800  79976  0.250939  0.61926  0.614234  0.501977  0.872846  4
8900  82095  0.26741  0.61245  0.616522  0.508315  0.859434  4
9000  81038  0.254296  0.603165  0.617759  0.522962  0.916798  4
9100  80624  0.258755  0.608863  0.615723  0.512726  0.920759  4
9200  80442  0.254983  0.603581  0.617182  0.519056  0.909028  4
9300  80293  0.257035  0.606088  0.620915  0.53186  0.867435  4
9400  81003  0.254877  0.596495  0.620649  0.535732  0.935799  4
9500  80673  0.258116  0.601535  0.622334  0.537938  0.891087  4
9600  79086  0.245177  0.600523  0.622804  0.536393  0.910381  4
9700  79531  0.248175  0.601516  0.61996  0.529755  0.924536  4
9800  79203  0.242344  0.592505  0.622106  0.532247  0.917329  4
9900  79026  0.241128  0.59364  0.62008  0.523347  0.910057  4
