t meta_n emi  mean_info  tr1  tr2  tr3  strategy
0  104613  0.098632  0.493608  0.900094  0.000754366  -3.45424e-05  4
100  76824  0.178701  0.58959  0.64112  0.0883817  0.00439463  4
200  77865  0.270427  0.543418  0.522095  0.140167  0.00597418  4
300  78631  0.286421  0.494056  0.514672  0.185983  0.00868175  4
400  78453  0.293527  0.457296  0.508715  0.235702  0.0104112  4
500  77493  0.298006  0.413272  0.50825  0.271003  -0.00643009  4
600  77882  0.312864  0.411503  0.513589  0.316027  -0.00317447  4
700  76987  0.303275  0.376855  0.527537  0.353525  -0.0573664  4
800  78529  0.312245  0.371846  0.530531  0.383868  -0.0454799  4
900  78327  0.313147  0.372745  0.549778  0.433641  -0.0321942  4
1000  77630  0.307893  0.371079  0.569323  0.47312  0.0194535  4
1100  78723  0.306665  0.369932  0.585842  0.525891  0.0104769  4
1200  77674  0.295993  0.355703  0.601848  0.561981  0.00316673  4
1300  78769  0.30073  0.35042  0.617203  0.615189  0.0309039  4
1400  78182  0.291753  0.35605  0.632241  0.660832  0.0342136  4
1500  78329  0.295704  0.353867  0.646797  0.702905  0.0517867  4
1600  78971  0.290528  0.3499  0.652309  0.707143  0.0358832  4
1700  79161  0.287981  0.356682  0.656041  0.711312  0.0697048  4
1800  77883  0.294763  0.346216  0.658103  0.730226  0.0917597  4
1900  79131  0.293875  0.346228  0.65616  0.73426  0.0795231  4
2000  79362  0.301257  0.351643  0.658221  0.740279  0.0568145  4
2100  77949  0.294286  0.365643  0.668428  0.762951  0.0941898  4
2200  79037  0.29659  0.362088  0.667714  0.771725  0.10202  4
2300  77890  0.290194  0.346658  0.678334  0.796125  0.111309  4
2400  78624  0.284283  0.348984  0.688615  0.809071  0.126572  4
2500  78342  0.282622  0.353469  0.692142  0.813441  0.157306  4
2600  79226  0.285167  0.342367  0.700677  0.826605  0.207551  4
2700  78373  0.283486  0.334013  0.71149  0.853327  0.185995  4
2800  78595  0.277002  0.327102  0.717335  0.860032  0.210615  4
2900  79477  0.285295  0.340765  0.722889  0.872749  0.227408  4
3000  79451  0.291092  0.343546  0.733617  0.894408  0.206258  4
3100  78638  0.280715  0.337424  0.739883  0.903909  0.157535  4
3200  79242  0.287349  0.329547  0.73896  0.905634  0.196135  4
3300  79528  0.277041  0.320437  0.73858  0.910218  0.20572  4
3400  79302  0.286304  0.324241  0.744722  0.921943  0.138083  4
3500  78045  0.285249  0.326618  0.742761  0.925241  0.17924  4
3600  78807  0.280084  0.328992  0.744628  0.920249  0.142376  4
3700  78805  0.28457  0.327288  0.749767  0.922381  0.174527  4
3800  79280  0.287357  0.314265  0.750426  0.929701  0.216754  4
3900  79480  0.276092  0.308883  0.747776  0.93824  0.219766  4
4000  78249  0.293722  0.317307  0.747238  0.946008  0.187261  4
4100  77882  0.288023  0.319676  0.75063  0.954169  0.20932  4
4200  79415  0.279597  0.319764  0.755823  0.960534  0.246754  4
4300  79815  0.281262  0.312028  0.758772  0.959091  0.256088  4
4400  79334  0.288279  0.311165  0.758705  0.961695  0.256723  4
4500  79287  0.293302  0.311985  0.755878  0.959691  0.259873  4
4600  78474  0.282245  0.309981  0.759049  0.96749  0.284385  4
4700  79488  0.284147  0.309102  0.761502  0.966061  0.277918  4
4800  78455  0.274058  0.318488  0.76445  0.966427  0.253759  4
4900  79403  0.28928  0.311931  0.763149  0.963681  0.241069  4
5000  78734  0.280807  0.313159  0.762477  0.968782  0.182592  4
5100  79392  0.276833  0.315947  0.766044  0.966139  0.185511  4
5200  78110  0.270664  0.315691  0.768484  0.96946  0.177977  4
5300  79007  0.279604  0.312221  0.769862  0.965343  0.119213  4
5400  78258  0.277103  0.318015  0.774217  0.974201  0.0808662  4
5500  79085  0.271997  0.315648  0.775176  0.976676  0.0522285  4
5600  78659  0.277954  0.308477  0.776686  0.978486  0.0162242  4
5700  80011  0.282152  0.308033  0.775645  0.97818  -0.0160379  4
5800  78326  0.278888  0.314025  0.774976  0.979442  0.00654086  4
5900  79543  0.287613  0.313734  0.776176  0.982292  -0.0252977  4
6000  78809  0.275392  0.308997  0.778298  0.984115  -0.0792661  4
6100  78231  0.270292  0.308519  0.778125  0.984357  -0.0997219  4
6200  79273  0.288251  0.313728  0.777923  0.984205  -0.0634344  4
6300  79063  0.271442  0.305676  0.7781  0.985919  -0.133383  4
6400  79111  0.282055  0.300477  0.775057  0.986525  -0.1734  4
6500  78544  0.283706  0.308438  0.775219  0.984338  -0.161201  4
6600  78800  0.297411  0.31246  0.775473  0.984843  -0.157499  4
6700  79577  0.280198  0.312977  0.77669  0.986235  -0.156833  4
6800  79368  0.280221  0.311841  0.778114  0.987175  -0.160923  4
6900  77969  0.284766  0.304803  0.776906  0.98814  -0.171726  4
7000  79435  0.286882  0.299528  0.775916  0.987081  -0.165067  4
7100  78643  0.273802  0.287925  0.777205  0.98698  -0.134448  4
7200  79474  0.287864  0.292975  0.773796  0.984642  -0.154499  4
7300  78768  0.28229  0.293899  0.772968  0.986965  -0.140285  4
7400  78486  0.275368  0.299423  0.777008  0.988589  -0.157184  4
7500  79046  0.273957  0.300798  0.776477  0.99076  -0.153381  4
7600  78816  0.277479  0.300969  0.778559  0.989858  -0.138555  4
7700  78614  0.287037  0.303028  0.77885  0.99048  -0.181076  4
7800  79955  0.280443  0.305312  0.776913  0.991024  -0.204859  4
7900  80122  0.288505  0.3015  0.777516  0.992588  -0.191517  4
8000  79950  0.286877  0.303299  0.777511  0.993298  -0.267806  4
8100  79675  0.293591  0.305908  0.777804  0.992467  -0.22875  4
8200  78850  0.282595  0.302698  0.776499  0.992425  -0.165856  4
8300  78618  0.282677  0.308646  0.777213  0.992958  -0.13299  4
8400  78733  0.285501  0.304196  0.777089  0.992183  -0.160689  4
8500  79092  0.281077  0.303914  0.778695  0.993983  -0.17112  4
8600  79709  0.294438  0.307949  0.778295  0.994376  -0.174621  4
8700  78852  0.282322  0.30796  0.777929  0.994005  -0.190703  4
8800  78553  0.281606  0.310648  0.778792  0.993969  -0.191846  4
8900  78370  0.277179  0.311476  0.778923  0.994396  -0.171367  4
9000  79758  0.281492  0.313443  0.778382  0.993125  -0.149981  4
9100  79056  0.285495  0.306119  0.778259  0.993406  -0.16067  4
9200  78416  0.281378  0.305553  0.780062  0.994814  -0.157521  4
9300  79182  0.287005  0.30997  0.780149  0.995235  -0.152675  4
9400  78812  0.277069  0.314283  0.779846  0.994775  -0.118582  4
9500  78610  0.278322  0.312837  0.779983  0.994513  -0.135814  4
9600  79215  0.281416  0.311707  0.779318  0.993402  -0.166608  4
9700  78181  0.274752  0.311082  0.77867  0.992941  -0.197931  4
9800  80065  0.29583  0.306037  0.778528  0.994128  -0.227065  4
9900  78617  0.276354  0.300448  0.77762  0.994302  -0.221476  4
