t meta_n emi  mean_info  tr1  tr2  tr3  strategy
0  104164  0.099912  0.496305  0.900072  0.00085467  -0.00010106  4
100  76813  0.202661  0.517626  0.612193  0.0885265  0.0109178  4
200  76712  0.281277  0.42113  0.498894  0.157086  0.0107326  4
300  77238  0.293602  0.310645  0.480026  0.205063  0.0118801  4
400  76626  0.307531  0.264832  0.47626  0.232295  0.00729441  4
500  77905  0.326821  0.231739  0.469279  0.265545  0.0201583  4
600  77357  0.316601  0.221758  0.476594  0.287268  0.0181629  4
700  76500  0.333027  0.218387  0.484627  0.344035  0.0129549  4
800  76486  0.324718  0.204472  0.498185  0.386443  0.0419342  4
900  76853  0.322584  0.221774  0.517845  0.433807  0.0539268  4
1000  77769  0.317839  0.228281  0.538129  0.477348  0.0760327  4
1100  77974  0.316602  0.238955  0.559507  0.536592  0.110893  4
1200  77374  0.306347  0.239725  0.572279  0.571493  0.157506  4
1300  76936  0.327183  0.238445  0.576409  0.586888  0.180598  4
1400  78621  0.309304  0.224126  0.58679  0.597646  0.213079  4
1500  77843  0.316406  0.224212  0.589057  0.612121  0.180569  4
1600  78088  0.314356  0.217104  0.594657  0.624548  0.181612  4
1700  77571  0.308772  0.217583  0.600263  0.658753  0.171149  4
1800  76896  0.31043  0.226963  0.609713  0.684325  0.20377  4
1900  79037  0.33043  0.226124  0.608563  0.683586  0.236786  4
2000  78410  0.310353  0.228916  0.613584  0.706417  0.29751  4
2100  78341  0.308163  0.21781  0.621128  0.715361  0.284295  4
2200  78103  0.310859  0.221938  0.629391  0.73066  0.308104  4
2300  77924  0.300583  0.228008  0.641015  0.743656  0.278942  4
2400  77055  0.312703  0.211798  0.63862  0.76025  0.298853  4
2500  76952  0.303644  0.224913  0.653159  0.786231  0.335048  4
2600  77899  0.297071  0.222686  0.655517  0.794058  0.369417  4
2700  78329  0.312163  0.222144  0.657064  0.806477  0.393649  4
2800  77491  0.307061  0.224052  0.654526  0.796723  0.391974  4
2900  78213  0.305906  0.232415  0.656874  0.795989  0.387085  4
3000  78224  0.313994  0.226485  0.660615  0.790337  0.38359  4
3100  77751  0.303015  0.217967  0.661987  0.804309  0.417737  4
3200  77010  0.304438  0.212066  0.654109  0.785997  0.405708  4
3300  78008  0.3055  0.212475  0.656004  0.785073  0.383765  4
3400  77681  0.303083  0.220063  0.662652  0.794706  0.445058  4
3500  76937  0.293278  0.221087  0.667769  0.800135  0.490067  4
3600  78796  0.302628  0.22045  0.667833  0.795542  0.548026  4
3700  78190  0.305038  0.228278  0.670738  0.804172  0.536188  4
3800  77912  0.293011  0.228358  0.680276  0.813946  0.559226  4
3900  77140  0.294381  0.228438  0.675798  0.802817  0.58323  4
4000  78562  0.291309  0.217688  0.680379  0.807051  0.618337  4
4100  79035  0.296576  0.223114  0.682751  0.814412  0.660093  4
4200  77973  0.281425  0.236555  0.691347  0.826398  0.673913  4
4300  78536  0.292538  0.238664  0.693777  0.836934  0.69186  4
4400  77921  0.301652  0.231261  0.689303  0.833025  0.718681  4
4500  78289  0.297055  0.220433  0.685382  0.818428  0.74685  4
4600  78430  0.302048  0.229464  0.68919  0.828677  0.758879  4
4700  77001  0.292539  0.22568  0.689589  0.833606  0.76723  4
4800  78550  0.30302  0.226265  0.69471  0.837336  0.788228  4
4900  78341  0.289185  0.217  0.69285  0.835289  0.735675  4
5000  77556  0.282903  0.221132  0.701412  0.847386  0.706737  4
5100  77129  0.283912  0.22136  0.703882  0.855167  0.689272  4
5200  78130  0.302219  0.223001  0.697967  0.846776  0.71946  4
5300  77500  0.29663  0.217798  0.705851  0.863356  0.694284  4
5400  77390  0.301417  0.211671  0.703529  0.867368  0.690279  4
5500  78737  0.296867  0.217125  0.705823  0.873609  0.679154  4
5600  77363  0.300199  0.228571  0.708678  0.894552  0.709036  4
5700  78552  0.296776  0.225357  0.709136  0.887886  0.700286  4
5800  78678  0.298184  0.226032  0.704982  0.88532  0.700006  4
5900  78150  0.303703  0.213946  0.700352  0.879494  0.710926  4
6000  77864  0.303758  0.221654  0.709343  0.892488  0.725088  4
6100  77802  0.302374  0.217332  0.706249  0.885072  0.765765  4
6200  78280  0.306913  0.215373  0.71084  0.888591  0.739951  4
6300  75963  0.302011  0.2081  0.704957  0.885677  0.719846  4
6400  78096  0.310249  0.203565  0.711937  0.90368  0.739042  4
6500  78802  0.309522  0.204134  0.714961  0.898335  0.777968  4
6600  77562  0.303181  0.210259  0.718831  0.913435  0.775858  4
6700  77420  0.307504  0.211977  0.718461  0.921198  0.825836  4
6800  77751  0.302084  0.214617  0.713029  0.910424  0.779527  4
6900  78321  0.306922  0.209892  0.713655  0.919117  0.75219  4
7000  78649  0.316391  0.205964  0.716081  0.921056  0.792584  4
7100  78291  0.318122  0.209853  0.720841  0.930645  0.800035  4
7200  77433  0.311763  0.207444  0.721962  0.937866  0.838344  4
7300  78507  0.305158  0.21176  0.722386  0.9392  0.865095  4
7400  77697  0.31582  0.212027  0.723841  0.939983  0.929225  4
7500  77862  0.315115  0.215166  0.726367  0.943845  0.94182  4
7600  78295  0.307855  0.205533  0.7286  0.944303  0.929843  4
7700  77708  0.314371  0.196801  0.728687  0.952905  0.936685  4
7800  78393  0.309813  0.19453  0.731666  0.965281  0.887548  4
7900  77625  0.313457  0.192623  0.736487  0.974112  0.867024  4
8000  77922  0.299781  0.205385  0.740775  0.980423  0.906653  4
8100  77634  0.317915  0.207491  0.73563  0.974941  0.88966  4
8200  78328  0.309669  0.202718  0.736894  0.978085  0.798515  4
8300  78359  0.316017  0.207273  0.735819  0.976254  0.813688  4
8400  77833  0.311163  0.204754  0.735311  0.973816  0.70577  4
8500  77899  0.30408  0.203634  0.736446  0.975213  0.640601  4
8600  78703  0.313908  0.207352  0.737355  0.978583  0.597462  4
8700  78514  0.315273  0.212347  0.739673  0.982358  0.56788  4
8800  78657  0.302621  0.212697  0.735371  0.972445  0.603045  4
8900  79524  0.31336  0.205733  0.736155  0.975028  0.590095  4
9000  78133  0.319912  0.207894  0.737459  0.979457  0.532192  4
9100  77446  0.312336  0.220223  0.741345  0.986168  0.568103  4
9200  78195  0.313072  0.211755  0.739169  0.981628  0.500866  4
9300  78862  0.305834  0.216862  0.741291  0.981585  0.528175  4
9400  78966  0.305207  0.212015  0.74233  0.986253  0.5267  4
9500  78936  0.312626  0.208559  0.741762  0.988483  0.455426  4
9600  78446  0.314022  0.202071  0.741705  0.991254  0.453852  4
9700  77730  0.312372  0.197127  0.740639  0.991274  0.420432  4
9800  78716  0.309504  0.199763  0.740536  0.991216  0.389407  4
9900  78382  0.313156  0.203575  0.741632  0.991417  0.365039  4
