t meta_n emi  mean_info  tr1  tr2  tr3  strategy
0  103397  0.097912  0.496715  0.900085  0.00083323  -1.27823e-05  4
100  76982  0.182034  0.606848  0.635728  0.0907485  -0.00691668  4
200  76856  0.264298  0.547464  0.526243  0.151476  -0.00431198  4
300  77417  0.283937  0.448731  0.50695  0.197632  -0.00142832  4
400  76892  0.296265  0.390321  0.502209  0.254321  0.00132637  4
500  77321  0.303767  0.362649  0.506427  0.300958  0.0123668  4
600  77563  0.313288  0.329806  0.508491  0.337377  -0.00369429  4
700  77494  0.305392  0.33914  0.520261  0.364096  -0.00507267  4
800  77316  0.31331  0.322766  0.51848  0.392345  -0.0236486  4
900  77193  0.321789  0.324152  0.524594  0.422888  -0.0513934  4
1000  78538  0.317329  0.306497  0.535933  0.447093  -0.00923635  4
1100  78098  0.324087  0.30424  0.546084  0.505015  -0.00400236  4
1200  78138  0.318424  0.30563  0.561359  0.541012  0.0438981  4
1300  77541  0.30362  0.307382  0.577502  0.571051  0.0383686  4
1400  78250  0.309469  0.304408  0.592493  0.597716  0.00426165  4
1500  78297  0.308233  0.302796  0.595818  0.614446  -0.0116615  4
1600  78558  0.310471  0.295313  0.607232  0.61864  0.0061199  4
1700  77587  0.30733  0.300397  0.617445  0.66238  -0.0733615  4
1800  77084  0.312979  0.29937  0.622416  0.677031  -0.118325  4
1900  78909  0.307664  0.290849  0.629488  0.689841  -0.119733  4
2000  77422  0.312444  0.286563  0.631919  0.704083  -0.117843  4
2100  77262  0.308387  0.286852  0.632583  0.704426  -0.113482  4
2200  78633  0.309556  0.279009  0.635953  0.714831  -0.163713  4
2300  78509  0.30197  0.285698  0.648178  0.739118  -0.202906  4
2400  78834  0.300019  0.286811  0.656671  0.757275  -0.192355  4
2500  79062  0.302832  0.283124  0.668214  0.779792  -0.218173  4
2600  79771  0.295613  0.289061  0.68094  0.803021  -0.243519  4
2700  78680  0.293236  0.288055  0.674761  0.798427  -0.271697  4
2800  77969  0.29885  0.28572  0.676262  0.808077  -0.273623  4
2900  78144  0.299512  0.296525  0.676674  0.815027  -0.218195  4
3000  77678  0.303173  0.298681  0.691807  0.845195  -0.162317  4
3100  78162  0.297194  0.295764  0.695589  0.852703  -0.141884  4
3200  79690  0.301752  0.291515  0.708194  0.886709  -0.104208  4
3300  78726  0.303386  0.299748  0.709105  0.892204  -0.0253618  4
3400  78620  0.303702  0.292852  0.706817  0.884631  -0.0842222  4
3500  78139  0.30296  0.2883  0.710621  0.88074  -0.0900844  4
3600  77852  0.299195  0.276849  0.711441  0.895439  -0.14322  4
3700  77080  0.295352  0.275674  0.717247  0.910293  -0.105832  4
3800  79088  0.2939  0.280558  0.719054  0.910778  -0.10435  4
3900  78778  0.301663  0.290567  0.726193  0.916096  -0.100476  4
4000  79071  0.304413  0.28975  0.728158  0.92103  -0.15071  4
4100  78932  0.295397  0.285517  0.730641  0.918977  -0.137471  4
4200  78758  0.292507  0.284709  0.733179  0.921951  -0.125865  4
4300  78662  0.298169  0.271975  0.735105  0.930116  -0.0801223  4
4400  78070  0.298379  0.278346  0.741033  0.9426  -0.114124  4
4500  76971  0.276238  0.281098  0.736437  0.939954  -0.0671504  4
4600  78937  0.294238  0.28811  0.737121  0.937884  -0.000704092  4
4700  79032  0.291122  0.28614  0.741948  0.943904  0.0398235  4
4800  78908  0.282897  0.279782  0.737497  0.933152  0.0660242  4
4900  78941  0.288424  0.289152  0.743171  0.935822  -0.00855282  4
5000  78105  0.289944  0.289809  0.742762  0.939648  -0.0203967  4
5100  78779  0.289319  0.292703  0.746672  0.946828  0.0185698  4
5200  79098  0.28942  0.283999  0.748175  0.951268  0.0682622  4
5300  78956  0.282352  0.288095  0.750596  0.947318  0.0156789  4
5400  77480  0.283031  0.282004  0.753469  0.954287  0.0303655  4
5500  77682  0.283085  0.284004  0.754375  0.958733  0.0279061  4
5600  78927  0.288371  0.283743  0.757495  0.963109  -0.0736554  4
5700  78641  0.283909  0.283534  0.759469  0.972321  -0.147501  4
5800  79223  0.291311  0.284412  0.762603  0.9775  -0.23148  4
5900  79784  0.291315  0.287076  0.76523  0.979447  -0.126402  4
6000  78171  0.274268  0.286212  0.767221  0.975595  -0.130134  4
6100  78879  0.274804  0.282605  0.766865  0.97566  -0.104021  4
6200  79920  0.281361  0.297864  0.767682  0.978743  -0.12347  4
6300  77306  0.26459  0.294737  0.765483  0.977933  -0.15194  4
6400  80054  0.281576  0.280571  0.767101  0.979444  -0.181888  4
6500  78456  0.279952  0.277515  0.768419  0.981265  -0.214932  4
6600  79538  0.287227  0.277512  0.768088  0.980588  -0.288072  4
6700  79305  0.288908  0.274462  0.770467  0.984355  -0.340949  4
6800  78863  0.272516  0.278954  0.772749  0.98455  -0.32993  4
6900  79750  0.285016  0.273809  0.77122  0.985245  -0.373336  4
7000  79217  0.28139  0.277595  0.768111  0.98475  -0.299027  4
7100  79179  0.287752  0.274901  0.768053  0.985504  -0.30884  4
7200  78948  0.285408  0.278881  0.770635  0.98666  -0.33183  4
7300  78241  0.274512  0.287547  0.771514  0.987465  -0.325538  4
7400  78018  0.274133  0.278115  0.772575  0.988647  -0.288941  4
7500  78299  0.273237  0.276868  0.772113  0.98799  -0.30161  4
7600  79637  0.279222  0.279765  0.772833  0.987593  -0.317893  4
7700  78189  0.279862  0.26594  0.771467  0.989799  -0.322057  4
7800  78693  0.278166  0.270737  0.770563  0.990104  -0.322168  4
7900  79351  0.298265  0.271228  0.7686  0.98984  -0.346984  4
8000  78855  0.296061  0.276436  0.769358  0.990819  -0.332389  4
8100  78664  0.284486  0.27547  0.768419  0.990944  -0.321452  4
8200  78758  0.28155  0.271985  0.769177  0.991367  -0.271209  4
8300  79382  0.290648  0.275802  0.768544  0.99235  -0.298446  4
8400  78415  0.293895  0.270772  0.770275  0.991615  -0.304563  4
8500  78509  0.285865  0.259914  0.771263  0.992539  -0.347725  4
8600  78930  0.30498  0.252096  0.772809  0.994902  -0.317597  4
8700  77760  0.275683  0.25898  0.773838  0.993835  -0.338124  4
8800  78110  0.287805  0.261517  0.773921  0.995197  -0.313394  4
8900  78827  0.287134  0.261763  0.774694  0.996544  -0.286518  4
9000  79267  0.285604  0.258227  0.77527  0.995741  -0.242825  4
9100  78881  0.285096  0.259611  0.775842  0.996431  -0.197395  4
9200  79032  0.289679  0.262236  0.774338  0.997136  -0.184015  4
9300  78964  0.301301  0.253491  0.773522  0.997174  -0.179332  4
9400  79312  0.295873  0.248388  0.773416  0.996967  -0.163744  4
9500  78106  0.294258  0.246055  0.773044  0.996351  -0.128766  4
9600  78990  0.291904  0.251796  0.774892  0.997916  -0.138103  4
9700  78740  0.297539  0.25654  0.773609  0.997751  -0.17159  4
9800  77689  0.284504  0.256908  0.77322  0.998194  -0.128201  4
9900  78715  0.298197  0.244952  0.773425  0.998127  -0.11648  4
