t meta_n emi  mean_info  tr1  tr2  tr3  strategy
0  102767  0.10156  0.491057  0.899928  0.000830905  -5.11959e-05  4
100  74823  0.177972  0.251642  0.597272  0.0796795  0.00835763  4
200  75738  0.299136  0.146449  0.454567  0.151155  0.0241999  4
300  75989  0.32724  0.0990917  0.43138  0.185895  0.00280881  4
400  76781  0.345781  0.0786558  0.422051  0.225795  0.00783492  4
500  76125  0.345849  0.0793855  0.424971  0.244587  -0.00456627  4
600  77113  0.362164  0.072592  0.418831  0.263528  -0.0405265  4
700  75775  0.363597  0.0669359  0.417907  0.281466  -0.0641239  4
800  75986  0.361625  0.0619111  0.416698  0.28493  -0.0687508  4
900  75462  0.365419  0.0601287  0.417203  0.286381  -0.0556432  4
1000  75014  0.35633  0.0567687  0.422374  0.303886  -0.0119516  4
1100  76383  0.356327  0.0552029  0.426035  0.303762  0.0219196  4
1200  76286  0.359391  0.0571125  0.425737  0.323106  0.0333723  4
1300  75734  0.36308  0.0515197  0.423036  0.316443  0.0248617  4
1400  75977  0.358693  0.0510769  0.424502  0.320347  0.062348  4
1500  75995  0.364226  0.0537283  0.429624  0.330427  0.0729472  4
1600  75560  0.365228  0.0520497  0.426087  0.341826  0.0661497  4
1700  76985  0.35997  0.0486443  0.428798  0.344806  0.0925169  4
1800  75806  0.361157  0.0478218  0.429594  0.344486  0.0844282  4
1900  76454  0.358743  0.0506254  0.431489  0.338194  0.0506086  4
2000  76229  0.358683  0.0463835  0.424985  0.319825  0.117728  4
2100  76812  0.357926  0.0411488  0.428728  0.323413  0.157958  4
2200  76319  0.36503  0.0436276  0.420586  0.308896  0.160036  4
2300  75777  0.358912  0.0444062  0.415642  0.287563  0.185249  4
2400  76764  0.370751  0.0426073  0.408136  0.276839  0.258113  4
2500  76936  0.364596  0.0369394  0.412311  0.290726  0.23822  4
2600  76127  0.362917  0.0352142  0.407037  0.285262  0.261276  4
2700  76033  0.358633  0.0310775  0.410209  0.284486  0.244585  4
2800  77058  0.367873  0.0288435  0.406235  0.292254  0.293556  4
2900  77389  0.367277  0.0290042  0.406356  0.293282  0.266675  4
3000  76151  0.36038  0.0327397  0.409628  0.304032  0.246712  4
3100  75906  0.363155  0.0282046  0.405639  0.30048  0.282341  4
3200  76150  0.364601  0.0288034  0.402628  0.298521  0.231236  4
3300  76907  0.362676  0.0323197  0.406839  0.310384  0.281005  4
3400  76363  0.363064  0.0290836  0.403943  0.300328  0.185159  4
3500  76457  0.358117  0.0258889  0.406557  0.292396  0.0904784  4
3600  76858  0.369177  0.0246544  0.406014  0.310399  0.0734047  4
3700  77221  0.360109  0.0253553  0.410971  0.316074  0.078156  4
3800  76302  0.362681  0.0279566  0.409564  0.301982  0.0576197  4
3900  76742  0.355388  0.027356  0.414709  0.319702  0.00774425  4
4000  76777  0.358228  0.0247894  0.417536  0.334754  0.0448989  4
4100  77096  0.352817  0.0225078  0.416923  0.336526  -0.0363412  4
4200  75784  0.355085  0.0237312  0.413152  0.334872  0.0514991  4
4300  75606  0.361961  0.0253667  0.409103  0.325623  0.0717381  4
4400  77693  0.368509  0.0210425  0.406797  0.318979  0.0735451  4
4500  77066  0.360674  0.0209661  0.409317  0.323467  0.0966784  4
4600  76151  0.355532  0.0198063  0.410719  0.321275  0.0427958  4
4700  77137  0.361363  0.0193429  0.403192  0.300081  0.051393  4
4800  77427  0.362219  0.0184435  0.405456  0.292659  0.0555415  4
4900  76852  0.355275  0.0166793  0.402753  0.288918  0.0286138  4
5000  76135  0.363005  0.0152218  0.397915  0.276547  -0.0365226  4
5100  77688  0.365927  0.0177983  0.397144  0.261215  -0.0369887  4
5200  76819  0.358075  0.0143019  0.395718  0.264527  -0.0994771  4
5300  77009  0.364401  0.0156509  0.392686  0.261579  -0.0491285  4
5400  77300  0.361072  0.0153687  0.393183  0.254425  -0.042878  4
5500  76194  0.359831  0.0164083  0.394082  0.267588  -0.0328532  4
5600  75328  0.358638  0.0163237  0.395173  0.264311  -0.0409538  4
5700  76629  0.35299  0.0142086  0.395169  0.252368  -0.0360925  4
5800  76685  0.356031  0.0123594  0.394798  0.252292  -0.153594  4
5900  76180  0.359041  0.0110519  0.39475  0.256464  -0.150169  4
6000  77058  0.352431  0.0122336  0.3955  0.250809  -0.127487  4
6100  77665  0.356056  0.00901972  0.394908  0.254226  -0.120307  4
6200  76956  0.350388  0.00834081  0.395918  0.247344  -0.114949  4
6300  77067  0.353105  0.00997939  0.394394  0.23428  -0.0802312  4
6400  76678  0.355845  0.010067  0.393607  0.228446  -0.0106419  4
6500  77010  0.351632  0.0105669  0.388009  0.203003  0.0636169  4
6600  76893  0.349271  0.00911437  0.386039  0.192554  0.0443884  4
6700  76913  0.351174  0.0112996  0.3872  0.199939  0.114325  4
6800  77572  0.349068  0.00777313  0.383213  0.184122  0.0691251  4
6900  77306  0.355461  0.0102677  0.38109  0.177007  0.0491473  4
7000  76222  0.349267  0.00854578  0.381009  0.164429  0.103824  4
7100  76930  0.346099  0.00817242  0.382127  0.160997  0.14761  4
7200  76917  0.343299  0.00679337  0.380775  0.151113  0.1826  4
7300  76785  0.354382  0.00650378  0.379085  0.152374  0.160052  4
7400  76556  0.344426  0.00821265  0.382767  0.163771  0.298924  4
7500  77301  0.354384  0.00963461  0.384935  0.175717  0.376668  4
7600  77371  0.349461  0.00815673  0.384177  0.180804  0.339262  4
7700  76058  0.355873  0.00801095  0.383408  0.188021  0.269351  4
7800  76781  0.350341  0.0058956  0.386506  0.197808  0.134092  4
7900  76918  0.353512  0.00729855  0.388659  0.204416  0.186903  4
8000  77696  0.349351  0.00844445  0.38966  0.209767  0.222055  4
8100  76702  0.346867  0.00692217  0.388953  0.200033  0.138237  4
8200  76722  0.346838  0.00560894  0.38992  0.202907  0.207119  4
8300  76890  0.346004  0.00533949  0.388637  0.192619  0.186407  4
8400  77441  0.348129  0.00392611  0.392233  0.213951  0.263339  4
8500  76972  0.348907  0.00393019  0.392572  0.210285  0.250392  4
8600  75967  0.332864  0.00454378  0.395924  0.218932  0.216676  4
8700  76636  0.342164  0.00381329  0.397347  0.226368  0.172698  4
8800  77558  0.346158  0.00337739  0.396614  0.22227  0.101875  4
8900  77021  0.342487  0.00404839  0.396204  0.224673  0.0990754  4
9000  76020  0.352001  0.00450982  0.397235  0.232602  0.115628  4
9100  77530  0.339165  0.00349646  0.396295  0.222187  0.152189  4
9200  76160  0.341212  0.00393949  0.396025  0.221296  0.205434  4
9300  77368  0.336325  0.00312153  0.392705  0.210412  0.260032  4
9400  76589  0.346475  0.00421802  0.394342  0.213  0.251429  4
9500  76870  0.346706  0.00488887  0.398135  0.228786  0.211204  4
9600  76985  0.337289  0.00476616  0.401101  0.242216  0.183911  4
9700  76667  0.341282  0.00439345  0.402083  0.251409  0.205666  4
9800  77006  0.339484  0.00328732  0.404777  0.262767  0.218752  4
9900  75819  0.338266  0.00270101  0.406208  0.272274  0.211456  4
