t meta_n emi  mean_info  tr1  tr2  tr3  strategy
0  102662  0.10028  0.493388  0.899926  0.000761627  6.22585e-05  4
100  75981  0.190482  0.305694  0.595555  0.0911066  -0.000202718  4
200  75827  0.293187  0.183043  0.45716  0.147385  0.00683786  4
300  76808  0.337188  0.115678  0.434341  0.198505  0.000543248  4
400  76207  0.35179  0.0940019  0.422155  0.245135  -0.00288543  4
500  75615  0.360322  0.0739463  0.419807  0.271663  -0.00286543  4
600  76823  0.361654  0.0673652  0.424905  0.302266  -0.00254128  4
700  77224  0.36991  0.0716878  0.429314  0.324785  0.00370952  4
800  75748  0.357684  0.0668733  0.430989  0.314963  -0.0239447  4
900  76453  0.355571  0.0699667  0.435912  0.339161  -0.0315647  4
1000  76514  0.364978  0.0706469  0.435622  0.360744  -0.0251604  4
1100  76599  0.370094  0.0654261  0.430279  0.361792  -0.0255916  4
1200  76783  0.354687  0.059899  0.439279  0.361844  -0.0351404  4
1300  76886  0.363641  0.0596747  0.437805  0.361447  0.0163721  4
1400  77168  0.366353  0.062224  0.43617  0.354591  -0.00568578  4
1500  76091  0.361728  0.0591084  0.432262  0.355824  -0.0497119  4
1600  76285  0.363809  0.0593982  0.440855  0.352574  -0.0278471  4
1700  76279  0.357338  0.0575393  0.440293  0.355906  -0.0310558  4
1800  75836  0.356757  0.0546575  0.447007  0.368781  -0.0495655  4
1900  77254  0.363527  0.0571792  0.448398  0.368425  -0.0863513  4
2000  76330  0.358266  0.0531234  0.451931  0.382084  -0.121955  4
2100  76593  0.349089  0.0594105  0.453804  0.385048  -0.137131  4
2200  77010  0.357228  0.0514157  0.447287  0.387451  -0.132284  4
2300  77372  0.349527  0.048652  0.442023  0.362911  -0.156382  4
2400  76416  0.359313  0.0451684  0.433266  0.353257  -0.163227  4
2500  76150  0.357372  0.0469175  0.436266  0.35636  -0.134846  4
2600  75993  0.362086  0.0475037  0.442975  0.388904  -0.104759  4
2700  76291  0.36035  0.0417209  0.440443  0.382532  -0.110745  4
2800  77998  0.35897  0.0435467  0.441165  0.374317  -0.100951  4
2900  76364  0.351779  0.0442344  0.443239  0.378109  -0.0950054  4
3000  76003  0.35339  0.045176  0.442473  0.38872  -0.123839  4
3100  76736  0.358998  0.0402624  0.444323  0.4065  -0.108272  4
3200  76549  0.345535  0.043008  0.451363  0.405571  -0.109765  4
3300  75858  0.348065  0.0399036  0.446534  0.393341  -0.114466  4
3400  77040  0.352521  0.0351687  0.441884  0.379363  -0.129743  4
3500  77498  0.351943  0.0368811  0.442159  0.382282  -0.143389  4
3600  76246  0.353156  0.0369803  0.43408  0.369821  -0.0917336  4
3700  75216  0.350499  0.0354191  0.430548  0.353223  -0.125502  4
3800  76400  0.358441  0.0364239  0.424653  0.340629  -0.0900798  4
3900  76000  0.352513  0.0324556  0.425096  0.334372  -0.108489  4
4000  76688  0.353018  0.0342442  0.423792  0.320663  -0.126699  4
4100  76677  0.352698  0.0307803  0.426948  0.326494  -0.127321  4
4200  76217  0.359113  0.0302735  0.42043  0.32112  -0.0942731  4
4300  76902  0.362171  0.0254498  0.416876  0.307681  -0.0783789  4
4400  75613  0.348389  0.026563  0.419186  0.308425  -0.0824569  4
4500  76058  0.347393  0.0282376  0.423924  0.323939  -0.107099  4
4600  75312  0.350848  0.0230233  0.421132  0.329807  -0.156812  4
4700  76581  0.360537  0.0225309  0.421644  0.342237  -0.193256  4
4800  76259  0.356607  0.0212193  0.428966  0.354337  -0.192825  4
4900  76261  0.366869  0.0208218  0.4303  0.37015  -0.204514  4
5000  75673  0.360271  0.0238365  0.43102  0.371875  -0.177447  4
5100  76914  0.364878  0.0218351  0.423993  0.356311  -0.168855  4
5200  76234  0.364588  0.0216836  0.419898  0.338954  -0.194793  4
5300  76853  0.362912  0.020725  0.418886  0.326071  -0.182296  4
5400  76740  0.362507  0.0210024  0.415932  0.313259  -0.213868  4
5500  76772  0.354884  0.0220424  0.417328  0.322646  -0.179153  4
5600  76606  0.360624  0.0212091  0.418528  0.333073  -0.171116  4
5700  76865  0.365408  0.0168849  0.417455  0.338098  -0.229674  4
5800  77442  0.356118  0.0158183  0.420043  0.325893  -0.214588  4
5900  76496  0.359132  0.0149837  0.416335  0.316321  -0.228576  4
6000  76953  0.359107  0.0154  0.425362  0.336339  -0.193703  4
6100  75664  0.357577  0.0142504  0.426701  0.339201  -0.219201  4
6200  76380  0.348733  0.0165709  0.429072  0.337304  -0.254379  4
6300  77337  0.356213  0.0169553  0.433386  0.349109  -0.233803  4
6400  76826  0.347037  0.0144789  0.433854  0.355149  -0.263054  4
6500  76487  0.353342  0.0151398  0.436585  0.358177  -0.250884  4
6600  77069  0.348449  0.0140098  0.444398  0.377663  -0.257969  4
6700  76619  0.349812  0.0153563  0.444075  0.379858  -0.234198  4
6800  76564  0.361725  0.0172549  0.432857  0.369235  -0.234885  4
6900  77435  0.360093  0.0143638  0.433642  0.368459  -0.278076  4
7000  77090  0.355631  0.0125072  0.426673  0.349154  -0.324869  4
7100  77184  0.369566  0.0106913  0.427331  0.363928  -0.317816  4
7200  77833  0.357666  0.0117537  0.426159  0.354585  -0.30648  4
7300  77361  0.360818  0.0133314  0.431428  0.374361  -0.308845  4
7400  78175  0.362232  0.0113421  0.431938  0.369778  -0.323524  4
7500  77450  0.363258  0.00904745  0.434412  0.381171  -0.327105  4
7600  77161  0.360656  0.00964395  0.433366  0.370236  -0.315969  4
7700  76859  0.359745  0.00936261  0.42489  0.341019  -0.276317  4
7800  76565  0.361879  0.00999227  0.425858  0.344664  -0.318359  4
7900  77180  0.356761  0.00843915  0.426424  0.340817  -0.329893  4
8000  77209  0.356006  0.0107522  0.427768  0.348212  -0.341577  4
8100  76362  0.359701  0.0104435  0.426617  0.341013  -0.373259  4
8200  77177  0.353461  0.0104863  0.431975  0.355492  -0.357702  4
8300  76932  0.357693  0.00943289  0.424508  0.331181  -0.370507  4
8400  76235  0.356643  0.00937943  0.424865  0.329226  -0.400885  4
8500  76699  0.362126  0.00700302  0.42239  0.31825  -0.38909  4
8600  77376  0.361004  0.00683197  0.418328  0.310803  -0.39101  4
8700  76960  0.355314  0.00655703  0.413654  0.29948  -0.380584  4
8800  77214  0.360647  0.00491205  0.416788  0.313495  -0.404346  4
8900  78556  0.369189  0.0053475  0.424697  0.340093  -0.433682  4
9000  76741  0.362737  0.00599733  0.424421  0.337064  -0.418704  4
9100  75980  0.35697  0.00501005  0.429721  0.357086  -0.410223  4
9200  75780  0.355996  0.00446031  0.423534  0.331436  -0.400773  4
9300  77023  0.360141  0.00572897  0.423354  0.334599  -0.394188  4
9400  76010  0.353961  0.00333958  0.422442  0.325904  -0.414952  4
9500  78218  0.356177  0.0043789  0.42371  0.32784  -0.366251  4
9600  76202  0.348368  0.00487002  0.424159  0.336369  -0.386069  4
9700  76896  0.359377  0.00489185  0.418184  0.312522  -0.399971  4
9800  76386  0.357092  0.00364552  0.416372  0.313061  -0.386563  4
9900  76640  0.359945  0.00292039  0.410622  0.296331  -0.388916  4
