t meta_n emi  mean_info  tr1  tr2  tr3  strategy
0  103295  0.09904  0.492964  0.900014  0.000815609  6.30405e-05  4
100  75777  0.184891  0.417217  0.615453  0.0824634  0.0195881  4
200  75616  0.285203  0.290007  0.474893  0.133293  0.0164563  4
300  77336  0.323528  0.194693  0.449392  0.186942  -0.00679122  4
400  75722  0.325309  0.149337  0.443854  0.232429  -0.0360232  4
500  76610  0.346043  0.133554  0.443065  0.276379  -0.0335796  4
600  76145  0.347755  0.127507  0.446412  0.308024  -0.00184864  4
700  77081  0.3579  0.129002  0.446906  0.323929  -0.0155845  4
800  77133  0.357252  0.124005  0.445682  0.348236  -0.0292999  4
900  75790  0.352759  0.11611  0.455199  0.380446  -0.0366071  4
1000  76657  0.343829  0.115423  0.465101  0.389166  -0.0735037  4
1100  76264  0.343878  0.113156  0.469724  0.416549  -0.108008  4
1200  76833  0.356045  0.114569  0.470196  0.433516  -0.17065  4
1300  75900  0.357865  0.111616  0.471967  0.445215  -0.163341  4
1400  78308  0.366046  0.112782  0.478313  0.456783  -0.203684  4
1500  76701  0.348297  0.11877  0.478992  0.441553  -0.202162  4
1600  77759  0.342877  0.113409  0.487585  0.460582  -0.164152  4
1700  78086  0.349757  0.116389  0.491675  0.461733  -0.182462  4
1800  77259  0.341489  0.11446  0.494062  0.466798  -0.212577  4
1900  76703  0.34173  0.118393  0.503756  0.495155  -0.274052  4
2000  78032  0.34045  0.127945  0.513195  0.510682  -0.24359  4
2100  77232  0.348135  0.123004  0.507617  0.516512  -0.262649  4
2200  76385  0.341088  0.131474  0.510598  0.529611  -0.276565  4
2300  77173  0.344191  0.131191  0.509836  0.537452  -0.273394  4
2400  77535  0.34181  0.131248  0.517557  0.533539  -0.327422  4
2500  77420  0.336013  0.12147  0.519011  0.5516  -0.354786  4
2600  76822  0.33998  0.118383  0.521871  0.549218  -0.383268  4
2700  76916  0.327708  0.108756  0.520957  0.541097  -0.411001  4
2800  76232  0.340714  0.116611  0.519357  0.544045  -0.415976  4
2900  77278  0.338847  0.111268  0.521014  0.542587  -0.411625  4
3000  77031  0.343903  0.124059  0.53291  0.568149  -0.384722  4
3100  77000  0.340141  0.129438  0.52995  0.560117  -0.393931  4
3200  76710  0.341906  0.119024  0.522094  0.526675  -0.437826  4
3300  77340  0.33887  0.124031  0.527507  0.542583  -0.47122  4
3400  76761  0.337112  0.114642  0.522187  0.524512  -0.506072  4
3500  77216  0.335611  0.104834  0.516609  0.507774  -0.548278  4
3600  76552  0.340145  0.106619  0.511562  0.510764  -0.544488  4
3700  76808  0.330987  0.106785  0.514424  0.503691  -0.628434  4
3800  77701  0.338061  0.106662  0.522113  0.525502  -0.630607  4
3900  77204  0.332527  0.108731  0.531995  0.543134  -0.669344  4
4000  77332  0.331968  0.111212  0.533834  0.548238  -0.655979  4
4100  76836  0.332905  0.1062  0.539866  0.56486  -0.615885  4
4200  77058  0.327788  0.1182  0.565164  0.623649  -0.65583  4
4300  77138  0.323966  0.123086  0.572654  0.626051  -0.648069  4
4400  77207  0.31989  0.120951  0.572459  0.618761  -0.676126  4
4500  77361  0.32165  0.126777  0.574051  0.633861  -0.650762  4
4600  77892  0.33002  0.126487  0.57821  0.643761  -0.638759  4
4700  77656  0.327647  0.132275  0.586725  0.666422  -0.630315  4
4800  76914  0.318764  0.131075  0.588402  0.66339  -0.658167  4
4900  77087  0.321186  0.128507  0.588191  0.668138  -0.67642  4
5000  78295  0.323968  0.128898  0.586911  0.662476  -0.681321  4
5100  77728  0.322292  0.123146  0.589851  0.661551  -0.690621  4
5200  77096  0.330154  0.137183  0.594943  0.671128  -0.712835  4
5300  77982  0.322961  0.129606  0.602258  0.681385  -0.704739  4
5400  77316  0.320847  0.131633  0.609562  0.712921  -0.661754  4
5500  78360  0.329585  0.129183  0.609737  0.717555  -0.698911  4
5600  77588  0.325123  0.133012  0.618259  0.736143  -0.709551  4
5700  76618  0.314895  0.135357  0.624286  0.74059  -0.710879  4
5800  78864  0.331436  0.134008  0.631488  0.76329  -0.73276  4
5900  77986  0.320753  0.133899  0.636002  0.765375  -0.713294  4
6000  77422  0.318519  0.128793  0.642249  0.769733  -0.731217  4
6100  76389  0.316719  0.142156  0.651662  0.795232  -0.740183  4
6200  77762  0.325271  0.142036  0.651794  0.80172  -0.733341  4
6300  78459  0.325747  0.13687  0.651617  0.797231  -0.724618  4
6400  77959  0.318317  0.13367  0.654884  0.807958  -0.696513  4
6500  77532  0.318703  0.135529  0.659892  0.816319  -0.702934  4
6600  77472  0.320698  0.12546  0.661578  0.821206  -0.721569  4
6700  77474  0.310446  0.123634  0.672182  0.844535  -0.763516  4
6800  78018  0.321665  0.121017  0.68005  0.864614  -0.77623  4
6900  78167  0.31931  0.118228  0.68051  0.860293  -0.749984  4
7000  78713  0.323032  0.11824  0.679357  0.866199  -0.815721  4
7100  77473  0.315776  0.119162  0.677388  0.858385  -0.807937  4
7200  77307  0.316141  0.127333  0.684074  0.870151  -0.837148  4
7300  77020  0.317813  0.122729  0.685188  0.873134  -0.823932  4
7400  76888  0.307351  0.122659  0.692216  0.897033  -0.810416  4
7500  76706  0.308967  0.12385  0.692782  0.89762  -0.799298  4
7600  77638  0.324823  0.125643  0.692685  0.893634  -0.803407  4
7700  78913  0.316626  0.126414  0.692746  0.89373  -0.789602  4
7800  77377  0.318285  0.120637  0.696417  0.907052  -0.741799  4
7900  77780  0.319155  0.132515  0.703879  0.918882  -0.706074  4
8000  78317  0.316954  0.13026  0.702802  0.927388  -0.740494  4
8100  77746  0.320868  0.131012  0.704948  0.928278  -0.733141  4
8200  78023  0.321787  0.123631  0.704812  0.925333  -0.719286  4
8300  77956  0.315177  0.114997  0.707845  0.933855  -0.66695  4
8400  78874  0.312486  0.108591  0.704527  0.922356  -0.668735  4
8500  77222  0.3152  0.106046  0.699817  0.913092  -0.635353  4
8600  77535  0.322067  0.107181  0.703044  0.927431  -0.547839  4
8700  78308  0.327461  0.109019  0.701366  0.920846  -0.542649  4
8800  77587  0.319758  0.107894  0.700346  0.917983  -0.535588  4
8900  77202  0.320854  0.118652  0.703207  0.924141  -0.545639  4
9000  78451  0.332297  0.123485  0.70324  0.922817  -0.530715  4
9100  77404  0.316132  0.118484  0.706127  0.928876  -0.52319  4
9200  78140  0.31913  0.120544  0.709627  0.936516  -0.519462  4
9300  77965  0.318085  0.119472  0.712433  0.944105  -0.474522  4
9400  76900  0.317348  0.106901  0.711693  0.951973  -0.400954  4
9500  77338  0.32036  0.110267  0.715298  0.95868  -0.40891  4
9600  76828  0.326069  0.113913  0.714861  0.959804  -0.367874  4
9700  78049  0.324424  0.104055  0.71984  0.974653  -0.281394  4
9800  76745  0.32104  0.0961409  0.722315  0.986469  -0.210766  4
9900  77931  0.331072  0.0905817  0.718715  0.982039  -0.154656  4
