t meta_n emi  mean_info  tr1  tr2  tr3  strategy
0  103069  0.100128  0.497218  0.899987  0.000798476  4.3523e-05  4
100  76817  0.187917  0.588926  0.628533  0.0866324  0.00400191  4
200  76907  0.26557  0.533823  0.525016  0.152537  0.00338066  4
300  77347  0.278346  0.476062  0.521998  0.218443  0.00354626  4
400  77802  0.29389  0.444337  0.514275  0.252212  0.00579062  4
500  76727  0.300167  0.408559  0.513388  0.305716  -0.00996999  4
600  77163  0.30598  0.390456  0.524659  0.356821  -0.0280592  4
700  77400  0.304945  0.370287  0.534112  0.387515  -0.0375537  4
800  79140  0.304025  0.35861  0.541619  0.407478  -0.0137508  4
900  78928  0.311205  0.36247  0.544031  0.430538  0.00847614  4
1000  78037  0.311108  0.359369  0.553953  0.476889  0.073042  4
1100  76317  0.299441  0.3543  0.561836  0.500302  0.0681708  4
1200  78516  0.317422  0.341399  0.566933  0.531712  0.079015  4
1300  78105  0.300647  0.342632  0.58441  0.557822  0.107565  4
1400  78097  0.297686  0.352965  0.59974  0.59837  0.156792  4
1500  78773  0.300429  0.335504  0.608909  0.6328  0.165826  4
1600  79169  0.302301  0.33041  0.616556  0.649781  0.210603  4
1700  78707  0.305069  0.326537  0.621704  0.670854  0.230072  4
1800  77785  0.291032  0.345913  0.634611  0.695363  0.225844  4
1900  78324  0.299579  0.343817  0.642806  0.711371  0.215132  4
2000  78821  0.301375  0.338595  0.649891  0.718762  0.152966  4
2100  79004  0.301721  0.335106  0.649814  0.728764  0.116253  4
2200  76953  0.285352  0.342829  0.657535  0.740454  0.0591982  4
2300  77824  0.286305  0.326081  0.658264  0.743238  0.0102933  4
2400  77997  0.28849  0.318401  0.666605  0.758241  0.0256772  4
2500  77569  0.285401  0.313919  0.666748  0.769857  -0.00787587  4
2600  78673  0.295943  0.325481  0.668416  0.779939  -0.00498448  4
2700  78240  0.279602  0.314864  0.675813  0.795686  -0.0574613  4
2800  79075  0.290745  0.321563  0.679606  0.805418  -0.0243853  4
2900  77420  0.282822  0.307783  0.687714  0.81942  0.0364996  4
3000  79229  0.294176  0.32423  0.693278  0.830689  0.026703  4
3100  77977  0.284825  0.317086  0.689642  0.820654  -0.00854922  4
3200  78950  0.282459  0.311754  0.689439  0.831104  -0.00908414  4
3300  78596  0.29619  0.311112  0.692977  0.846951  -0.0114874  4
3400  78082  0.28739  0.311  0.693935  0.850196  -0.0640153  4
3500  79147  0.291724  0.307425  0.697721  0.859249  -0.0553778  4
3600  77962  0.29075  0.302882  0.703995  0.875109  -0.104359  4
3700  77962  0.29771  0.310432  0.716138  0.895513  -0.117174  4
3800  78866  0.294167  0.313096  0.718996  0.893569  -0.168898  4
3900  78893  0.283804  0.321955  0.725555  0.901732  -0.184598  4
4000  79380  0.302533  0.330771  0.7282  0.911178  -0.218458  4
4100  78858  0.296021  0.326513  0.734229  0.91921  -0.19511  4
4200  78941  0.289703  0.317876  0.732789  0.920994  -0.210568  4
4300  79041  0.283838  0.324497  0.737092  0.925286  -0.216722  4
4400  78848  0.288247  0.324339  0.739187  0.923822  -0.221406  4
4500  78915  0.288093  0.319546  0.743325  0.930015  -0.229194  4
4600  78308  0.284257  0.321977  0.749307  0.938974  -0.162113  4
4700  78442  0.274645  0.321156  0.760214  0.948167  -0.148817  4
4800  78096  0.276078  0.317591  0.757202  0.94557  -0.0869953  4
4900  79376  0.283466  0.314547  0.754487  0.939802  -0.0848208  4
5000  77442  0.281918  0.306127  0.759088  0.945277  -0.13189  4
5100  79105  0.276821  0.307516  0.761488  0.943864  -0.0931358  4
5200  79390  0.282381  0.31235  0.764332  0.948381  -0.150228  4
5300  77954  0.27144  0.31364  0.769046  0.952226  -0.173624  4
5400  77837  0.26823  0.3102  0.767131  0.951055  -0.244827  4
5500  79339  0.271292  0.307486  0.76727  0.957528  -0.302916  4
5600  78965  0.28405  0.298194  0.769594  0.962577  -0.293527  4
5700  78053  0.263112  0.299683  0.768658  0.958572  -0.287299  4
5800  77904  0.266979  0.308836  0.769095  0.955098  -0.24035  4
5900  78895  0.275461  0.306146  0.766604  0.949758  -0.224665  4
6000  79219  0.282617  0.30139  0.77137  0.958125  -0.224351  4
6100  79110  0.284408  0.297496  0.770445  0.96281  -0.239219  4
6200  79536  0.274792  0.2967  0.771223  0.965128  -0.299331  4
6300  78168  0.282816  0.297795  0.772428  0.971994  -0.282713  4
6400  78155  0.276321  0.2871  0.768786  0.965672  -0.262911  4
6500  79383  0.297083  0.286163  0.767332  0.963802  -0.253135  4
6600  79931  0.285328  0.29465  0.770437  0.972437  -0.283078  4
6700  79361  0.284381  0.302128  0.772116  0.973981  -0.260796  4
6800  78027  0.273675  0.302957  0.773906  0.979253  -0.210596  4
6900  78561  0.276652  0.303673  0.7777  0.983713  -0.192754  4
7000  79637  0.283177  0.302086  0.776379  0.986676  -0.207946  4
7100  78916  0.286936  0.298747  0.775821  0.986635  -0.184005  4
7200  79299  0.286777  0.299467  0.775848  0.986301  -0.209103  4
7300  77554  0.269148  0.296928  0.779831  0.989151  -0.210928  4
7400  78565  0.275772  0.299491  0.777673  0.989474  -0.22313  4
7500  78556  0.276215  0.30061  0.777472  0.989342  -0.191255  4
7600  79374  0.281379  0.298891  0.778119  0.990201  -0.215919  4
7700  78410  0.277112  0.297919  0.779419  0.990609  -0.226722  4
7800  78819  0.276877  0.298906  0.77998  0.989881  -0.223363  4
7900  78998  0.278756  0.295831  0.780173  0.991498  -0.18841  4
8000  78358  0.278483  0.29372  0.779363  0.990878  -0.202227  4
8100  78576  0.285304  0.292727  0.77988  0.991791  -0.169651  4
8200  80701  0.283756  0.291718  0.781268  0.99164  -0.158463  4
8300  79538  0.291771  0.293967  0.780212  0.992314  -0.112737  4
8400  78705  0.284268  0.302013  0.779492  0.992117  -0.109736  4
8500  79185  0.280986  0.295174  0.780935  0.994043  -0.101491  4
8600  78689  0.276893  0.291822  0.782245  0.99476  -0.0605807  4
8700  78086  0.276699  0.293848  0.782231  0.994123  -0.028774  4
8800  79493  0.299422  0.29787  0.782967  0.994213  0.0204397  4
8900  79179  0.279218  0.296553  0.781556  0.994711  -0.0115985  4
9000  79700  0.285784  0.293901  0.781876  0.995567  0.0501497  4
9100  79535  0.288588  0.294501  0.780805  0.993764  0.00955533  4
9200  79901  0.282845  0.295696  0.781417  0.995333  0.0226903  4
9300  78742  0.292564  0.291023  0.782388  0.994404  -0.01078  4
9400  78297  0.272422  0.295312  0.782388  0.99533  0.0105011  4
9500  79104  0.280395  0.292722  0.782574  0.997241  0.0200895  4
9600  78748  0.279381  0.290577  0.783704  0.997192  0.0279353  4
9700  78076  0.280036  0.293015  0.783167  0.996719  -0.00320758  4
9800  78089  0.279971  0.299514  0.78401  0.998201  -0.00724527  4
9900  79183  0.284364  0.300027  0.784475  0.997755  0.0221172  4
