t meta_n emi  mean_info  tr1  tr2  tr3  strategy
0  104710  0.099592  0.497674  0.899971  0.000733616  -2.85696e-06  4
100  76897  0.179785  0.572209  0.636806  0.0904972  -0.0111278  4
200  77880  0.261778  0.485052  0.525649  0.154203  -0.0160707  4
300  78160  0.286056  0.406476  0.503251  0.18895  0.00118071  4
400  76523  0.300365  0.379111  0.497511  0.247505  0.0441929  4
500  77165  0.294423  0.341721  0.499513  0.263167  0.044174  4
600  77044  0.309484  0.314105  0.499218  0.29256  0.0450041  4
700  75809  0.318544  0.292586  0.492823  0.319018  0.0512259  4
800  77049  0.325475  0.276837  0.500377  0.376091  0.0528158  4
900  77750  0.322442  0.271477  0.50774  0.408397  0.018568  4
1000  77854  0.328682  0.266573  0.510076  0.414236  0.0611356  4
1100  77823  0.318682  0.264203  0.526797  0.446408  0.0224971  4
1200  76527  0.312785  0.271683  0.539217  0.480595  0.00995445  4
1300  77775  0.327108  0.26463  0.55378  0.531945  -0.0163366  4
1400  77306  0.321382  0.272044  0.562206  0.556376  -0.00649244  4
1500  78269  0.324689  0.265011  0.566427  0.559373  -0.0357446  4
1600  77671  0.310718  0.27091  0.585009  0.595572  -0.0713213  4
1700  78610  0.317419  0.280439  0.602597  0.639579  -0.0962885  4
1800  77852  0.304679  0.279679  0.613706  0.663818  -0.12186  4
1900  78648  0.306537  0.28847  0.625789  0.698325  -0.180383  4
2000  78953  0.308232  0.285437  0.639611  0.729058  -0.132009  4
2100  77819  0.294106  0.291044  0.648831  0.738742  -0.143709  4
2200  78841  0.300646  0.295005  0.66631  0.773185  -0.151255  4
2300  77769  0.293177  0.30006  0.671737  0.787774  -0.0954928  4
2400  77891  0.284516  0.30223  0.682146  0.799948  -0.0791614  4
2500  78194  0.286938  0.298625  0.687965  0.819365  -0.0702029  4
2600  78222  0.294145  0.295655  0.692415  0.82625  -0.107656  4
2700  78219  0.295804  0.291785  0.691419  0.825922  -0.111329  4
2800  77877  0.299065  0.282209  0.684357  0.825727  -0.126493  4
2900  78779  0.294145  0.281596  0.688669  0.829999  -0.148712  4
3000  77543  0.295393  0.283201  0.696431  0.844217  -0.13609  4
3100  77908  0.298682  0.286541  0.6917  0.827367  -0.146586  4
3200  78932  0.294427  0.278819  0.692197  0.837153  -0.114159  4
3300  78578  0.302708  0.286076  0.694517  0.85015  -0.204504  4
3400  78728  0.292317  0.282858  0.704765  0.863974  -0.208746  4
3500  79143  0.291312  0.284158  0.713303  0.873017  -0.238319  4
3600  78989  0.279499  0.289069  0.722365  0.887504  -0.269788  4
3700  78693  0.287448  0.282934  0.723849  0.895148  -0.254938  4
3800  78725  0.28132  0.285696  0.726922  0.904322  -0.269136  4
3900  78495  0.279605  0.281831  0.731087  0.910326  -0.294015  4
4000  77900  0.280308  0.285391  0.735338  0.927571  -0.2865  4
4100  78324  0.278197  0.294766  0.735252  0.923186  -0.300261  4
4200  77755  0.284686  0.281516  0.734549  0.917196  -0.304189  4
4300  78465  0.283545  0.278404  0.732579  0.908769  -0.292823  4
4400  78768  0.289677  0.283709  0.736579  0.918389  -0.269827  4
4500  78415  0.291279  0.287653  0.736118  0.920148  -0.285266  4
4600  77946  0.298266  0.284686  0.737103  0.925213  -0.223782  4
4700  78246  0.287478  0.271565  0.738881  0.925404  -0.155599  4
4800  78488  0.284313  0.268202  0.745366  0.934525  -0.128786  4
4900  78718  0.293134  0.278814  0.747861  0.933101  -0.187619  4
5000  78136  0.278044  0.277162  0.751706  0.935411  -0.222561  4
5100  79024  0.275841  0.287448  0.762704  0.956784  -0.292344  4
5200  78431  0.279406  0.282897  0.759959  0.951947  -0.349142  4
5300  78108  0.264768  0.274044  0.756828  0.949339  -0.251705  4
5400  79370  0.28973  0.277623  0.760438  0.957506  -0.249611  4
5500  77749  0.27621  0.266491  0.764637  0.962001  -0.255975  4
5600  77005  0.265291  0.269058  0.766031  0.964689  -0.218889  4
5700  79005  0.286768  0.276312  0.765239  0.970628  -0.243674  4
5800  78402  0.280824  0.278147  0.766347  0.977803  -0.271488  4
5900  78840  0.284726  0.271155  0.766003  0.974772  -0.306281  4
6000  78378  0.275131  0.271137  0.76519  0.975914  -0.30704  4
6100  79312  0.276736  0.270793  0.770017  0.975436  -0.278216  4
6200  78938  0.289443  0.26751  0.769028  0.97521  -0.296823  4
6300  78523  0.27568  0.265579  0.772458  0.980647  -0.309796  4
6400  78179  0.271954  0.272332  0.768842  0.9798  -0.244615  4
6500  77932  0.280938  0.278213  0.768477  0.976333  -0.190423  4
6600  77560  0.275413  0.272488  0.765117  0.97086  -0.185274  4
6700  79547  0.301146  0.266074  0.763274  0.974411  -0.226102  4
6800  78891  0.286355  0.274186  0.764096  0.975763  -0.256269  4
6900  78525  0.284026  0.274651  0.768563  0.980968  -0.280632  4
7000  78858  0.29144  0.267485  0.766591  0.97508  -0.317602  4
7100  78187  0.277518  0.262671  0.764478  0.971644  -0.340558  4
7200  79412  0.279197  0.26724  0.765366  0.969091  -0.346324  4
7300  78278  0.284692  0.265367  0.764511  0.971642  -0.438961  4
7400  78575  0.277528  0.265992  0.766144  0.977622  -0.416138  4
7500  78462  0.281757  0.267873  0.765841  0.977916  -0.478107  4
7600  77702  0.2853  0.261919  0.765853  0.972776  -0.474961  4
7700  77586  0.289844  0.258579  0.763206  0.966334  -0.491119  4
7800  78677  0.281944  0.258712  0.763073  0.964403  -0.531896  4
7900  77582  0.288449  0.255243  0.761116  0.965751  -0.53679  4
8000  78532  0.279303  0.258493  0.761194  0.967867  -0.552248  4
8100  78595  0.277539  0.268938  0.761251  0.971967  -0.624261  4
8200  77739  0.278289  0.263357  0.762418  0.970891  -0.581862  4
8300  77886  0.297496  0.259639  0.763008  0.977889  -0.588531  4
8400  77734  0.289096  0.252804  0.763256  0.979086  -0.531351  4
8500  78324  0.298225  0.259299  0.763054  0.981466  -0.539853  4
8600  78656  0.287914  0.267668  0.764619  0.980085  -0.509392  4
8700  78242  0.283479  0.273192  0.766367  0.986625  -0.574465  4
8800  79353  0.287458  0.269496  0.767922  0.990468  -0.626802  4
8900  79731  0.28308  0.260835  0.768236  0.993268  -0.670357  4
9000  80476  0.304408  0.263867  0.768173  0.993748  -0.671642  4
9100  78346  0.295298  0.270938  0.767134  0.99494  -0.662614  4
9200  78348  0.280381  0.270141  0.767262  0.995526  -0.627983  4
9300  78893  0.295026  0.265173  0.768305  0.994616  -0.722243  4
9400  79038  0.291735  0.263208  0.767451  0.995511  -0.608074  4
9500  77834  0.295224  0.261728  0.767741  0.99575  -0.609251  4
9600  78245  0.294421  0.262799  0.768179  0.996739  -0.607361  4
9700  78588  0.295792  0.267078  0.768371  0.996915  -0.640255  4
9800  78232  0.29927  0.271862  0.76823  0.996134  -0.744017  4
9900  77653  0.28888  0.267437  0.770174  0.996792  -0.723737  4
