t meta_n emi  mean_info  tr1  tr2  tr3  strategy
0  104656  0.099824  0.499301  0.900142  0.000793115  -0.000107444  4
100  78683  0.18036  0.644751  0.653563  0.0802159  -0.0050346  4
200  78128  0.263694  0.648925  0.542133  0.139312  -0.00408951  4
300  78550  0.284626  0.593502  0.528837  0.17853  -0.013887  4
400  78123  0.283193  0.560109  0.530951  0.228615  -0.0067069  4
500  78807  0.294184  0.528925  0.533709  0.27797  -0.00558435  4
600  78453  0.289267  0.507886  0.542262  0.31913  -0.00175308  4
700  78371  0.297281  0.488205  0.54035  0.346362  -0.0133828  4
800  78383  0.291595  0.47206  0.547724  0.353685  -0.0203955  4
900  77615  0.291987  0.471474  0.549545  0.362582  0.0050826  4
1000  78456  0.296285  0.463685  0.549538  0.391735  -0.00627803  4
1100  77994  0.302776  0.458952  0.550352  0.404737  -0.0230929  4
1200  78392  0.30576  0.452519  0.561018  0.440004  -0.00484236  4
1300  78681  0.301661  0.435039  0.569604  0.450625  0.0295757  4
1400  78330  0.286817  0.439863  0.584847  0.486875  0.0241607  4
1500  78773  0.285039  0.432502  0.598445  0.528248  0.0157096  4
1600  79625  0.290008  0.426936  0.602389  0.548107  0.0500488  4
1700  79902  0.291119  0.429449  0.611376  0.583116  0.0610277  4
1800  78484  0.290437  0.423604  0.622344  0.613447  0.0396278  4
1900  78577  0.284231  0.421028  0.639393  0.641424  0.114771  4
2000  78916  0.284833  0.418966  0.637496  0.642163  0.138639  4
2100  78783  0.277987  0.409818  0.648924  0.66696  0.149918  4
2200  78907  0.286644  0.410692  0.658595  0.688228  0.157007  4
2300  79678  0.284319  0.402549  0.656654  0.681685  0.184984  4
2400  79859  0.288497  0.405709  0.663352  0.697397  0.181191  4
2500  78694  0.283787  0.405099  0.673659  0.729658  0.131511  4
2600  79257  0.282182  0.388642  0.675346  0.736981  0.100817  4
2700  78006  0.282734  0.387593  0.681701  0.748973  -0.00385474  4
2800  78643  0.291742  0.376427  0.689977  0.776544  0.00442967  4
2900  78651  0.285467  0.373103  0.698771  0.791187  0.0016207  4
3000  78362  0.275065  0.371271  0.703503  0.805631  -0.0210602  4
3100  79804  0.2842  0.374073  0.703913  0.807182  -0.0186631  4
3200  79190  0.279696  0.380693  0.716534  0.83615  -0.0326222  4
3300  80532  0.280839  0.367496  0.722888  0.845676  -0.0820996  4
3400  78783  0.271616  0.377387  0.726602  0.860342  -0.108794  4
3500  78891  0.272703  0.372132  0.721632  0.844249  -0.106463  4
3600  79410  0.278656  0.382929  0.727472  0.86406  -0.131759  4
3700  79457  0.273859  0.369524  0.735493  0.879565  -0.153249  4
3800  79565  0.269216  0.368745  0.74513  0.891923  -0.223148  4
3900  78889  0.272616  0.370598  0.745084  0.892722  -0.19838  4
4000  78860  0.271565  0.374083  0.755695  0.906723  -0.188282  4
4100  79627  0.272985  0.373406  0.753068  0.903266  -0.211172  4
4200  78835  0.259011  0.363444  0.756029  0.905636  -0.214174  4
4300  79021  0.270629  0.361687  0.760475  0.923679  -0.269862  4
4400  80036  0.267012  0.366818  0.758653  0.918287  -0.259488  4
4500  78306  0.25382  0.369926  0.757727  0.910566  -0.235752  4
4600  79225  0.261946  0.367208  0.762896  0.922797  -0.244544  4
4700  79075  0.263187  0.369481  0.761494  0.924983  -0.275999  4
4800  78367  0.259726  0.365068  0.761807  0.933087  -0.291901  4
4900  79318  0.258927  0.364803  0.765966  0.934673  -0.240214  4
5000  79461  0.274903  0.366478  0.766953  0.944673  -0.271901  4
5100  79584  0.266331  0.367578  0.765368  0.941915  -0.297957  4
5200  80389  0.269373  0.365705  0.766276  0.940229  -0.300506  4
5300  78967  0.26987  0.368423  0.769563  0.944406  -0.321918  4
5400  78702  0.26224  0.358407  0.771901  0.94452  -0.304509  4
5500  79469  0.277193  0.354761  0.772679  0.955817  -0.31076  4
5600  79158  0.272125  0.364046  0.774498  0.958937  -0.321149  4
5700  80264  0.264953  0.358711  0.772286  0.956879  -0.294374  4
5800  78671  0.27221  0.359299  0.770067  0.959007  -0.353259  4
5900  79232  0.271201  0.363287  0.771754  0.958882  -0.308282  4
6000  79268  0.271515  0.365875  0.772457  0.964696  -0.349614  4
6100  79765  0.267693  0.361992  0.772448  0.962723  -0.364842  4
6200  78667  0.273008  0.356736  0.772168  0.963117  -0.345853  4
6300  79236  0.272926  0.349351  0.771424  0.965995  -0.274018  4
6400  80297  0.286814  0.344853  0.772847  0.970004  -0.344713  4
6500  79282  0.26997  0.346898  0.774876  0.971907  -0.259568  4
6600  79163  0.27915  0.340537  0.776502  0.972291  -0.281662  4
6700  77670  0.269724  0.339532  0.775795  0.97485  -0.261769  4
6800  79239  0.271109  0.346788  0.776608  0.975416  -0.286274  4
6900  79139  0.27221  0.353938  0.775191  0.973468  -0.191798  4
7000  79095  0.272968  0.352191  0.775507  0.974325  -0.195814  4
7100  79060  0.262686  0.352106  0.774935  0.972984  -0.245186  4
7200  80408  0.286634  0.348372  0.773997  0.973597  -0.258248  4
7300  78789  0.281179  0.347433  0.77289  0.970557  -0.250123  4
7400  80116  0.272868  0.344314  0.773427  0.968105  -0.316144  4
7500  78621  0.263846  0.344555  0.773203  0.970868  -0.350323  4
7600  78683  0.286096  0.34862  0.773938  0.972542  -0.367794  4
7700  78820  0.278461  0.35011  0.773737  0.972735  -0.378328  4
7800  78967  0.275327  0.351645  0.773854  0.974136  -0.34529  4
7900  79446  0.279575  0.336972  0.775136  0.975849  -0.398597  4
8000  79098  0.268099  0.332663  0.77647  0.975595  -0.456451  4
8100  79340  0.266381  0.335376  0.779273  0.978555  -0.563823  4
8200  79059  0.269252  0.3365  0.782753  0.98013  -0.601027  4
8300  79993  0.269112  0.334611  0.782817  0.983411  -0.58848  4
8400  78395  0.265439  0.333915  0.783235  0.981886  -0.592151  4
8500  79738  0.270708  0.333739  0.78473  0.982963  -0.569843  4
8600  79293  0.270402  0.328744  0.783153  0.983093  -0.553278  4
8700  78907  0.25768  0.334465  0.784264  0.983605  -0.61286  4
8800  78726  0.267774  0.332277  0.784534  0.9846  -0.567854  4
8900  79453  0.264165  0.334466  0.7871  0.98696  -0.549137  4
9000  78803  0.258302  0.331997  0.786889  0.987897  -0.595122  4
9100  79173  0.279062  0.331327  0.787574  0.988672  -0.611012  4
9200  78810  0.271475  0.336921  0.788263  0.98808  -0.664233  4
9300  78875  0.265207  0.336781  0.788888  0.988697  -0.639639  4
9400  78504  0.264979  0.33337  0.789925  0.990886  -0.642665  4
9500  79689  0.276483  0.332604  0.789784  0.993024  -0.626081  4
9600  79184  0.268594  0.337102  0.790825  0.992584  -0.650494  4
9700  79962  0.274938  0.338889  0.79107  0.992754  -0.670908  4
9800  78956  0.273262  0.336154  0.790505  0.992609  -0.652922  4
9900  79256  0.26358  0.330108  0.792436  0.992738  -0.724006  4
