t meta_n emi  mean_info  tr1  tr2  tr3  strategy
0  102906  0.10048  0.491925  0.900049  0.000884118  -2.97886e-05  4
100  74488  0.174152  0.283546  0.611021  0.0863388  0.000199051  4
200  76822  0.318179  0.142486  0.451324  0.15983  0.003895  4
300  75289  0.3334  0.0954676  0.429579  0.210598  0.00171453  4
400  76599  0.355655  0.0831618  0.425926  0.272997  -0.0191705  4
500  76030  0.352674  0.0748102  0.429923  0.291074  -0.0171492  4
600  76486  0.363531  0.0743524  0.423525  0.301684  -0.0388736  4
700  76468  0.364836  0.0774298  0.425675  0.309913  -0.016098  4
800  76361  0.371739  0.0655356  0.423047  0.327094  -0.0116759  4
900  75919  0.373012  0.0645291  0.419083  0.334258  0.00854011  4
1000  75698  0.363641  0.063326  0.432538  0.348416  0.000901623  4
1100  74859  0.356513  0.0610606  0.439721  0.359966  -0.0300624  4
1200  76835  0.350169  0.058926  0.447647  0.374607  -0.0547721  4
1300  76982  0.353309  0.0546444  0.445221  0.380405  -0.0728483  4
1400  76379  0.35816  0.0568817  0.438313  0.366957  -0.0652694  4
1500  76125  0.365428  0.0578255  0.439084  0.393102  -0.0594883  4
1600  76101  0.358367  0.0496114  0.439076  0.402479  -0.0305818  4
1700  76280  0.358595  0.0536476  0.442323  0.395054  -0.0506729  4
1800  76442  0.352715  0.054296  0.440441  0.377384  0.0269812  4
1900  75973  0.35627  0.0506613  0.432177  0.36572  -0.0320853  4
2000  75858  0.36998  0.0461157  0.431874  0.372  -0.0934357  4
2100  76803  0.372953  0.0426047  0.431484  0.374281  -0.172733  4
2200  76935  0.370044  0.0396174  0.430551  0.373624  -0.203957  4
2300  76229  0.364774  0.0399577  0.435504  0.374387  -0.22278  4
2400  77132  0.361296  0.0362288  0.435575  0.359331  -0.247306  4
2500  76785  0.363073  0.0338918  0.432561  0.366806  -0.230228  4
2600  75993  0.355284  0.0357089  0.435516  0.374748  -0.276515  4
2700  76601  0.356427  0.0382399  0.437562  0.378059  -0.31635  4
2800  77160  0.365808  0.0374225  0.439632  0.392611  -0.297018  4
2900  77701  0.361494  0.0366399  0.43919  0.384162  -0.284631  4
3000  77377  0.354847  0.0322101  0.439263  0.37188  -0.236753  4
3100  76327  0.352699  0.0322753  0.439726  0.368926  -0.18358  4
3200  75696  0.352635  0.0262155  0.436852  0.362629  -0.208834  4
3300  76634  0.359545  0.0281072  0.438033  0.378851  -0.220007  4
3400  77029  0.354949  0.028895  0.439315  0.378517  -0.235473  4
3500  76512  0.352735  0.0288267  0.437575  0.375415  -0.234805  4
3600  76769  0.353183  0.0287827  0.440495  0.379717  -0.220692  4
3700  77040  0.355192  0.0309747  0.44087  0.381183  -0.214993  4
3800  75602  0.349226  0.0297849  0.438213  0.374205  -0.190381  4
3900  76196  0.352139  0.0273006  0.435108  0.35975  -0.163548  4
4000  77540  0.354223  0.0247679  0.440532  0.378344  -0.179714  4
4100  75871  0.351875  0.0243377  0.435963  0.381024  -0.220039  4
4200  76655  0.35581  0.0249552  0.43975  0.39135  -0.202581  4
4300  76323  0.355678  0.0224587  0.436751  0.391201  -0.14168  4
4400  76011  0.355911  0.0234964  0.437051  0.380974  -0.146064  4
4500  76567  0.358506  0.0205554  0.429591  0.364098  -0.104139  4
4600  76509  0.360337  0.0196755  0.42436  0.357994  -0.119671  4
4700  76293  0.366311  0.021167  0.431601  0.387426  -0.106916  4
4800  76970  0.35345  0.0201779  0.435198  0.38361  -0.100289  4
4900  76858  0.352762  0.0212117  0.437421  0.388101  -0.0437906  4
5000  77130  0.363666  0.0196322  0.430456  0.377605  -0.0248781  4
5100  76482  0.353376  0.0194779  0.425005  0.348782  -0.0367704  4
5200  76738  0.35601  0.0211049  0.421617  0.336581  -0.0483851  4
5300  76757  0.354537  0.0179844  0.425909  0.353083  0.0215791  4
5400  76425  0.353369  0.0157057  0.4307  0.357456  0.0380424  4
5500  77453  0.353105  0.0159435  0.427868  0.340919  0.0203291  4
5600  76374  0.350877  0.0153579  0.432515  0.352417  0.0159708  4
5700  78114  0.355863  0.0139276  0.430727  0.34903  0.0198292  4
5800  77123  0.34763  0.0133887  0.430198  0.353838  -0.0149805  4
5900  76072  0.347708  0.0141356  0.432308  0.351064  -0.0353119  4
6000  76697  0.350099  0.0127682  0.435123  0.358353  -0.0576992  4
6100  77119  0.359503  0.011901  0.437067  0.362511  -0.040202  4
6200  76755  0.361553  0.013589  0.445013  0.382853  -0.0291203  4
6300  76513  0.350161  0.0111433  0.448935  0.386947  -0.0557533  4
6400  77987  0.350389  0.0125811  0.456653  0.395172  -0.0649304  4
6500  76521  0.350683  0.0143997  0.461102  0.406347  -0.0521684  4
6600  76679  0.348612  0.0141872  0.470368  0.421899  -0.0880662  4
6700  77810  0.354917  0.014024  0.479592  0.447421  -0.0156205  4
6800  76126  0.346181  0.012078  0.490175  0.473441  0.00184031  4
6900  76003  0.342301  0.0111199  0.49042  0.466435  0.0112907  4
7000  76252  0.340613  0.0112668  0.500156  0.487668  0.0749523  4
7100  76327  0.337597  0.0115238  0.505627  0.508246  0.0661048  4
7200  76172  0.337882  0.0124378  0.520403  0.543992  0.040216  4
7300  78175  0.345657  0.0114633  0.533731  0.570719  0.0696913  4
7400  77158  0.339473  0.0105493  0.548942  0.60324  0.0914397  4
7500  77457  0.338365  0.0094168  0.558698  0.6237  0.0940131  4
7600  76818  0.339392  0.010651  0.565357  0.63546  0.0769301  4
7700  77033  0.335453  0.0124842  0.577371  0.660388  0.0895067  4
7800  77276  0.344903  0.0156819  0.582254  0.67899  0.091794  4
7900  77472  0.348378  0.0119422  0.593312  0.705988  0.105669  4
8000  76330  0.338319  0.0121345  0.606667  0.734886  0.11418  4
8100  77060  0.333044  0.0139028  0.625571  0.775695  0.158915  4
8200  76557  0.337558  0.0135817  0.641761  0.817864  0.149974  4
8300  78647  0.334862  0.0173216  0.640754  0.813448  0.111532  4
8400  77338  0.332728  0.0184848  0.651908  0.840938  0.117852  4
8500  77129  0.335387  0.0169036  0.659474  0.85988  0.0920016  4
8600  77837  0.327771  0.0157866  0.676979  0.900029  0.088232  4
8700  76577  0.324745  0.0149073  0.682596  0.910997  0.0624817  4
8800  77632  0.3392  0.0124774  0.692452  0.93087  0.0830901  4
8900  77575  0.329884  0.0133666  0.695314  0.937179  0.0953804  4
9000  76673  0.328596  0.0128334  0.699716  0.950963  0.0979283  4
9100  77191  0.333359  0.0115009  0.706606  0.96746  0.14011  4
9200  77390  0.331743  0.0115763  0.706586  0.967969  0.161352  4
9300  77896  0.324457  0.0148112  0.707655  0.973173  0.155989  4
9400  76737  0.326399  0.0160845  0.709735  0.975681  0.162246  4
9500  77571  0.329489  0.0163376  0.711589  0.980885  0.194652  4
9600  76547  0.325612  0.0147504  0.713692  0.986281  0.199405  4
9700  77689  0.334437  0.0142704  0.714856  0.989302  0.179694  4
9800  77623  0.335211  0.0113252  0.716328  0.993285  0.167002  4
9900  77138  0.331519  0.0124683  0.716649  0.992989  0.141009  4
