t meta_n emi  mean_info  tr1  tr2  tr3  strategy
0  103518  0.101512  0.49462  0.899977  0.00082684  -0.000112085  4
100  75157  0.183725  0.353494  0.607043  0.0877359  -0.00319679  4
200  77162  0.289532  0.213499  0.469345  0.140662  0.0124361  4
300  75640  0.310167  0.161349  0.450508  0.190709  0.0134357  4
400  76627  0.327214  0.126131  0.434624  0.210095  0.0151068  4
500  76358  0.344928  0.107224  0.431339  0.229588  0.00238323  4
600  75825  0.343386  0.0987999  0.431103  0.260673  -0.0273353  4
700  77128  0.348515  0.0906784  0.42604  0.275002  -0.0521764  4
800  75927  0.348522  0.0899711  0.432861  0.304239  -0.0210066  4
900  75951  0.356145  0.0917234  0.430939  0.310072  -0.0202745  4
1000  77046  0.364684  0.0897507  0.433678  0.320318  -0.0114692  4
1100  76822  0.362436  0.0899849  0.431836  0.325927  -0.0108169  4
1200  75743  0.357892  0.091792  0.433396  0.329257  0.00584518  4
1300  75869  0.356973  0.0890467  0.438638  0.336084  0.0106887  4
1400  75566  0.35122  0.0843473  0.44148  0.33343  0.0397878  4
1500  76367  0.351416  0.0835974  0.443247  0.338313  0.0392013  4
1600  76924  0.345872  0.0785009  0.443273  0.341411  -0.0116699  4
1700  77053  0.347523  0.0724468  0.439707  0.3283  -0.0398911  4
1800  76214  0.347831  0.072783  0.442323  0.33562  -0.0757371  4
1900  75796  0.350069  0.0791945  0.437926  0.340704  -0.0466932  4
2000  77236  0.348476  0.0776243  0.443961  0.360963  -0.0720859  4
2100  77248  0.356798  0.0751972  0.446698  0.363748  -0.0371919  4
2200  76782  0.353697  0.0748393  0.446747  0.376706  -0.0458615  4
2300  76881  0.354628  0.069129  0.443139  0.374315  -0.0417259  4
2400  77373  0.357432  0.0617256  0.444027  0.373716  -0.0527168  4
2500  76846  0.357223  0.0618284  0.444942  0.390755  -0.0470974  4
2600  76018  0.354102  0.0596133  0.448624  0.404705  0.00914945  4
2700  76118  0.352458  0.0583522  0.449751  0.420921  -0.00788895  4
2800  76929  0.353624  0.057201  0.460313  0.442667  -0.0339208  4
2900  75642  0.348657  0.0639461  0.466296  0.464002  -0.00385827  4
3000  76674  0.347545  0.0646846  0.468627  0.468457  -0.00134687  4
3100  76401  0.350914  0.0634856  0.473585  0.475832  0.0173217  4
3200  76678  0.35661  0.0694656  0.471308  0.476023  -0.0126253  4
3300  76677  0.345811  0.0621388  0.467033  0.464239  0.00684824  4
3400  75819  0.35501  0.0621858  0.468692  0.47195  -0.0358243  4
3500  76690  0.345746  0.059072  0.46993  0.478371  0.0148553  4
3600  76210  0.342371  0.0562659  0.475808  0.486928  0.027943  4
3700  78063  0.353384  0.0600506  0.481933  0.514333  0.0697621  4
3800  76862  0.341676  0.0606602  0.487809  0.511331  0.0674826  4
3900  77269  0.346669  0.0594308  0.489086  0.516048  0.0484215  4
4000  77094  0.346015  0.0600176  0.492661  0.526377  0.0957173  4
4100  76912  0.352574  0.0624964  0.489656  0.507103  0.081364  4
4200  76776  0.34272  0.0582283  0.499246  0.534805  0.0443125  4
4300  76769  0.344982  0.0573451  0.500671  0.542931  0.0476892  4
4400  76914  0.342793  0.0660906  0.505237  0.553662  0.0928447  4
4500  76284  0.346133  0.073073  0.506145  0.544387  0.124544  4
4600  77389  0.341419  0.0670315  0.505868  0.5415  0.160709  4
4700  75705  0.340259  0.0613155  0.505556  0.538686  0.186864  4
4800  76973  0.337082  0.0623859  0.504147  0.537028  0.246758  4
4900  76842  0.337851  0.0644115  0.505543  0.532173  0.252283  4
5000  77364  0.342128  0.0647026  0.511243  0.55116  0.240029  4
5100  77148  0.331841  0.0650088  0.510347  0.541793  0.247311  4
5200  77764  0.346831  0.0706341  0.509963  0.547161  0.287989  4
5300  76753  0.345489  0.0648293  0.503775  0.542549  0.321195  4
5400  76452  0.342547  0.069533  0.502701  0.537262  0.24646  4
5500  76167  0.344293  0.059585  0.487989  0.503254  0.242867  4
5600  76297  0.34468  0.0563348  0.486019  0.495741  0.231066  4
5700  76563  0.349445  0.0524535  0.483067  0.491828  0.269738  4
5800  77915  0.346957  0.0507164  0.487144  0.502427  0.267753  4
5900  77022  0.345442  0.0487854  0.480923  0.490863  0.249162  4
6000  77184  0.339395  0.0532595  0.488012  0.503527  0.239819  4
6100  78271  0.34897  0.0546529  0.484508  0.495657  0.232988  4
6200  77879  0.340785  0.0522896  0.487965  0.495446  0.280939  4
6300  77045  0.338794  0.0499188  0.495029  0.5158  0.28639  4
6400  76728  0.345849  0.0526203  0.499493  0.527991  0.24387  4
6500  77730  0.341851  0.050593  0.498244  0.521998  0.259589  4
6600  76914  0.341094  0.0580771  0.502599  0.537721  0.239141  4
6700  77014  0.344209  0.0687505  0.505625  0.533415  0.296476  4
6800  77184  0.342356  0.0709288  0.512093  0.544001  0.20078  4
6900  76813  0.338537  0.0707823  0.509564  0.531963  0.209726  4
7000  77070  0.34022  0.0623962  0.500565  0.509887  0.194614  4
7100  77845  0.343402  0.0619167  0.502343  0.510694  0.21537  4
7200  77984  0.345916  0.0572538  0.498032  0.494033  0.215615  4
7300  76862  0.345816  0.0589044  0.499236  0.502522  0.257407  4
7400  76440  0.340612  0.0584735  0.495079  0.49541  0.280569  4
7500  77224  0.336641  0.0520651  0.488948  0.478686  0.290104  4
7600  77037  0.334155  0.0511787  0.484455  0.455028  0.33672  4
7700  76668  0.33476  0.0506035  0.494309  0.482316  0.353103  4
7800  75802  0.338049  0.056089  0.500613  0.498271  0.393801  4
7900  77262  0.333631  0.061847  0.501759  0.491942  0.482168  4
8000  77303  0.338285  0.0638099  0.496645  0.480412  0.51196  4
8100  77093  0.334904  0.0545196  0.495319  0.474957  0.432687  4
8200  77706  0.332306  0.0580648  0.496071  0.475186  0.413248  4
8300  77074  0.335027  0.0614563  0.496498  0.465213  0.404167  4
8400  77631  0.336711  0.0675899  0.499905  0.474435  0.392636  4
8500  77859  0.323202  0.067871  0.503011  0.480871  0.389678  4
8600  76625  0.328149  0.0696588  0.504332  0.482594  0.404298  4
8700  77548  0.337859  0.0737617  0.50893  0.491446  0.360195  4
8800  77471  0.330069  0.0712384  0.506614  0.491869  0.301963  4
8900  77916  0.338717  0.0735002  0.507259  0.49194  0.296647  4
9000  77887  0.339513  0.0757738  0.511044  0.494394  0.297444  4
9100  77170  0.327974  0.0695107  0.514456  0.503775  0.285621  4
9200  76980  0.337446  0.0647658  0.511906  0.493926  0.312563  4
9300  76641  0.331827  0.0591984  0.512869  0.496365  0.226028  4
9400  77127  0.332228  0.0523664  0.508203  0.496253  0.176686  4
9500  75114  0.329271  0.0525909  0.517197  0.529389  0.152745  4
9600  76187  0.317724  0.0520947  0.513275  0.518388  0.165049  4
9700  77273  0.326025  0.0555397  0.515384  0.522369  0.199952  4
9800  77137  0.338949  0.0583477  0.517602  0.523381  0.157787  4
9900  77784  0.332641  0.0521618  0.510855  0.508211  0.13459  4
