t meta_n emi  mean_info  tr1  tr2  tr3  strategy
0  104474  0.098608  0.497654  0.90006  0.000815445  4.18085e-05  4
100  78054  0.186725  0.682295  0.653641  0.0853685  0.0140141  4
200  78561  0.259767  0.691786  0.553999  0.132622  0.0251432  4
300  78803  0.268945  0.675487  0.546133  0.185929  0.0202405  4
400  78510  0.280789  0.663998  0.543897  0.219125  0.0268943  4
500  79191  0.275314  0.656187  0.552914  0.238626  0.0313716  4
600  78518  0.27693  0.648099  0.551994  0.255187  0.0254711  4
700  78746  0.272518  0.639772  0.563703  0.287929  0.0125748  4
800  78342  0.272225  0.640663  0.568153  0.312157  0.0403919  4
900  79275  0.271306  0.645023  0.576619  0.324071  0.0249743  4
1000  79402  0.268384  0.628514  0.581058  0.33935  0.0339186  4
1100  79510  0.270473  0.612617  0.583178  0.361252  0.0341495  4
1200  78935  0.274474  0.609375  0.589014  0.391145  0.014171  4
1300  78624  0.272719  0.610157  0.593283  0.412399  0.019395  4
1400  79673  0.273225  0.60084  0.59152  0.400815  0.00473034  4
1500  79722  0.269544  0.599047  0.602302  0.427691  -0.0206992  4
1600  79491  0.276916  0.573821  0.600409  0.441659  -0.00315998  4
1700  79027  0.270614  0.566926  0.607256  0.461379  0.0265282  4
1800  79506  0.276135  0.560711  0.610537  0.494197  0.023737  4
1900  79268  0.277498  0.554684  0.610472  0.506529  -0.0127199  4
2000  78813  0.266867  0.562739  0.616984  0.517968  0.0110237  4
2100  79985  0.271313  0.542714  0.622242  0.528521  0.00617789  4
2200  78819  0.279507  0.553908  0.620318  0.542082  0.0353867  4
2300  79236  0.277647  0.547885  0.617214  0.534959  -0.0337866  4
2400  79019  0.273985  0.544615  0.615837  0.530185  -0.0283104  4
2500  79136  0.280341  0.551948  0.614531  0.535679  -0.0306988  4
2600  79998  0.278977  0.551836  0.622423  0.557441  -0.0182489  4
2700  79862  0.276341  0.54508  0.624201  0.563796  -0.0210869  4
2800  78700  0.28211  0.524925  0.630287  0.596912  -0.00522637  4
2900  78832  0.259577  0.521597  0.644664  0.61393  -0.0507124  4
3000  79977  0.277095  0.514175  0.648773  0.63088  -0.0800174  4
3100  79592  0.269605  0.508607  0.649374  0.629564  -0.100819  4
3200  79443  0.27547  0.505429  0.654248  0.650093  -0.124484  4
3300  79229  0.266116  0.501317  0.65819  0.652207  -0.0905897  4
3400  79592  0.269335  0.496117  0.660882  0.668164  -0.0631334  4
3500  79178  0.271533  0.507131  0.665948  0.67276  -0.0334604  4
3600  79689  0.274681  0.499944  0.66611  0.679521  -0.0496328  4
3700  79281  0.275742  0.497319  0.663485  0.671983  -0.0850931  4
3800  79046  0.269025  0.48642  0.66134  0.669729  -0.0721126  4
3900  78366  0.260694  0.500222  0.663498  0.681258  -0.105594  4
4000  79754  0.266863  0.501725  0.664099  0.674232  -0.0480754  4
4100  79522  0.270574  0.495904  0.665456  0.684816  -0.049798  4
4200  79521  0.267945  0.489599  0.674035  0.716325  -0.0232253  4
4300  80348  0.274744  0.488771  0.668972  0.706575  -0.0247512  4
4400  80372  0.284954  0.478253  0.677158  0.732184  0.0348297  4
4500  79309  0.268073  0.46901  0.677058  0.72364  0.0321728  4
4600  79535  0.271729  0.466976  0.674943  0.726958  -0.0219973  4
4700  79599  0.273474  0.470678  0.675842  0.732473  -0.0103207  4
4800  79042  0.267837  0.46146  0.68004  0.741786  0.0281487  4
4900  79834  0.270904  0.45633  0.682964  0.760781  -0.0326331  4
5000  80279  0.272911  0.439704  0.690324  0.782495  -0.0325288  4
5100  79617  0.273071  0.448511  0.695941  0.787456  -0.0518062  4
5200  78687  0.271355  0.439527  0.691967  0.786495  -0.0469758  4
5300  79855  0.278658  0.442356  0.696556  0.789746  -0.0530188  4
5400  79737  0.275166  0.442141  0.697372  0.784986  -0.0711952  4
5500  79873  0.281947  0.443028  0.697203  0.793526  -0.0909449  4
5600  79586  0.275733  0.440947  0.698355  0.7991  -0.066517  4
5700  80473  0.268447  0.440543  0.70196  0.811401  -0.12874  4
5800  78672  0.260836  0.425577  0.704806  0.813887  -0.160839  4
5900  79182  0.277017  0.426466  0.707934  0.82291  -0.172941  4
6000  79636  0.273634  0.426409  0.710179  0.825981  -0.107694  4
6100  79261  0.271993  0.422532  0.712258  0.833561  -0.174066  4
6200  80093  0.273564  0.421193  0.71598  0.841516  -0.212553  4
6300  80088  0.276252  0.426213  0.720268  0.848646  -0.18939  4
6400  80454  0.27488  0.428918  0.718338  0.84688  -0.132611  4
6500  79849  0.270947  0.418095  0.727708  0.864528  -0.175338  4
6600  78872  0.274032  0.420619  0.722258  0.859675  -0.0718889  4
6700  80385  0.272066  0.42209  0.722453  0.858476  0.00360257  4
6800  79612  0.271682  0.411359  0.724089  0.86589  -0.052093  4
6900  79163  0.270052  0.415212  0.724067  0.866225  0.00468228  4
7000  80467  0.269342  0.411742  0.729301  0.869  -0.0394025  4
7100  80438  0.276217  0.406535  0.731649  0.879754  -0.0653804  4
7200  79440  0.251144  0.40736  0.738846  0.883959  -0.143068  4
7300  80255  0.271851  0.418099  0.733535  0.878538  -0.143017  4
7400  79438  0.258473  0.415025  0.741401  0.889554  -0.122406  4
7500  78672  0.255912  0.410836  0.739047  0.887396  -0.111198  4
7600  80868  0.266053  0.41682  0.735574  0.88019  -0.0626602  4
7700  80339  0.257153  0.413574  0.741134  0.886628  -0.107334  4
7800  79110  0.262202  0.410467  0.74547  0.895908  -0.127966  4
7900  78677  0.262929  0.409921  0.742396  0.890285  -0.087455  4
8000  80629  0.275445  0.415221  0.742558  0.892073  -0.0664858  4
8100  80683  0.26045  0.418648  0.74316  0.89133  -0.138798  4
8200  79707  0.260299  0.412669  0.743174  0.890963  -0.175898  4
8300  80058  0.267841  0.407248  0.744279  0.88701  -0.183805  4
8400  80447  0.261495  0.411364  0.74415  0.887394  -0.203551  4
8500  79063  0.264638  0.411084  0.747806  0.899018  -0.25528  4
8600  78947  0.265991  0.412623  0.742303  0.891053  -0.280905  4
8700  78913  0.260245  0.403842  0.747454  0.899563  -0.328518  4
8800  79736  0.260177  0.399943  0.751223  0.905768  -0.369645  4
8900  79112  0.263734  0.399948  0.750393  0.904915  -0.286517  4
9000  81151  0.269633  0.403304  0.747938  0.900916  -0.284947  4
9100  78583  0.259729  0.402989  0.746346  0.895384  -0.277937  4
9200  78758  0.260628  0.39547  0.743271  0.891683  -0.285078  4
9300  79939  0.262381  0.387948  0.746038  0.895551  -0.245201  4
9400  79495  0.255751  0.387437  0.751659  0.905201  -0.204872  4
9500  78821  0.257377  0.39192  0.754668  0.912143  -0.249633  4
9600  79099  0.261685  0.388701  0.757043  0.917723  -0.266734  4
9700  78931  0.259513  0.389849  0.754014  0.913876  -0.30825  4
9800  80067  0.266177  0.391715  0.754592  0.919129  -0.251099  4
9900  79723  0.266594  0.39323  0.754591  0.919463  -0.288515  4
