t meta_n emi  mean_info  tr1  tr2  tr3  strategy
0  103360  0.100008  0.497325  0.899971  0.00080744  -2.97022e-05  4
100  76668  0.186771  0.525088  0.622696  0.0761924  -0.00787062  4
200  76959  0.272734  0.431589  0.50512  0.13723  -0.000267842  4
300  77546  0.293259  0.336161  0.491147  0.195537  0.0142393  4
400  77440  0.316783  0.297341  0.477525  0.232139  0.0183166  4
500  77910  0.318025  0.275183  0.478803  0.265632  0.0265833  4
600  77575  0.314301  0.251507  0.480822  0.29278  0.0424285  4
700  77410  0.321354  0.248039  0.484724  0.320128  0.0444319  4
800  78221  0.336574  0.243023  0.492563  0.356504  0.029447  4
900  76275  0.327921  0.240089  0.491681  0.372322  0.0545248  4
1000  78068  0.328305  0.240973  0.503128  0.404317  0.0479888  4
1100  77335  0.325541  0.231878  0.507752  0.420273  -0.000870128  4
1200  77450  0.326238  0.227093  0.51696  0.448787  0.0151808  4
1300  77967  0.32315  0.235548  0.528595  0.473421  0.00536346  4
1400  77892  0.324076  0.233698  0.538634  0.517595  0.0228048  4
1500  77732  0.3174  0.231977  0.552575  0.548094  0.0374349  4
1600  78152  0.312298  0.235715  0.561378  0.572481  0.0365104  4
1700  78007  0.327657  0.251832  0.571317  0.582853  -0.0100276  4
1800  77965  0.311717  0.236462  0.584551  0.616031  0.0028661  4
1900  78084  0.324763  0.245073  0.588131  0.631824  0.00840946  4
2000  77099  0.316708  0.251406  0.608097  0.676466  -0.0248059  4
2100  78079  0.313882  0.260013  0.626533  0.713996  -0.0281055  4
2200  77899  0.306643  0.258046  0.637267  0.727461  0.01959  4
2300  77454  0.306836  0.259039  0.637991  0.736455  0.0605851  4
2400  78299  0.30709  0.264891  0.64672  0.748905  0.0838696  4
2500  78236  0.293535  0.262324  0.656772  0.767515  0.0878808  4
2600  77641  0.305078  0.260636  0.659131  0.786664  0.0555334  4
2700  78345  0.301747  0.269298  0.660894  0.783948  0.0831805  4
2800  77748  0.300592  0.260204  0.658488  0.782324  0.126287  4
2900  78431  0.310149  0.2677  0.662098  0.791997  0.103216  4
3000  78078  0.298227  0.257614  0.665477  0.800103  0.0784826  4
3100  77358  0.299756  0.255733  0.662761  0.792376  0.0671646  4
3200  78819  0.30104  0.256938  0.665241  0.798523  -0.00623027  4
3300  77770  0.300299  0.253518  0.674745  0.824314  0.0742902  4
3400  79108  0.299326  0.245384  0.674499  0.819397  0.0973658  4
3500  77713  0.300245  0.248285  0.685218  0.83974  0.137804  4
3600  78733  0.310802  0.253141  0.69564  0.872293  0.234473  4
3700  78974  0.306908  0.253762  0.699937  0.891007  0.258537  4
3800  77568  0.304325  0.258503  0.697011  0.890119  0.234376  4
3900  77693  0.297969  0.256989  0.704309  0.8989  0.321626  4
4000  77415  0.295629  0.246849  0.705293  0.906819  0.313275  4
4100  77769  0.30303  0.24701  0.711931  0.917286  0.29672  4
4200  78812  0.310589  0.260891  0.716667  0.926634  0.328536  4
4300  78207  0.297024  0.254044  0.72359  0.933199  0.309844  4
4400  77024  0.290875  0.254047  0.72144  0.932875  0.409676  4
4500  78460  0.301206  0.255407  0.722383  0.932095  0.505126  4
4600  79013  0.29096  0.248649  0.723189  0.933577  0.457712  4
4700  77715  0.296445  0.25783  0.728624  0.939617  0.449957  4
4800  78431  0.2914  0.2455  0.72621  0.93308  0.377935  4
4900  78564  0.300422  0.233809  0.723817  0.933667  0.391235  4
5000  78371  0.297884  0.235734  0.72304  0.935558  0.402464  4
5100  79006  0.303327  0.244291  0.722476  0.937355  0.462186  4
5200  77185  0.289724  0.244718  0.732882  0.943243  0.502077  4
5300  79003  0.29704  0.240286  0.735804  0.945544  0.519756  4
5400  78577  0.300566  0.246406  0.737717  0.946795  0.601273  4
5500  79518  0.292688  0.24841  0.736376  0.944709  0.606306  4
5600  78783  0.302048  0.250353  0.737637  0.948766  0.633293  4
5700  78204  0.291347  0.242742  0.740068  0.950367  0.699032  4
5800  78369  0.287062  0.24015  0.737383  0.944036  0.734357  4
5900  78299  0.29067  0.237036  0.739567  0.948211  0.710096  4
6000  78468  0.29445  0.235594  0.735039  0.940753  0.696383  4
6100  77976  0.287496  0.239236  0.731814  0.930128  0.598188  4
6200  79007  0.295036  0.224096  0.728123  0.929474  0.599955  4
6300  77496  0.288022  0.235278  0.733056  0.932417  0.68334  4
6400  78048  0.290999  0.243589  0.738928  0.938803  0.675381  4
6500  77846  0.297962  0.24179  0.734667  0.931449  0.675825  4
6600  78258  0.299308  0.227092  0.73236  0.925674  0.637493  4
6700  78440  0.298471  0.233443  0.736117  0.937495  0.636004  4
6800  77607  0.292886  0.233866  0.735552  0.943132  0.62063  4
6900  78936  0.306654  0.231687  0.740587  0.951893  0.661311  4
7000  79180  0.29619  0.234038  0.740336  0.951358  0.632076  4
7100  77638  0.296837  0.23686  0.739591  0.946557  0.689998  4
7200  78979  0.296188  0.244872  0.743649  0.948214  0.760477  4
7300  77839  0.294211  0.246661  0.745227  0.949137  0.864978  4
7400  79180  0.297844  0.24379  0.742918  0.946638  0.889269  4
7500  78296  0.293358  0.245991  0.741246  0.942469  0.914821  4
7600  78053  0.289839  0.247159  0.746433  0.951763  1.02457  4
7700  77695  0.288834  0.246638  0.747623  0.953828  1.06287  4
7800  78411  0.287809  0.255293  0.746102  0.95238  1.13601  4
7900  78725  0.298072  0.244455  0.738973  0.931111  1.1207  4
8000  78117  0.291507  0.242614  0.738418  0.930169  1.20058  4
8100  77893  0.283137  0.243228  0.744421  0.94267  1.2048  4
8200  77914  0.289594  0.241906  0.742536  0.934501  1.2296  4
8300  77593  0.280435  0.24583  0.74523  0.942376  1.23517  4
8400  78417  0.295623  0.244676  0.742176  0.936228  1.18555  4
8500  79193  0.295098  0.245263  0.737108  0.923997  1.13488  4
8600  77839  0.298245  0.24787  0.741385  0.93345  1.14022  4
8700  78388  0.296814  0.253614  0.742715  0.933038  1.16724  4
8800  77543  0.279225  0.251057  0.739564  0.926401  1.26499  4
8900  78997  0.299394  0.251674  0.740286  0.925151  1.32585  4
9000  78982  0.297905  0.253794  0.739273  0.927444  1.28587  4
9100  78584  0.291096  0.260141  0.743389  0.931297  1.34861  4
9200  78799  0.302172  0.243436  0.74416  0.932132  1.32848  4
9300  78244  0.286037  0.245159  0.742331  0.927343  1.33185  4
9400  78677  0.290974  0.246064  0.739658  0.920494  1.36533  4
9500  78010  0.29337  0.250521  0.744664  0.934035  1.37485  4
9600  78463  0.283311  0.249924  0.743103  0.929499  1.33806  4
9700  78438  0.292724  0.251166  0.745159  0.936693  1.34564  4
9800  78018  0.282191  0.253676  0.742205  0.931274  1.30241  4
9900  77534  0.281619  0.261978  0.746518  0.941982  1.24433  4
