t meta_n emi  mean_info  tr1  tr2  tr3  strategy
0  104856  0.100344  0.494606  0.899997  0.000901505  -1.0599e-06  4
100  75347  0.184197  0.50063  0.613902  0.0688959  -0.00349439  4
200  76667  0.279283  0.411614  0.498127  0.126612  -0.0124021  4
300  76766  0.303628  0.309896  0.474111  0.178724  -0.0236536  4
400  76646  0.305129  0.264105  0.471565  0.221856  -0.0330832  4
500  76673  0.320523  0.226698  0.46239  0.236882  -0.0386211  4
600  76642  0.323482  0.202142  0.469995  0.287668  -0.00841668  4
700  77360  0.336602  0.186049  0.468708  0.314757  -0.0294946  4
800  77775  0.327802  0.185289  0.471026  0.330823  -0.0417103  4
900  77221  0.332236  0.186404  0.483068  0.374077  -0.0257804  4
1000  75929  0.328808  0.178407  0.49177  0.4066  -0.0395759  4
1100  76909  0.329015  0.186548  0.508265  0.439686  -0.0661949  4
1200  76795  0.332644  0.194134  0.515523  0.478821  -0.0301608  4
1300  76437  0.331368  0.197402  0.535318  0.526057  -0.048708  4
1400  77349  0.334509  0.194677  0.541838  0.54306  -0.092208  4
1500  77348  0.32485  0.199894  0.548725  0.544723  -0.0956924  4
1600  77544  0.325774  0.203488  0.556657  0.571404  -0.117469  4
1700  77572  0.332551  0.193663  0.55286  0.579937  -0.108137  4
1800  78102  0.329483  0.194273  0.555084  0.581562  -0.101708  4
1900  77421  0.329657  0.202051  0.567022  0.5994  -0.113314  4
2000  76767  0.321229  0.198337  0.569628  0.606046  -0.081197  4
2100  78529  0.325248  0.207151  0.583904  0.643096  -0.0580808  4
2200  78044  0.312787  0.212674  0.599416  0.673057  -0.0572422  4
2300  78984  0.31478  0.225972  0.611607  0.696911  -0.0249528  4
2400  76801  0.313641  0.208504  0.612923  0.699823  -0.0384321  4
2500  77181  0.319151  0.210665  0.624018  0.72789  -0.0278009  4
2600  77362  0.316461  0.215249  0.629701  0.742939  0.00805696  4
2700  77702  0.312296  0.211825  0.636895  0.760036  -0.0203267  4
2800  77997  0.312606  0.210101  0.638738  0.7678  -0.0163772  4
2900  77871  0.310763  0.208641  0.635654  0.754212  -0.00411577  4
3000  78730  0.316359  0.20035  0.630537  0.748811  0.00423158  4
3100  77311  0.319076  0.201803  0.629111  0.751995  -0.0363128  4
3200  77383  0.327874  0.195375  0.628331  0.750585  -0.0531668  4
3300  77456  0.316315  0.210811  0.640531  0.767244  -0.0559639  4
3400  77710  0.322368  0.19871  0.638689  0.758202  -0.0246238  4
3500  77727  0.314092  0.1968  0.651424  0.777569  0.0256378  4
3600  77476  0.307639  0.201066  0.661966  0.812657  0.0452823  4
3700  78158  0.315359  0.20309  0.66593  0.815826  0.078058  4
3800  78216  0.314616  0.205232  0.667994  0.821023  0.098002  4
3900  77890  0.298035  0.214982  0.675046  0.831281  0.18335  4
4000  78956  0.317773  0.203158  0.671016  0.826793  0.209587  4
4100  77491  0.308347  0.205067  0.674367  0.835047  0.25242  4
4200  78643  0.312806  0.195994  0.678672  0.845673  0.267497  4
4300  77083  0.295581  0.202541  0.680729  0.848374  0.275671  4
4400  77983  0.310474  0.205955  0.682762  0.850211  0.297204  4
4500  76731  0.300973  0.207004  0.694111  0.876903  0.284799  4
4600  78325  0.302132  0.208662  0.695763  0.876991  0.326027  4
4700  77798  0.302389  0.205829  0.696321  0.876865  0.364842  4
4800  78114  0.301711  0.211867  0.698269  0.882601  0.348005  4
4900  77657  0.306733  0.211075  0.693433  0.871631  0.384066  4
5000  77825  0.304947  0.21099  0.698132  0.885819  0.374728  4
5100  78515  0.306343  0.210956  0.699816  0.883818  0.389366  4
5200  78397  0.302833  0.211089  0.708358  0.909197  0.428459  4
5300  77754  0.303862  0.207446  0.710257  0.913537  0.457138  4
5400  78547  0.306037  0.207547  0.709205  0.906518  0.461971  4
5500  77935  0.296041  0.207571  0.714129  0.91582  0.453791  4
5600  78709  0.308683  0.210255  0.717905  0.928683  0.47923  4
5700  77261  0.309982  0.207287  0.716741  0.926131  0.463216  4
5800  77880  0.305073  0.201297  0.70932  0.913639  0.438784  4
5900  77475  0.307715  0.208382  0.715357  0.918647  0.465852  4
6000  76849  0.293796  0.217632  0.718846  0.927851  0.475867  4
6100  77722  0.29839  0.215873  0.71612  0.916981  0.503869  4
6200  77975  0.303376  0.219549  0.718521  0.92201  0.536994  4
6300  76763  0.297497  0.21387  0.713884  0.910786  0.552055  4
6400  77729  0.298977  0.210231  0.708092  0.891263  0.549502  4
6500  77144  0.297584  0.208709  0.707739  0.898512  0.574249  4
6600  79142  0.307841  0.204023  0.707686  0.898987  0.622554  4
6700  76932  0.299755  0.206387  0.707404  0.902925  0.645806  4
6800  77800  0.307521  0.211018  0.71581  0.926419  0.704078  4
6900  77973  0.309398  0.208792  0.719288  0.930821  0.718775  4
7000  78172  0.307459  0.207032  0.718805  0.931027  0.700589  4
7100  77950  0.297054  0.208419  0.718262  0.931842  0.735614  4
7200  78600  0.313939  0.202575  0.715032  0.923019  0.737167  4
7300  77993  0.312619  0.208381  0.718739  0.931532  0.747165  4
7400  78190  0.300358  0.204064  0.718164  0.928063  0.720829  4
7500  78910  0.314773  0.199189  0.711503  0.918652  0.643499  4
7600  77858  0.317619  0.203387  0.712504  0.923027  0.630909  4
7700  77000  0.302812  0.206543  0.720328  0.931203  0.67621  4
7800  77696  0.310735  0.202114  0.714228  0.914183  0.663692  4
7900  78338  0.300588  0.210266  0.719954  0.932837  0.707353  4
8000  78320  0.30623  0.212102  0.722273  0.932826  0.722209  4
8100  78531  0.307392  0.199394  0.725258  0.939346  0.713135  4
8200  78522  0.298893  0.210796  0.731755  0.955671  0.807551  4
8300  78348  0.303131  0.205469  0.731984  0.954003  0.788384  4
8400  78100  0.30875  0.206413  0.734267  0.959441  0.821717  4
8500  78606  0.305722  0.206051  0.739757  0.965586  0.850684  4
8600  77992  0.303185  0.206863  0.744726  0.97125  0.902581  4
8700  77973  0.291355  0.205248  0.74591  0.973304  0.914186  4
8800  77204  0.306619  0.201762  0.745546  0.973447  0.895476  4
8900  78487  0.303521  0.191638  0.747626  0.981848  0.899988  4
9000  77833  0.297847  0.194908  0.748436  0.98791  0.928139  4
9100  78704  0.311463  0.194435  0.744782  0.98596  0.939147  4
9200  79191  0.307742  0.194735  0.7456  0.98133  0.933856  4
9300  78005  0.310209  0.200397  0.744701  0.984885  0.91146  4
9400  77312  0.308593  0.195486  0.745528  0.983941  0.90319  4
9500  77612  0.307948  0.186069  0.747075  0.98448  0.941843  4
9600  78577  0.304826  0.19041  0.747969  0.987447  0.946691  4
9700  78319  0.316007  0.1979  0.746664  0.987742  0.959602  4
9800  78897  0.307111  0.197485  0.747001  0.988237  0.962567  4
9900  78321  0.31014  0.191845  0.747826  0.988833  0.998278  4
