t meta_n emi  mean_info  tr1  tr2  tr3  strategy
0  102869  0.100528  0.491039  0.900117  0.000798331  8.90755e-06  4
100  75240  0.1752  0.235066  0.601856  0.0798666  0.0125356  4
200  75743  0.298858  0.124687  0.449799  0.137398  0.018545  4
300  75907  0.324555  0.0833993  0.42378  0.157256  0.0194015  4
400  76716  0.346335  0.0668198  0.413314  0.201557  -0.000453428  4
500  76330  0.349694  0.0586004  0.413336  0.234844  0.00473197  4
600  76261  0.367033  0.059366  0.409688  0.257809  0.0341474  4
700  77805  0.368234  0.0571468  0.412242  0.270469  0.0503109  4
800  76010  0.371851  0.0546454  0.412293  0.287646  0.0291657  4
900  76536  0.362477  0.0539549  0.41702  0.292985  0.018178  4
1000  76449  0.372356  0.0542269  0.414648  0.296911  0.00421717  4
1100  75902  0.366404  0.0514173  0.419012  0.313042  0.0121574  4
1200  76584  0.374456  0.0498072  0.420147  0.335277  -0.0480182  4
1300  76151  0.36045  0.0482529  0.427892  0.343581  0.00636668  4
1400  76248  0.363132  0.0453304  0.423402  0.337277  -0.0164907  4
1500  76866  0.369589  0.0415292  0.416241  0.330596  0.0307181  4
1600  77386  0.374572  0.0412794  0.42025  0.336782  -0.0159597  4
1700  75813  0.373908  0.0383809  0.418857  0.33087  0.00126197  4
1800  76067  0.362714  0.0373741  0.425071  0.333944  -0.0181279  4
1900  76546  0.3601  0.0367485  0.419744  0.31617  -0.0240116  4
2000  76701  0.354873  0.0374542  0.426021  0.328886  -0.0669466  4
2100  76792  0.367468  0.0356  0.415122  0.317364  -0.0806127  4
2200  77054  0.36762  0.0353018  0.416209  0.308837  -0.0918901  4
2300  77327  0.356603  0.0373308  0.417811  0.309354  -0.0656286  4
2400  75432  0.356259  0.0353561  0.416515  0.301166  -0.0509799  4
2500  76420  0.359575  0.036097  0.414891  0.301485  -0.0837295  4
2600  77418  0.364333  0.0320788  0.412329  0.305337  -0.13438  4
2700  76451  0.364387  0.0317861  0.406302  0.304188  -0.138434  4
2800  75913  0.363008  0.0286216  0.411513  0.306166  -0.118008  4
2900  77789  0.356692  0.0297294  0.416292  0.294649  -0.0576141  4
3000  76792  0.354678  0.0292425  0.419252  0.316953  -0.0832923  4
3100  77220  0.369968  0.0258808  0.417134  0.32929  -0.0665714  4
3200  76585  0.367232  0.023039  0.411457  0.310503  -0.0728166  4
3300  75966  0.362816  0.0251635  0.409741  0.314439  -0.0648812  4
3400  76632  0.363629  0.0247223  0.410429  0.315501  -0.0705767  4
3500  77339  0.368289  0.0246892  0.404656  0.308562  -0.119157  4
3600  76534  0.363574  0.0230079  0.408309  0.303831  -0.156662  4
3700  77113  0.362964  0.0236702  0.404989  0.288281  -0.20838  4
3800  77633  0.369432  0.0225345  0.403813  0.284166  -0.195724  4
3900  76446  0.355872  0.0229221  0.407276  0.287286  -0.189355  4
4000  76912  0.363184  0.0229101  0.401445  0.272888  -0.233012  4
4100  77863  0.356836  0.0218988  0.403004  0.275415  -0.236861  4
4200  76501  0.358056  0.0197832  0.400504  0.266789  -0.291165  4
4300  76142  0.357035  0.0195017  0.397568  0.26506  -0.340803  4
4400  76881  0.366668  0.0170665  0.394596  0.264086  -0.377999  4
4500  77532  0.368506  0.0177704  0.393846  0.257715  -0.411413  4
4600  76120  0.360903  0.0167522  0.391491  0.248755  -0.359501  4
4700  76556  0.359714  0.0155296  0.395728  0.242417  -0.433727  4
4800  76537  0.359827  0.0159032  0.389424  0.233156  -0.461539  4
4900  75864  0.36768  0.0141655  0.386953  0.243987  -0.51992  4
5000  76126  0.36863  0.0143599  0.389084  0.238593  -0.486121  4
5100  75874  0.365443  0.0168847  0.389839  0.24578  -0.487934  4
5200  77175  0.369098  0.0151118  0.391404  0.243438  -0.483716  4
5300  76662  0.37148  0.0158019  0.385342  0.243411  -0.472356  4
5400  75673  0.369455  0.013964  0.385646  0.255365  -0.436502  4
5500  76409  0.371858  0.0128524  0.387415  0.260739  -0.429754  4
5600  76592  0.36082  0.0126937  0.389206  0.248016  -0.44029  4
5700  76026  0.367258  0.0115252  0.388805  0.253032  -0.420796  4
5800  76253  0.365502  0.010646  0.386891  0.250584  -0.444224  4
5900  77040  0.362869  0.0105984  0.389633  0.253786  -0.446018  4
6000  77655  0.368035  0.011457  0.386367  0.245785  -0.488359  4
6100  76893  0.361191  0.00983177  0.385217  0.230517  -0.485576  4
6200  77784  0.36267  0.0079406  0.384905  0.231711  -0.459602  4
6300  77604  0.36745  0.00859934  0.38501  0.244751  -0.477048  4
6400  76647  0.368265  0.0074165  0.384156  0.240266  -0.43472  4
6500  75723  0.364202  0.00907357  0.38479  0.236437  -0.439633  4
6600  75835  0.361512  0.00961545  0.387467  0.239016  -0.364275  4
6700  76412  0.362385  0.00703222  0.39131  0.257849  -0.396951  4
6800  76290  0.356064  0.0077802  0.390573  0.246581  -0.437002  4
6900  75969  0.352246  0.0067349  0.389438  0.242416  -0.438009  4
7000  76769  0.361198  0.00836651  0.38813  0.250753  -0.439962  4
7100  75401  0.358646  0.00597983  0.384115  0.238674  -0.433155  4
7200  76385  0.365128  0.00615935  0.386329  0.248926  -0.381616  4
7300  77811  0.368853  0.00515977  0.382416  0.241425  -0.359256  4
7400  76565  0.371314  0.00585811  0.381052  0.230275  -0.304872  4
7500  76346  0.367782  0.00508136  0.37891  0.219289  -0.295789  4
7600  77410  0.36398  0.00474244  0.376751  0.202499  -0.260873  4
7700  77753  0.361199  0.00430636  0.376346  0.198892  -0.262662  4
7800  76571  0.362658  0.00529382  0.380016  0.209702  -0.205484  4
7900  76212  0.361171  0.00590393  0.378784  0.205808  -0.204659  4
8000  76741  0.357211  0.00497409  0.382155  0.207379  -0.211665  4
8100  77952  0.355254  0.00437386  0.383447  0.201579  -0.227451  4
8200  76827  0.353724  0.00402139  0.383265  0.199892  -0.252859  4
8300  76293  0.355258  0.00411589  0.38229  0.18904  -0.276617  4
8400  77456  0.361569  0.00309352  0.380891  0.195841  -0.296181  4
8500  76506  0.353222  0.00238191  0.379721  0.192226  -0.290056  4
8600  77006  0.35246  0.0027287  0.381612  0.19609  -0.183777  4
8700  76930  0.350344  0.00209094  0.383215  0.197013  -0.149091  4
8800  76370  0.349145  0.00277519  0.383883  0.196248  -0.12602  4
8900  77307  0.355806  0.00209235  0.383168  0.193982  0.00555332  4
9000  76347  0.350072  0.00305162  0.38451  0.204233  -0.0284561  4
9100  76313  0.354035  0.002204  0.382077  0.19191  0.040153  4
9200  76730  0.351833  0.00283627  0.382678  0.19039  0.101295  4
9300  76547  0.350606  0.00297902  0.382776  0.187162  0.0674833  4
9400  75817  0.350134  0.00253308  0.385449  0.198765  0.00276563  4
9500  76771  0.347059  0.0018487  0.386276  0.198771  -0.0400807  4
9600  76338  0.348252  0.00240815  0.386357  0.199571  -0.0488355  4
9700  77204  0.350068  0.00158527  0.38533  0.191428  -0.00477305  4
9800  76742  0.349855  0.00167802  0.385137  0.188706  0.0720072  4
9900  76754  0.347149  0.00159952  0.386347  0.199522  0.105167  4
