t meta_n emi  mean_info  tr1  tr2  tr3  strategy
0  101463  0.100024  0.489871  0.899982  0.000808444  -1.99148e-05  4
100  74405  0.176863  0.224307  0.597208  0.0863129  -0.0109765  4
200  75689  0.293436  0.126425  0.45134  0.140807  -0.021854  4
300  76112  0.344013  0.0832537  0.418751  0.201843  -0.012511  4
400  75289  0.354602  0.0664234  0.415652  0.264003  0.00717826  4
500  75937  0.363621  0.057269  0.4183  0.288475  0.0436652  4
600  76509  0.373835  0.052223  0.41457  0.312391  0.0628614  4
700  77205  0.377528  0.0537159  0.416348  0.324215  0.0749534  4
800  76793  0.375736  0.0470496  0.419921  0.341674  0.0947676  4
900  76854  0.375937  0.0454376  0.422093  0.352538  0.113196  4
1000  75514  0.371837  0.0460704  0.424137  0.344452  0.098931  4
1100  76003  0.368212  0.0432934  0.426279  0.354107  0.0842645  4
1200  76437  0.369155  0.0453805  0.433789  0.376659  0.079822  4
1300  77414  0.371788  0.0463101  0.433326  0.382352  0.0939372  4
1400  77639  0.380435  0.0464763  0.425827  0.363349  0.0774024  4
1500  76095  0.36565  0.0414947  0.434533  0.354746  0.127401  4
1600  76349  0.362642  0.0433749  0.424702  0.354408  0.12978  4
1700  75076  0.365136  0.040932  0.430695  0.360314  0.119426  4
1800  77007  0.368297  0.0380426  0.433186  0.365154  0.127029  4
1900  76220  0.370019  0.0353699  0.436461  0.378058  0.172026  4
2000  76292  0.370382  0.0375109  0.450404  0.425316  0.208361  4
2100  76712  0.366625  0.0352818  0.451127  0.417731  0.204621  4
2200  75083  0.370927  0.036171  0.446185  0.427592  0.164231  4
2300  77559  0.378248  0.032046  0.447742  0.43754  0.237706  4
2400  75631  0.366944  0.0307405  0.442727  0.422137  0.267502  4
2500  76675  0.37355  0.0287024  0.442837  0.427984  0.235604  4
2600  76103  0.370258  0.0284871  0.434865  0.400321  0.241791  4
2700  76277  0.368403  0.0276083  0.434793  0.394373  0.250222  4
2800  76284  0.375817  0.0273502  0.430569  0.397089  0.220799  4
2900  75928  0.380355  0.0261191  0.425047  0.382764  0.301705  4
3000  76890  0.374196  0.0262634  0.42728  0.372289  0.312365  4
3100  76398  0.361452  0.0258989  0.432926  0.383889  0.254803  4
3200  77353  0.366655  0.0239038  0.433557  0.393698  0.190418  4
3300  76683  0.359149  0.0248758  0.433682  0.375729  0.157187  4
3400  76354  0.354425  0.022578  0.433033  0.377535  0.119325  4
3500  76443  0.361479  0.0227207  0.431896  0.374967  0.0866836  4
3600  76710  0.356434  0.0244544  0.427234  0.356623  0.0895153  4
3700  77462  0.357061  0.0214606  0.422915  0.336119  0.0598028  4
3800  76785  0.36308  0.0203261  0.415956  0.332818  0.0523355  4
3900  77255  0.360404  0.0202963  0.417362  0.340425  0.0817775  4
4000  76188  0.356627  0.0196705  0.413209  0.327112  0.0905905  4
4100  75693  0.365888  0.0161571  0.406524  0.326218  0.106359  4
4200  76141  0.35818  0.0160806  0.413351  0.332952  0.0691314  4
4300  76558  0.36646  0.0147597  0.40693  0.311016  0.0901367  4
4400  76544  0.359096  0.016621  0.409182  0.310854  0.06854  4
4500  77056  0.359691  0.0133929  0.407447  0.314607  0.0644588  4
4600  76372  0.355492  0.0122821  0.407678  0.324401  0.0669456  4
4700  77170  0.36172  0.0120622  0.408046  0.307136  0.0526413  4
4800  76695  0.35345  0.0114234  0.409954  0.306279  0.113906  4
4900  76940  0.357054  0.0120212  0.403783  0.287237  0.138881  4
5000  75956  0.348528  0.0126078  0.408698  0.296543  0.208566  4
5100  75662  0.354128  0.0104358  0.407956  0.296451  0.293526  4
5200  76541  0.35813  0.0100468  0.40365  0.295217  0.30424  4
5300  76800  0.362334  0.0111949  0.405249  0.311878  0.314469  4
5400  75968  0.357555  0.0113292  0.404534  0.298468  0.341644  4
5500  76872  0.355821  0.0127136  0.404332  0.302782  0.317165  4
5600  77095  0.361986  0.0104415  0.400629  0.291121  0.360545  4
5700  76313  0.358612  0.00898855  0.404125  0.280518  0.256639  4
5800  75659  0.350736  0.0100472  0.400298  0.26291  0.234362  4
5900  76384  0.360515  0.00824699  0.394438  0.240973  0.16853  4
6000  77471  0.355104  0.00813585  0.391546  0.234847  0.185324  4
6100  76661  0.352213  0.00790676  0.391625  0.230751  0.144498  4
6200  76620  0.353103  0.00913996  0.391393  0.228169  0.198747  4
6300  76943  0.357727  0.009851  0.392322  0.231359  0.20081  4
6400  77073  0.348759  0.00861153  0.393436  0.227303  0.257472  4
6500  77516  0.351239  0.00844299  0.38849  0.204782  0.224752  4
6600  76183  0.353578  0.00896476  0.390472  0.211649  0.193199  4
6700  76698  0.351621  0.008572  0.389349  0.210734  0.159506  4
6800  75640  0.35294  0.00690199  0.386625  0.207656  0.172002  4
6900  76416  0.348193  0.00690901  0.386595  0.210902  0.182202  4
7000  75663  0.358743  0.00579458  0.384671  0.202813  0.256309  4
7100  77322  0.359557  0.00585938  0.382022  0.201011  0.256108  4
7200  77119  0.361363  0.00583835  0.378072  0.188599  0.213942  4
7300  75735  0.361268  0.00555736  0.378376  0.184672  0.183763  4
7400  75252  0.360092  0.00601402  0.377869  0.188013  0.207463  4
7500  77594  0.361207  0.00452776  0.376683  0.188282  0.133563  4
7600  76917  0.360833  0.00487047  0.37877  0.185368  0.0641339  4
7700  76906  0.36401  0.0045521  0.377464  0.184075  0.0519196  4
7800  77090  0.364264  0.00515827  0.379057  0.193768  0.0546551  4
7900  75657  0.359968  0.0053104  0.379929  0.193327  0.0985754  4
8000  77607  0.359595  0.00417269  0.377594  0.189644  0.131507  4
8100  75763  0.358812  0.00412769  0.378872  0.187889  0.102585  4
8200  77646  0.354463  0.00325382  0.378532  0.182367  0.0233381  4
8300  77213  0.361261  0.00419786  0.37583  0.173906  -0.0113123  4
8400  77340  0.355163  0.00457342  0.371442  0.16102  0.0306639  4
8500  76831  0.360184  0.00464286  0.371222  0.152239  0.0133599  4
8600  75501  0.355788  0.00556993  0.37207  0.1437  0.0204154  4
8700  77666  0.353606  0.00619665  0.371858  0.145029  0.0620499  4
8800  76938  0.361613  0.00380618  0.372064  0.139951  0.0825372  4
8900  77188  0.359568  0.00283832  0.367904  0.13498  0.110866  4
9000  75512  0.357939  0.00312903  0.368986  0.136266  0.0423306  4
9100  75968  0.352746  0.00283565  0.367856  0.137903  -0.00601596  4
9200  76736  0.354277  0.00292993  0.366806  0.12864  0.0593742  4
9300  77319  0.355428  0.0032617  0.367636  0.127989  0.0336444  4
9400  76494  0.347326  0.00328255  0.368791  0.129892  -0.0284405  4
9500  77110  0.349084  0.00261172  0.367949  0.119699  0.0101977  4
9600  76221  0.354073  0.00250218  0.367046  0.123012  0.0804174  4
9700  77122  0.356864  0.00210728  0.370824  0.14572  0.0980328  4
9800  76600  0.361021  0.0022349  0.371907  0.140476  0.0398225  4
9900  76307  0.350304  0.00343135  0.372211  0.135422  0.104404  4
