t meta_n emi  mean_info  tr1  tr2  tr3  strategy
0  103745  0.099008  0.494967  0.899958  0.000766215  -5.43894e-05  4
100  76095  0.177761  0.483879  0.624535  0.088921  -0.0104802  4
200  76664  0.276881  0.358116  0.499151  0.156305  0.00733284  4
300  76204  0.306369  0.285322  0.47921  0.220298  0.0172528  4
400  77043  0.317547  0.216469  0.466663  0.248674  0.0295227  4
500  77721  0.330935  0.190284  0.467172  0.288152  0.0416777  4
600  76610  0.333567  0.173963  0.467608  0.316971  0.0560358  4
700  77169  0.332234  0.169353  0.471231  0.344311  0.0226823  4
800  76435  0.333915  0.173491  0.482419  0.381303  0.0119412  4
900  76540  0.32975  0.172845  0.486939  0.393735  -0.00351783  4
1000  76261  0.331095  0.182442  0.494768  0.427924  -0.0276534  4
1100  76710  0.336511  0.175415  0.509157  0.477706  -0.00495958  4
1200  76822  0.34098  0.16643  0.516076  0.510057  -0.0274025  4
1300  77128  0.326497  0.183964  0.531751  0.52727  -0.00442972  4
1400  77215  0.335316  0.183809  0.545179  0.556367  0.0446561  4
1500  77637  0.335024  0.185976  0.539723  0.567108  0.010456  4
1600  77238  0.327183  0.195612  0.55718  0.587742  0.0314  4
1700  77966  0.324129  0.201272  0.564222  0.601131  -0.00638579  4
1800  78046  0.333733  0.187732  0.57211  0.63468  -0.0171082  4
1900  78017  0.325502  0.185064  0.580568  0.637044  -0.073045  4
2000  77614  0.319804  0.19199  0.590454  0.669071  -0.0439754  4
2100  77149  0.319925  0.194299  0.600379  0.692132  0.00832431  4
2200  77045  0.312657  0.188074  0.607067  0.694165  -0.00419018  4
2300  77062  0.321464  0.196858  0.612404  0.715289  0.0275145  4
2400  76971  0.324024  0.193821  0.609735  0.711509  0.0556807  4
2500  77209  0.315887  0.202703  0.618064  0.730136  0.0458791  4
2600  77266  0.316952  0.199884  0.623317  0.737609  0.101195  4
2700  78297  0.318952  0.187912  0.624602  0.752711  -0.00575269  4
2800  76880  0.317046  0.180449  0.626633  0.76076  -0.0188514  4
2900  77923  0.318058  0.187976  0.635706  0.778375  0.0447575  4
3000  77461  0.31879  0.181976  0.632295  0.770667  0.0244242  4
3100  79090  0.319216  0.186836  0.637362  0.776236  0.0210424  4
3200  77043  0.322033  0.191052  0.632047  0.768224  0.0474597  4
3300  77115  0.325419  0.193467  0.640697  0.788392  0.178062  4
3400  77478  0.311869  0.175604  0.642582  0.790445  0.169714  4
3500  77988  0.322307  0.179985  0.645977  0.801449  0.197617  4
3600  79058  0.326924  0.189032  0.653329  0.813387  0.230225  4
3700  77164  0.309665  0.195778  0.66091  0.836182  0.257089  4
3800  79050  0.326504  0.189849  0.659763  0.83985  0.222854  4
3900  77331  0.318613  0.196159  0.662211  0.843816  0.189719  4
4000  76421  0.322084  0.192632  0.661802  0.845713  0.243182  4
4100  78104  0.321116  0.196799  0.663211  0.839007  0.245002  4
4200  78026  0.31049  0.19187  0.661052  0.827673  0.200443  4
4300  77279  0.318634  0.190526  0.66196  0.825881  0.173365  4
4400  78843  0.317609  0.189474  0.661123  0.816393  0.153502  4
4500  77145  0.31315  0.186321  0.667452  0.834809  0.1291  4
4600  77354  0.307795  0.196417  0.672285  0.833725  0.166428  4
4700  78449  0.30812  0.196076  0.668325  0.824237  0.144636  4
4800  78075  0.31581  0.208114  0.677119  0.836454  0.172886  4
4900  76642  0.303623  0.199941  0.676527  0.841943  0.214114  4
5000  77280  0.300744  0.190337  0.677903  0.843609  0.218692  4
5100  78896  0.319369  0.188997  0.675902  0.843873  0.237038  4
5200  76786  0.300287  0.183275  0.67767  0.845738  0.275993  4
5300  78460  0.313798  0.185941  0.679833  0.844528  0.292842  4
5400  78895  0.315549  0.186308  0.677728  0.835335  0.373011  4
5500  77726  0.308843  0.194426  0.686677  0.848461  0.36348  4
5600  77543  0.308691  0.197481  0.689803  0.859013  0.324307  4
5700  77054  0.305846  0.197487  0.69507  0.868005  0.374926  4
5800  76793  0.295623  0.194359  0.688258  0.85669  0.305524  4
5900  77629  0.311638  0.198097  0.689735  0.865909  0.306705  4
6000  77934  0.302148  0.192576  0.69027  0.860742  0.311975  4
6100  77597  0.303496  0.194412  0.695797  0.877268  0.343835  4
6200  78006  0.307634  0.197054  0.698189  0.875133  0.3329  4
6300  77912  0.307448  0.191277  0.69925  0.876011  0.373039  4
6400  78392  0.304383  0.191252  0.703413  0.884705  0.408666  4
6500  77467  0.301379  0.190297  0.70425  0.889904  0.432234  4
6600  77955  0.30575  0.200421  0.70468  0.888712  0.42815  4
6700  77221  0.299915  0.19472  0.713406  0.906304  0.431649  4
6800  77680  0.297872  0.198819  0.716301  0.907459  0.411422  4
6900  79522  0.31514  0.19326  0.716093  0.910093  0.382153  4
7000  77445  0.302003  0.196282  0.710019  0.901848  0.415186  4
7100  77833  0.302682  0.185919  0.709323  0.90725  0.427497  4
7200  78193  0.309243  0.184227  0.702553  0.891937  0.485346  4
7300  77882  0.309383  0.186855  0.703452  0.89125  0.504268  4
7400  78989  0.312693  0.191212  0.701036  0.885819  0.501948  4
7500  77107  0.301417  0.195908  0.695459  0.867015  0.476045  4
7600  77320  0.299206  0.19121  0.697712  0.87063  0.454107  4
7700  77898  0.301447  0.196166  0.695319  0.869393  0.501151  4
7800  77830  0.299995  0.194221  0.697974  0.877875  0.519957  4
7900  77168  0.298285  0.197046  0.699369  0.88114  0.478612  4
8000  79110  0.315548  0.199215  0.701002  0.882818  0.454931  4
8100  78275  0.309723  0.198343  0.70318  0.887786  0.464811  4
8200  79092  0.304942  0.194374  0.698395  0.872718  0.499365  4
8300  77978  0.310531  0.194659  0.696873  0.869269  0.504771  4
8400  77645  0.30741  0.188108  0.691269  0.853552  0.547684  4
8500  78645  0.303318  0.187053  0.68949  0.846848  0.541362  4
8600  78309  0.310899  0.187276  0.69691  0.865517  0.530966  4
8700  78878  0.3153  0.194334  0.704291  0.887594  0.510375  4
8800  78182  0.307201  0.191028  0.707649  0.88967  0.509068  4
8900  77939  0.304348  0.199587  0.708632  0.887615  0.483364  4
9000  78062  0.311723  0.195257  0.703942  0.880248  0.468568  4
9100  78541  0.315169  0.190464  0.699958  0.871455  0.518178  4
9200  77577  0.304563  0.187383  0.70284  0.877149  0.516108  4
9300  77462  0.316038  0.181038  0.698395  0.86586  0.540763  4
9400  77004  0.308869  0.182693  0.70249  0.874907  0.584418  4
9500  78284  0.311097  0.179368  0.70013  0.864049  0.648528  4
9600  76845  0.319591  0.181812  0.702595  0.869308  0.614748  4
9700  77758  0.308001  0.184824  0.702878  0.867542  0.650357  4
9800  78127  0.3007  0.182319  0.702801  0.867792  0.722254  4
9900  78357  0.300813  0.177232  0.707191  0.879513  0.710351  4
