t meta_n emi  mean_info  tr1  tr2  tr3  strategy
0  103672  0.099752  0.493764  0.899911  0.000728705  1.47341e-05  4
100  74080  0.186636  0.2474  0.590827  0.0996865  0.00419451  4
200  76477  0.311511  0.126487  0.449807  0.163615  -0.0122787  4
300  76477  0.339554  0.0827318  0.428635  0.220639  0.00602439  4
400  76177  0.343264  0.0704284  0.423883  0.242434  -1.02798e-05  4
500  75662  0.354046  0.0628582  0.415481  0.252543  -0.0220223  4
600  77485  0.368937  0.063989  0.409143  0.263941  -0.0541375  4
700  76876  0.356428  0.0589998  0.416467  0.282795  -0.0567618  4
800  76266  0.357925  0.0584949  0.429203  0.323193  -0.0946019  4
900  76750  0.356172  0.0583356  0.428096  0.325035  -0.113222  4
1000  76180  0.368065  0.0547047  0.426348  0.347246  -0.125788  4
1100  76687  0.371135  0.050732  0.426724  0.357191  -0.19081  4
1200  77123  0.362848  0.0558218  0.432343  0.351224  -0.197907  4
1300  76764  0.370848  0.0516339  0.429796  0.3574  -0.143623  4
1400  75668  0.363768  0.0495813  0.431142  0.369473  -0.12879  4
1500  76493  0.363358  0.0426255  0.434589  0.360899  -0.0763315  4
1600  76274  0.360758  0.0484465  0.433373  0.356284  -0.0589824  4
1700  76584  0.364882  0.0468843  0.431299  0.345241  -0.0389536  4
1800  76781  0.361858  0.0470118  0.437846  0.355969  -0.0456878  4
1900  77006  0.368914  0.0459506  0.436486  0.365145  -0.0262368  4
2000  76700  0.368347  0.0442135  0.435874  0.369796  -0.029277  4
2100  75708  0.36036  0.04205  0.436638  0.377996  -0.0937321  4
2200  76191  0.362075  0.0435149  0.439454  0.374136  -0.135104  4
2300  77516  0.367556  0.0404193  0.438345  0.379781  -0.120179  4
2400  75774  0.361864  0.0384016  0.440885  0.389502  -0.114571  4
2500  76538  0.362267  0.039866  0.443782  0.391894  -0.093236  4
2600  75864  0.358352  0.0376482  0.44264  0.390785  -0.0441026  4
2700  76266  0.357156  0.0338824  0.437588  0.37936  -0.11154  4
2800  76724  0.362662  0.0350467  0.436129  0.371772  -0.151486  4
2900  76009  0.34495  0.0388322  0.436825  0.366934  -0.140287  4
3000  76510  0.356665  0.0380187  0.432103  0.357943  -0.199803  4
3100  76468  0.358137  0.0331252  0.431271  0.366898  -0.211308  4
3200  77556  0.362707  0.0342394  0.432029  0.366108  -0.25441  4
3300  76199  0.350426  0.0281745  0.430126  0.352561  -0.25434  4
3400  76892  0.354948  0.0297287  0.429833  0.361783  -0.227231  4
3500  76850  0.364946  0.0266916  0.433548  0.381057  -0.171342  4
3600  76911  0.358217  0.0275088  0.438419  0.408403  -0.15005  4
3700  76706  0.361814  0.028527  0.438796  0.395222  -0.166407  4
3800  77493  0.359047  0.0296645  0.445172  0.401638  -0.171444  4
3900  77811  0.355546  0.0284806  0.445265  0.403568  -0.13957  4
4000  77743  0.356136  0.0258659  0.445585  0.402411  -0.144204  4
4100  76671  0.347163  0.0251843  0.448191  0.416915  -0.120488  4
4200  76449  0.359247  0.0224981  0.446633  0.432919  -0.155103  4
4300  76386  0.357793  0.0227448  0.448757  0.439337  -0.192074  4
4400  76891  0.369896  0.0232515  0.443128  0.438736  -0.228822  4
4500  77390  0.362651  0.0218906  0.446115  0.450077  -0.245467  4
4600  76905  0.36209  0.0210012  0.447341  0.451477  -0.209185  4
4700  76124  0.364584  0.0204218  0.441964  0.434553  -0.284959  4
4800  76877  0.361902  0.0221524  0.437865  0.415141  -0.359317  4
4900  76622  0.355307  0.0202775  0.434158  0.384292  -0.334591  4
5000  76330  0.355675  0.0189091  0.430319  0.367925  -0.356986  4
5100  76321  0.356662  0.0179221  0.425819  0.36815  -0.360233  4
5200  76970  0.353588  0.0171607  0.426238  0.353976  -0.384401  4
5300  76230  0.350547  0.0164241  0.421374  0.331537  -0.357424  4
5400  76556  0.358133  0.0168042  0.417344  0.330954  -0.409682  4
5500  77230  0.352163  0.0166881  0.424541  0.346164  -0.414988  4
5600  76162  0.354916  0.0178556  0.423038  0.342128  -0.369481  4
5700  77005  0.353464  0.0156  0.421666  0.344838  -0.403049  4
5800  77438  0.351943  0.0163944  0.423636  0.346205  -0.452333  4
5900  75718  0.357477  0.0162407  0.421382  0.328075  -0.418146  4
6000  78026  0.356413  0.0159539  0.417359  0.31199  -0.489308  4
6100  76960  0.361218  0.0127377  0.417208  0.321375  -0.535788  4
6200  76823  0.360003  0.0126026  0.415071  0.309637  -0.596426  4
6300  77026  0.35582  0.00966239  0.416957  0.30901  -0.586761  4
6400  76530  0.353016  0.0105342  0.405454  0.269574  -0.581694  4
6500  76404  0.354215  0.0098679  0.404647  0.277199  -0.580068  4
6600  76407  0.357552  0.00949997  0.401044  0.284209  -0.594125  4
6700  76265  0.36292  0.00864716  0.395651  0.266423  -0.577684  4
6800  76440  0.36346  0.00881712  0.393133  0.252609  -0.628918  4
6900  76217  0.364082  0.00733687  0.387257  0.228922  -0.75592  4
7000  77495  0.364817  0.00760557  0.387684  0.234684  -0.671264  4
7100  75492  0.364158  0.0071711  0.387932  0.226542  -0.652669  4
7200  76880  0.367342  0.00648171  0.390931  0.24421  -0.592206  4
7300  76969  0.364151  0.005833  0.389486  0.236116  -0.535996  4
7400  76666  0.360638  0.00630715  0.389962  0.241314  -0.480358  4
7500  77739  0.364673  0.00779161  0.394097  0.249041  -0.50362  4
7600  75932  0.35774  0.00733297  0.38976  0.225104  -0.430551  4
7700  76826  0.355218  0.00607195  0.39141  0.227639  -0.4569  4
7800  77132  0.35679  0.00799327  0.392451  0.225849  -0.427165  4
7900  76452  0.352255  0.0065421  0.387415  0.212474  -0.422753  4
8000  76335  0.356266  0.00676395  0.386697  0.211648  -0.499882  4
8100  77694  0.362259  0.00560172  0.386872  0.215462  -0.436516  4
8200  76962  0.351811  0.00557414  0.385469  0.206773  -0.470163  4
8300  77203  0.354056  0.00501768  0.383127  0.199501  -0.465274  4
8400  76177  0.351049  0.00513353  0.384432  0.194755  -0.512001  4
8500  77453  0.35777  0.00551307  0.380938  0.1755  -0.523025  4
8600  76937  0.348978  0.00394824  0.384213  0.188069  -0.518211  4
8700  77166  0.356378  0.00298629  0.381787  0.186723  -0.462704  4
8800  76411  0.349039  0.00328519  0.378797  0.169875  -0.450074  4
8900  75724  0.353888  0.00295695  0.374171  0.157804  -0.445436  4
9000  76947  0.355216  0.00263225  0.377993  0.168972  -0.421193  4
9100  75683  0.352818  0.00254568  0.378083  0.162453  -0.402308  4
9200  76751  0.349433  0.00218832  0.379041  0.168005  -0.462527  4
9300  76232  0.354365  0.00322169  0.383425  0.184833  -0.505663  4
9400  76495  0.345732  0.00184842  0.386613  0.190863  -0.465574  4
9500  76728  0.355099  0.0021803  0.386613  0.199379  -0.408195  4
9600  75562  0.348281  0.00194397  0.389251  0.209583  -0.390676  4
9700  76744  0.352693  0.00251292  0.391925  0.224645  -0.440382  4
9800  76877  0.348249  0.00268506  0.391071  0.220702  -0.43315  4
9900  77337  0.351899  0.00320534  0.38754  0.207207  -0.500567  4
