t meta_n emi  mean_info  tr1  tr2  tr3  strategy
0  103619  0.100328  0.497306  0.900021  0.000829782  -7.2284e-05  4
100  76189  0.179121  0.493542  0.623982  0.0833063  0.00515219  4
200  77063  0.281504  0.377321  0.501936  0.149488  0.0316621  4
300  77075  0.296337  0.272545  0.478409  0.198498  0.046326  4
400  76359  0.315294  0.23845  0.462471  0.218433  0.040228  4
500  76755  0.321549  0.210602  0.460736  0.248854  0.00721267  4
600  76130  0.33121  0.192355  0.463337  0.278464  0.0100057  4
700  77161  0.327471  0.179016  0.467793  0.302272  0.0262873  4
800  77673  0.333951  0.175113  0.471182  0.316944  0.0322126  4
900  76235  0.339111  0.164524  0.462892  0.332179  0.0301165  4
1000  76986  0.342586  0.159478  0.465255  0.345115  0.0174716  4
1100  77429  0.338481  0.162005  0.475154  0.379633  0.0697977  4
1200  77050  0.341129  0.158869  0.477805  0.397658  0.0376265  4
1300  77862  0.340404  0.161068  0.488029  0.399889  0.0479954  4
1400  76359  0.327917  0.171617  0.497634  0.427058  0.0600496  4
1500  79036  0.341164  0.169098  0.513771  0.468302  0.0696851  4
1600  77551  0.341216  0.173301  0.526661  0.519034  0.0230624  4
1700  77308  0.334094  0.176448  0.550345  0.56668  0.0113708  4
1800  77197  0.332547  0.174495  0.553367  0.580041  -0.00422501  4
1900  78097  0.328871  0.188065  0.570758  0.605017  -0.0046413  4
2000  77405  0.315446  0.19184  0.573931  0.603257  -0.0230651  4
2100  77856  0.329424  0.191449  0.572392  0.602753  -0.0410203  4
2200  77052  0.318599  0.203322  0.579564  0.609048  -0.0643595  4
2300  76291  0.324073  0.192322  0.572129  0.596037  -0.0240157  4
2400  78120  0.325214  0.188725  0.575728  0.607122  -0.0416013  4
2500  77562  0.313904  0.207026  0.585932  0.616667  -0.0498605  4
2600  76727  0.314119  0.207287  0.586412  0.619671  -0.0378968  4
2700  78761  0.316648  0.194578  0.600542  0.65241  -0.0257282  4
2800  77701  0.313008  0.19393  0.606518  0.668899  0.0257318  4
2900  79540  0.315115  0.202197  0.619619  0.705595  -0.00270318  4
3000  77991  0.309108  0.193982  0.619025  0.72023  -0.0337012  4
3100  77721  0.310673  0.191828  0.622662  0.720932  -0.0303989  4
3200  78252  0.309156  0.189614  0.629696  0.745216  -0.0926183  4
3300  78330  0.312005  0.196033  0.635097  0.75348  -0.116902  4
3400  77465  0.309133  0.197797  0.642474  0.763545  -0.115511  4
3500  77307  0.307403  0.203316  0.656293  0.789636  -0.127158  4
3600  77950  0.306955  0.189936  0.661987  0.804115  -0.182948  4
3700  77530  0.309439  0.189717  0.662209  0.809643  -0.151241  4
3800  78112  0.307247  0.20803  0.667354  0.816933  -0.164026  4
3900  76240  0.295465  0.201648  0.673578  0.823454  -0.212658  4
4000  77746  0.310674  0.193487  0.671117  0.832814  -0.263372  4
4100  78129  0.301341  0.199044  0.675987  0.838798  -0.219276  4
4200  77472  0.301625  0.20196  0.685546  0.859331  -0.167124  4
4300  77589  0.317318  0.195213  0.683358  0.86621  -0.260147  4
4400  76994  0.308721  0.191359  0.682399  0.875176  -0.25189  4
4500  77630  0.300749  0.199595  0.689483  0.884879  -0.231747  4
4600  78081  0.308517  0.202005  0.69688  0.906701  -0.141513  4
4700  78129  0.308936  0.196371  0.699576  0.90809  -0.126526  4
4800  78496  0.309736  0.191155  0.70014  0.912219  -0.112193  4
4900  78882  0.316605  0.19462  0.705203  0.918683  -0.0988616  4
5000  77478  0.309388  0.201185  0.705516  0.920978  -0.0358812  4
5100  77214  0.308063  0.19321  0.703588  0.90776  -0.0024755  4
5200  78014  0.304199  0.201311  0.704409  0.912625  0.0174782  4
5300  77594  0.312146  0.20274  0.70682  0.914757  -0.0528878  4
5400  78035  0.307511  0.199667  0.708178  0.917492  -0.03543  4
5500  76681  0.296448  0.199277  0.71314  0.926636  -0.0361054  4
5600  77959  0.308328  0.197766  0.709016  0.919885  -0.0103684  4
5700  78151  0.309982  0.204506  0.712477  0.925273  -0.0184561  4
5800  78159  0.307614  0.199506  0.709845  0.91893  -0.042486  4
5900  77577  0.305262  0.200311  0.713429  0.923207  -0.0148681  4
6000  77700  0.304306  0.203278  0.712487  0.924522  0.0150282  4
6100  77704  0.311281  0.206736  0.712045  0.930189  0.066443  4
6200  77675  0.30805  0.199356  0.716652  0.933458  0.147078  4
6300  78145  0.304974  0.197681  0.721754  0.942213  0.115616  4
6400  78374  0.309639  0.19541  0.722215  0.946621  0.145973  4
6500  78163  0.30635  0.192161  0.724884  0.949049  0.220646  4
6600  78708  0.304782  0.201034  0.727658  0.953309  0.235485  4
6700  77677  0.304296  0.202442  0.730674  0.957685  0.271847  4
6800  78260  0.31297  0.203069  0.732466  0.966  0.250556  4
6900  78053  0.310426  0.202024  0.731867  0.96731  0.312903  4
7000  76879  0.30242  0.194566  0.730205  0.966673  0.216142  4
7100  78568  0.308558  0.203597  0.733553  0.970758  0.262788  4
7200  77815  0.303115  0.196205  0.733655  0.969828  0.243357  4
7300  78549  0.308328  0.195061  0.736822  0.971802  0.1788  4
7400  78248  0.301331  0.188366  0.73484  0.969185  0.150622  4
7500  77857  0.305877  0.188763  0.738201  0.974353  0.143955  4
7600  77881  0.303126  0.195338  0.739899  0.97772  0.170112  4
7700  77267  0.296393  0.197758  0.743596  0.981856  0.209079  4
7800  78043  0.295429  0.195285  0.744707  0.982524  0.218807  4
7900  77988  0.299337  0.192767  0.745455  0.98285  0.218446  4
8000  77656  0.293396  0.191986  0.749319  0.986187  0.202256  4
8100  77594  0.296981  0.189399  0.744732  0.98344  0.205708  4
8200  78435  0.299495  0.202582  0.747133  0.984606  0.233125  4
8300  78636  0.297775  0.189784  0.746216  0.986654  0.316693  4
8400  76522  0.299937  0.190603  0.743079  0.984867  0.342942  4
8500  77743  0.298563  0.197874  0.742694  0.985043  0.370815  4
8600  77434  0.303677  0.194881  0.745106  0.985864  0.329479  4
8700  77705  0.310003  0.192506  0.74629  0.988671  0.252878  4
8800  78375  0.297352  0.185697  0.748048  0.988651  0.210099  4
8900  77171  0.299271  0.185319  0.74698  0.98807  0.186482  4
9000  77413  0.288533  0.179064  0.746875  0.988914  0.214494  4
9100  78254  0.312649  0.178005  0.743834  0.986482  0.213938  4
9200  77817  0.306495  0.184663  0.743486  0.985158  0.243569  4
9300  78247  0.308909  0.189077  0.745108  0.986793  0.255612  4
9400  79136  0.301026  0.190091  0.745743  0.986008  0.279078  4
9500  76908  0.299902  0.183325  0.74555  0.985751  0.244335  4
9600  77295  0.297866  0.183239  0.746671  0.986845  0.252773  4
9700  77968  0.302204  0.193264  0.749066  0.987975  0.269902  4
9800  77750  0.298397  0.19779  0.750649  0.990714  0.291685  4
9900  78476  0.298122  0.193563  0.749357  0.988099  0.317033  4
