t meta_n emi  mean_info  tr1  tr2  tr3  strategy
0  102618  0.099648  0.492298  0.899955  0.000768634  -1.27912e-05  4
100  73946  0.17965  0.2758  0.599425  0.0706159  0.0131741  4
200  77020  0.304968  0.136974  0.447971  0.131401  0.0445592  4
300  76717  0.332722  0.0836637  0.421782  0.181819  0.0353692  4
400  76486  0.34882  0.0725799  0.417108  0.222644  0.0187668  4
500  76160  0.364206  0.0612679  0.412917  0.267706  0.0308995  4
600  76337  0.358685  0.0585687  0.418906  0.276639  0.0206769  4
700  75312  0.353397  0.0563859  0.41567  0.276918  0.0476763  4
800  76135  0.35922  0.0577701  0.420282  0.307047  0.0349611  4
900  75953  0.366296  0.0537635  0.419619  0.307315  0.0377151  4
1000  76165  0.365677  0.0488545  0.41207  0.293528  0.0231441  4
1100  76228  0.373024  0.0506737  0.414129  0.299047  0.0124023  4
1200  76400  0.363879  0.0486532  0.415764  0.298841  0.0185725  4
1300  76856  0.363178  0.0540575  0.425512  0.315471  0.0295793  4
1400  76831  0.360976  0.049932  0.427023  0.328173  0.061745  4
1500  76881  0.357232  0.0476654  0.429455  0.334191  0.0831245  4
1600  75874  0.354534  0.0446784  0.430474  0.329587  0.100909  4
1700  75800  0.357585  0.0401812  0.426987  0.329152  0.0466589  4
1800  75774  0.361321  0.0423524  0.428946  0.327167  0.0647542  4
1900  75438  0.359626  0.0410247  0.420871  0.329505  0.0751717  4
2000  76049  0.357866  0.0400036  0.426831  0.342867  0.123738  4
2100  76557  0.359501  0.0385472  0.433181  0.364373  0.0879529  4
2200  76756  0.368155  0.0337741  0.426589  0.3551  0.0630817  4
2300  76124  0.364039  0.0371509  0.429307  0.356486  0.0648549  4
2400  76258  0.360268  0.0371487  0.42354  0.332025  0.094146  4
2500  76940  0.365945  0.0346407  0.42371  0.326676  0.0977135  4
2600  77405  0.35964  0.0354912  0.421932  0.316539  0.113245  4
2700  75939  0.358122  0.0335671  0.423843  0.326437  0.123518  4
2800  77173  0.365088  0.0300428  0.419047  0.32506  0.100683  4
2900  75951  0.363662  0.0298491  0.417056  0.337073  0.184829  4
3000  76827  0.365999  0.030705  0.416406  0.327059  0.145702  4
3100  77793  0.36285  0.0274018  0.420874  0.343372  0.127375  4
3200  76175  0.35863  0.0247995  0.424532  0.34601  0.144497  4
3300  75902  0.354447  0.0262039  0.429291  0.344841  0.123942  4
3400  77228  0.360691  0.0234361  0.417851  0.325733  0.135381  4
3500  75841  0.361276  0.0239916  0.417638  0.328819  0.0464457  4
3600  76861  0.365319  0.0264807  0.419652  0.337752  0.0108528  4
3700  76626  0.360755  0.0255464  0.414255  0.321203  0.00130424  4
3800  76377  0.363299  0.0260112  0.415767  0.313677  -0.00220355  4
3900  76563  0.362673  0.0268686  0.414916  0.310786  -0.0144148  4
4000  76270  0.363179  0.0247557  0.414461  0.314243  0.00432938  4
4100  76581  0.35381  0.0216224  0.421773  0.312038  0.0888651  4
4200  76472  0.350496  0.0203863  0.41981  0.310881  0.0711908  4
4300  75884  0.35009  0.0230346  0.415357  0.29286  0.0869671  4
4400  76332  0.359632  0.0193182  0.407677  0.282796  0.108562  4
4500  76576  0.362472  0.0173899  0.403959  0.288429  0.100476  4
4600  76748  0.36928  0.0177294  0.404883  0.310228  0.0697403  4
4700  76457  0.356659  0.0173137  0.406307  0.297816  0.0723702  4
4800  76979  0.368995  0.0203947  0.406616  0.290497  0.0687554  4
4900  75649  0.366552  0.0178726  0.404937  0.288453  0.0284226  4
5000  76682  0.369216  0.0186965  0.39915  0.282938  -0.0551079  4
5100  76682  0.361835  0.0166704  0.399286  0.279385  -0.0744522  4
5200  76275  0.358329  0.0150531  0.399262  0.280401  -0.14545  4
5300  76893  0.366187  0.0153108  0.399984  0.271332  -0.137447  4
5400  76222  0.360392  0.0155145  0.400684  0.268187  -0.16281  4
5500  77006  0.365792  0.0150959  0.398247  0.270511  -0.135427  4
5600  75920  0.367881  0.0147442  0.394759  0.253808  -0.056811  4
5700  77456  0.362663  0.0134732  0.393111  0.251612  -0.0346078  4
5800  75596  0.363715  0.0124288  0.389692  0.236346  -0.0539721  4
5900  77214  0.358828  0.0111464  0.39255  0.222361  -0.0789028  4
6000  76283  0.351086  0.00904193  0.391634  0.212004  -0.0654556  4
6100  76522  0.345906  0.00864602  0.393707  0.218629  -0.072467  4
6200  76810  0.349967  0.0102799  0.390114  0.216188  -0.0715375  4
6300  75808  0.344809  0.00985756  0.390054  0.21181  -0.0823996  4
6400  77709  0.353819  0.00858154  0.387269  0.201719  -0.0765774  4
6500  77857  0.354901  0.00801581  0.387572  0.206577  -0.0767882  4
6600  76294  0.353755  0.00951089  0.385649  0.199823  -0.0622971  4
6700  75294  0.357642  0.0100417  0.387699  0.208193  -0.0711887  4
6800  76919  0.352809  0.00895323  0.385855  0.197032  -0.056397  4
6900  76094  0.353892  0.00962124  0.382165  0.190564  -0.0768173  4
7000  76389  0.360421  0.00885616  0.38143  0.196006  -0.0678676  4
7100  77232  0.36553  0.00799183  0.378102  0.200407  -0.0969406  4
7200  76875  0.359427  0.00679296  0.375532  0.186946  -0.0606548  4
7300  76034  0.362284  0.00625745  0.37751  0.194403  -0.0346027  4
7400  76879  0.362545  0.00859419  0.378549  0.199287  0.0129083  4
7500  75997  0.354963  0.00729996  0.381168  0.206099  0.0345026  4
7600  77400  0.362434  0.00625976  0.38438  0.221509  -0.0216471  4
7700  75742  0.349133  0.0061936  0.383727  0.211067  0.0180302  4
7800  76405  0.346931  0.00635061  0.385413  0.215027  0.0111642  4
7900  77296  0.354153  0.00612323  0.386487  0.213075  0.00201756  4
8000  77609  0.355676  0.00624693  0.383466  0.205396  -0.0190069  4
8100  77138  0.351463  0.00487728  0.382436  0.194253  -0.0211246  4
8200  76892  0.348996  0.004129  0.38287  0.199857  -0.0401115  4
8300  75908  0.349609  0.00304111  0.382568  0.191079  -0.0209359  4
8400  77125  0.354229  0.00355523  0.383142  0.197329  0.00315432  4
8500  78137  0.356073  0.00343942  0.384089  0.209526  0.0333731  4
8600  76626  0.349787  0.00342289  0.381618  0.196347  0.0604033  4
8700  76022  0.350385  0.00319584  0.382472  0.195433  0.0992471  4
8800  76786  0.349823  0.0033183  0.382205  0.188627  0.125995  4
8900  77140  0.351996  0.0029303  0.38389  0.196069  0.135095  4
9000  77208  0.357485  0.00376195  0.382385  0.19229  0.142079  4
9100  77811  0.352083  0.00308475  0.381877  0.176335  0.194336  4
9200  76102  0.344965  0.00331876  0.382428  0.188449  0.208418  4
9300  76317  0.347646  0.00301961  0.382047  0.186311  0.134832  4
9400  77578  0.35515  0.002309  0.379794  0.181321  0.150099  4
9500  78022  0.356415  0.00253343  0.376786  0.170113  0.172534  4
9600  77165  0.362111  0.00199554  0.37891  0.177524  0.173642  4
9700  76399  0.35844  0.00306111  0.377787  0.183453  0.174495  4
9800  78227  0.365463  0.00263338  0.374146  0.174385  0.196128  4
9900  77311  0.357333  0.00285809  0.373704  0.169255  0.134529  4
