t meta_n emi  mean_info  tr1  tr2  tr3  strategy
0  104396  0.09836  0.495506  0.899946  0.000938563  3.46671e-05  4
100  76700  0.178006  0.504597  0.629645  0.0844721  -0.00312565  4
200  77227  0.276877  0.432627  0.504792  0.143478  -0.0117367  4
300  77572  0.290374  0.347531  0.494138  0.205416  0.00182015  4
400  77206  0.303567  0.305928  0.488938  0.246971  0.025552  4
500  76737  0.309806  0.285165  0.49248  0.288512  -0.00416488  4
600  75782  0.311587  0.264659  0.497147  0.326622  -0.0296554  4
700  77778  0.32567  0.255256  0.506954  0.378772  -0.0474547  4
800  77525  0.310785  0.264169  0.532938  0.45262  -0.0555544  4
900  77578  0.320029  0.256461  0.545413  0.488709  -0.0488712  4
1000  77064  0.32254  0.25245  0.542768  0.498263  -0.0257984  4
1100  78276  0.319002  0.24864  0.547982  0.515484  -0.0242391  4
1200  77079  0.318198  0.253315  0.562157  0.549377  -0.0192713  4
1300  76805  0.31706  0.244998  0.567335  0.562925  0.0181691  4
1400  77522  0.317031  0.258121  0.58215  0.588867  -0.0121287  4
1500  76799  0.312256  0.254135  0.59354  0.61984  -0.0105354  4
1600  76875  0.311849  0.2538  0.602942  0.640988  -0.00886269  4
1700  77828  0.31032  0.26094  0.613059  0.677901  0.00592956  4
1800  78059  0.317578  0.252593  0.613488  0.679359  -0.0360114  4
1900  77433  0.313305  0.250981  0.628572  0.712807  -0.0773089  4
2000  77176  0.318536  0.248443  0.624639  0.694191  -0.0778231  4
2100  77526  0.304944  0.250824  0.624739  0.695585  -0.0646281  4
2200  78648  0.307318  0.249222  0.63163  0.720788  -0.0877352  4
2300  77850  0.295286  0.243591  0.639498  0.72939  -0.10388  4
2400  78540  0.302716  0.248727  0.65275  0.759174  -0.124172  4
2500  77843  0.302076  0.251553  0.659783  0.776302  -0.128918  4
2600  77504  0.305062  0.248552  0.656646  0.775811  -0.138855  4
2700  77583  0.304756  0.248315  0.664753  0.793942  -0.124745  4
2800  77978  0.296343  0.254408  0.669697  0.80344  -0.145271  4
2900  77694  0.299406  0.254133  0.670423  0.802061  -0.161129  4
3000  77147  0.301581  0.269082  0.679664  0.82789  -0.173483  4
3100  77999  0.293821  0.263783  0.675583  0.825505  -0.20986  4
3200  77957  0.299641  0.251519  0.670139  0.813473  -0.195793  4
3300  78664  0.298798  0.260007  0.666502  0.809045  -0.194218  4
3400  78691  0.297789  0.248921  0.671417  0.81776  -0.194762  4
3500  77796  0.304829  0.25388  0.67183  0.827081  -0.190037  4
3600  77890  0.303332  0.258111  0.682561  0.841603  -0.182631  4
3700  77598  0.289395  0.252605  0.681638  0.839746  -0.158987  4
3800  77616  0.292378  0.259268  0.687419  0.855849  -0.160675  4
3900  77834  0.294629  0.25403  0.691602  0.86054  -0.145852  4
4000  78805  0.30694  0.251107  0.691248  0.859264  -0.142672  4
4100  77995  0.302935  0.248385  0.693118  0.866884  -0.131377  4
4200  77965  0.299587  0.248711  0.697498  0.864203  -0.170249  4
4300  78052  0.292841  0.246467  0.700464  0.875474  -0.181291  4
4400  79049  0.297091  0.236704  0.704799  0.888736  -0.186046  4
4500  77118  0.293671  0.238756  0.705319  0.891019  -0.185346  4
4600  77988  0.305739  0.243558  0.705434  0.889869  -0.180598  4
4700  78380  0.312949  0.243789  0.708329  0.896216  -0.194941  4
4800  78145  0.309407  0.238003  0.706317  0.895953  -0.193172  4
4900  78791  0.306274  0.240405  0.705562  0.897136  -0.218256  4
5000  78274  0.295061  0.24425  0.705205  0.88428  -0.228642  4
5100  78678  0.297185  0.245156  0.710666  0.892611  -0.205969  4
5200  77238  0.29015  0.237685  0.711941  0.893347  -0.162723  4
5300  76864  0.287776  0.242217  0.719061  0.912762  -0.19778  4
5400  79023  0.303971  0.233098  0.718192  0.913128  -0.188673  4
5500  78496  0.294497  0.235345  0.717371  0.91508  -0.2087  4
5600  79298  0.300088  0.238652  0.716149  0.916712  -0.203371  4
5700  78134  0.28909  0.239935  0.721825  0.922899  -0.222037  4
5800  77710  0.296632  0.239522  0.723622  0.927887  -0.229223  4
5900  78518  0.301801  0.239487  0.721479  0.920368  -0.21269  4
6000  78227  0.295503  0.238049  0.721406  0.92111  -0.174175  4
6100  78548  0.291602  0.240255  0.725347  0.927622  -0.166965  4
6200  76835  0.297152  0.241421  0.733522  0.944153  -0.143651  4
6300  78277  0.29454  0.243934  0.732672  0.939477  -0.127193  4
6400  78637  0.291175  0.240261  0.733202  0.933451  -0.128223  4
6500  77636  0.294406  0.233633  0.730915  0.9305  -0.177524  4
6600  78471  0.296411  0.244086  0.735437  0.942175  -0.190899  4
6700  77771  0.291744  0.244685  0.735738  0.949466  -0.173698  4
6800  77261  0.302139  0.246694  0.739776  0.956809  -0.209257  4
6900  78668  0.292892  0.246484  0.746158  0.965946  -0.224077  4
7000  79157  0.301673  0.251838  0.745594  0.965761  -0.240467  4
7100  79320  0.288006  0.244721  0.748686  0.964407  -0.273395  4
7200  78188  0.294767  0.236304  0.744759  0.954866  -0.29672  4
7300  77936  0.286717  0.238115  0.745082  0.954018  -0.357318  4
7400  78573  0.293988  0.242015  0.743924  0.946812  -0.346143  4
7500  78357  0.283037  0.24685  0.748794  0.956313  -0.386245  4
7600  78545  0.294955  0.248411  0.749823  0.964661  -0.393316  4
7700  77702  0.288254  0.248709  0.752439  0.964641  -0.402871  4
7800  78371  0.291154  0.251878  0.756382  0.967144  -0.376523  4
7900  77923  0.283543  0.248577  0.756626  0.970783  -0.327289  4
8000  77932  0.283659  0.24561  0.758698  0.973032  -0.279829  4
8100  78787  0.282948  0.245911  0.761371  0.979923  -0.307504  4
8200  78305  0.295203  0.250197  0.764025  0.987768  -0.330572  4
8300  78823  0.294243  0.248646  0.760745  0.979059  -0.325517  4
8400  78144  0.290518  0.251624  0.760553  0.984722  -0.284114  4
8500  78780  0.292964  0.244132  0.761037  0.985909  -0.300048  4
8600  77070  0.291858  0.244204  0.761098  0.988384  -0.308082  4
8700  77529  0.284257  0.236737  0.759797  0.987007  -0.307314  4
8800  78125  0.289291  0.24555  0.76235  0.989085  -0.274729  4
8900  79106  0.298627  0.248183  0.762055  0.987834  -0.284488  4
9000  78283  0.291468  0.25054  0.760421  0.986034  -0.265018  4
9100  77941  0.293748  0.249582  0.761566  0.987107  -0.261963  4
9200  77749  0.295332  0.246217  0.763262  0.989462  -0.247584  4
9300  77758  0.297347  0.244233  0.762833  0.989918  -0.222818  4
9400  78041  0.290023  0.245728  0.76405  0.992797  -0.224432  4
9500  78277  0.305064  0.242292  0.765498  0.995857  -0.270789  4
9600  78617  0.297709  0.245188  0.764257  0.996544  -0.276451  4
9700  78280  0.281167  0.243476  0.764061  0.99651  -0.28919  4
9800  78721  0.286758  0.247351  0.764453  0.996496  -0.276218  4
9900  78145  0.293602  0.245321  0.764619  0.99534  -0.261628  4
