t meta_n emi  mean_info  tr1  tr2  tr3  strategy
0  103753  0.100096  0.493831  0.899954  0.000814184  -3.90202e-05  4
100  76721  0.181489  0.583502  0.63487  0.0801678  -0.0158699  4
200  77277  0.268212  0.528032  0.525023  0.155052  -0.0338797  4
300  78822  0.288038  0.44569  0.507045  0.189628  -0.0309544  4
400  76954  0.298373  0.38942  0.504878  0.245892  0.00896781  4
500  77513  0.302694  0.368969  0.509736  0.290611  0.0381374  4
600  78107  0.314205  0.348865  0.510886  0.326682  0.0570133  4
700  78643  0.315983  0.326488  0.514837  0.355304  0.0904048  4
800  76823  0.317147  0.32316  0.523747  0.393086  0.087485  4
900  78316  0.313545  0.308223  0.535735  0.424162  0.108722  4
1000  77693  0.313303  0.301125  0.546944  0.469193  0.11766  4
1100  77770  0.311821  0.301473  0.559988  0.51511  0.0636917  4
1200  77520  0.31007  0.306259  0.57254  0.554738  0.0886486  4
1300  77996  0.315281  0.293408  0.580177  0.572703  0.114895  4
1400  78454  0.312759  0.307209  0.599656  0.611514  0.108823  4
1500  77535  0.306242  0.318379  0.61372  0.647105  0.0894208  4
1600  77519  0.308934  0.315772  0.622338  0.667073  0.0696688  4
1700  77457  0.296631  0.320157  0.638831  0.69443  0.0648218  4
1800  76601  0.293847  0.302588  0.63382  0.686215  0.097522  4
1900  77115  0.299963  0.306211  0.639632  0.696285  0.044756  4
2000  78223  0.298372  0.303546  0.64852  0.725239  -0.000817736  4
2100  78321  0.296746  0.295938  0.653207  0.739296  0.00609868  4
2200  77916  0.313302  0.298327  0.659267  0.7753  -0.0222034  4
2300  77072  0.307257  0.294379  0.673505  0.807163  -0.0448272  4
2400  77614  0.300169  0.292942  0.682562  0.818354  -0.0614934  4
2500  77158  0.308459  0.285634  0.678387  0.824972  -0.0328598  4
2600  78741  0.301312  0.286213  0.691034  0.837194  0.0140528  4
2700  78661  0.296871  0.289572  0.699153  0.847629  0.00137342  4
2800  78339  0.291566  0.29752  0.694123  0.842978  -0.0227103  4
2900  78803  0.292997  0.302524  0.698077  0.843028  -0.0296192  4
3000  78902  0.29303  0.306903  0.695959  0.844004  -0.042715  4
3100  77700  0.289896  0.307025  0.70692  0.860834  -0.0198544  4
3200  77850  0.282654  0.295781  0.717913  0.881252  -0.00201294  4
3300  78785  0.279016  0.300249  0.717609  0.884586  -0.0115654  4
3400  77345  0.283666  0.297148  0.720153  0.88523  -0.0172564  4
3500  77755  0.289621  0.294006  0.725541  0.886922  -0.0335183  4
3600  77587  0.286547  0.28566  0.722507  0.889777  -0.0235769  4
3700  78173  0.280089  0.284968  0.729411  0.901996  -0.0019832  4
3800  79045  0.299043  0.281521  0.72452  0.905182  -0.102893  4
3900  79650  0.285936  0.287787  0.727625  0.91342  -0.12393  4
4000  77875  0.294921  0.277938  0.727665  0.923034  -0.148127  4
4100  77549  0.280804  0.278256  0.725582  0.921902  -0.134291  4
4200  77910  0.287001  0.293294  0.728765  0.923878  -0.14199  4
4300  77166  0.288574  0.285911  0.734945  0.932354  -0.177995  4
4400  77831  0.279609  0.290896  0.735562  0.933091  -0.193421  4
4500  77605  0.288428  0.268224  0.732087  0.937054  -0.158646  4
4600  78546  0.290551  0.272057  0.734676  0.938822  -0.173657  4
4700  78333  0.289726  0.28309  0.739951  0.944963  -0.193713  4
4800  78302  0.291014  0.279994  0.740719  0.944875  -0.182924  4
4900  78454  0.285238  0.282458  0.742025  0.943181  -0.154458  4
5000  79491  0.287277  0.292432  0.747412  0.943983  -0.147856  4
5100  77846  0.275452  0.285851  0.748187  0.946651  -0.174936  4
5200  78333  0.27881  0.282942  0.748177  0.948319  -0.176487  4
5300  78520  0.285752  0.290842  0.754665  0.958694  -0.20147  4
5400  77171  0.280394  0.292343  0.755633  0.961811  -0.179535  4
5500  80032  0.293486  0.289927  0.756406  0.966083  -0.230332  4
5600  79426  0.283533  0.287686  0.754174  0.961947  -0.24413  4
5700  78751  0.298875  0.287151  0.756319  0.961284  -0.215437  4
5800  79866  0.275361  0.284092  0.75708  0.959412  -0.189114  4
5900  78477  0.276756  0.287245  0.756567  0.962532  -0.153583  4
6000  79322  0.279082  0.277246  0.754806  0.960939  -0.0997275  4
6100  78378  0.278501  0.271053  0.757776  0.966369  -0.106182  4
6200  78186  0.283402  0.27609  0.761533  0.970949  -0.154611  4
6300  78186  0.273156  0.288794  0.761309  0.974058  -0.12027  4
6400  78237  0.287826  0.289728  0.759338  0.970037  -0.123784  4
6500  78134  0.285549  0.289105  0.759421  0.971064  -0.131602  4
6600  78919  0.292531  0.274497  0.754299  0.966057  -0.142981  4
6700  78836  0.278489  0.266818  0.758281  0.971537  -0.179201  4
6800  78769  0.298078  0.271119  0.754858  0.970728  -0.186727  4
6900  77097  0.27727  0.269576  0.756168  0.970982  -0.171959  4
7000  79545  0.30116  0.27942  0.757372  0.971421  -0.17547  4
7100  78922  0.281778  0.275914  0.760392  0.97357  -0.155432  4
7200  77297  0.269976  0.276493  0.761069  0.973289  -0.143551  4
7300  77390  0.278375  0.271581  0.759466  0.977663  -0.154437  4
7400  77197  0.275015  0.266829  0.759255  0.977146  -0.149498  4
7500  78665  0.289002  0.267041  0.759519  0.979571  -0.151465  4
7600  77721  0.288778  0.271875  0.763268  0.98194  -0.15361  4
7700  78109  0.283312  0.278356  0.764055  0.98511  -0.173768  4
7800  79095  0.294366  0.278005  0.76402  0.984228  -0.204195  4
7900  78551  0.277613  0.276336  0.767351  0.985725  -0.231314  4
8000  78812  0.280234  0.285257  0.76808  0.988261  -0.226863  4
8100  78374  0.295622  0.280898  0.767621  0.988261  -0.240748  4
8200  79252  0.292076  0.277229  0.766589  0.985656  -0.283792  4
8300  77538  0.283211  0.280013  0.767444  0.987826  -0.230561  4
8400  78156  0.285111  0.278598  0.769776  0.989863  -0.272995  4
8500  79087  0.290283  0.281034  0.769682  0.990496  -0.274519  4
8600  79001  0.284852  0.273733  0.771082  0.991755  -0.310049  4
8700  78397  0.284159  0.275581  0.77198  0.993458  -0.325201  4
8800  78788  0.29935  0.272024  0.772663  0.99443  -0.36653  4
8900  78673  0.297278  0.275465  0.771479  0.995009  -0.353337  4
9000  78707  0.287367  0.275934  0.769508  0.992754  -0.417302  4
9100  78826  0.299051  0.260548  0.769897  0.993156  -0.472408  4
9200  78433  0.289001  0.261836  0.769498  0.993469  -0.522493  4
9300  78963  0.292165  0.269248  0.772301  0.994916  -0.528225  4
9400  78688  0.29146  0.276562  0.773011  0.994826  -0.544575  4
9500  79195  0.291253  0.282508  0.772051  0.994338  -0.561822  4
9600  78260  0.281998  0.282065  0.773623  0.992615  -0.558369  4
9700  78415  0.28938  0.275421  0.773029  0.995985  -0.541402  4
9800  78869  0.291029  0.277311  0.77254  0.997149  -0.57571  4
9900  78473  0.286376  0.270437  0.773029  0.997171  -0.59644  4
