t meta_n emi  mean_info  tr1  tr2  tr3  strategy
0  104252  0.097928  0.493308  0.899986  0.000816044  1.028e-05  4
100  74648  0.170345  0.433657  0.626351  0.0822249  -0.0152851  4
200  76361  0.268501  0.320027  0.491366  0.137868  -0.0300978  4
300  76836  0.3102  0.234333  0.462842  0.1939  -0.0410842  4
400  75742  0.31489  0.184036  0.458511  0.229711  -0.0503738  4
500  76388  0.331664  0.158801  0.454012  0.28172  -0.0623541  4
600  76021  0.330878  0.150067  0.459802  0.314291  -0.058375  4
700  76310  0.333729  0.147875  0.467368  0.340725  -0.0319709  4
800  75878  0.340202  0.12928  0.465205  0.354401  -0.0632864  4
900  77212  0.346182  0.122955  0.465211  0.370884  -0.0410732  4
1000  77394  0.350863  0.122014  0.460395  0.38045  -0.0781778  4
1100  77120  0.347968  0.125932  0.469169  0.407387  -0.0403665  4
1200  75488  0.341326  0.126079  0.471739  0.405304  -0.108504  4
1300  76579  0.351067  0.130047  0.470834  0.416625  -0.0885229  4
1400  76568  0.340361  0.121033  0.476428  0.417533  -0.0916608  4
1500  76592  0.34064  0.123924  0.477521  0.426066  -0.135773  4
1600  77293  0.338781  0.119814  0.487489  0.448682  -0.168933  4
1700  77576  0.345388  0.13268  0.492375  0.468518  -0.210152  4
1800  77084  0.34683  0.122672  0.503789  0.491292  -0.204299  4
1900  77987  0.334179  0.13081  0.508624  0.483987  -0.165995  4
2000  77812  0.337997  0.139337  0.524679  0.51214  -0.123283  4
2100  77219  0.329497  0.144085  0.53395  0.542612  -0.0557163  4
2200  77188  0.339761  0.152208  0.535299  0.560117  -0.0654923  4
2300  77093  0.334811  0.141575  0.533304  0.549307  -0.0474842  4
2400  77876  0.341981  0.142513  0.537149  0.546819  -0.062594  4
2500  77061  0.342468  0.137269  0.532215  0.558772  -0.0996559  4
2600  77668  0.338532  0.141872  0.552882  0.592886  -0.0970404  4
2700  77233  0.335876  0.137248  0.546802  0.585234  -0.0707176  4
2800  77506  0.33342  0.1401  0.563526  0.623182  -0.066996  4
2900  76874  0.334266  0.147956  0.571395  0.647326  -0.0718922  4
3000  77570  0.338347  0.149813  0.574297  0.651974  -0.0471162  4
3100  77821  0.33401  0.135818  0.570751  0.637771  -0.0640292  4
3200  76915  0.328177  0.134836  0.562645  0.620927  -0.134942  4
3300  77990  0.330402  0.133777  0.569434  0.633042  -0.132197  4
3400  76489  0.33658  0.135225  0.565344  0.637236  -0.171057  4
3500  76832  0.335408  0.140167  0.577867  0.648738  -0.178258  4
3600  76362  0.336291  0.141945  0.578218  0.655098  -0.137939  4
3700  77174  0.331324  0.142491  0.584888  0.678491  -0.115751  4
3800  77164  0.337328  0.135284  0.587883  0.684025  -0.0902349  4
3900  76675  0.327854  0.144344  0.601981  0.708592  -0.0477174  4
4000  78803  0.337276  0.147429  0.606899  0.720273  -0.0772574  4
4100  77106  0.322866  0.146305  0.614395  0.726669  -0.101469  4
4200  78083  0.336925  0.14555  0.614454  0.739114  -0.0749911  4
4300  77798  0.327036  0.159617  0.619631  0.752324  -0.0322055  4
4400  78231  0.328358  0.155302  0.619642  0.744797  -0.090963  4
4500  77801  0.328023  0.153767  0.622467  0.75335  -0.0338806  4
4600  78005  0.325986  0.152521  0.626786  0.7586  -0.097931  4
4700  77489  0.319261  0.15092  0.636867  0.776182  -0.113916  4
4800  78785  0.32198  0.15897  0.642488  0.789367  -0.118939  4
4900  77775  0.310945  0.150808  0.636121  0.770311  -0.170331  4
5000  78165  0.32093  0.153649  0.628166  0.751758  -0.174448  4
5100  77754  0.32779  0.148287  0.626229  0.743003  -0.258048  4
5200  76276  0.313622  0.152329  0.635738  0.758906  -0.241747  4
5300  77953  0.319127  0.145453  0.629282  0.73995  -0.234533  4
5400  77415  0.317887  0.147334  0.630703  0.732926  -0.249368  4
5500  77934  0.318249  0.154096  0.630536  0.734817  -0.275993  4
5600  76948  0.315823  0.161562  0.640881  0.761831  -0.311739  4
5700  77332  0.319277  0.149069  0.63565  0.741019  -0.326039  4
5800  77131  0.311236  0.149285  0.632622  0.73649  -0.245526  4
5900  77440  0.314073  0.15614  0.639927  0.752825  -0.26981  4
6000  77338  0.313931  0.156189  0.648763  0.775933  -0.235556  4
6100  78619  0.320289  0.164401  0.653092  0.781447  -0.205729  4
6200  77218  0.312286  0.156831  0.650921  0.776242  -0.202889  4
6300  77874  0.304689  0.156706  0.653739  0.774239  -0.178677  4
6400  78308  0.314801  0.157355  0.658436  0.786012  -0.154742  4
6500  77319  0.304833  0.157369  0.661839  0.795112  -0.168719  4
6600  79046  0.31423  0.153507  0.660942  0.799634  -0.170364  4
6700  77536  0.311655  0.153485  0.661223  0.80313  -0.24669  4
6800  77583  0.309167  0.158385  0.66045  0.790955  -0.32492  4
6900  77532  0.30958  0.157137  0.657516  0.78565  -0.344668  4
7000  77811  0.313884  0.165245  0.6632  0.801106  -0.30239  4
7100  77314  0.31912  0.160927  0.661005  0.803899  -0.257899  4
7200  78869  0.31501  0.157165  0.651175  0.781474  -0.282572  4
7300  76961  0.314162  0.161847  0.647332  0.775894  -0.380058  4
7400  77616  0.328733  0.160167  0.651006  0.779862  -0.369513  4
7500  78091  0.315225  0.155805  0.64623  0.771481  -0.312044  4
7600  77045  0.311781  0.152147  0.646503  0.770214  -0.339595  4
7700  77655  0.31242  0.156539  0.655769  0.787403  -0.265395  4
7800  77456  0.312721  0.164613  0.659431  0.786518  -0.225235  4
7900  77575  0.30663  0.16011  0.655538  0.778566  -0.204288  4
8000  77620  0.301644  0.154019  0.647126  0.758419  -0.238988  4
8100  77399  0.310704  0.14803  0.646274  0.761821  -0.224682  4
8200  78051  0.318927  0.153368  0.651401  0.779915  -0.261904  4
8300  78431  0.31458  0.148174  0.653061  0.777752  -0.236727  4
8400  77989  0.313349  0.1509  0.659572  0.793544  -0.167122  4
8500  76994  0.310332  0.148709  0.652753  0.778195  -0.263924  4
8600  79266  0.328111  0.152607  0.656521  0.785315  -0.298468  4
8700  78155  0.324128  0.154922  0.652511  0.780209  -0.320909  4
8800  77796  0.314908  0.152526  0.653797  0.781241  -0.311558  4
8900  76459  0.315458  0.14279  0.659636  0.797668  -0.294107  4
9000  78251  0.307362  0.140366  0.662317  0.802469  -0.232901  4
9100  77289  0.306052  0.146086  0.661525  0.797675  -0.18373  4
9200  76462  0.30395  0.148094  0.656592  0.786631  -0.249799  4
9300  78418  0.315489  0.150778  0.650167  0.775462  -0.31078  4
9400  77402  0.310303  0.148811  0.659699  0.794444  -0.29408  4
9500  77181  0.313973  0.152165  0.654395  0.779544  -0.256951  4
9600  78060  0.313679  0.153792  0.64999  0.765862  -0.258944  4
9700  78253  0.317017  0.156988  0.65477  0.774362  -0.235368  4
9800  78023  0.311413  0.160823  0.655916  0.777362  -0.1546  4
9900  77760  0.314062  0.15406  0.656274  0.775484  -0.0892902  4
