t meta_n emi  mean_info  tr1  tr2  tr3  strategy
0  102682  0.101376  0.491262  0.899996  0.000801961  -5.02576e-05  4
100  75021  0.165479  0.249843  0.621332  0.0964714  -0.00216067  4
200  75245  0.3004  0.117517  0.452133  0.14322  0.0121723  4
300  76120  0.328854  0.0740721  0.422439  0.182231  0.0273514  4
400  75834  0.356604  0.0612245  0.409681  0.21801  -0.00429695  4
500  76549  0.365557  0.0582209  0.412948  0.25038  0.00171284  4
600  76428  0.369927  0.0571753  0.411527  0.275288  -0.0168167  4
700  76247  0.36232  0.0520159  0.415415  0.281512  0.00937918  4
800  76046  0.362608  0.057177  0.41487  0.287951  -0.0195597  4
900  75798  0.36232  0.0500986  0.421625  0.322367  -0.00767848  4
1000  75826  0.365581  0.050886  0.422137  0.314119  -0.00226463  4
1100  76594  0.35714  0.0475926  0.42607  0.31268  0.0645832  4
1200  76799  0.362048  0.045654  0.423163  0.326295  0.0522914  4
1300  75877  0.373346  0.0426641  0.419948  0.338726  0.0189614  4
1400  76119  0.362752  0.0397787  0.428936  0.364975  -0.00160852  4
1500  77300  0.367876  0.0423839  0.434114  0.379638  -0.0443235  4
1600  77312  0.376506  0.0425614  0.434755  0.409786  -0.0959558  4
1700  76047  0.370675  0.0403276  0.4337  0.403946  -0.113453  4
1800  77699  0.366622  0.0391921  0.439617  0.407835  -0.112925  4
1900  76335  0.368132  0.0381795  0.43646  0.398338  -0.127928  4
2000  76367  0.360838  0.0406583  0.4374  0.403349  -0.164379  4
2100  76580  0.372849  0.0397866  0.44023  0.411613  -0.174247  4
2200  75165  0.354258  0.0364151  0.450206  0.428002  -0.188307  4
2300  77093  0.348743  0.0313181  0.447889  0.409146  -0.21357  4
2400  75634  0.353655  0.0308147  0.451269  0.42583  -0.215524  4
2500  75991  0.354396  0.0323707  0.451769  0.425879  -0.193847  4
2600  76059  0.352163  0.0318898  0.440728  0.390787  -0.23952  4
2700  75668  0.353183  0.0316439  0.436324  0.387896  -0.209231  4
2800  76198  0.355306  0.0309188  0.442789  0.39482  -0.227797  4
2900  77932  0.364389  0.0273364  0.438397  0.396285  -0.273207  4
3000  76623  0.362871  0.0287241  0.440153  0.393128  -0.31971  4
3100  78041  0.358058  0.0284431  0.437779  0.394122  -0.326138  4
3200  76712  0.361786  0.0291735  0.43413  0.394978  -0.31857  4
3300  77164  0.355665  0.0329812  0.431125  0.378859  -0.316368  4
3400  76404  0.361247  0.0309348  0.429681  0.379853  -0.246477  4
3500  75753  0.358802  0.0263825  0.432257  0.377622  -0.238286  4
3600  76980  0.35048  0.0266603  0.429612  0.362275  -0.195582  4
3700  77066  0.353628  0.0237088  0.42744  0.35277  -0.17491  4
3800  76419  0.353292  0.0199552  0.426848  0.350103  -0.185607  4
3900  76987  0.363397  0.0196122  0.420317  0.343118  -0.176877  4
4000  76782  0.363819  0.0207196  0.410583  0.315917  -0.15941  4
4100  76608  0.356986  0.0193895  0.411538  0.307525  -0.167056  4
4200  75259  0.357728  0.0173047  0.403935  0.282348  -0.121903  4
4300  77558  0.360909  0.0168019  0.402797  0.278781  -0.146627  4
4400  76119  0.359936  0.0182374  0.405783  0.284092  -0.152333  4
4500  76270  0.362401  0.0185506  0.403222  0.280796  -0.0920024  4
4600  76291  0.35521  0.015756  0.403932  0.292207  -0.196786  4
4700  77370  0.359975  0.0161159  0.407473  0.309337  -0.162476  4
4800  77428  0.369271  0.0139523  0.4048  0.305303  -0.157516  4
4900  77002  0.368738  0.0124046  0.399776  0.2825  -0.100954  4
5000  75965  0.371334  0.0137485  0.398693  0.292167  -0.0855037  4
5100  76418  0.364915  0.0111185  0.399355  0.284982  -0.11157  4
5200  76968  0.361879  0.0111302  0.397272  0.270708  -0.193716  4
5300  77280  0.362834  0.0102551  0.396907  0.274936  -0.208286  4
5400  75941  0.355406  0.011272  0.399298  0.270718  -0.231265  4
5500  76135  0.36216  0.00978313  0.390115  0.23391  -0.187616  4
5600  77270  0.36851  0.0094622  0.38676  0.222653  -0.15314  4
5700  76771  0.362544  0.0116252  0.393438  0.23778  -0.198362  4
5800  75987  0.366188  0.0116759  0.392423  0.248205  -0.184791  4
5900  77409  0.366578  0.0109281  0.400034  0.261929  -0.245541  4
6000  77036  0.358096  0.00935928  0.395442  0.252077  -0.260853  4
6100  76482  0.371471  0.0104284  0.393867  0.245336  -0.199325  4
6200  76646  0.357261  0.0101291  0.39751  0.252253  -0.235022  4
6300  75349  0.358426  0.0101509  0.399253  0.253523  -0.272608  4
6400  76165  0.355689  0.00838528  0.401391  0.259791  -0.263747  4
6500  77561  0.361419  0.00791527  0.403963  0.272226  -0.300847  4
6600  77888  0.352368  0.0102588  0.402687  0.269168  -0.375232  4
6700  76144  0.355122  0.0093936  0.395906  0.240713  -0.370424  4
6800  77558  0.350365  0.00732839  0.393842  0.240007  -0.410525  4
6900  76741  0.361139  0.00802317  0.391479  0.240184  -0.456384  4
7000  75652  0.354208  0.0079121  0.396393  0.243481  -0.446671  4
7100  77460  0.351602  0.0078969  0.391373  0.222016  -0.371119  4
7200  75964  0.348347  0.00613585  0.392521  0.220211  -0.410044  4
7300  77569  0.348639  0.00571617  0.392023  0.213791  -0.375494  4
7400  76641  0.356211  0.00591348  0.391218  0.218656  -0.42308  4
7500  76698  0.351532  0.00458431  0.392772  0.222259  -0.452262  4
7600  76774  0.357716  0.00464299  0.396294  0.228921  -0.414002  4
7700  75768  0.347882  0.00482569  0.392909  0.217176  -0.451146  4
7800  77278  0.356823  0.00483763  0.393439  0.222963  -0.432096  4
7900  77402  0.360315  0.00493589  0.39462  0.229075  -0.422805  4
8000  77908  0.357001  0.00485841  0.396489  0.233252  -0.465718  4
8100  76800  0.348514  0.00357347  0.397167  0.232784  -0.432835  4
8200  76375  0.346531  0.00398845  0.395464  0.229738  -0.455969  4
8300  76579  0.349088  0.0042685  0.395904  0.227821  -0.4843  4
8400  76726  0.350771  0.00251123  0.397793  0.240517  -0.475898  4
8500  76226  0.350545  0.00276426  0.397335  0.228735  -0.372574  4
8600  76757  0.348853  0.00220424  0.39512  0.222865  -0.335046  4
8700  76772  0.345678  0.00222317  0.392113  0.199757  -0.257774  4
8800  76426  0.343342  0.00177092  0.393097  0.196711  -0.250659  4
8900  76262  0.342172  0.00231054  0.390757  0.187772  -0.215532  4
9000  77004  0.349389  0.00159395  0.389313  0.193059  -0.202431  4
9100  77787  0.345455  0.00183762  0.388289  0.194561  -0.221326  4
9200  77873  0.352035  0.00193814  0.388921  0.198599  -0.279711  4
9300  76958  0.350857  0.00211401  0.388418  0.196774  -0.235138  4
9400  76842  0.353281  0.00324246  0.386735  0.196281  -0.252986  4
9500  76220  0.351434  0.00235812  0.383209  0.184671  -0.18913  4
9600  75724  0.347043  0.0024559  0.383586  0.18506  -0.170282  4
9700  77006  0.355316  0.00199352  0.384019  0.182106  -0.160968  4
9800  78055  0.351591  0.00166434  0.383784  0.179154  -0.206371  4
9900  77203  0.343548  0.0018776  0.384807  0.186112  -0.197147  4
