t meta_n emi  mean_info  tr1  tr2  tr3  strategy
0  101269  0.099672  0.490117  0.899933  0.000868318  -0.000133881  4
100  74589  0.167578  0.264107  0.616012  0.0776382  -0.00822069  4
200  74928  0.287794  0.137893  0.458854  0.143228  -0.00892997  4
300  76190  0.337494  0.0837299  0.425928  0.197753  -0.0215315  4
400  75209  0.341146  0.0677479  0.421873  0.231995  -0.0242513  4
500  75564  0.35663  0.0613245  0.416454  0.259728  -0.03318  4
600  75254  0.361137  0.0540606  0.415154  0.273571  -0.00861063  4
700  76214  0.366172  0.05418  0.415463  0.284839  0.0191191  4
800  75916  0.376295  0.0554371  0.414113  0.295227  -0.0166741  4
900  76860  0.371058  0.0489896  0.417884  0.299776  -0.0134579  4
1000  76114  0.365677  0.0524073  0.421917  0.312005  -0.00356949  4
1100  76189  0.360262  0.0479181  0.42434  0.338071  0.00285977  4
1200  76840  0.368042  0.0457539  0.425999  0.347323  -0.0131224  4
1300  75925  0.364803  0.0455601  0.422696  0.342942  -0.0256852  4
1400  75617  0.3624  0.0461901  0.423812  0.348875  -0.0888468  4
1500  75998  0.356767  0.0462285  0.431451  0.360059  -0.0743929  4
1600  76323  0.357973  0.0463489  0.433134  0.351437  -0.0712096  4
1700  76167  0.361528  0.0469124  0.430126  0.354012  -0.0278111  4
1800  75884  0.357911  0.0427931  0.433264  0.350265  -0.0195944  4
1900  76277  0.359052  0.0443637  0.432546  0.351401  -0.0329966  4
2000  76970  0.362586  0.0373539  0.432319  0.350463  -0.0255247  4
2100  76364  0.369004  0.0377982  0.430074  0.365505  -0.10122  4
2200  76544  0.362274  0.0373783  0.430195  0.364647  -0.11934  4
2300  75882  0.35944  0.0310822  0.426766  0.348916  -0.0830372  4
2400  75760  0.35819  0.0339084  0.432339  0.365352  -0.0485938  4
2500  77395  0.365405  0.0336813  0.429598  0.358268  -0.0125238  4
2600  76767  0.36  0.0347873  0.431155  0.342768  -0.00643647  4
2700  76177  0.358543  0.0340254  0.433632  0.359268  0.0788528  4
2800  76103  0.356759  0.0335697  0.433389  0.350566  0.061991  4
2900  76163  0.357248  0.0349398  0.437905  0.368079  0.0740423  4
3000  76098  0.357875  0.035578  0.441046  0.386013  0.0777422  4
3100  76425  0.358855  0.0289766  0.430987  0.361635  0.0454837  4
3200  76943  0.370014  0.0321374  0.429599  0.363087  -0.00593644  4
3300  76550  0.36356  0.0280444  0.433504  0.37551  0.00849777  4
3400  76076  0.359219  0.026974  0.436622  0.376977  -0.0140142  4
3500  76894  0.364242  0.0296329  0.431164  0.374559  -0.0748677  4
3600  76019  0.354809  0.0252447  0.435771  0.381602  -0.0644843  4
3700  75933  0.351856  0.022401  0.431862  0.363452  0.0183311  4
3800  76184  0.35461  0.0249601  0.429895  0.360721  0.0167496  4
3900  76713  0.358711  0.0216709  0.429124  0.360889  0.0155339  4
4000  76974  0.371882  0.0212296  0.420894  0.3454  0.0175464  4
4100  77275  0.361614  0.0210319  0.424912  0.351767  0.0262221  4
4200  76650  0.3639  0.0197456  0.424304  0.343392  0.0820826  4
4300  76462  0.355236  0.0192381  0.42086  0.332438  0.112419  4
4400  76563  0.365499  0.0199821  0.421794  0.342291  0.146258  4
4500  76772  0.357936  0.0207237  0.420844  0.328826  0.163876  4
4600  76355  0.357794  0.0193154  0.414793  0.305725  0.148866  4
4700  76292  0.362024  0.0179795  0.410889  0.297322  0.156418  4
4800  77195  0.364055  0.0169307  0.40866  0.296215  0.201952  4
4900  77027  0.36208  0.0163147  0.417234  0.316792  0.170552  4
5000  76802  0.360481  0.0146818  0.418537  0.313184  0.158047  4
5100  77354  0.358148  0.0122047  0.416766  0.302929  0.143173  4
5200  76114  0.356614  0.0113527  0.414173  0.291227  0.190517  4
5300  75484  0.358638  0.0094482  0.402983  0.272295  0.204718  4
5400  76846  0.356833  0.0104412  0.398223  0.247492  0.196736  4
5500  76792  0.355205  0.0131855  0.393779  0.233617  0.187439  4
5600  76326  0.358106  0.012805  0.395424  0.234992  0.19126  4
5700  76873  0.354017  0.0123085  0.394548  0.23348  0.144253  4
5800  75893  0.355314  0.0100698  0.397105  0.236083  0.16083  4
5900  76456  0.354378  0.0101382  0.395147  0.22697  0.161753  4
6000  76315  0.35668  0.00895925  0.391843  0.223  0.158684  4
6100  77399  0.356898  0.00879521  0.389108  0.210237  0.162439  4
6200  76387  0.360649  0.0110733  0.389749  0.211325  0.158868  4
6300  76626  0.358915  0.00941111  0.389333  0.218627  0.192413  4
6400  76311  0.351784  0.00736693  0.389966  0.216749  0.157975  4
6500  77029  0.357843  0.00724474  0.393452  0.234042  0.17073  4
6600  77646  0.358363  0.00833661  0.394956  0.232014  0.189985  4
6700  76690  0.356278  0.00602723  0.393045  0.233687  0.151755  4
6800  76661  0.356759  0.00631751  0.39216  0.234769  0.139453  4
6900  77337  0.350234  0.00585631  0.397669  0.244182  0.0854793  4
7000  76705  0.351218  0.00634674  0.399583  0.252619  0.127253  4
7100  76729  0.350147  0.00768176  0.403674  0.271349  0.141545  4
7200  76030  0.350989  0.00723245  0.40185  0.268305  0.121826  4
7300  76266  0.351872  0.00862727  0.397851  0.260902  0.130488  4
7400  76535  0.355318  0.00672484  0.40244  0.272453  0.150741  4
7500  76857  0.358781  0.00602032  0.40079  0.274909  0.160691  4
7600  77574  0.353712  0.00474737  0.397935  0.263613  0.159321  4
7700  77143  0.35466  0.00617158  0.394316  0.250359  0.169763  4
7800  76973  0.356094  0.00552219  0.396447  0.25666  0.139291  4
7900  77331  0.355453  0.00504302  0.397017  0.259801  0.163887  4
8000  75572  0.34462  0.00450007  0.398432  0.262679  0.166685  4
8100  76652  0.354345  0.00520386  0.403094  0.269682  0.159271  4
8200  76158  0.347956  0.00530764  0.406133  0.286555  0.153006  4
8300  77604  0.356023  0.00540582  0.407836  0.298667  0.128915  4
8400  76590  0.352962  0.00447312  0.406527  0.293906  0.145532  4
8500  76652  0.351072  0.0043588  0.405259  0.28938  0.148791  4
8600  76280  0.349651  0.00499904  0.403679  0.280045  0.173628  4
8700  77496  0.34856  0.00502032  0.403359  0.275801  0.123824  4
8800  77217  0.357245  0.00445109  0.404497  0.284692  0.150281  4
8900  76319  0.344528  0.00439425  0.40506  0.289001  0.185979  4
9000  76964  0.349835  0.00586478  0.409302  0.303272  0.25514  4
9100  76151  0.351952  0.00597476  0.411812  0.314215  0.254864  4
9200  76157  0.351995  0.00550315  0.406235  0.283857  0.281775  4
9300  76874  0.347736  0.00502384  0.408568  0.291325  0.25292  4
9400  77067  0.348409  0.00441477  0.406721  0.285992  0.183513  4
9500  76595  0.343646  0.0042562  0.407989  0.278474  0.195446  4
9600  75635  0.340849  0.0033502  0.404168  0.259924  0.237745  4
9700  76519  0.344982  0.00282441  0.408436  0.273015  0.233757  4
9800  77459  0.341066  0.00214004  0.408083  0.276743  0.255474  4
9900  77642  0.350125  0.00301638  0.407282  0.272437  0.197606  4
