t meta_n emi  mean_info  tr1  tr2  tr3  strategy
0  103331  0.099912  0.497846  0.899981  0.00081508  -4.60474e-05  4
100  77980  0.183824  0.636854  0.648245  0.0850235  -0.00106523  4
200  78920  0.266742  0.626185  0.546036  0.152759  0.00627787  4
300  78653  0.276565  0.593393  0.53874  0.196786  0.00966732  4
400  78312  0.283978  0.556872  0.535731  0.238025  0.00666925  4
500  77739  0.284234  0.548023  0.544809  0.275774  0.0118533  4
600  79039  0.28994  0.527764  0.543068  0.295209  0.0237811  4
700  78627  0.285207  0.508017  0.556172  0.349896  0.00406719  4
800  79288  0.295973  0.495353  0.565626  0.401395  0.0080939  4
900  77739  0.296226  0.468803  0.563581  0.417103  0.0222585  4
1000  79601  0.303577  0.456345  0.573986  0.453582  0.0119848  4
1100  78127  0.295149  0.448842  0.579965  0.471771  0.0266852  4
1200  77839  0.287109  0.449696  0.587671  0.494257  -0.00379038  4
1300  78803  0.291293  0.444878  0.599334  0.535065  0.0069658  4
1400  79181  0.279493  0.458454  0.602694  0.541044  -0.00803099  4
1500  78810  0.287334  0.450867  0.613658  0.574577  -0.014268  4
1600  78214  0.281337  0.453718  0.620047  0.584445  0.0288254  4
1700  78300  0.293984  0.448653  0.625688  0.601394  0.0524472  4
1800  78220  0.289411  0.451261  0.631462  0.627877  0.0592  4
1900  78301  0.28189  0.434158  0.642646  0.651275  0.0744537  4
2000  78391  0.287147  0.429853  0.642047  0.65949  0.0714492  4
2100  78801  0.294112  0.430312  0.648213  0.68094  0.0874019  4
2200  78735  0.285213  0.421928  0.66232  0.720053  0.0537406  4
2300  78352  0.28101  0.409769  0.665135  0.724482  0.0662016  4
2400  78624  0.269393  0.41225  0.663751  0.708981  0.102332  4
2500  79221  0.275185  0.416521  0.663131  0.707858  0.12044  4
2600  78405  0.282847  0.408908  0.662405  0.718614  0.111744  4
2700  78831  0.281802  0.404747  0.670624  0.741385  0.0819491  4
2800  78520  0.281323  0.411137  0.680061  0.758026  0.106984  4
2900  79609  0.277949  0.399964  0.694244  0.786538  0.105821  4
3000  78607  0.267559  0.404363  0.705356  0.802391  0.144936  4
3100  79364  0.264747  0.408811  0.704772  0.796571  0.142784  4
3200  78437  0.274019  0.413235  0.704349  0.797738  0.144507  4
3300  78476  0.280453  0.397626  0.711273  0.816032  0.13552  4
3400  79030  0.279608  0.387915  0.71821  0.838074  0.137843  4
3500  78975  0.27156  0.375311  0.71953  0.848047  0.154908  4
3600  78343  0.275907  0.379865  0.719472  0.852953  0.159575  4
3700  78516  0.275909  0.391782  0.72364  0.856418  0.173026  4
3800  79226  0.270451  0.386929  0.726759  0.863073  0.15015  4
3900  79631  0.27199  0.387312  0.734559  0.872979  0.125929  4
4000  78989  0.271746  0.382179  0.731732  0.870537  0.187503  4
4100  79410  0.272965  0.381319  0.735193  0.879658  0.169404  4
4200  78785  0.266647  0.392335  0.73925  0.88617  0.181266  4
4300  79273  0.268942  0.387361  0.739058  0.885026  0.183158  4
4400  79848  0.261626  0.389939  0.748808  0.892758  0.24112  4
4500  79273  0.269643  0.385269  0.746378  0.899125  0.297771  4
4600  79700  0.270554  0.389282  0.749829  0.905283  0.267857  4
4700  79789  0.280788  0.384105  0.748558  0.911502  0.178693  4
4800  79871  0.267069  0.383104  0.750892  0.911102  0.170603  4
4900  79624  0.274694  0.374514  0.754691  0.919433  0.158341  4
5000  79297  0.269357  0.362078  0.754615  0.923295  0.130268  4
5100  78593  0.276235  0.366524  0.757284  0.926293  0.0831279  4
5200  78805  0.262035  0.359835  0.762097  0.92937  0.113301  4
5300  79289  0.260337  0.364569  0.765402  0.936347  0.158007  4
5400  78626  0.268926  0.3755  0.767813  0.932831  0.181891  4
5500  79579  0.254488  0.380667  0.77128  0.937467  0.223387  4
5600  80098  0.271732  0.374774  0.774061  0.944529  0.133015  4
5700  79582  0.268321  0.370277  0.776279  0.949121  0.119846  4
5800  78242  0.254358  0.361751  0.781688  0.95798  0.122853  4
5900  78773  0.250416  0.369278  0.785536  0.957311  0.113405  4
6000  79667  0.249959  0.362217  0.787856  0.957504  0.149291  4
6100  79787  0.262172  0.363548  0.789364  0.962683  0.167206  4
6200  78923  0.256814  0.363649  0.78938  0.968758  0.216695  4
6300  79281  0.259425  0.363448  0.791675  0.970886  0.221138  4
6400  79367  0.253333  0.359507  0.79225  0.973578  0.179272  4
6500  79842  0.266901  0.360945  0.794076  0.976074  0.261493  4
6600  79460  0.266936  0.354663  0.792704  0.978811  0.207951  4
6700  79232  0.25922  0.344705  0.789107  0.976909  0.232848  4
6800  79045  0.25806  0.340992  0.79309  0.980345  0.321064  4
6900  79229  0.258518  0.343738  0.792934  0.979431  0.307  4
7000  79761  0.274937  0.345819  0.795449  0.982486  0.260784  4
7100  79054  0.262432  0.3515  0.797757  0.984353  0.23858  4
7200  80945  0.269378  0.351789  0.798121  0.984399  0.22914  4
7300  79714  0.262905  0.352728  0.799582  0.984359  0.216569  4
7400  79193  0.264594  0.346479  0.794837  0.98325  0.191267  4
7500  78717  0.257506  0.346902  0.795776  0.982384  0.175858  4
7600  80113  0.264735  0.343034  0.796562  0.984362  0.104687  4
7700  79022  0.255886  0.344885  0.796397  0.984438  0.0970445  4
7800  79509  0.258886  0.345325  0.795083  0.98459  0.167545  4
7900  79341  0.270969  0.344335  0.793764  0.983334  0.105644  4
8000  80114  0.267777  0.347544  0.793939  0.984775  0.0844784  4
8100  80505  0.268815  0.352759  0.796776  0.986557  0.0428976  4
8200  78951  0.260015  0.348055  0.798514  0.9877  0.0525289  4
8300  80011  0.26799  0.348404  0.798248  0.986783  0.0421716  4
8400  79805  0.265207  0.349418  0.798627  0.988691  0.0552573  4
8500  79468  0.258217  0.349043  0.799537  0.987836  0.00402961  4
8600  80373  0.268828  0.344264  0.800035  0.988242  0.0326192  4
8700  80233  0.26474  0.344119  0.800903  0.989377  0.0519735  4
8800  79317  0.257429  0.34031  0.801733  0.990425  0.0595542  4
8900  79414  0.262032  0.343469  0.802881  0.991993  0.074796  4
9000  79226  0.262351  0.346069  0.8035  0.992651  0.135217  4
9100  79253  0.26832  0.340794  0.804752  0.99279  0.104984  4
9200  80236  0.260863  0.346431  0.80522  0.993196  0.168703  4
9300  79278  0.254738  0.350872  0.803482  0.991398  0.181586  4
9400  78921  0.255694  0.350009  0.802849  0.990492  0.180589  4
9500  78396  0.271562  0.352049  0.804441  0.989483  0.205935  4
9600  80231  0.263561  0.350985  0.799354  0.98563  0.199775  4
9700  79426  0.256775  0.357802  0.798305  0.983557  0.24896  4
9800  78611  0.244587  0.351213  0.802738  0.98759  0.262349  4
9900  79874  0.255613  0.352051  0.80065  0.985215  0.261653  4
