t meta_n emi  mean_info  tr1  tr2  tr3  strategy
0  104421  0.099312  0.498876  0.899901  0.000827807  9.7837e-05  4
100  77821  0.188021  0.596862  0.633987  0.0866329  0.00322852  4
200  78165  0.276337  0.548809  0.525696  0.152015  0.010554  4
300  77230  0.28213  0.486318  0.515348  0.205043  0.00981232  4
400  77756  0.288793  0.424594  0.516029  0.240595  0.00812027  4
500  77059  0.287492  0.397197  0.518045  0.286993  0.0375122  4
600  77933  0.296172  0.378779  0.524908  0.333841  0.0573753  4
700  77897  0.307432  0.365763  0.530417  0.383898  0.0959184  4
800  78219  0.309939  0.36811  0.544668  0.42597  0.10788  4
900  78536  0.312721  0.352354  0.554136  0.469779  0.0790322  4
1000  77996  0.304829  0.341724  0.567934  0.517299  0.107094  4
1100  77182  0.294303  0.346888  0.583933  0.548944  0.152732  4
1200  78272  0.311461  0.340722  0.596398  0.594768  0.125395  4
1300  78161  0.298108  0.33296  0.609036  0.615372  0.142644  4
1400  77486  0.296313  0.352271  0.62551  0.646133  0.159921  4
1500  78082  0.283874  0.362191  0.640343  0.665501  0.19044  4
1600  78574  0.291405  0.34711  0.64361  0.684433  0.248433  4
1700  78599  0.294255  0.336676  0.652922  0.721151  0.24807  4
1800  78781  0.302471  0.329326  0.648575  0.715715  0.243995  4
1900  78217  0.287068  0.322398  0.655623  0.725678  0.21326  4
2000  79546  0.289666  0.335986  0.662874  0.735196  0.114832  4
2100  78154  0.288425  0.325772  0.669497  0.737548  0.0731706  4
2200  79331  0.288199  0.320473  0.666432  0.74905  0.114462  4
2300  78242  0.290897  0.327467  0.665825  0.76043  0.131811  4
2400  79251  0.300311  0.331737  0.6775  0.786929  0.166209  4
2500  78616  0.293861  0.32304  0.676748  0.793172  0.145628  4
2600  77973  0.302312  0.317214  0.677386  0.797145  0.132423  4
2700  79259  0.299102  0.31169  0.686028  0.807518  0.154633  4
2800  79280  0.292181  0.319858  0.692418  0.804161  0.172734  4
2900  78256  0.284716  0.325834  0.701517  0.831645  0.147942  4
3000  78088  0.280277  0.315692  0.700631  0.837887  0.119846  4
3100  80456  0.298379  0.319015  0.709634  0.866655  0.157735  4
3200  78522  0.293355  0.308604  0.708767  0.865257  0.147125  4
3300  78897  0.295611  0.316906  0.708176  0.862845  0.173628  4
3400  79307  0.294861  0.316091  0.709888  0.865786  0.250951  4
3500  79022  0.282206  0.31646  0.71157  0.860341  0.28056  4
3600  79646  0.291508  0.323177  0.706511  0.855741  0.291361  4
3700  77993  0.295966  0.319986  0.709962  0.868629  0.311758  4
3800  78912  0.300339  0.313879  0.724035  0.893085  0.326697  4
3900  78394  0.295863  0.315479  0.730454  0.904272  0.338811  4
4000  78447  0.281542  0.322585  0.73856  0.921565  0.354714  4
4100  78488  0.27381  0.314412  0.744536  0.928981  0.312244  4
4200  79252  0.285465  0.314854  0.747629  0.941829  0.359219  4
4300  79265  0.289917  0.314898  0.748163  0.938419  0.343505  4
4400  79025  0.276503  0.312805  0.746591  0.93849  0.315662  4
4500  77894  0.288118  0.315382  0.746877  0.940002  0.336764  4
4600  78571  0.281507  0.311608  0.745917  0.941024  0.416513  4
4700  78894  0.276061  0.305221  0.752225  0.948455  0.430735  4
4800  78825  0.277323  0.304561  0.75154  0.947874  0.42063  4
4900  78377  0.275164  0.311952  0.750917  0.944905  0.41801  4
5000  77638  0.271411  0.307728  0.750682  0.944933  0.389023  4
5100  79954  0.287747  0.311156  0.755723  0.951144  0.372757  4
5200  77659  0.273556  0.321711  0.760477  0.958146  0.423634  4
5300  78422  0.274658  0.31648  0.757546  0.95459  0.416565  4
5400  78451  0.281799  0.315035  0.754994  0.950803  0.425364  4
5500  79236  0.289831  0.309534  0.759061  0.95689  0.36095  4
5600  78052  0.268093  0.308927  0.761204  0.956034  0.387936  4
5700  78400  0.276361  0.307083  0.764824  0.961713  0.395684  4
5800  79250  0.269307  0.30682  0.766226  0.964594  0.376058  4
5900  77699  0.268161  0.305703  0.768987  0.969325  0.44561  4
6000  79533  0.272607  0.310731  0.769519  0.966177  0.507164  4
6100  78506  0.272494  0.314445  0.770236  0.971676  0.609041  4
6200  78774  0.279677  0.3172  0.771888  0.973385  0.629164  4
6300  79072  0.274159  0.314005  0.769012  0.968131  0.597596  4
6400  78256  0.270568  0.317919  0.770254  0.969172  0.559654  4
6500  77874  0.268586  0.320177  0.771721  0.970159  0.618682  4
6600  78895  0.27302  0.312917  0.774541  0.97412  0.729034  4
6700  77728  0.264443  0.315223  0.77475  0.975648  0.729968  4
6800  78945  0.280638  0.311143  0.778776  0.98036  0.806868  4
6900  78492  0.274161  0.306222  0.781844  0.986512  0.869784  4
7000  79808  0.284621  0.305463  0.783664  0.987675  0.939001  4
7100  78765  0.271019  0.302791  0.782737  0.987026  0.926407  4
7200  78517  0.264039  0.298357  0.784818  0.987989  0.920416  4
7300  78155  0.265181  0.305271  0.784218  0.986381  0.954226  4
7400  79417  0.276382  0.305088  0.786517  0.988338  0.924658  4
7500  77909  0.266378  0.307607  0.786577  0.98765  0.951758  4
7600  78411  0.270044  0.30754  0.787153  0.985669  0.928066  4
7700  79065  0.273392  0.305526  0.789008  0.988599  0.935648  4
7800  79239  0.275777  0.31296  0.789395  0.990401  0.912785  4
7900  77844  0.266169  0.311939  0.788548  0.990818  0.921616  4
8000  79256  0.276585  0.309699  0.788457  0.99082  0.938126  4
8100  79724  0.281496  0.305994  0.788439  0.991956  0.973424  4
8200  79305  0.275667  0.303727  0.787049  0.991836  1.03105  4
8300  78530  0.270822  0.296478  0.789174  0.992072  1.06803  4
8400  78177  0.261276  0.300562  0.789466  0.992908  1.14186  4
8500  78666  0.26859  0.3003  0.791849  0.995615  1.09429  4
8600  79777  0.272219  0.303256  0.791918  0.996925  1.13421  4
8700  78681  0.272927  0.302214  0.792915  0.996776  1.15782  4
8800  77756  0.261766  0.29652  0.792856  0.996356  1.16754  4
8900  79060  0.274036  0.29721  0.791458  0.9969  1.16068  4
9000  78878  0.277889  0.299082  0.791311  0.997512  1.13319  4
9100  78972  0.276479  0.289687  0.79132  0.997504  1.10657  4
9200  78567  0.271644  0.282041  0.791426  0.997696  1.16277  4
9300  79692  0.263383  0.285492  0.793261  0.99715  1.1718  4
9400  79546  0.270491  0.293576  0.793681  0.997738  1.18013  4
9500  77999  0.274759  0.292438  0.792305  0.997633  1.13935  4
9600  79018  0.271098  0.296973  0.793288  0.996789  1.12611  4
9700  78440  0.269161  0.294823  0.792248  0.997399  1.12003  4
9800  78742  0.268428  0.297633  0.792811  0.998003  1.15042  4
9900  79312  0.274308  0.311164  0.792691  0.997187  1.15001  4
