t meta_n emi  mean_info  tr1  tr2  tr3  strategy
0  103887  0.100288  0.496978  0.900056  0.000876347  -0.000112075  4
100  75304  0.178071  0.485757  0.625384  0.0866367  0.00888377  4
200  77102  0.274832  0.363776  0.499381  0.151446  0.0310242  4
300  76311  0.304853  0.259446  0.47432  0.2107  0.0374832  4
400  77422  0.313521  0.206968  0.468128  0.254399  0.0442329  4
500  76876  0.325221  0.192372  0.461726  0.280751  0.055999  4
600  77004  0.337375  0.162163  0.45675  0.316055  0.0520601  4
700  77053  0.348334  0.151719  0.460501  0.328677  0.0367907  4
800  77238  0.341651  0.151565  0.470269  0.357591  0.0500442  4
900  76908  0.34642  0.150967  0.466018  0.355903  0.0692908  4
1000  76762  0.334174  0.151464  0.473123  0.375203  0.07796  4
1100  75875  0.338484  0.150227  0.480134  0.40042  0.0856655  4
1200  75920  0.342499  0.142353  0.48834  0.436361  0.126544  4
1300  77580  0.348296  0.14565  0.495229  0.462784  0.105113  4
1400  77217  0.334696  0.14687  0.503969  0.467641  0.10264  4
1500  77058  0.339612  0.156016  0.509496  0.476538  0.120437  4
1600  76080  0.330487  0.158001  0.515311  0.493733  0.115016  4
1700  77072  0.340227  0.165069  0.527241  0.530199  0.124916  4
1800  77212  0.32755  0.166156  0.530951  0.528491  0.142425  4
1900  78444  0.331658  0.159859  0.535503  0.538232  0.205284  4
2000  77027  0.327713  0.166971  0.535431  0.541491  0.175205  4
2100  76637  0.326766  0.162225  0.536135  0.531487  0.129348  4
2200  78657  0.326596  0.1576  0.542501  0.549824  0.117596  4
2300  77241  0.326261  0.156958  0.541459  0.546207  0.126288  4
2400  76386  0.32477  0.160815  0.546918  0.555544  0.091371  4
2500  77018  0.322474  0.164075  0.5521  0.563025  0.113217  4
2600  77913  0.322314  0.160348  0.555261  0.571277  0.0406495  4
2700  77056  0.327739  0.153401  0.55115  0.568194  0.0488848  4
2800  77477  0.333688  0.157184  0.549667  0.572996  0.0171325  4
2900  77139  0.328372  0.154286  0.555755  0.581284  -0.00392526  4
3000  76718  0.333844  0.145532  0.562975  0.594075  -0.0355417  4
3100  77806  0.327088  0.151231  0.570913  0.616029  -0.0439367  4
3200  77392  0.323017  0.15785  0.577159  0.650647  -0.0823531  4
3300  76603  0.32265  0.161617  0.588223  0.666176  -0.0951495  4
3400  77028  0.319016  0.164775  0.598745  0.690213  -0.0931628  4
3500  77556  0.325073  0.162923  0.603277  0.698438  -0.0793254  4
3600  77196  0.320567  0.161714  0.60203  0.704031  -0.0955263  4
3700  77888  0.328868  0.159107  0.605873  0.71486  -0.111581  4
3800  76809  0.31877  0.155418  0.606741  0.712544  -0.0911929  4
3900  78078  0.318313  0.155434  0.608338  0.715609  -0.0937277  4
4000  76674  0.317378  0.153767  0.610188  0.717899  -0.170883  4
4100  77213  0.309816  0.162934  0.619676  0.732563  -0.195502  4
4200  77598  0.323314  0.162919  0.61473  0.724789  -0.193123  4
4300  77614  0.319406  0.164848  0.615936  0.716075  -0.13566  4
4400  77231  0.322149  0.164859  0.617807  0.716508  -0.20819  4
4500  78476  0.330208  0.159426  0.618842  0.72869  -0.16031  4
4600  76667  0.320298  0.153853  0.622395  0.739191  -0.159588  4
4700  77376  0.319982  0.157259  0.621041  0.736377  -0.122977  4
4800  77274  0.318611  0.16235  0.617161  0.714166  -0.167041  4
4900  77699  0.328773  0.155785  0.618587  0.721322  -0.170297  4
5000  76920  0.322997  0.154174  0.62279  0.736403  -0.170785  4
5100  78140  0.31595  0.153857  0.626508  0.743144  -0.0908274  4
5200  76880  0.311558  0.154269  0.629341  0.754968  -0.0641431  4
5300  77503  0.307403  0.1433  0.629062  0.750351  -0.0533723  4
5400  77847  0.319003  0.155649  0.635081  0.765326  -0.074842  4
5500  77498  0.309983  0.164827  0.645784  0.789318  -0.0384514  4
5600  76892  0.315307  0.161815  0.648481  0.795999  -0.0510731  4
5700  77776  0.318336  0.165272  0.646666  0.796768  -0.0110805  4
5800  76830  0.309162  0.168247  0.654073  0.815536  -0.0495894  4
5900  76990  0.313895  0.160415  0.659176  0.825094  -0.0268313  4
6000  77769  0.324089  0.165511  0.655598  0.826405  -0.0527059  4
6100  78423  0.324478  0.159501  0.655978  0.825338  -0.055033  4
6200  77494  0.311576  0.157167  0.648547  0.801975  -0.0608286  4
6300  77223  0.31408  0.158816  0.644556  0.798176  -0.0679908  4
6400  77138  0.309374  0.159408  0.651957  0.810285  -0.032245  4
6500  77856  0.306636  0.163678  0.65294  0.805938  -0.0655676  4
6600  78533  0.321545  0.160757  0.655714  0.817744  -0.027847  4
6700  78175  0.311426  0.157936  0.659906  0.828143  -0.0696976  4
6800  76942  0.318803  0.171188  0.663065  0.831205  -0.131034  4
6900  78530  0.312627  0.173957  0.665059  0.831483  -0.0641836  4
7000  76918  0.314069  0.169224  0.666106  0.830748  -0.0309236  4
7100  78150  0.317285  0.16826  0.671923  0.836129  -0.0227073  4
7200  78375  0.313556  0.165283  0.668385  0.828552  -0.0123665  4
7300  77566  0.314381  0.159817  0.66784  0.827888  -0.0301668  4
7400  77435  0.318547  0.157033  0.670137  0.829192  -0.0352307  4
7500  77535  0.305251  0.158453  0.669574  0.831377  0.0738832  4
7600  77179  0.310691  0.158152  0.673898  0.835508  0.117434  4
7700  77814  0.310116  0.151978  0.673361  0.833082  0.119855  4
7800  77476  0.305342  0.160947  0.672156  0.827522  0.188302  4
7900  79049  0.317146  0.159475  0.669271  0.826611  0.220675  4
8000  77846  0.311982  0.162643  0.668758  0.818666  0.264955  4
8100  78402  0.3157  0.167189  0.674457  0.831428  0.240998  4
8200  77211  0.305191  0.167511  0.67213  0.82457  0.257688  4
8300  78344  0.315874  0.172834  0.67383  0.830063  0.248318  4
8400  77405  0.316534  0.163212  0.668549  0.81444  0.252745  4
8500  77567  0.306626  0.163929  0.665117  0.80629  0.247918  4
8600  77971  0.316478  0.168196  0.668678  0.811054  0.25385  4
8700  77398  0.305024  0.164506  0.666652  0.80965  0.178495  4
8800  78205  0.310817  0.171842  0.67284  0.825408  0.15242  4
8900  77388  0.310862  0.174195  0.67117  0.821698  0.174288  4
9000  77832  0.306843  0.179383  0.676748  0.835529  0.155693  4
9100  77994  0.319857  0.167922  0.670638  0.816495  0.159303  4
9200  76786  0.313004  0.167738  0.673022  0.823794  0.171859  4
9300  77625  0.303052  0.167674  0.676483  0.836332  0.122679  4
9400  78059  0.315478  0.171552  0.678312  0.837071  0.120012  4
9500  77791  0.315178  0.168144  0.676825  0.835474  0.0850527  4
9600  78245  0.31543  0.165435  0.678817  0.836653  0.0986978  4
9700  78440  0.318345  0.166284  0.678161  0.833587  0.0796129  4
9800  77944  0.311653  0.162609  0.677776  0.83983  0.0451944  4
9900  77719  0.310307  0.164456  0.68093  0.847946  0.0143599  4
