t meta_n emi  mean_info  tr1  tr2  tr3  strategy
0  103720  0.098864  0.493541  0.899971  0.000777056  5.95199e-05  4
100  74266  0.183036  0.413501  0.615374  0.0914817  0.00273822  4
200  76726  0.294006  0.271392  0.468975  0.139218  -0.0242343  4
300  76685  0.322066  0.177897  0.443832  0.190447  -0.00593578  4
400  76358  0.341881  0.12688  0.43164  0.22858  0.0246458  4
500  75953  0.356147  0.107913  0.429511  0.261099  0.0361997  4
600  76433  0.347694  0.0998776  0.432476  0.276029  0.0269706  4
700  76421  0.359083  0.0940706  0.429068  0.290964  0.0355584  4
800  76086  0.360826  0.100682  0.429354  0.285147  -0.0069982  4
900  76382  0.354844  0.100983  0.432926  0.284754  -0.0265462  4
1000  77415  0.358301  0.0919834  0.429405  0.290359  -0.0815636  4
1100  76837  0.356484  0.0816063  0.431427  0.304137  -0.0374708  4
1200  76142  0.354082  0.0776249  0.434733  0.315301  -0.0919141  4
1300  75234  0.354946  0.0834928  0.441268  0.343158  -0.0984517  4
1400  76113  0.356689  0.0903688  0.451888  0.368282  -0.0661797  4
1500  76445  0.356657  0.0857027  0.458145  0.379918  -0.0768685  4
1600  76149  0.356638  0.0862704  0.457084  0.377924  -0.104523  4
1700  77014  0.358758  0.0834042  0.454721  0.382068  -0.107101  4
1800  76125  0.361326  0.0843238  0.452214  0.360636  -0.0857959  4
1900  76146  0.345953  0.0812146  0.447225  0.342537  -0.115423  4
2000  76902  0.361048  0.090626  0.450931  0.360425  -0.135792  4
2100  76203  0.349696  0.0836637  0.457415  0.363343  -0.143566  4
2200  77024  0.348903  0.0723738  0.457902  0.379358  -0.142291  4
2300  77712  0.35725  0.0702656  0.455884  0.388845  -0.178376  4
2400  75886  0.351998  0.0614771  0.445368  0.367452  -0.151231  4
2500  76020  0.358874  0.0690952  0.440414  0.361332  -0.140638  4
2600  77593  0.356072  0.0681735  0.446653  0.353342  -0.126867  4
2700  78079  0.359063  0.0678682  0.44403  0.343416  -0.0788614  4
2800  76175  0.349167  0.066264  0.445141  0.34261  -0.112804  4
2900  77702  0.356692  0.0730309  0.448185  0.346285  -0.137502  4
3000  76001  0.351681  0.0762852  0.449838  0.352434  -0.125528  4
3100  78449  0.347809  0.0697437  0.44841  0.327254  -0.108819  4
3200  75307  0.342411  0.0732252  0.447236  0.323336  -0.125593  4
3300  77351  0.339147  0.0708227  0.44946  0.327902  -0.119751  4
3400  76433  0.354589  0.0694046  0.441848  0.326415  -0.165707  4
3500  76651  0.356899  0.0698109  0.442757  0.339224  -0.148967  4
3600  77051  0.350512  0.0692847  0.443719  0.346563  -0.109682  4
3700  76659  0.358448  0.0642385  0.441845  0.354049  -0.150236  4
3800  76914  0.357934  0.0625386  0.440451  0.349764  -0.150109  4
3900  76561  0.359225  0.0544894  0.439878  0.341795  -0.138392  4
4000  75797  0.361007  0.0510614  0.432182  0.340151  -0.124417  4
4100  76693  0.350435  0.060029  0.439733  0.350179  -0.167619  4
4200  77295  0.357004  0.0585985  0.44083  0.351086  -0.138558  4
4300  76550  0.35004  0.048626  0.436508  0.335573  -0.182833  4
4400  77010  0.353099  0.0512865  0.442526  0.347757  -0.158088  4
4500  77052  0.348918  0.0475191  0.442547  0.3699  -0.169635  4
4600  76642  0.350146  0.0499994  0.437262  0.34256  -0.169489  4
4700  76844  0.355468  0.0503371  0.440235  0.343302  -0.16463  4
4800  75953  0.345269  0.0507393  0.442489  0.348953  -0.150663  4
4900  76607  0.344483  0.0502003  0.442725  0.347235  -0.141266  4
5000  76801  0.349136  0.0480329  0.447469  0.361202  -0.150659  4
5100  77184  0.349943  0.0540714  0.452543  0.376135  -0.192059  4
5200  76860  0.34884  0.0544719  0.451306  0.370926  -0.186454  4
5300  76667  0.346717  0.0612168  0.457569  0.386142  -0.0953842  4
5400  76149  0.348574  0.0590132  0.459488  0.39912  -0.120877  4
5500  77340  0.356101  0.0544512  0.456534  0.390476  -0.124498  4
5600  76977  0.352131  0.0631703  0.457277  0.388681  -0.0907415  4
5700  76811  0.346911  0.0592229  0.459497  0.396951  -0.0914884  4
5800  76672  0.337739  0.051594  0.45866  0.393519  -0.0707368  4
5900  77687  0.352438  0.0575943  0.462516  0.409306  0.018316  4
6000  76267  0.348325  0.0588862  0.46649  0.419866  0.0368664  4
6100  77215  0.348417  0.0631305  0.468642  0.429304  0.0613068  4
6200  77651  0.343317  0.0648692  0.470129  0.421022  0.151466  4
6300  77330  0.353359  0.0644891  0.470504  0.428128  0.235888  4
6400  76584  0.337314  0.0696681  0.484729  0.442896  0.263743  4
6500  76463  0.343663  0.0756376  0.492087  0.465775  0.259747  4
6600  77889  0.341375  0.0719196  0.48805  0.45452  0.29732  4
6700  77731  0.343947  0.0801775  0.498528  0.47798  0.400328  4
6800  76187  0.325371  0.0738813  0.49246  0.460387  0.406231  4
6900  76836  0.334691  0.0704654  0.486014  0.433344  0.439567  4
7000  76948  0.346194  0.0762205  0.492313  0.452577  0.470287  4
7100  77045  0.335027  0.0753868  0.495207  0.454501  0.433117  4
7200  77552  0.336962  0.0722084  0.496763  0.455405  0.480937  4
7300  76474  0.334154  0.0708466  0.497296  0.458277  0.490813  4
7400  78124  0.336714  0.0677278  0.498609  0.448832  0.490109  4
7500  76869  0.334523  0.0695636  0.499593  0.44603  0.533409  4
7600  77340  0.329104  0.0674128  0.504111  0.453005  0.618142  4
7700  76984  0.330926  0.0761633  0.513481  0.476547  0.709103  4
7800  77243  0.330524  0.0716183  0.518618  0.495902  0.762635  4
7900  76861  0.331351  0.0720707  0.525551  0.508577  0.68855  4
8000  77569  0.33269  0.0781145  0.529814  0.517724  0.587679  4
8100  77021  0.330969  0.0765883  0.530571  0.521443  0.554538  4
8200  76857  0.328332  0.0791224  0.533992  0.526272  0.534575  4
8300  77827  0.329328  0.0830777  0.541825  0.54156  0.568679  4
8400  77721  0.330138  0.0826527  0.541713  0.543058  0.566436  4
8500  77530  0.327594  0.0845563  0.544975  0.55485  0.655682  4
8600  78280  0.327192  0.081441  0.546299  0.548941  0.707298  4
8700  76868  0.334289  0.0742568  0.543523  0.53967  0.734967  4
8800  76944  0.325599  0.0800811  0.556911  0.568768  0.76525  4
8900  77572  0.334586  0.0860619  0.575585  0.620128  0.837613  4
9000  76676  0.332623  0.0791844  0.573208  0.624429  0.930763  4
9100  77750  0.333049  0.0808361  0.584015  0.658067  0.943859  4
9200  77483  0.342641  0.0799373  0.586765  0.664527  1.02298  4
9300  77115  0.335329  0.0867863  0.598079  0.692199  1.06132  4
9400  77515  0.332681  0.0810868  0.601031  0.697435  1.12936  4
9500  77491  0.332287  0.0788265  0.611906  0.723291  1.19321  4
9600  76819  0.32426  0.0753403  0.62356  0.749934  1.2981  4
9700  77337  0.334338  0.0717047  0.629042  0.763064  1.30484  4
9800  77106  0.339398  0.070496  0.640289  0.789662  1.36903  4
9900  77215  0.33351  0.0670591  0.647578  0.810255  1.46439  4
