t meta_n emi  mean_info  tr1  tr2  tr3  strategy
0  103043  0.099152  0.495958  0.899974  0.000796086  0.000106504  4
100  75750  0.185887  0.467371  0.627828  0.0893368  -0.0203746  4
200  77647  0.276647  0.364811  0.504068  0.160002  -0.0272905  4
300  76151  0.299186  0.296929  0.48463  0.223253  -0.0121149  4
400  77662  0.316644  0.239322  0.479092  0.265132  0.0101276  4
500  76733  0.32709  0.222178  0.477144  0.314518  0.050181  4
600  77792  0.331268  0.21822  0.484024  0.344089  0.0515125  4
700  77739  0.334175  0.205581  0.480616  0.374166  0.0671031  4
800  77485  0.335472  0.190702  0.489599  0.407935  0.0778524  4
900  77294  0.333697  0.189117  0.49549  0.428453  0.0663194  4
1000  77877  0.330013  0.190149  0.506379  0.447276  0.0380066  4
1100  78043  0.345301  0.187047  0.514625  0.47861  0.100244  4
1200  76620  0.32689  0.191145  0.525529  0.499731  0.151656  4
1300  77799  0.321994  0.200185  0.544781  0.534461  0.200877  4
1400  77218  0.324277  0.201876  0.550383  0.548791  0.185345  4
1500  78148  0.328425  0.204055  0.550995  0.553939  0.194919  4
1600  78147  0.329331  0.204682  0.5543  0.559831  0.169656  4
1700  77592  0.333427  0.202484  0.561559  0.594254  0.204473  4
1800  77853  0.325466  0.196337  0.567939  0.601732  0.129255  4
1900  76537  0.314647  0.207583  0.573097  0.605469  0.148857  4
2000  77905  0.328814  0.21238  0.577862  0.637317  0.134769  4
2100  77709  0.320568  0.207653  0.583359  0.632149  0.129981  4
2200  77573  0.330581  0.201564  0.58318  0.655286  0.113067  4
2300  77562  0.3267  0.198953  0.592002  0.668432  0.151278  4
2400  77239  0.324894  0.206646  0.602557  0.689165  0.17625  4
2500  78156  0.319125  0.211295  0.607799  0.699147  0.139256  4
2600  77239  0.312061  0.209844  0.606406  0.690821  0.104357  4
2700  77055  0.301922  0.206984  0.607774  0.687247  0.058333  4
2800  78012  0.321621  0.208298  0.617142  0.708681  0.0498185  4
2900  78247  0.315237  0.21504  0.627161  0.737586  0.0893668  4
3000  76831  0.305262  0.209986  0.634231  0.745054  0.145315  4
3100  77817  0.33028  0.205721  0.640223  0.759512  0.170835  4
3200  77864  0.313197  0.210285  0.640958  0.759916  0.180054  4
3300  77394  0.311142  0.212806  0.652178  0.77809  0.257002  4
3400  76738  0.312883  0.201462  0.641953  0.761542  0.216133  4
3500  78206  0.313447  0.195959  0.651609  0.783665  0.202082  4
3600  77370  0.310637  0.197474  0.659321  0.802682  0.175605  4
3700  78023  0.317776  0.196557  0.658401  0.803873  0.137891  4
3800  77160  0.32041  0.202111  0.656576  0.810951  0.148564  4
3900  78190  0.317843  0.210146  0.666598  0.83223  0.158071  4
4000  78104  0.318582  0.204519  0.669685  0.830078  0.16434  4
4100  77882  0.312928  0.199203  0.673168  0.843242  0.171124  4
4200  78168  0.316544  0.200858  0.673916  0.844289  0.128217  4
4300  78134  0.317245  0.202256  0.672958  0.841625  0.171518  4
4400  77837  0.31841  0.192086  0.669787  0.833535  0.134522  4
4500  77129  0.305938  0.189826  0.674203  0.843889  0.0863993  4
4600  78282  0.312956  0.200001  0.675403  0.842468  0.0819474  4
4700  78524  0.30935  0.194909  0.679136  0.844261  0.117657  4
4800  77931  0.310305  0.200382  0.679311  0.843389  0.0858541  4
4900  77643  0.306745  0.200264  0.678718  0.84883  0.0512351  4
5000  77266  0.30983  0.198055  0.68443  0.869922  0.0955076  4
5100  77796  0.311175  0.192224  0.685056  0.868856  0.0925611  4
5200  78120  0.306473  0.194737  0.683407  0.867599  0.0883163  4
5300  78439  0.31223  0.195304  0.681799  0.86522  0.061704  4
5400  76623  0.30397  0.192923  0.682068  0.86917  0.00177174  4
5500  78873  0.31509  0.193109  0.683767  0.864167  -0.00297714  4
5600  77463  0.308576  0.194069  0.68428  0.858406  -0.0225798  4
5700  78785  0.320194  0.189094  0.680448  0.854635  -0.0594653  4
5800  78693  0.312265  0.195692  0.686097  0.860099  0.0437905  4
5900  78197  0.305055  0.18804  0.683654  0.855464  0.0411093  4
6000  78160  0.308603  0.194659  0.689216  0.86658  0.0508666  4
6100  77851  0.309818  0.206398  0.68922  0.870625  0.0642606  4
6200  78879  0.309468  0.198735  0.692245  0.874629  0.0803351  4
6300  79818  0.303373  0.206561  0.700842  0.890271  0.0291821  4
6400  77862  0.303915  0.197416  0.697035  0.884228  0.0281054  4
6500  77600  0.295987  0.206076  0.706038  0.895454  0.00203803  4
6600  77327  0.308044  0.209433  0.703649  0.896624  0.011442  4
6700  78261  0.311786  0.204081  0.706682  0.9006  -0.000710378  4
6800  78226  0.308185  0.20042  0.70285  0.897453  -0.00889673  4
6900  77463  0.305116  0.201434  0.70187  0.897199  0.00234765  4
7000  78968  0.303849  0.194855  0.704478  0.895882  -0.0138778  4
7100  77914  0.30059  0.197884  0.708737  0.903064  -0.0579137  4
7200  77469  0.300795  0.210186  0.715649  0.918843  0.0176923  4
7300  78214  0.299262  0.204642  0.717004  0.92365  0.0316325  4
7400  78040  0.308167  0.214293  0.718348  0.925645  0.0296535  4
7500  78381  0.305109  0.212666  0.722257  0.933611  0.0503632  4
7600  78520  0.309244  0.210542  0.720915  0.932853  0.037935  4
7700  77997  0.303282  0.207018  0.726284  0.943858  0.0301186  4
7800  78473  0.299078  0.210193  0.731368  0.95224  0.0488796  4
7900  77975  0.305362  0.20586  0.734034  0.955666  0.0980936  4
8000  77776  0.29411  0.205994  0.734094  0.951645  0.139552  4
8100  78091  0.297349  0.209814  0.737424  0.961224  0.196784  4
8200  78819  0.302884  0.201717  0.741795  0.972231  0.162036  4
8300  78020  0.298076  0.197824  0.741334  0.971997  0.199214  4
8400  77717  0.29563  0.194109  0.739954  0.971507  0.222126  4
8500  77999  0.303874  0.192397  0.740097  0.972086  0.208687  4
8600  78595  0.308331  0.197268  0.740472  0.970746  0.229608  4
8700  78271  0.31208  0.201998  0.738819  0.972284  0.251882  4
8800  78020  0.294799  0.196553  0.740324  0.971613  0.311826  4
8900  79063  0.307519  0.193328  0.740157  0.972949  0.287809  4
9000  78762  0.300447  0.189065  0.741281  0.973984  0.290651  4
9100  78201  0.301439  0.188704  0.741527  0.976532  0.277157  4
9200  78409  0.303512  0.191011  0.742545  0.977794  0.24245  4
9300  77975  0.291024  0.196341  0.743355  0.978401  0.168494  4
9400  78258  0.302953  0.191404  0.743961  0.979309  0.17387  4
9500  78370  0.307214  0.18837  0.747238  0.988496  0.163609  4
9600  78296  0.295493  0.196332  0.746993  0.98564  0.0740374  4
9700  78019  0.297459  0.195444  0.746578  0.986729  0.048146  4
9800  77719  0.309712  0.193886  0.746485  0.986765  0.0240848  4
9900  77988  0.299718  0.191572  0.747553  0.986973  0.0394676  4
