t meta_n emi  mean_info  tr1  tr2  tr3  strategy
0  103867  0.09924  0.496719  0.90013  0.000793989  -0.000116856  4
100  76379  0.185851  0.46917  0.61903  0.0820701  -0.00229199  4
200  77518  0.284541  0.367782  0.495709  0.154752  0.00296421  4
300  76545  0.307614  0.286117  0.473906  0.211431  -0.0132625  4
400  77024  0.32312  0.224768  0.46119  0.243221  -0.0276733  4
500  76472  0.327236  0.2129  0.463358  0.272062  -0.0510179  4
600  77224  0.325059  0.203059  0.471496  0.309555  -0.0704227  4
700  75873  0.331679  0.193695  0.470498  0.327875  -0.0597633  4
800  76278  0.325918  0.189844  0.475743  0.338336  -0.0978957  4
900  77615  0.329197  0.175546  0.476757  0.344129  -0.106441  4
1000  77401  0.340344  0.179479  0.477143  0.364334  -0.13768  4
1100  78330  0.338942  0.191017  0.480893  0.376474  -0.151811  4
1200  77334  0.337653  0.188627  0.494694  0.418624  -0.161026  4
1300  77069  0.328901  0.187893  0.503365  0.450328  -0.150177  4
1400  77802  0.33397  0.186257  0.516705  0.477996  -0.114333  4
1500  76370  0.326419  0.18416  0.532034  0.515648  -0.0805192  4
1600  77538  0.318184  0.188754  0.539255  0.52141  -0.11052  4
1700  77626  0.328065  0.195246  0.542575  0.538606  -0.189607  4
1800  78515  0.322183  0.198774  0.559853  0.577794  -0.176429  4
1900  78063  0.328715  0.197116  0.560689  0.582626  -0.206047  4
2000  77455  0.325223  0.200056  0.563402  0.593443  -0.194311  4
2100  77177  0.32391  0.19238  0.56504  0.60367  -0.208673  4
2200  77372  0.318768  0.195526  0.571654  0.606739  -0.250618  4
2300  77880  0.322527  0.18501  0.569251  0.605053  -0.285488  4
2400  78094  0.336775  0.183168  0.563224  0.609185  -0.308476  4
2500  77482  0.32745  0.193066  0.570975  0.621627  -0.317412  4
2600  77153  0.31678  0.194422  0.579609  0.628625  -0.299339  4
2700  78107  0.320572  0.190384  0.578513  0.629914  -0.309254  4
2800  77779  0.322178  0.193304  0.584215  0.634131  -0.304575  4
2900  76490  0.310614  0.187408  0.586111  0.639793  -0.298288  4
3000  77635  0.318904  0.197055  0.599517  0.675661  -0.280107  4
3100  78402  0.315442  0.203134  0.622151  0.717869  -0.309237  4
3200  76406  0.309804  0.207006  0.621989  0.71383  -0.287581  4
3300  78945  0.317303  0.201506  0.615876  0.689137  -0.248626  4
3400  77952  0.313035  0.199454  0.614982  0.692221  -0.217837  4
3500  77940  0.305167  0.202879  0.618031  0.691678  -0.155815  4
3600  77758  0.308129  0.199619  0.624759  0.702912  -0.0934862  4
3700  78077  0.305496  0.20806  0.626681  0.700613  -0.108193  4
3800  77689  0.314025  0.2064  0.628483  0.705827  -0.106707  4
3900  77615  0.307056  0.207267  0.631305  0.705015  -0.135398  4
4000  77784  0.30989  0.209832  0.631673  0.706882  -0.16835  4
4100  78407  0.311178  0.212841  0.652726  0.762062  -0.186181  4
4200  77957  0.308563  0.201934  0.645194  0.750347  -0.165544  4
4300  77520  0.30938  0.200534  0.651812  0.771843  -0.293776  4
4400  76967  0.301119  0.200432  0.655425  0.776887  -0.311242  4
4500  76889  0.297706  0.198447  0.650811  0.764845  -0.429173  4
4600  77478  0.308976  0.197866  0.650707  0.766251  -0.502361  4
4700  77234  0.308003  0.200741  0.656454  0.782692  -0.545285  4
4800  77015  0.311198  0.198749  0.662983  0.793001  -0.553049  4
4900  78074  0.306684  0.196646  0.663917  0.793686  -0.559865  4
5000  77770  0.307104  0.203455  0.673076  0.816913  -0.583163  4
5100  78210  0.314631  0.199531  0.681117  0.838957  -0.636391  4
5200  78656  0.310508  0.195674  0.680386  0.829673  -0.619789  4
5300  77481  0.31654  0.203109  0.684086  0.848793  -0.612045  4
5400  78721  0.309784  0.205607  0.681607  0.843707  -0.67852  4
5500  78150  0.307427  0.205477  0.688947  0.856278  -0.739994  4
5600  78418  0.30513  0.204781  0.692969  0.865953  -0.792387  4
5700  77605  0.309053  0.203187  0.693671  0.871743  -0.856568  4
5800  78178  0.315076  0.199783  0.699696  0.879841  -0.886181  4
5900  77467  0.313788  0.202435  0.700463  0.878685  -0.862803  4
6000  78330  0.302142  0.200783  0.703101  0.88255  -0.896486  4
6100  77651  0.307443  0.206898  0.708592  0.893182  -0.905  4
6200  77834  0.306197  0.208214  0.705299  0.891051  -0.87888  4
6300  78191  0.307267  0.199752  0.703004  0.890599  -0.837117  4
6400  77649  0.321658  0.203468  0.707385  0.907942  -0.778505  4
6500  77430  0.308136  0.200585  0.710154  0.909045  -0.829359  4
6600  77836  0.307429  0.206679  0.713736  0.916  -0.863642  4
6700  76967  0.311195  0.203876  0.712663  0.912036  -0.877043  4
6800  78496  0.324007  0.206954  0.714264  0.915012  -0.865951  4
6900  78061  0.321507  0.206247  0.720102  0.930061  -0.932564  4
7000  79228  0.317454  0.212677  0.726585  0.941131  -1.02493  4
7100  78134  0.309851  0.21558  0.735019  0.959479  -1.05203  4
7200  77822  0.302831  0.210283  0.730445  0.957087  -1.04613  4
7300  77837  0.311398  0.203635  0.733337  0.96665  -1.04172  4
7400  78099  0.310089  0.199056  0.73148  0.960144  -1.02497  4
7500  77840  0.318094  0.195541  0.730771  0.953329  -1.00151  4
7600  78127  0.305681  0.196315  0.732986  0.957366  -0.993208  4
7700  77714  0.315047  0.19836  0.732324  0.956188  -0.917735  4
7800  78198  0.313479  0.1926  0.730969  0.949011  -0.916657  4
7900  78997  0.316542  0.188479  0.729685  0.945194  -0.896142  4
8000  77041  0.299505  0.186251  0.732571  0.952074  -0.855645  4
8100  77589  0.315424  0.194728  0.734022  0.959287  -0.861737  4
8200  78811  0.311844  0.197747  0.736267  0.967815  -0.85592  4
8300  77783  0.30521  0.199626  0.733403  0.95764  -0.800592  4
8400  78598  0.31208  0.208043  0.734643  0.961693  -0.819959  4
8500  78423  0.320052  0.21229  0.735918  0.967041  -0.833921  4
8600  78421  0.306728  0.208326  0.737056  0.965258  -0.860423  4
8700  77909  0.30346  0.205683  0.737707  0.972042  -0.90043  4
8800  78184  0.320824  0.207612  0.737126  0.970145  -0.904544  4
8900  78435  0.314648  0.213681  0.735101  0.966074  -0.89975  4
9000  78204  0.32011  0.200572  0.737473  0.969259  -0.926449  4
9100  77363  0.310372  0.202889  0.739988  0.976554  -0.969989  4
9200  77564  0.305536  0.203056  0.740393  0.973255  -0.970622  4
9300  79024  0.309889  0.206927  0.741447  0.97583  -0.968913  4
9400  77393  0.301712  0.202833  0.739268  0.967398  -0.91159  4
9500  78421  0.307698  0.207046  0.734899  0.958961  -0.870751  4
9600  78482  0.31834  0.205572  0.726861  0.935778  -0.811393  4
9700  78377  0.306224  0.19546  0.727495  0.937547  -0.841034  4
9800  77937  0.299506  0.190757  0.730437  0.944069  -0.804518  4
9900  79233  0.314818  0.192026  0.731879  0.944769  -0.803147  4
