t meta_n emi  mean_info  tr1  tr2  tr3  strategy
0  104180  0.101536  0.495597  0.899997  0.000772766  0.000102914  4
100  76469  0.175166  0.539951  0.634011  0.0881455  0.00307341  4
200  76633  0.278483  0.467757  0.507258  0.147865  -0.00100645  4
300  76773  0.29449  0.367762  0.492904  0.21219  -0.0304083  4
400  78147  0.309122  0.317996  0.487019  0.250807  -0.0606015  4
500  77250  0.321651  0.28919  0.484062  0.296426  -0.0761603  4
600  77494  0.324045  0.267539  0.487055  0.332653  -0.0790487  4
700  77341  0.336215  0.260265  0.495715  0.37147  -0.100056  4
800  77150  0.330749  0.259787  0.506943  0.403499  -0.118715  4
900  77049  0.326586  0.265129  0.518785  0.421191  -0.102476  4
1000  77373  0.318101  0.268624  0.534949  0.46129  -0.087346  4
1100  77370  0.312489  0.277463  0.545955  0.501665  -0.10566  4
1200  77923  0.320973  0.270418  0.559363  0.548918  -0.160928  4
1300  77802  0.319135  0.269909  0.568132  0.562023  -0.120285  4
1400  77087  0.319899  0.272968  0.572239  0.57852  -0.109824  4
1500  78148  0.326676  0.267171  0.574762  0.579708  -0.106992  4
1600  78016  0.317305  0.263428  0.591122  0.603935  -0.114569  4
1700  77053  0.31357  0.25862  0.593102  0.618004  -0.114651  4
1800  78070  0.31726  0.261693  0.604086  0.653911  -0.0862816  4
1900  78700  0.321092  0.25959  0.615112  0.686415  -0.0696948  4
2000  77827  0.308409  0.260107  0.626164  0.704083  -0.0624016  4
2100  77963  0.297676  0.258583  0.632365  0.713721  -0.0628678  4
2200  78031  0.305469  0.253261  0.639918  0.730151  -0.0884513  4
2300  78428  0.31376  0.249527  0.645898  0.754671  -0.0471137  4
2400  77909  0.304333  0.263767  0.657051  0.773398  -0.0277963  4
2500  77976  0.303047  0.28307  0.670072  0.796453  -0.0260382  4
2600  77122  0.300777  0.276568  0.667447  0.789703  -0.0151599  4
2700  77900  0.291976  0.270832  0.682232  0.82007  -0.0155802  4
2800  77712  0.295722  0.253221  0.678448  0.827839  -0.0423979  4
2900  76865  0.297146  0.260242  0.68142  0.831835  -0.0726939  4
3000  78202  0.301277  0.26302  0.6894  0.852021  -0.0687844  4
3100  78766  0.294342  0.266358  0.695651  0.859948  -0.0644855  4
3200  77007  0.293837  0.266937  0.704404  0.876235  -0.0570528  4
3300  77858  0.287228  0.267605  0.704099  0.875494  -0.0514181  4
3400  76989  0.284776  0.263334  0.705644  0.881679  -0.0366263  4
3500  78719  0.300152  0.263287  0.704841  0.885652  -0.00568737  4
3600  78161  0.29934  0.268029  0.705813  0.890783  -0.0602228  4
3700  78125  0.305771  0.257864  0.71057  0.905177  -0.0432453  4
3800  78238  0.294981  0.258297  0.710899  0.91014  -0.0280974  4
3900  78163  0.300234  0.262532  0.712121  0.910423  -0.0578827  4
4000  78680  0.299695  0.255108  0.714764  0.912189  -0.0612989  4
4100  79739  0.299751  0.263144  0.716444  0.912119  -0.0319638  4
4200  77423  0.302558  0.259784  0.724023  0.928298  -0.0613826  4
4300  79876  0.304527  0.256747  0.724742  0.924676  -0.0375637  4
4400  78013  0.290066  0.259112  0.733886  0.939904  -0.0415547  4
4500  77973  0.297994  0.262383  0.732892  0.937784  -0.0319579  4
4600  78917  0.295429  0.262915  0.73392  0.935302  -0.0364042  4
4700  78213  0.299347  0.249201  0.730067  0.931437  -0.0196032  4
4800  78053  0.287744  0.256691  0.732215  0.932695  -0.0208214  4
4900  78611  0.300282  0.259858  0.731333  0.93111  0.0589406  4
5000  77223  0.288803  0.265535  0.736397  0.936935  0.117295  4
5100  78046  0.29447  0.282392  0.741815  0.945523  0.100608  4
5200  77690  0.304915  0.276434  0.742467  0.949597  0.0732493  4
5300  78373  0.291096  0.25971  0.743516  0.950194  0.0881526  4
5400  78313  0.289145  0.253511  0.743321  0.955865  0.0551814  4
5500  77910  0.283759  0.253968  0.740452  0.949385  0.062045  4
5600  77955  0.292349  0.262106  0.742485  0.947552  0.0486383  4
5700  78358  0.286132  0.2586  0.749084  0.957246  0.0202565  4
5800  77966  0.278326  0.252272  0.747415  0.952221  0.0432996  4
5900  78214  0.282791  0.254144  0.751082  0.959376  0.0150005  4
6000  78711  0.298731  0.254782  0.755679  0.964533  0.0460761  4
6100  78229  0.293093  0.262362  0.754599  0.960768  0.119435  4
6200  77833  0.2869  0.258154  0.753341  0.964122  0.0899139  4
6300  78710  0.296886  0.256053  0.754912  0.970027  0.0863335  4
6400  78739  0.290154  0.252025  0.754856  0.969811  0.102364  4
6500  79028  0.282506  0.259278  0.758554  0.9739  0.115687  4
6600  78315  0.28432  0.258408  0.757479  0.976288  0.119378  4
6700  78671  0.297998  0.256806  0.757162  0.975785  0.0896731  4
6800  77773  0.282426  0.256228  0.75834  0.978004  0.0247252  4
6900  77841  0.281264  0.259245  0.760427  0.975757  0.0155024  4
7000  79186  0.29046  0.255088  0.757532  0.973708  -0.00498715  4
7100  79217  0.30354  0.255575  0.756428  0.973469  0.0308911  4
7200  78107  0.293339  0.257491  0.754862  0.966384  0.0380573  4
7300  78577  0.299849  0.257022  0.75748  0.969968  -0.000699463  4
7400  77614  0.280994  0.255048  0.758462  0.972035  0.017711  4
7500  78528  0.296319  0.260415  0.757676  0.971941  0.0562765  4
7600  78566  0.296074  0.26018  0.754989  0.960561  0.0743493  4
7700  78756  0.29654  0.259491  0.757182  0.968858  0.0375329  4
7800  78339  0.291568  0.259713  0.760143  0.973205  0.0244548  4
7900  78556  0.294037  0.256193  0.759618  0.976676  -0.00112858  4
8000  79294  0.29457  0.255874  0.759758  0.975797  -0.00040703  4
8100  78102  0.295548  0.252731  0.762492  0.985471  -0.0221154  4
8200  77736  0.283787  0.253346  0.76367  0.989462  -0.0369396  4
8300  78169  0.285908  0.246182  0.763883  0.990908  -0.0273708  4
8400  77828  0.284761  0.246316  0.764961  0.991625  -0.041147  4
8500  79322  0.294942  0.249695  0.764971  0.99369  -0.081834  4
8600  77586  0.285663  0.231499  0.764189  0.993566  -0.0893211  4
8700  78203  0.295639  0.236299  0.764691  0.993833  -0.129069  4
8800  78169  0.290229  0.239559  0.765688  0.993209  -0.104322  4
8900  78761  0.288565  0.235965  0.764898  0.993478  -0.111757  4
9000  78980  0.293829  0.242242  0.766491  0.993631  -0.102551  4
9100  78737  0.292129  0.248385  0.767208  0.993504  -0.0594134  4
9200  79539  0.289529  0.245354  0.767404  0.993524  -0.0682506  4
9300  79760  0.292678  0.244776  0.767068  0.994482  -0.0450939  4
9400  78980  0.290545  0.251608  0.767197  0.993316  -0.0142562  4
9500  78384  0.27903  0.244926  0.767979  0.99441  -0.0078079  4
9600  77475  0.287465  0.246418  0.766658  0.994489  0.0110923  4
9700  78227  0.302668  0.252055  0.765708  0.996417  -0.0299363  4
9800  78398  0.289692  0.253685  0.765168  0.996326  0.000680411  4
9900  78769  0.294124  0.247054  0.765216  0.996408  -0.00515479  4
