t meta_n emi  mean_info  tr1  tr2  tr3  strategy
0  102798  0.098464  0.496655  0.900087  0.000862137  -5.24311e-05  4
100  75846  0.194199  0.483297  0.600074  0.0911476  0.0072121  4
200  75775  0.278354  0.373628  0.492998  0.166382  0.00322812  4
300  76286  0.297192  0.294789  0.479086  0.200054  0.0254643  4
400  77106  0.319037  0.25652  0.47255  0.241034  0.00703666  4
500  76202  0.318338  0.23071  0.478347  0.291473  0.00483399  4
600  77852  0.326281  0.221113  0.477792  0.316918  0.0328739  4
700  78162  0.336936  0.224555  0.48235  0.347885  0.024249  4
800  77219  0.325794  0.211688  0.500521  0.38488  0.0585013  4
900  76889  0.329576  0.199835  0.498874  0.394798  0.0749876  4
1000  77754  0.325575  0.199383  0.503088  0.405396  0.0834651  4
1100  77768  0.329889  0.195422  0.507062  0.426468  0.0413547  4
1200  78075  0.340222  0.200886  0.506807  0.445787  0.0559047  4
1300  77021  0.322195  0.207405  0.516571  0.457493  0.061268  4
1400  76728  0.33449  0.208982  0.523226  0.463186  0.0454878  4
1500  76929  0.331948  0.213186  0.538184  0.502064  0.0559457  4
1600  76753  0.327629  0.223361  0.556921  0.545607  0.0376952  4
1700  77566  0.331423  0.232635  0.565502  0.57162  0.0110902  4
1800  77412  0.320947  0.226782  0.567156  0.57578  -0.00187294  4
1900  78028  0.310106  0.227099  0.580944  0.602913  -0.0502477  4
2000  78065  0.322569  0.21922  0.57878  0.624066  -0.018444  4
2100  76394  0.327895  0.220216  0.578013  0.625323  -0.0421683  4
2200  77626  0.317309  0.21418  0.583573  0.635548  -0.0331443  4
2300  78109  0.327941  0.207822  0.582652  0.639662  -0.0742807  4
2400  77214  0.319902  0.204636  0.584762  0.660556  -0.113882  4
2500  76845  0.322747  0.201151  0.590173  0.662616  -0.11383  4
2600  77497  0.312564  0.209797  0.603777  0.687347  -0.0863889  4
2700  77147  0.323233  0.211074  0.617711  0.721664  -0.0748885  4
2800  76319  0.313739  0.215574  0.628819  0.741092  -0.0440883  4
2900  78903  0.310653  0.218407  0.63765  0.75472  -0.0269532  4
3000  77474  0.302197  0.222716  0.64907  0.77604  -0.0169174  4
3100  78843  0.310267  0.220437  0.65593  0.778607  0.00489457  4
3200  76830  0.30629  0.212761  0.653548  0.78846  -0.0247718  4
3300  78724  0.317553  0.209825  0.657591  0.805355  -0.0486064  4
3400  77189  0.304069  0.211355  0.657027  0.8056  -0.125101  4
3500  78194  0.302807  0.205432  0.663666  0.815205  -0.10417  4
3600  77527  0.301673  0.211823  0.673689  0.825373  -0.134689  4
3700  77644  0.298961  0.21693  0.679749  0.843989  -0.104542  4
3800  77666  0.295974  0.221489  0.683137  0.849737  -0.077674  4
3900  77394  0.295155  0.217974  0.680948  0.846778  -0.065178  4
4000  78454  0.300074  0.216097  0.676146  0.837052  -0.0427788  4
4100  76189  0.296206  0.216472  0.681923  0.850316  -0.0098324  4
4200  77282  0.2982  0.214027  0.683109  0.859227  -0.00830288  4
4300  78261  0.314665  0.208462  0.687234  0.869994  -0.0225883  4
4400  78125  0.312737  0.218639  0.691494  0.87744  -0.060924  4
4500  78257  0.306914  0.219015  0.692618  0.87261  -0.090749  4
4600  78127  0.295772  0.214587  0.689855  0.864038  -0.107312  4
4700  77476  0.304721  0.22023  0.69574  0.875099  -0.122692  4
4800  78497  0.302509  0.228846  0.698078  0.884481  -0.127904  4
4900  78423  0.296251  0.228372  0.70792  0.899761  -0.18734  4
5000  78470  0.299865  0.22056  0.708534  0.901331  -0.129811  4
5100  77074  0.297027  0.2164  0.704439  0.893699  -0.0935768  4
5200  78418  0.303833  0.229501  0.706264  0.896824  -0.0993246  4
5300  77572  0.298162  0.222146  0.705055  0.893284  -0.128291  4
5400  77723  0.297863  0.218661  0.704571  0.888634  -0.140401  4
5500  77141  0.299148  0.223949  0.709535  0.902453  -0.213998  4
5600  78413  0.302031  0.228933  0.71483  0.912996  -0.278513  4
5700  78019  0.302391  0.231239  0.716744  0.923761  -0.279017  4
5800  78202  0.301352  0.222213  0.717207  0.927225  -0.253218  4
5900  78008  0.30612  0.218165  0.723525  0.940977  -0.257189  4
6000  78160  0.30295  0.211819  0.720896  0.937661  -0.275402  4
6100  78401  0.299901  0.223539  0.728131  0.94593  -0.285824  4
6200  78615  0.31389  0.218081  0.727071  0.945711  -0.284349  4
6300  77669  0.300782  0.216997  0.729769  0.9476  -0.300771  4
6400  78992  0.300354  0.219255  0.726736  0.941812  -0.252767  4
6500  77804  0.297207  0.211372  0.724529  0.938566  -0.246295  4
6600  78686  0.312163  0.210098  0.724815  0.933694  -0.244204  4
6700  78182  0.293927  0.214224  0.728463  0.946157  -0.20914  4
6800  78107  0.301326  0.215966  0.726443  0.944453  -0.163724  4
6900  78603  0.301979  0.214585  0.727506  0.946542  -0.185565  4
7000  77823  0.303141  0.2126  0.727896  0.945878  -0.200851  4
7100  77705  0.304011  0.214926  0.728923  0.941664  -0.226858  4
7200  77916  0.297031  0.209876  0.734919  0.95339  -0.196498  4
7300  78602  0.301417  0.208248  0.730104  0.937171  -0.179987  4
7400  77851  0.30042  0.20684  0.730725  0.942491  -0.215369  4
7500  78226  0.305109  0.213864  0.73305  0.948795  -0.168116  4
7600  78770  0.300635  0.214201  0.734963  0.957252  -0.175973  4
7700  78349  0.305244  0.221174  0.736341  0.961484  -0.159927  4
7800  78129  0.299004  0.226653  0.738253  0.96206  -0.0652764  4
7900  78031  0.300531  0.213437  0.739199  0.964779  7.75906e-05  4
8000  78629  0.303648  0.217353  0.736613  0.960524  -0.0142728  4
8100  77754  0.307529  0.201603  0.73155  0.953369  -0.0110612  4
8200  78162  0.306464  0.203664  0.733625  0.956901  0.0524883  4
8300  79321  0.315833  0.202348  0.735303  0.96344  0.0264702  4
8400  77900  0.316493  0.198798  0.737011  0.968978  -0.0107363  4
8500  77445  0.304668  0.201806  0.736128  0.968125  -0.0511245  4
8600  78354  0.304379  0.214892  0.739498  0.979831  -0.0218122  4
8700  78228  0.30632  0.21218  0.741519  0.980656  -0.0270862  4
8800  77961  0.307052  0.212689  0.740453  0.980783  -0.033331  4
8900  79032  0.30371  0.207207  0.743827  0.984811  -0.0547974  4
9000  77335  0.303393  0.207685  0.743462  0.983417  -0.0551299  4
9100  78489  0.297209  0.204331  0.744103  0.985163  -0.0218192  4
9200  78616  0.304941  0.214925  0.744265  0.986559  0.0162556  4
9300  78405  0.306955  0.211665  0.744866  0.985804  -0.00370551  4
9400  78213  0.309986  0.209721  0.746247  0.989944  -0.0369783  4
9500  78974  0.314269  0.210294  0.747578  0.992864  0.000207328  4
9600  78424  0.305613  0.206226  0.74829  0.99587  -0.00570515  4
9700  77371  0.303618  0.208046  0.749663  0.996774  0.0173393  4
9800  78323  0.312015  0.200528  0.747534  0.997084  0.00562064  4
9900  78409  0.314503  0.202342  0.747798  0.995945  0.00960067  4
