t meta_n emi  mean_info  tr1  tr2  tr3  strategy
0  104432  0.101368  0.491177  0.900049  0.000790305  -0.000145199  4
100  75314  0.168236  0.295006  0.620609  0.0795605  -0.00543742  4
200  76103  0.278529  0.186377  0.472905  0.151071  0.00675809  4
300  76401  0.304289  0.124097  0.450533  0.198887  0.0144836  4
400  76927  0.337545  0.0976114  0.430619  0.220848  0.0408238  4
500  76076  0.345692  0.0850136  0.42758  0.252506  0.0528086  4
600  77161  0.36452  0.0792184  0.42484  0.287801  0.0682764  4
700  77288  0.368672  0.0801423  0.425542  0.305577  0.0859694  4
800  76828  0.353419  0.0733689  0.434281  0.329345  0.0812335  4
900  77164  0.361444  0.0788785  0.438348  0.355761  0.11315  4
1000  76542  0.364498  0.0636097  0.435016  0.362575  0.0994684  4
1100  76988  0.364577  0.0650084  0.442866  0.387361  0.0934423  4
1200  76197  0.359484  0.0655332  0.443276  0.390925  0.102529  4
1300  77199  0.370002  0.0631286  0.446579  0.409168  0.0886707  4
1400  76452  0.366615  0.0619727  0.446622  0.411736  0.0944617  4
1500  77024  0.364718  0.0585198  0.443267  0.40038  0.134387  4
1600  76501  0.367611  0.0618457  0.436885  0.382599  0.161978  4
1700  76289  0.361877  0.0543789  0.433938  0.35528  0.120687  4
1800  76166  0.36621  0.0546899  0.436118  0.366648  0.114192  4
1900  76731  0.367514  0.0559941  0.442684  0.376891  0.133609  4
2000  76699  0.361879  0.0569963  0.440398  0.374191  0.169278  4
2100  76316  0.362933  0.0544937  0.438681  0.373396  0.206919  4
2200  77218  0.364013  0.0497281  0.444005  0.384749  0.242658  4
2300  76116  0.362943  0.0510004  0.450006  0.412178  0.181258  4
2400  76153  0.362444  0.047206  0.448896  0.40474  0.207224  4
2500  76368  0.360812  0.0509396  0.449886  0.405115  0.18148  4
2600  76308  0.354102  0.0496085  0.45568  0.400733  0.173919  4
2700  76143  0.357633  0.0432219  0.454781  0.407651  0.277717  4
2800  76444  0.351795  0.0479119  0.457918  0.404118  0.222683  4
2900  76390  0.358458  0.045132  0.446183  0.370669  0.183862  4
3000  76434  0.357002  0.0423974  0.443962  0.368288  0.24779  4
3100  76108  0.355024  0.0339516  0.439884  0.353876  0.189025  4
3200  76553  0.357176  0.0393181  0.440905  0.356853  0.142047  4
3300  76668  0.359435  0.0373908  0.434961  0.341838  0.133099  4
3400  77140  0.354521  0.0328432  0.429912  0.327389  0.12994  4
3500  76688  0.35243  0.0335892  0.424061  0.310452  0.143298  4
3600  76381  0.360501  0.0353391  0.421363  0.306017  0.169649  4
3700  76496  0.365455  0.0369857  0.41718  0.297142  0.216476  4
3800  77707  0.364454  0.037713  0.416126  0.28616  0.166828  4
3900  77731  0.357763  0.0317721  0.412628  0.278006  0.126084  4
4000  77187  0.355706  0.0311316  0.412005  0.263925  0.0563823  4
4100  77342  0.351276  0.0267789  0.417276  0.285584  0.00208277  4
4200  76820  0.358456  0.0328848  0.419634  0.295048  -0.0298067  4
4300  77859  0.36026  0.0276778  0.413912  0.278252  -0.0809872  4
4400  76999  0.355739  0.023087  0.406292  0.254523  -0.127651  4
4500  76400  0.35211  0.0217414  0.406568  0.250617  -0.122814  4
4600  76009  0.349914  0.0213278  0.40646  0.263994  -0.163404  4
4700  75814  0.347989  0.0200099  0.406568  0.252122  -0.120948  4
4800  77677  0.355818  0.0223156  0.404944  0.253781  -0.102798  4
4900  77213  0.351991  0.0190698  0.408829  0.250505  -0.103223  4
5000  77066  0.351762  0.0179754  0.401379  0.236394  -0.162157  4
5100  76363  0.362459  0.0168581  0.398796  0.240864  -0.120534  4
5200  77026  0.35171  0.01483  0.394426  0.226637  -0.0945184  4
5300  76900  0.359721  0.0148784  0.394508  0.22836  -0.105682  4
5400  76171  0.3564  0.0137284  0.39159  0.216019  -0.172939  4
5500  76830  0.350895  0.0155178  0.392252  0.206567  -0.151542  4
5600  76497  0.352373  0.0180837  0.38961  0.20787  -0.130753  4
5700  77526  0.361315  0.0150227  0.385548  0.205628  -0.121459  4
5800  76730  0.360789  0.012833  0.383824  0.196457  -0.162895  4
5900  75805  0.364358  0.0144434  0.378523  0.196798  -0.184796  4
6000  76335  0.36948  0.0130502  0.37501  0.185551  -0.135384  4
6100  76791  0.361211  0.0126267  0.375561  0.185437  -0.100733  4
6200  76578  0.361469  0.010987  0.375724  0.175582  -0.154232  4
6300  76680  0.368007  0.0117229  0.373455  0.163718  -0.119399  4
6400  76673  0.35706  0.00987095  0.376264  0.165548  -0.117498  4
6500  75608  0.356334  0.0107403  0.375498  0.170705  -0.157725  4
6600  77102  0.356909  0.00953033  0.374517  0.159902  -0.191972  4
6700  77096  0.354047  0.00973018  0.372649  0.146021  -0.141051  4
6800  76430  0.358766  0.00755207  0.373788  0.144967  -0.144039  4
6900  76948  0.355089  0.00821373  0.376609  0.148627  -0.153189  4
7000  76954  0.353006  0.00614412  0.377634  0.155345  -0.140071  4
7100  76880  0.351057  0.00672039  0.376495  0.152177  -0.125467  4
7200  76985  0.355642  0.00601874  0.375305  0.152352  -0.123095  4
7300  77020  0.354007  0.00834814  0.376908  0.150781  -0.088104  4
7400  77150  0.354606  0.00922778  0.377022  0.149465  -0.100276  4
7500  75900  0.351917  0.0101088  0.375749  0.143361  -0.108815  4
7600  76569  0.350462  0.00884658  0.374117  0.149295  -0.122957  4
7700  77108  0.356555  0.00737824  0.373294  0.143807  -0.204425  4
7800  76929  0.353329  0.00791385  0.373144  0.143902  -0.214156  4
7900  77462  0.357219  0.00546439  0.374568  0.152824  -0.250747  4
8000  75902  0.349715  0.00605142  0.374864  0.156963  -0.272542  4
8100  77633  0.360747  0.00555846  0.373817  0.150437  -0.287734  4
8200  76337  0.346506  0.00530306  0.374743  0.142258  -0.231044  4
8300  76924  0.360084  0.00660981  0.374703  0.141416  -0.195082  4
8400  76977  0.353007  0.00715166  0.37287  0.138105  -0.189431  4
8500  76668  0.360361  0.00565041  0.372859  0.143332  -0.188757  4
8600  76193  0.356093  0.00493402  0.372441  0.141659  -0.183286  4
8700  78013  0.354788  0.00606088  0.373354  0.151642  -0.166423  4
8800  77090  0.363621  0.00495684  0.372135  0.150504  -0.182556  4
8900  77406  0.359528  0.00453675  0.371082  0.145255  -0.191843  4
9000  76649  0.358627  0.00427334  0.370979  0.143833  -0.125393  4
9100  76805  0.358481  0.00347  0.371116  0.145081  -0.139731  4
9200  77171  0.350064  0.0042687  0.37432  0.150086  -0.111285  4
9300  76414  0.347092  0.00640184  0.375521  0.157223  -0.12322  4
9400  77799  0.355406  0.00521116  0.375608  0.157119  -0.157057  4
9500  76105  0.355189  0.00547516  0.374109  0.160378  -0.209308  4
9600  75686  0.356131  0.00398308  0.377772  0.177388  -0.224544  4
9700  75937  0.354728  0.00313235  0.379828  0.18967  -0.200631  4
9800  75786  0.346055  0.00401937  0.380595  0.186122  -0.221515  4
9900  76529  0.355336  0.00362692  0.381836  0.18872  -0.21914  4
