t meta_n emi  mean_info  tr1  tr2  tr3  strategy
0  105170  0.099384  0.4988  0.900018  0.000840416  -0.00014197  4
100  79234  0.187214  0.737321  0.661103  0.0787941  -0.015392  4
200  79678  0.263876  0.77593  0.567754  0.128258  -0.00240659  4
300  80299  0.280356  0.787364  0.55914  0.172488  0.0187576  4
400  79877  0.275988  0.78054  0.572315  0.2044  0.022819  4
500  79241  0.266676  0.789929  0.581539  0.2399  0.00465955  4
600  79844  0.27678  0.78215  0.579845  0.258085  0.00120006  4
700  80856  0.278332  0.789938  0.583765  0.280236  0.00587959  4
800  79972  0.270641  0.767583  0.589103  0.303219  0.0203259  4
900  79227  0.277651  0.782347  0.588666  0.317123  0.0128963  4
1000  78858  0.265409  0.775365  0.596148  0.327074  0.0195295  4
1100  80250  0.26974  0.783203  0.599441  0.323389  0.0139104  4
1200  79346  0.26087  0.777985  0.588945  0.310203  -0.0113708  4
1300  79137  0.268933  0.785194  0.596057  0.309118  0.00630844  4
1400  79746  0.266278  0.779996  0.592742  0.307185  0.0711712  4
1500  80975  0.27337  0.779649  0.592123  0.309178  0.0920915  4
1600  80827  0.269251  0.782903  0.593758  0.299399  0.11141  4
1700  80763  0.270274  0.785747  0.594532  0.316329  0.0960718  4
1800  79640  0.261551  0.782972  0.594795  0.304298  0.121831  4
1900  80031  0.274849  0.782356  0.586405  0.294254  0.103802  4
2000  80290  0.27734  0.766911  0.583273  0.29891  0.124908  4
2100  80765  0.258768  0.767637  0.592815  0.302052  0.0665239  4
2200  81027  0.261096  0.761674  0.596296  0.302542  0.074372  4
2300  79829  0.260945  0.768665  0.598721  0.306326  0.101367  4
2400  80793  0.261296  0.785671  0.598174  0.294517  0.0694405  4
2500  80867  0.255051  0.791182  0.594179  0.286  0.0904635  4
2600  79760  0.26358  0.786034  0.59388  0.286089  0.112387  4
2700  80422  0.250494  0.797227  0.595991  0.281541  0.0830245  4
2800  81152  0.262987  0.793646  0.595169  0.28673  0.0849449  4
2900  80622  0.257429  0.796461  0.596065  0.289838  0.0897134  4
3000  79654  0.262078  0.797087  0.592171  0.291697  0.132465  4
3100  80698  0.260912  0.808145  0.591628  0.283406  0.114087  4
3200  80524  0.25937  0.803065  0.596368  0.278381  0.083317  4
3300  80224  0.258411  0.812238  0.597733  0.293518  0.13059  4
3400  79790  0.257613  0.811905  0.599403  0.295807  0.0798769  4
3500  79979  0.258655  0.804422  0.600761  0.300192  0.0421629  4
3600  80941  0.260967  0.804022  0.59868  0.302615  0.0224295  4
3700  80345  0.259498  0.800222  0.594548  0.290581  0.0305593  4
3800  80650  0.255488  0.803799  0.594199  0.27997  0.00856355  4
3900  80270  0.254254  0.793575  0.590857  0.259864  -0.0378192  4
4000  80603  0.255582  0.797376  0.590905  0.270011  -0.0497131  4
4100  80768  0.255102  0.80463  0.588111  0.264589  -0.12119  4
4200  80620  0.259602  0.799748  0.586073  0.261125  -0.138252  4
4300  80664  0.258318  0.787202  0.585102  0.262067  -0.109161  4
4400  80457  0.258009  0.79525  0.582993  0.246232  -0.16517  4
4500  79997  0.260328  0.808887  0.586002  0.249322  -0.18759  4
4600  80883  0.256244  0.799116  0.583618  0.258772  -0.214472  4
4700  80156  0.261436  0.809787  0.583609  0.259925  -0.220192  4
4800  80350  0.254476  0.804615  0.583298  0.24816  -0.20762  4
4900  80519  0.257351  0.813711  0.583362  0.231283  -0.232929  4
5000  80945  0.256369  0.804649  0.579082  0.229563  -0.269912  4
5100  80121  0.256719  0.79995  0.580206  0.234966  -0.272079  4
5200  80756  0.251453  0.792501  0.586891  0.251466  -0.256619  4
5300  81519  0.252751  0.782341  0.588324  0.258967  -0.235656  4
5400  80421  0.246763  0.78005  0.588851  0.253283  -0.190091  4
5500  81017  0.253548  0.777729  0.58417  0.245607  -0.197619  4
5600  81769  0.253634  0.775204  0.584177  0.23993  -0.195892  4
5700  80818  0.253583  0.773535  0.583042  0.239285  -0.199081  4
5800  81597  0.255097  0.773757  0.583279  0.235364  -0.18935  4
5900  81070  0.251255  0.775122  0.585115  0.245123  -0.137844  4
6000  80627  0.249218  0.77139  0.585716  0.240151  -0.115865  4
6100  79433  0.241594  0.761172  0.584311  0.247309  -0.104072  4
6200  80835  0.243976  0.754041  0.583824  0.246152  -0.121886  4
6300  80385  0.236996  0.752608  0.586855  0.256032  -0.0450478  4
6400  80435  0.25421  0.756424  0.586775  0.249836  -0.0652353  4
6500  80837  0.257292  0.755808  0.584474  0.256515  -0.0463746  4
6600  80938  0.249929  0.7517  0.583768  0.254121  -0.0773533  4
6700  80978  0.258721  0.749974  0.585733  0.265468  -0.0776189  4
6800  80391  0.252787  0.750865  0.585166  0.265337  -0.0436861  4
6900  80799  0.25274  0.739554  0.588279  0.276036  -0.00229009  4
7000  80606  0.248887  0.751383  0.59052  0.286057  -0.0174989  4
7100  80832  0.249647  0.726365  0.590347  0.304483  0.0638901  4
7200  79852  0.24587  0.723844  0.583417  0.288524  0.0592208  4
7300  80120  0.244096  0.714821  0.582969  0.289206  0.0781413  4
7400  81233  0.256975  0.71715  0.581878  0.281542  0.0789869  4
7500  81441  0.252539  0.713152  0.580916  0.272177  0.0604579  4
7600  80230  0.24219  0.72051  0.583253  0.277239  0.0109708  4
7700  81795  0.260588  0.716601  0.586987  0.297404  0.0874594  4
7800  81561  0.257187  0.710868  0.590061  0.320699  0.132092  4
7900  81059  0.251324  0.709185  0.592899  0.329218  0.171308  4
8000  79662  0.247233  0.71293  0.59051  0.320219  0.221673  4
8100  79869  0.245244  0.70617  0.594337  0.334583  0.227196  4
8200  80291  0.245854  0.705555  0.593906  0.333085  0.260798  4
8300  80766  0.252997  0.706189  0.594351  0.332531  0.239916  4
8400  80597  0.252746  0.70121  0.594608  0.331586  0.266263  4
8500  80469  0.243637  0.702587  0.595485  0.332653  0.266803  4
8600  80992  0.249637  0.706069  0.595978  0.340738  0.268009  4
8700  81502  0.257034  0.714542  0.593165  0.330736  0.2762  4
8800  80219  0.248694  0.715235  0.593327  0.329359  0.264114  4
8900  80866  0.251051  0.711474  0.594503  0.334065  0.27923  4
9000  81709  0.254539  0.716959  0.591972  0.332947  0.294637  4
9100  81394  0.256063  0.711851  0.591472  0.335125  0.312703  4
9200  80008  0.25142  0.711521  0.594298  0.334702  0.277608  4
9300  80291  0.242614  0.7185  0.593967  0.326134  0.267369  4
9400  82139  0.256081  0.714917  0.594793  0.332184  0.293156  4
9500  81654  0.254702  0.705992  0.594202  0.335741  0.317696  4
9600  80985  0.259043  0.71015  0.594474  0.330376  0.263649  4
9700  80338  0.248267  0.710469  0.598759  0.344003  0.279647  4
9800  81030  0.251641  0.709148  0.599609  0.349656  0.216969  4
9900  80585  0.249445  0.710755  0.598666  0.345998  0.237222  4
