t meta_n emi  mean_info  tr1  tr2  tr3  strategy
0  103857  0.09804  0.496462  0.900006  0.000772978  -3.88455e-05  4
100  76231  0.190021  0.402655  0.606706  0.0848979  -0.0114137  4
200  75796  0.279209  0.275846  0.480592  0.139282  -0.0275873  4
300  75399  0.310117  0.19822  0.457517  0.185985  -0.0473093  4
400  77444  0.330001  0.163599  0.450482  0.220923  -0.0165946  4
500  76652  0.33953  0.14762  0.447785  0.266731  -0.0175768  4
600  76496  0.352057  0.136649  0.446882  0.303894  -0.013296  4
700  76892  0.350683  0.120073  0.443801  0.320644  0.0205781  4
800  76788  0.34747  0.127181  0.458892  0.367546  0.0210763  4
900  76635  0.343916  0.125077  0.461068  0.377834  0.0127064  4
1000  76401  0.348713  0.121589  0.468596  0.397667  0.0166858  4
1100  77484  0.347868  0.123152  0.466252  0.383653  0.0444319  4
1200  77335  0.349024  0.11938  0.468436  0.385617  0.0289416  4
1300  77372  0.343298  0.11233  0.476987  0.42043  0.0145569  4
1400  76403  0.350207  0.104576  0.478209  0.444669  0.0343342  4
1500  77629  0.356684  0.106268  0.479692  0.448568  0.0403322  4
1600  77610  0.351266  0.11384  0.480454  0.433446  0.000226632  4
1700  76948  0.346514  0.112464  0.489418  0.441776  0.00886617  4
1800  76866  0.346024  0.117002  0.49822  0.448002  0.0242458  4
1900  76940  0.350931  0.11234  0.492251  0.451656  -0.00118171  4
2000  77191  0.350248  0.10199  0.496186  0.460238  0.0011103  4
2100  78139  0.346517  0.107709  0.49801  0.457946  0.053234  4
2200  75987  0.339899  0.117906  0.502987  0.479904  0.00832556  4
2300  76982  0.333761  0.113205  0.508253  0.500671  -0.00738755  4
2400  75933  0.343021  0.125471  0.515429  0.502756  -0.00930632  4
2500  75853  0.329182  0.115336  0.515284  0.504235  0.0281346  4
2600  76099  0.333699  0.119413  0.515087  0.504676  0.04068  4
2700  77077  0.330822  0.124574  0.524694  0.51608  -0.0218204  4
2800  76395  0.331582  0.126176  0.530347  0.526966  -0.0255089  4
2900  77139  0.335183  0.128051  0.535237  0.543445  -0.0393957  4
3000  77855  0.335185  0.117453  0.533735  0.539245  -0.0417284  4
3100  76938  0.327898  0.116664  0.529367  0.531446  -0.0505856  4
3200  77141  0.33386  0.119204  0.538956  0.559756  -0.0457211  4
3300  77217  0.336508  0.124797  0.545236  0.571007  -0.0799428  4
3400  77722  0.329933  0.123818  0.560375  0.609247  -0.0579714  4
3500  77179  0.3259  0.121699  0.559137  0.599539  -0.0111208  4
3600  77348  0.335351  0.119422  0.55699  0.607786  0.0108338  4
3700  77185  0.332991  0.117173  0.555798  0.606415  -0.00197469  4
3800  78050  0.333684  0.122841  0.560311  0.609321  0.0261753  4
3900  77945  0.331523  0.120176  0.564644  0.612936  -0.0165708  4
4000  76999  0.331257  0.129969  0.585018  0.663739  0.00454823  4
4100  76538  0.338128  0.129601  0.577928  0.650305  -0.027268  4
4200  77295  0.333849  0.13185  0.583889  0.667603  -0.0101548  4
4300  77355  0.330546  0.140019  0.588186  0.679526  -0.0209854  4
4400  76945  0.323209  0.125199  0.584619  0.669516  -0.0158643  4
4500  77369  0.319817  0.125572  0.586276  0.671252  -0.0505548  4
4600  77275  0.321223  0.131142  0.585753  0.67933  -0.118412  4
4700  77386  0.329088  0.121036  0.583536  0.672592  -0.0850528  4
4800  76384  0.321294  0.120385  0.581851  0.665623  -0.094225  4
4900  77411  0.323285  0.117257  0.588712  0.694044  -0.0851394  4
5000  76893  0.326117  0.12128  0.581073  0.681306  -0.0872476  4
5100  76726  0.326589  0.116251  0.579796  0.67256  -0.068886  4
5200  77726  0.33233  0.122211  0.594317  0.705192  -0.0942704  4
5300  77034  0.325638  0.123701  0.591615  0.700006  -0.127446  4
5400  76824  0.316014  0.122977  0.590307  0.690533  -0.130535  4
5500  76927  0.326983  0.122617  0.593015  0.686231  -0.170938  4
5600  77592  0.332249  0.121231  0.601153  0.711766  -0.167193  4
5700  76578  0.318794  0.121336  0.605598  0.721529  -0.108677  4
5800  77282  0.326265  0.116738  0.605901  0.728115  -0.131437  4
5900  77732  0.327168  0.121349  0.608736  0.733629  -0.109853  4
6000  77775  0.328533  0.117485  0.609079  0.737036  -0.0641228  4
6100  77150  0.325051  0.11713  0.609081  0.7347  -0.0590791  4
6200  76835  0.329585  0.12317  0.604592  0.722784  -0.0351761  4
6300  77797  0.326881  0.123861  0.60773  0.734985  -0.016407  4
6400  77062  0.329559  0.119383  0.60329  0.726128  0.00713505  4
6500  77420  0.33359  0.130879  0.61509  0.747569  0.00823291  4
6600  76964  0.317499  0.121067  0.613322  0.738254  0.0296607  4
6700  78355  0.328002  0.125825  0.617668  0.748092  0.00156969  4
6800  77571  0.334274  0.126055  0.623503  0.757084  0.0202864  4
6900  77449  0.317701  0.118583  0.625669  0.765833  0.0351116  4
7000  77443  0.327399  0.122446  0.631989  0.785713  0.0327937  4
7100  77061  0.329539  0.120523  0.633062  0.794644  0.0508144  4
7200  76905  0.328529  0.123832  0.63145  0.787928  0.0549912  4
7300  77195  0.32899  0.126037  0.639858  0.802366  0.050412  4
7400  77308  0.320506  0.118539  0.636299  0.796944  0.0440176  4
7500  78201  0.332389  0.123375  0.632868  0.788859  0.0602926  4
7600  77836  0.333736  0.124499  0.630091  0.78773  0.0892959  4
7700  78312  0.332649  0.125878  0.639577  0.808973  0.0565688  4
7800  77218  0.318332  0.128845  0.644571  0.82383  0.0518995  4
7900  77488  0.320643  0.126858  0.647894  0.828068  0.0763023  4
8000  78118  0.323399  0.12555  0.648058  0.821707  0.0654101  4
8100  77955  0.323759  0.122984  0.65352  0.839904  0.0509355  4
8200  77127  0.322011  0.117515  0.649985  0.822261  0.0668565  4
8300  77330  0.324372  0.120534  0.648552  0.816786  0.0460361  4
8400  77353  0.325091  0.12285  0.644095  0.810188  0.0771233  4
8500  77992  0.321128  0.112997  0.640233  0.793725  0.120345  4
8600  78940  0.325564  0.12062  0.644008  0.810999  0.149194  4
8700  77570  0.322053  0.117835  0.644555  0.806952  0.105859  4
8800  77179  0.326426  0.123115  0.644717  0.812091  0.140126  4
8900  77974  0.341792  0.119344  0.640989  0.807938  0.143587  4
9000  76425  0.325628  0.12349  0.639532  0.79971  0.123588  4
9100  77006  0.327961  0.122873  0.637332  0.795196  0.122277  4
9200  77234  0.327946  0.126524  0.641599  0.800363  0.118307  4
9300  77476  0.32739  0.117053  0.642651  0.803096  0.111448  4
9400  78030  0.329279  0.110405  0.631447  0.769236  0.135789  4
9500  77788  0.326284  0.117426  0.630133  0.763705  0.163902  4
9600  78439  0.330833  0.1272  0.635828  0.772538  0.185968  4
9700  77418  0.33575  0.128578  0.639672  0.784325  0.165282  4
9800  77481  0.324565  0.125037  0.639542  0.785645  0.17782  4
9900  78070  0.328021  0.124667  0.64579  0.79763  0.157334  4
