t meta_n emi  mean_info  tr1  tr2  tr3  strategy
0  104353  0.099424  0.499882  0.900035  0.000855349  0.000104634  4
100  79154  0.185466  0.759714  0.675262  0.0996874  0.00414193  4
200  81254  0.272149  0.814594  0.579923  0.162351  0.00806568  4
300  80972  0.273008  0.823685  0.577376  0.192873  0.00530056  4
400  81423  0.28106  0.826089  0.58013  0.214207  0.020583  4
500  80858  0.274569  0.836253  0.586409  0.226392  0.0410994  4
600  80504  0.266002  0.849521  0.596143  0.227944  0.049523  4
700  80184  0.269196  0.843565  0.594161  0.240574  0.0617552  4
800  80478  0.261882  0.84458  0.59579  0.255559  0.0435212  4
900  80442  0.268236  0.855319  0.598476  0.273125  0.0486028  4
1000  80316  0.2655  0.843928  0.603875  0.278966  0.0384615  4
1100  80879  0.261944  0.843758  0.601961  0.26873  0.0644801  4
1200  80534  0.257393  0.847548  0.604825  0.272622  0.0783674  4
1300  81120  0.265742  0.841668  0.600792  0.288067  0.0895133  4
1400  80478  0.280023  0.844191  0.595246  0.282505  0.0840096  4
1500  81041  0.275671  0.84776  0.597053  0.285232  0.0345965  4
1600  80056  0.272183  0.844106  0.59543  0.288298  0.0699851  4
1700  80874  0.274045  0.841417  0.58939  0.279393  0.0121204  4
1800  81229  0.272205  0.842393  0.594259  0.268918  -0.0225083  4
1900  80426  0.268207  0.852634  0.593542  0.266539  0.0222762  4
2000  81218  0.267006  0.855058  0.595536  0.263204  -0.0742117  4
2100  81586  0.274405  0.856017  0.601031  0.281903  -0.0748421  4
2200  80457  0.254914  0.857035  0.606722  0.28286  -0.0762944  4
2300  80389  0.26496  0.856914  0.605413  0.290095  -0.0856933  4
2400  81195  0.265754  0.857343  0.605723  0.280352  -0.10456  4
2500  81625  0.261273  0.854013  0.6082  0.285649  -0.122385  4
2600  80452  0.257015  0.866275  0.603246  0.275102  -0.147108  4
2700  81157  0.262492  0.877912  0.6036  0.274278  -0.156151  4
2800  81161  0.259722  0.880537  0.600784  0.258048  -0.140918  4
2900  81368  0.261532  0.883174  0.594994  0.253027  -0.167598  4
3000  81486  0.258517  0.880529  0.599607  0.255813  -0.168197  4
3100  81555  0.261739  0.874697  0.599088  0.256984  -0.177591  4
3200  81364  0.267125  0.875874  0.60026  0.265628  -0.141094  4
3300  81999  0.265541  0.875166  0.603437  0.266761  -0.142204  4
3400  81047  0.250025  0.880014  0.608986  0.262214  -0.153995  4
3500  80843  0.25502  0.873805  0.605448  0.254824  -0.157882  4
3600  81754  0.253679  0.874098  0.60049  0.248051  -0.155802  4
3700  81502  0.257082  0.87267  0.600016  0.241922  -0.167175  4
3800  82239  0.258862  0.876497  0.596356  0.234512  -0.174375  4
3900  81761  0.259649  0.869903  0.593414  0.228772  -0.172683  4
4000  82743  0.255973  0.875458  0.595565  0.218676  -0.189567  4
4100  81200  0.248378  0.87566  0.597791  0.227649  -0.185771  4
4200  81242  0.255683  0.882882  0.592963  0.215758  -0.191285  4
4300  81333  0.253245  0.877686  0.596197  0.213728  -0.272341  4
4400  80381  0.252466  0.882174  0.595093  0.213826  -0.287438  4
4500  81701  0.252547  0.880554  0.592965  0.21087  -0.270632  4
4600  81014  0.250958  0.87305  0.597725  0.223615  -0.217988  4
4700  82089  0.255331  0.882369  0.599954  0.2254  -0.225305  4
4800  81395  0.247333  0.879489  0.599977  0.216052  -0.230391  4
4900  81135  0.254214  0.876938  0.597604  0.2208  -0.251973  4
5000  81801  0.247628  0.87975  0.596302  0.21454  -0.290534  4
5100  81827  0.250078  0.888527  0.593077  0.212243  -0.288421  4
5200  80824  0.252128  0.880036  0.59235  0.225189  -0.303572  4
5300  80685  0.252284  0.879412  0.595651  0.228142  -0.32207  4
5400  80808  0.254026  0.887914  0.599197  0.243362  -0.300915  4
5500  80512  0.250451  0.89454  0.597446  0.246792  -0.299343  4
5600  81677  0.2529  0.891463  0.597121  0.231222  -0.286683  4
5700  80719  0.248333  0.895542  0.59836  0.226643  -0.286592  4
5800  81367  0.247856  0.901921  0.598098  0.22399  -0.303352  4
5900  80227  0.245421  0.895438  0.599767  0.225629  -0.330327  4
6000  80985  0.239654  0.891256  0.596965  0.217959  -0.304402  4
6100  80694  0.254236  0.896341  0.59648  0.212586  -0.27509  4
6200  81098  0.249874  0.89649  0.595113  0.200798  -0.300623  4
6300  81399  0.251059  0.901436  0.595724  0.198337  -0.265594  4
6400  82144  0.250147  0.906952  0.596408  0.199534  -0.274213  4
6500  80483  0.252085  0.906258  0.590084  0.1919  -0.240074  4
6600  81985  0.255074  0.90938  0.588421  0.188368  -0.215722  4
6700  81840  0.252051  0.914513  0.588067  0.176118  -0.180378  4
6800  81057  0.254507  0.915025  0.584516  0.178001  -0.136086  4
6900  80772  0.245243  0.924371  0.585098  0.166083  -0.134318  4
7000  80586  0.242384  0.921025  0.582979  0.158271  -0.123481  4
7100  81547  0.249179  0.92404  0.58121  0.153342  -0.120976  4
7200  80368  0.246842  0.923894  0.582227  0.157862  -0.123132  4
7300  80272  0.249114  0.923599  0.583883  0.161378  -0.107551  4
7400  81258  0.244364  0.921394  0.582886  0.156679  -0.170281  4
7500  81047  0.248942  0.917063  0.583958  0.157306  -0.156749  4
7600  81338  0.248369  0.917303  0.582935  0.159395  -0.136557  4
7700  80843  0.248435  0.911787  0.584282  0.15183  -0.11911  4
7800  79798  0.247957  0.919901  0.584741  0.149271  -0.0938592  4
7900  82324  0.247805  0.921766  0.584379  0.143659  -0.126145  4
8000  81077  0.248702  0.921239  0.583467  0.133367  -0.147336  4
8100  81762  0.253555  0.924818  0.585442  0.136888  -0.1111  4
8200  81148  0.251133  0.923809  0.587359  0.144204  -0.0533253  4
8300  81958  0.254715  0.92148  0.586554  0.143474  -0.0836517  4
8400  81484  0.243549  0.920651  0.586815  0.13014  0.0269116  4
8500  81880  0.243619  0.92227  0.586794  0.128722  -0.00597821  4
8600  81630  0.243592  0.931019  0.586442  0.126381  -0.0153503  4
8700  81509  0.242823  0.935641  0.586127  0.121362  -0.00730848  4
8800  81652  0.246656  0.939329  0.585574  0.120475  0.0829395  4
8900  82347  0.24671  0.946517  0.58954  0.119421  0.101538  4
9000  82425  0.24545  0.953548  0.588462  0.114195  0.146393  4
9100  81429  0.241768  0.955072  0.589817  0.123751  0.10658  4
9200  80577  0.245777  0.956248  0.588701  0.116173  0.131144  4
9300  80524  0.241512  0.95506  0.588387  0.112125  0.138838  4
9400  80429  0.234847  0.958695  0.586343  0.109399  0.216466  4
9500  81423  0.242613  0.959365  0.587255  0.114271  0.182823  4
9600  80373  0.245939  0.962774  0.586538  0.114458  0.257115  4
9700  81413  0.246234  0.962489  0.585519  0.108602  0.202143  4
9800  82620  0.248502  0.963277  0.584273  0.0997086  0.244166  4
9900  81763  0.247307  0.963989  0.582722  0.102794  0.284102  4
