t meta_n emi  mean_info  tr1  tr2  tr3  strategy
0  104387  0.098616  0.496893  0.900037  0.000771804  4.92677e-05  4
100  78690  0.174116  0.641688  0.657208  0.0818005  -0.00971544  4
200  78804  0.259325  0.653288  0.551633  0.160738  -0.0244304  4
300  77524  0.267714  0.623639  0.548134  0.204559  -0.012727  4
400  78899  0.285978  0.573584  0.542609  0.237958  -0.00806992  4
500  78792  0.279803  0.553851  0.543882  0.271108  0.0213552  4
600  78465  0.292036  0.543172  0.547203  0.310602  0.0067553  4
700  78091  0.2892  0.518532  0.553362  0.329283  0.00256748  4
800  79601  0.293807  0.510945  0.553744  0.349884  0.00122318  4
900  79153  0.293483  0.497817  0.552572  0.366475  0.0209205  4
1000  79560  0.291471  0.491268  0.55653  0.377253  0.0440166  4
1100  78654  0.297561  0.488685  0.557114  0.391071  0.021415  4
1200  77863  0.288337  0.48899  0.56792  0.415932  -0.000832621  4
1300  78557  0.291757  0.49133  0.581714  0.466432  -0.00510118  4
1400  80119  0.297282  0.483387  0.593151  0.513823  -0.0261989  4
1500  78392  0.290915  0.462575  0.597815  0.521651  0.032162  4
1600  79193  0.305719  0.467762  0.607346  0.546486  0.0592414  4
1700  79281  0.294067  0.454537  0.619335  0.585647  0.0761819  4
1800  78065  0.280379  0.446849  0.63117  0.617047  0.0689816  4
1900  78595  0.293737  0.443791  0.639576  0.643167  0.0628001  4
2000  77637  0.268028  0.443894  0.648437  0.661257  0.0383053  4
2100  79493  0.273758  0.446624  0.65166  0.668791  0.0138644  4
2200  78181  0.282159  0.443421  0.65339  0.685873  0.00723137  4
2300  78680  0.275825  0.438754  0.657175  0.69787  0.0183108  4
2400  79073  0.288923  0.432892  0.663503  0.718605  0.0402657  4
2500  78969  0.289746  0.415353  0.663118  0.712764  0.0589785  4
2600  79111  0.285948  0.410176  0.671673  0.734789  0.0677693  4
2700  78701  0.279844  0.423017  0.677187  0.746286  0.0828445  4
2800  79784  0.290058  0.43235  0.675745  0.749598  0.0659619  4
2900  79325  0.280456  0.417903  0.67614  0.753167  0.101627  4
3000  78540  0.269128  0.416034  0.683559  0.764967  0.123901  4
3100  78094  0.279196  0.415707  0.683542  0.769908  0.114117  4
3200  78746  0.276479  0.405296  0.691747  0.787809  0.139154  4
3300  79708  0.281619  0.409882  0.69807  0.806282  0.164199  4
3400  78877  0.28656  0.392936  0.702597  0.812542  0.1782  4
3500  79308  0.279958  0.398107  0.709873  0.827024  0.162699  4
3600  77869  0.272569  0.395529  0.71144  0.838332  0.215413  4
3700  79722  0.279229  0.388789  0.710427  0.835967  0.249495  4
3800  78527  0.276431  0.385005  0.721162  0.857613  0.292394  4
3900  78832  0.27542  0.381439  0.718607  0.846713  0.32163  4
4000  79780  0.273661  0.374517  0.721966  0.85673  0.265281  4
4100  78574  0.273618  0.379256  0.726272  0.865543  0.192034  4
4200  79525  0.278937  0.380682  0.726882  0.877598  0.127623  4
4300  79109  0.282585  0.376564  0.72729  0.891104  0.154992  4
4400  78979  0.276674  0.376884  0.731558  0.890419  0.146699  4
4500  79647  0.278805  0.378305  0.736651  0.898301  0.132032  4
4600  79076  0.271957  0.377332  0.744114  0.910778  0.115821  4
4700  79060  0.282276  0.379241  0.744981  0.913307  0.0814623  4
4800  79783  0.279384  0.367084  0.745101  0.916442  0.122315  4
4900  78357  0.256113  0.369941  0.750359  0.919734  0.117699  4
5000  78483  0.260399  0.37117  0.751778  0.925196  0.143846  4
5100  79208  0.269598  0.378664  0.756709  0.928138  0.148413  4
5200  79719  0.276701  0.369679  0.757542  0.927358  0.193331  4
5300  79959  0.277862  0.369767  0.758689  0.936248  0.157822  4
5400  79630  0.269008  0.368633  0.763182  0.942094  0.254651  4
5500  79594  0.271286  0.369211  0.76688  0.949932  0.241881  4
5600  79376  0.27175  0.36457  0.772309  0.953941  0.236376  4
5700  79751  0.278855  0.365339  0.769052  0.950929  0.215035  4
5800  79516  0.271535  0.357137  0.77283  0.953843  0.225151  4
5900  79385  0.263268  0.359811  0.768699  0.946195  0.292865  4
6000  78468  0.272052  0.356629  0.772782  0.954624  0.296073  4
6100  80099  0.267035  0.35624  0.775894  0.956631  0.321906  4
6200  80869  0.278117  0.358272  0.775664  0.96277  0.298797  4
6300  79589  0.2702  0.357716  0.776274  0.964048  0.285768  4
6400  79647  0.26819  0.359608  0.774424  0.966203  0.327415  4
6500  79677  0.273345  0.348919  0.775949  0.969895  0.347029  4
6600  79551  0.276208  0.34522  0.774579  0.972026  0.394477  4
6700  79779  0.270095  0.343376  0.776636  0.973595  0.386378  4
6800  79590  0.281792  0.352155  0.772058  0.97113  0.38042  4
6900  79263  0.261513  0.351145  0.772617  0.971406  0.369936  4
7000  79582  0.272635  0.352843  0.775013  0.970395  0.376036  4
7100  78919  0.271299  0.353011  0.774395  0.972641  0.34931  4
7200  79547  0.274416  0.352938  0.774968  0.971624  0.371172  4
7300  79573  0.272523  0.352138  0.7733  0.968978  0.369368  4
7400  79633  0.280279  0.356629  0.772678  0.96922  0.377433  4
7500  79784  0.280097  0.350013  0.778979  0.976537  0.392772  4
7600  79272  0.266429  0.347366  0.778343  0.973345  0.361166  4
7700  77376  0.258198  0.35034  0.777908  0.974741  0.317367  4
7800  79973  0.283222  0.34292  0.779582  0.976637  0.318805  4
7900  80163  0.272972  0.345205  0.777567  0.978014  0.363376  4
8000  79197  0.271348  0.350061  0.776753  0.977898  0.354073  4
8100  79451  0.262964  0.342316  0.777959  0.9786  0.39511  4
8200  78570  0.271707  0.341696  0.777467  0.980869  0.426705  4
8300  78565  0.26149  0.343607  0.778665  0.981254  0.44147  4
8400  79311  0.260979  0.345453  0.781079  0.981892  0.302199  4
8500  79727  0.284736  0.346102  0.780077  0.98485  0.301966  4
8600  79414  0.258757  0.344968  0.783944  0.98651  0.272409  4
8700  80272  0.286649  0.342157  0.784176  0.987718  0.265867  4
8800  78788  0.269547  0.339085  0.786716  0.987676  0.173443  4
8900  78434  0.261764  0.340014  0.787273  0.988661  0.177127  4
9000  78951  0.266909  0.335612  0.787892  0.987656  0.184259  4
9100  79332  0.263516  0.332867  0.787733  0.98967  0.2256  4
9200  79663  0.278909  0.327844  0.788777  0.989962  0.194141  4
9300  79146  0.269428  0.33181  0.788206  0.989162  0.220127  4
9400  80137  0.27917  0.331615  0.788955  0.991336  0.265743  4
9500  79998  0.280939  0.338332  0.78756  0.989168  0.284013  4
9600  78922  0.266648  0.337913  0.786874  0.987698  0.284623  4
9700  80217  0.2782  0.337848  0.787622  0.988475  0.263157  4
9800  79338  0.262014  0.34494  0.788261  0.990392  0.232667  4
9900  78958  0.27228  0.343371  0.789123  0.99094  0.263676  4
