t meta_n emi  mean_info  tr1  tr2  tr3  strategy
0  103443  0.09984  0.491849  0.899854  0.000728845  -0.000105683  4
100  74081  0.177417  0.301304  0.608289  0.0896015  -0.0082179  4
200  76498  0.284235  0.170656  0.476855  0.177955  -0.0137891  4
300  76428  0.32096  0.110663  0.449496  0.219735  -0.0193324  4
400  76218  0.339423  0.0925404  0.435053  0.264076  -0.0356829  4
500  75846  0.350336  0.0784446  0.431332  0.280049  -0.0415034  4
600  76024  0.35637  0.0736282  0.422921  0.276378  -0.0121425  4
700  76413  0.361173  0.0713306  0.425146  0.298978  0.0383182  4
800  76038  0.354718  0.0661231  0.43264  0.313812  0.0384284  4
900  76898  0.363963  0.069984  0.430018  0.32341  0.0586706  4
1000  76310  0.355236  0.0672043  0.436388  0.346447  0.0869082  4
1100  75487  0.362755  0.0604357  0.428553  0.345479  0.0949964  4
1200  77274  0.361112  0.0616492  0.43488  0.355598  0.0847712  4
1300  75292  0.362464  0.0553059  0.43713  0.367675  0.0949905  4
1400  76714  0.360166  0.0517671  0.441678  0.383667  0.106673  4
1500  76277  0.353571  0.0554431  0.444901  0.376364  0.0475624  4
1600  75933  0.348824  0.055084  0.446151  0.365896  0.0650542  4
1700  76201  0.356426  0.0518951  0.45035  0.392409  0.0782276  4
1800  76756  0.357858  0.0509894  0.442162  0.379672  0.0960392  4
1900  76297  0.35261  0.0544035  0.448616  0.395022  0.084476  4
2000  75745  0.358226  0.0517565  0.450237  0.395242  0.0958564  4
2100  76649  0.360994  0.0479305  0.451367  0.398028  0.120496  4
2200  76409  0.358591  0.0451752  0.44696  0.398968  0.106221  4
2300  76926  0.361445  0.0466557  0.447715  0.403573  0.0889936  4
2400  77733  0.355686  0.0448828  0.451392  0.406968  0.0572179  4
2500  76520  0.357639  0.0441653  0.452311  0.410951  0.0574368  4
2600  77215  0.352846  0.0437269  0.453129  0.4183  0.0299888  4
2700  77162  0.358018  0.0434192  0.463477  0.460206  0.0202698  4
2800  74917  0.352878  0.0412112  0.460036  0.458453  0.0880449  4
2900  76268  0.348614  0.0432027  0.469516  0.475428  0.0556517  4
3000  75999  0.351545  0.0451539  0.464787  0.463101  0.04123  4
3100  76464  0.350581  0.0442139  0.467534  0.465944  0.00695118  4
3200  76587  0.354413  0.0416125  0.469543  0.475156  0.0205943  4
3300  76279  0.345722  0.0367205  0.465222  0.472269  -0.0372607  4
3400  76345  0.358967  0.0363625  0.458893  0.466918  -0.0463133  4
3500  76598  0.366174  0.0374155  0.453819  0.446741  -0.0465079  4
3600  76224  0.358028  0.036365  0.462415  0.467863  -0.0504086  4
3700  76843  0.354931  0.0337631  0.459874  0.462178  -0.0434508  4
3800  75530  0.342236  0.0346906  0.462817  0.457903  -0.07731  4
3900  76609  0.351613  0.0308786  0.449296  0.437979  -0.0675043  4
4000  75940  0.344448  0.0270947  0.446505  0.417259  -0.0552635  4
4100  77592  0.349569  0.028355  0.448578  0.420445  -0.0630026  4
4200  76863  0.345256  0.0259262  0.443252  0.405393  -0.0827178  4
4300  76623  0.353802  0.0276984  0.443537  0.410023  -0.0846388  4
4400  76990  0.350914  0.0266057  0.439061  0.389209  -0.0718204  4
4500  75595  0.348598  0.0263169  0.438243  0.396474  -0.123213  4
4600  77773  0.350769  0.0283717  0.435413  0.392973  -0.0940895  4
4700  76520  0.356567  0.0248047  0.431908  0.389038  -0.0201297  4
4800  77265  0.362363  0.0210087  0.430524  0.382882  -0.0640523  4
4900  77768  0.358779  0.0243112  0.431153  0.382769  -0.0890124  4
5000  76651  0.356972  0.0216434  0.429808  0.365898  -0.121037  4
5100  77146  0.365042  0.0201719  0.425829  0.36728  -0.16092  4
5200  76562  0.358541  0.0195035  0.421787  0.36333  -0.178387  4
5300  75855  0.359805  0.020531  0.422881  0.362792  -0.228349  4
5400  76245  0.359806  0.0178662  0.419869  0.358678  -0.23512  4
5500  76086  0.354861  0.0177928  0.424292  0.368569  -0.227213  4
5600  77094  0.357989  0.0147983  0.418233  0.360436  -0.250651  4
5700  77097  0.356447  0.0142329  0.419499  0.347868  -0.24304  4
5800  77153  0.357681  0.0145218  0.416314  0.342733  -0.273922  4
5900  77034  0.35641  0.0164618  0.417252  0.349709  -0.33422  4
6000  76806  0.351181  0.0140987  0.421016  0.351068  -0.355334  4
6100  76693  0.356394  0.0142871  0.421977  0.350553  -0.332115  4
6200  76540  0.351947  0.0121024  0.421512  0.336189  -0.343488  4
6300  75807  0.350517  0.0146413  0.416854  0.334227  -0.347105  4
6400  76887  0.34999  0.0132345  0.416115  0.322818  -0.34772  4
6500  76756  0.357314  0.0132392  0.41822  0.329457  -0.301349  4
6600  76605  0.355022  0.012032  0.418577  0.335024  -0.338078  4
6700  77047  0.353595  0.0118313  0.41513  0.317213  -0.383107  4
6800  76283  0.352114  0.00984213  0.412371  0.310027  -0.352433  4
6900  77980  0.360134  0.00795153  0.404936  0.284132  -0.287183  4
7000  77243  0.353255  0.00836182  0.3999  0.264802  -0.272278  4
7100  76851  0.344949  0.00809501  0.399217  0.247555  -0.204762  4
7200  77304  0.351649  0.00823143  0.397233  0.241753  -0.22516  4
7300  76201  0.343793  0.00858842  0.397545  0.245813  -0.135231  4
7400  76365  0.348205  0.00947352  0.401492  0.269052  -0.114577  4
7500  76550  0.35038  0.00917167  0.396938  0.258623  -0.0906084  4
7600  77016  0.355308  0.00681279  0.400116  0.275553  -0.0513866  4
7700  77726  0.351841  0.00862641  0.402576  0.268631  -0.0415776  4
7800  76593  0.35235  0.0110422  0.399459  0.260573  -0.0244068  4
7900  76387  0.353385  0.0102024  0.396634  0.248986  0.0359165  4
8000  77277  0.354478  0.0107343  0.396172  0.248763  -0.00887029  4
8100  77099  0.346907  0.0083232  0.39417  0.235263  -0.00503911  4
8200  77079  0.352136  0.00671772  0.396889  0.239301  -0.0886052  4
8300  76729  0.346573  0.00632994  0.398078  0.231502  -0.0420704  4
8400  76927  0.344638  0.00715089  0.399753  0.239473  -0.0727763  4
8500  76830  0.349812  0.0082704  0.395154  0.228936  -0.0814588  4
8600  76287  0.342941  0.0101009  0.398256  0.237402  -0.0457246  4
8700  77188  0.349131  0.00886794  0.399941  0.245685  -0.00586402  4
8800  76140  0.351459  0.00730452  0.39789  0.240152  -0.0142322  4
8900  77479  0.356448  0.00698256  0.401751  0.241858  -0.0939623  4
9000  77389  0.356238  0.00667532  0.403001  0.254671  -0.0775081  4
9100  76933  0.350542  0.00769135  0.402238  0.244248  -0.0299464  4
9200  76835  0.345153  0.00560841  0.398588  0.222211  -0.0769203  4
9300  77365  0.347719  0.00546725  0.399612  0.222771  -0.0175169  4
9400  77478  0.348955  0.00392481  0.396273  0.212091  0.00288208  4
9500  76660  0.35296  0.00418025  0.397103  0.219526  -0.018113  4
9600  77428  0.354085  0.00332709  0.39294  0.200855  -0.0593068  4
9700  76190  0.355326  0.0042831  0.395127  0.217184  -0.0321792  4
9800  75907  0.355026  0.00497238  0.393093  0.200539  -0.0493911  4
9900  76829  0.352019  0.00412689  0.389268  0.194762  -0.0379374  4
