t meta_n emi  mean_info  tr1  tr2  tr3  strategy
0  105093  0.100296  0.499952  0.899887  0.000755371  -6.42928e-05  4
100  78553  0.183723  0.689846  0.655865  0.0855887  -0.0041358  4
200  79771  0.265537  0.705065  0.558609  0.151097  -0.0117457  4
300  79186  0.263545  0.697491  0.559955  0.204856  -0.0299881  4
400  79135  0.28061  0.682724  0.560389  0.243482  -0.0308816  4
500  79370  0.275836  0.686577  0.564078  0.265019  -0.0409678  4
600  79933  0.28504  0.674639  0.565308  0.280728  -0.0457779  4
700  79911  0.272807  0.668269  0.575524  0.309804  -0.0680701  4
800  79408  0.27141  0.663482  0.579019  0.339431  -0.0773361  4
900  79434  0.278228  0.642187  0.579617  0.360033  -0.106342  4
1000  79233  0.277365  0.641091  0.576959  0.374251  -0.0929655  4
1100  78781  0.275261  0.634557  0.583963  0.386023  -0.0994556  4
1200  78974  0.271136  0.639338  0.588903  0.385496  -0.104269  4
1300  79266  0.277112  0.635141  0.586346  0.396341  -0.097184  4
1400  79224  0.271527  0.629462  0.591979  0.40909  -0.090726  4
1500  78339  0.269968  0.629205  0.590348  0.40543  -0.0748691  4
1600  79215  0.272597  0.613507  0.588666  0.398756  -0.0515318  4
1700  79178  0.273429  0.614435  0.590341  0.410694  -0.0545855  4
1800  78759  0.269623  0.599089  0.59323  0.426014  -0.045772  4
1900  80013  0.277628  0.601102  0.597391  0.434966  -0.0659485  4
2000  80284  0.285379  0.604389  0.59819  0.459101  -0.040423  4
2100  78994  0.275886  0.616111  0.60287  0.451274  0.00594381  4
2200  79481  0.268891  0.617751  0.607319  0.444698  1.21503e-06  4
2300  79615  0.270476  0.606383  0.611448  0.470328  0.00817195  4
2400  79460  0.267886  0.601467  0.620277  0.495235  0.00666007  4
2500  78788  0.261262  0.591191  0.61981  0.494821  -0.0156306  4
2600  78517  0.270491  0.58972  0.617271  0.489976  -0.0347019  4
2700  79651  0.264548  0.59507  0.623255  0.504588  -0.0450251  4
2800  79646  0.262651  0.601327  0.629828  0.514517  -0.00673903  4
2900  79750  0.268577  0.609192  0.629009  0.506008  -0.0458089  4
3000  79610  0.263665  0.596271  0.626  0.50527  -0.0169404  4
3100  78718  0.265097  0.600133  0.623065  0.502045  -0.0218796  4
3200  78764  0.265279  0.582561  0.62368  0.509437  0.00838192  4
3300  78694  0.255943  0.578387  0.63106  0.528888  0.0528485  4
3400  79250  0.271932  0.564031  0.631528  0.540296  -0.00758222  4
3500  80503  0.269001  0.552858  0.634115  0.566885  0.0020833  4
3600  79377  0.268621  0.542099  0.632126  0.562  -0.0180634  4
3700  79900  0.269349  0.557754  0.635146  0.567571  0.00345061  4
3800  79395  0.262861  0.551041  0.638251  0.588749  0.00492266  4
3900  79149  0.268823  0.547281  0.637848  0.588174  0.00680945  4
4000  78850  0.265012  0.554595  0.639577  0.576875  -0.0778575  4
4100  79888  0.271304  0.539706  0.638098  0.593756  -0.0415147  4
4200  80235  0.274902  0.539872  0.647055  0.614305  0.00914689  4
4300  79432  0.265057  0.539067  0.645349  0.621639  0.0370584  4
4400  78578  0.262222  0.538265  0.642374  0.607495  0.0625331  4
4500  79195  0.264361  0.527018  0.646042  0.627182  0.0882051  4
4600  80066  0.267206  0.525512  0.649419  0.637534  0.115054  4
4700  80698  0.274285  0.520785  0.652534  0.648914  0.170466  4
4800  79168  0.261953  0.518242  0.654016  0.650514  0.11069  4
4900  79198  0.272378  0.513701  0.655629  0.659854  0.0774478  4
5000  79164  0.264364  0.515283  0.650267  0.646512  0.104059  4
5100  80538  0.265356  0.516101  0.655072  0.647929  0.0911402  4
5200  80047  0.274981  0.510728  0.657948  0.659778  0.0925158  4
5300  80281  0.273559  0.510984  0.656632  0.661095  0.0881778  4
5400  79899  0.266294  0.509818  0.657678  0.665551  0.0678335  4
5500  79804  0.270374  0.519515  0.653831  0.652498  0.0701872  4
5600  80060  0.27091  0.514254  0.651991  0.654066  0.129131  4
5700  79101  0.262673  0.514095  0.652557  0.657059  0.13516  4
5800  79382  0.269004  0.505436  0.660403  0.678801  0.0821832  4
5900  80001  0.270382  0.506387  0.665946  0.690635  0.0660465  4
6000  79068  0.267596  0.491907  0.667187  0.697092  0.0733049  4
6100  79825  0.268044  0.491343  0.66478  0.691643  0.0524794  4
6200  80492  0.26211  0.490423  0.666138  0.69855  0.075158  4
6300  79283  0.271805  0.483087  0.666501  0.716848  0.0710724  4
6400  78775  0.262895  0.470321  0.675631  0.735433  0.000156841  4
6500  79872  0.277713  0.471712  0.682726  0.750683  -0.0140619  4
6600  79130  0.262539  0.476677  0.676418  0.730211  -0.0463397  4
6700  80726  0.269173  0.474592  0.677952  0.741283  -0.0489919  4
6800  79938  0.258734  0.467236  0.677573  0.736039  -0.0290866  4
6900  79780  0.258627  0.465598  0.675975  0.733887  0.0330059  4
7000  79567  0.258506  0.467283  0.677974  0.736216  0.0811643  4
7100  79064  0.268194  0.47919  0.680707  0.737731  0.15402  4
7200  80285  0.26508  0.477293  0.687078  0.754077  0.105578  4
7300  79937  0.258397  0.474871  0.688699  0.76073  0.129966  4
7400  79798  0.259937  0.469103  0.692059  0.766363  0.121232  4
7500  78791  0.260477  0.46638  0.692066  0.770082  0.137953  4
7600  80199  0.266957  0.467216  0.697008  0.780449  0.137206  4
7700  80939  0.264212  0.465945  0.694368  0.776156  0.119231  4
7800  78947  0.262411  0.467661  0.694412  0.777942  0.0942352  4
7900  80397  0.262898  0.46019  0.691162  0.769631  0.130485  4
8000  79757  0.259563  0.459722  0.695999  0.783473  0.0819768  4
8100  80271  0.268688  0.457249  0.690455  0.770401  0.0965818  4
8200  80109  0.260698  0.458605  0.694386  0.774722  0.0892672  4
8300  79280  0.26214  0.455677  0.698465  0.781654  0.0929739  4
8400  81257  0.267554  0.455946  0.694386  0.774059  0.164425  4
8500  80435  0.261517  0.457456  0.697493  0.78206  0.166685  4
8600  79799  0.259194  0.454127  0.699817  0.789286  0.169159  4
8700  80192  0.260733  0.447855  0.702078  0.801638  0.133934  4
8800  80443  0.266942  0.448661  0.703974  0.811349  0.110196  4
8900  79035  0.266746  0.454376  0.703681  0.8122  0.139354  4
9000  79569  0.267708  0.449378  0.704652  0.81423  0.169896  4
9100  80467  0.274853  0.442025  0.707308  0.823077  0.11155  4
9200  79048  0.257861  0.434059  0.70636  0.82107  0.0854293  4
9300  79226  0.257805  0.44174  0.707856  0.821756  0.119469  4
9400  80133  0.266677  0.443176  0.705722  0.822753  0.133836  4
9500  79661  0.274036  0.440971  0.708823  0.831431  0.10204  4
9600  80388  0.269761  0.435365  0.710972  0.828449  0.11879  4
9700  80450  0.263389  0.440221  0.710507  0.821032  0.17278  4
9800  79818  0.259539  0.446208  0.709725  0.819422  0.139284  4
9900  79330  0.266345  0.442661  0.71123  0.820975  0.119783  4
