t meta_n emi  mean_info  tr1  tr2  tr3  strategy
0  103894  0.1002  0.499089  0.899997  0.000819803  -0.000193476  4
100  79143  0.185421  0.652442  0.64744  0.081701  -0.0028036  4
200  77004  0.2631  0.652304  0.54011  0.148701  0.00615129  4
300  78724  0.285096  0.600194  0.53032  0.197719  0.00314044  4
400  78135  0.291997  0.561206  0.52974  0.227184  0.0312322  4
500  78207  0.284342  0.542675  0.535976  0.261536  0.0255291  4
600  78537  0.281501  0.5352  0.546041  0.297138  0.00828276  4
700  77113  0.275576  0.513217  0.550956  0.334426  0.0198723  4
800  78289  0.290308  0.492085  0.548319  0.346292  0.0415335  4
900  78212  0.286338  0.470497  0.554134  0.38984  0.030972  4
1000  78675  0.294883  0.46906  0.557282  0.407451  0.0227617  4
1100  77880  0.292828  0.460554  0.564828  0.428998  0.0105131  4
1200  78540  0.29431  0.446875  0.571561  0.459761  0.00081908  4
1300  78582  0.288582  0.458279  0.58438  0.494762  -0.0167931  4
1400  78256  0.287244  0.444127  0.592707  0.526267  -0.0261053  4
1500  79085  0.29442  0.441585  0.603787  0.562397  0.0181806  4
1600  79246  0.28459  0.432955  0.613028  0.567375  0.0267025  4
1700  79417  0.288167  0.41715  0.62085  0.59912  0.0469974  4
1800  78652  0.289417  0.412181  0.624685  0.616255  0.0111668  4
1900  78271  0.284866  0.419302  0.630159  0.62264  0.00459578  4
2000  78329  0.28614  0.424173  0.64264  0.644623  -0.0293658  4
2100  79510  0.285483  0.424859  0.651705  0.681662  -0.0246435  4
2200  77920  0.277234  0.422136  0.65927  0.69595  -0.0237627  4
2300  79381  0.275334  0.414131  0.659622  0.689356  -0.000907195  4
2400  80441  0.286408  0.406329  0.656849  0.686804  0.0492747  4
2500  79929  0.280253  0.401845  0.663369  0.710157  0.0215951  4
2600  79254  0.278007  0.406705  0.667534  0.722279  -0.0441162  4
2700  79549  0.280699  0.398146  0.669973  0.733056  -0.0843172  4
2800  79355  0.280226  0.407782  0.677359  0.749774  -0.0733925  4
2900  78662  0.278861  0.397878  0.681631  0.758728  -0.0766837  4
3000  78688  0.285437  0.405227  0.684006  0.760112  -0.0527125  4
3100  79314  0.276903  0.400969  0.691037  0.774636  -0.0647932  4
3200  79010  0.26617  0.409661  0.690674  0.773604  -0.0903671  4
3300  78022  0.278345  0.40759  0.698251  0.79912  -0.0558406  4
3400  78559  0.271701  0.397482  0.707456  0.815963  -0.025501  4
3500  80044  0.278886  0.383727  0.710986  0.830737  -0.0101572  4
3600  80376  0.277828  0.388907  0.716555  0.839588  0.0121664  4
3700  79179  0.27613  0.384951  0.720666  0.848068  0.0107753  4
3800  79977  0.281333  0.389933  0.724712  0.860647  -0.0101111  4
3900  79646  0.27715  0.373523  0.730822  0.87571  0.00603183  4
4000  78886  0.278003  0.366416  0.730692  0.883885  0.0402103  4
4100  78236  0.27106  0.374894  0.735144  0.887816  0.00135969  4
4200  78688  0.272745  0.377485  0.731936  0.883517  -0.0297093  4
4300  78606  0.268433  0.368143  0.736005  0.896202  -0.00442955  4
4400  79812  0.271243  0.360037  0.740407  0.904283  -0.0354532  4
4500  79444  0.285962  0.357427  0.748914  0.922504  -0.0325072  4
4600  78566  0.275128  0.358826  0.747195  0.918985  -0.0331561  4
4700  79090  0.280888  0.358819  0.752046  0.924502  -0.055539  4
4800  79577  0.285168  0.358517  0.752184  0.926729  -0.106552  4
4900  79697  0.282801  0.354679  0.750552  0.928608  -0.0911599  4
5000  78867  0.274453  0.350085  0.752399  0.932968  -0.0792944  4
5100  79181  0.266502  0.347272  0.755579  0.934729  -0.127354  4
5200  79550  0.28411  0.348135  0.756379  0.933246  -0.102446  4
5300  78756  0.276883  0.344175  0.75495  0.932588  -0.0713103  4
5400  78230  0.281261  0.344919  0.751392  0.935539  -0.112546  4
5500  79606  0.283083  0.345009  0.752839  0.94118  -0.121094  4
5600  78628  0.270624  0.338701  0.755926  0.944847  -0.106931  4
5700  79063  0.287651  0.339777  0.755009  0.949519  -0.116802  4
5800  79682  0.291276  0.335164  0.762997  0.95918  -0.0939968  4
5900  78728  0.278337  0.337811  0.763025  0.960126  -0.156518  4
6000  79559  0.284312  0.339387  0.764597  0.956889  -0.139465  4
6100  79929  0.283027  0.349984  0.764644  0.957159  -0.196871  4
6200  78548  0.28284  0.345457  0.768731  0.962265  -0.196919  4
6300  77758  0.277574  0.344484  0.766667  0.964531  -0.161969  4
6400  79343  0.280998  0.339558  0.768185  0.967638  -0.210297  4
6500  79838  0.273844  0.335428  0.769372  0.967313  -0.212658  4
6600  78003  0.275838  0.334687  0.770421  0.966519  -0.242119  4
6700  79191  0.287373  0.340486  0.771323  0.971002  -0.266228  4
6800  78726  0.274069  0.337754  0.775548  0.974958  -0.315978  4
6900  80455  0.280246  0.337129  0.774198  0.97267  -0.281201  4
7000  78758  0.270449  0.34101  0.775539  0.974107  -0.281068  4
7100  78686  0.27407  0.335178  0.773279  0.975788  -0.225707  4
7200  79680  0.283498  0.335315  0.776003  0.978242  -0.252272  4
7300  78652  0.264315  0.328526  0.774998  0.978  -0.249714  4
7400  79342  0.280065  0.336859  0.775655  0.976851  -0.271073  4
7500  79640  0.283688  0.345993  0.774096  0.977271  -0.285655  4
7600  79044  0.28177  0.343598  0.77508  0.977378  -0.262836  4
7700  80139  0.283002  0.342404  0.775138  0.97873  -0.215377  4
7800  78411  0.267913  0.338743  0.776581  0.979522  -0.176884  4
7900  79563  0.276698  0.338951  0.77594  0.978982  -0.167597  4
8000  78942  0.268574  0.342666  0.77737  0.979682  -0.189143  4
8100  80111  0.272094  0.338062  0.777379  0.979789  -0.114251  4
8200  78592  0.274726  0.337728  0.77833  0.980028  -0.0446434  4
8300  79057  0.268934  0.342734  0.781084  0.983348  -0.0601083  4
8400  78766  0.274247  0.341862  0.782235  0.982642  -0.0483926  4
8500  79934  0.285261  0.344439  0.78108  0.98134  -0.00901774  4
8600  77796  0.26019  0.343359  0.782821  0.980897  -0.0157553  4
8700  77807  0.26576  0.340202  0.781699  0.982375  0.00847613  4
8800  80330  0.279242  0.336509  0.780436  0.981563  0.0506693  4
8900  79402  0.265737  0.335615  0.781568  0.983727  0.0351578  4
9000  80011  0.273853  0.336606  0.782035  0.984215  0.021372  4
9100  78438  0.259157  0.333347  0.782826  0.984469  0.0486389  4
9200  79772  0.266201  0.332163  0.78271  0.982233  0.0371145  4
9300  78120  0.266313  0.3382  0.784184  0.982045  0.0568685  4
9400  79053  0.274049  0.332701  0.786024  0.985223  0.00902977  4
9500  79641  0.28344  0.335031  0.783533  0.983553  0.0222707  4
9600  79675  0.272597  0.329977  0.784826  0.986305  -0.0334538  4
9700  79212  0.278284  0.328335  0.784492  0.984518  0.00346586  4
9800  79007  0.263801  0.328258  0.784707  0.985264  0.008313  4
9900  79048  0.265689  0.330629  0.783584  0.983677  -0.0230677  4
