t meta_n emi  mean_info  tr1  tr2  tr3  strategy
0  103895  0.100288  0.497002  0.899975  0.000718584  6.94187e-06  4
100  75944  0.193462  0.584756  0.621046  0.090374  -0.0022304  4
200  76936  0.273425  0.503128  0.512283  0.14546  0.00545946  4
300  77946  0.293896  0.418277  0.500566  0.213229  0.00535761  4
400  78128  0.303762  0.36976  0.498634  0.255935  -0.0158227  4
500  76961  0.307047  0.340155  0.492767  0.275624  -0.00719558  4
600  78256  0.315633  0.310524  0.495811  0.303273  -0.00293174  4
700  77152  0.314663  0.288793  0.5037  0.340653  -0.0087518  4
800  77726  0.314125  0.305573  0.513428  0.372146  -0.0284629  4
900  77451  0.306343  0.302706  0.523611  0.390148  -0.0364163  4
1000  77783  0.309006  0.289855  0.53684  0.435661  -0.0483526  4
1100  78158  0.321784  0.305302  0.546976  0.490211  -0.0521323  4
1200  77655  0.314375  0.297726  0.546135  0.486644  -0.0570264  4
1300  77566  0.307144  0.29479  0.55955  0.508172  -0.0796292  4
1400  78001  0.295381  0.297349  0.567522  0.527947  -0.0611134  4
1500  78791  0.301303  0.293587  0.580964  0.559946  -0.0333822  4
1600  78568  0.299906  0.293322  0.586752  0.577853  0.0301879  4
1700  76934  0.304515  0.296591  0.590805  0.614384  0.0378331  4
1800  76922  0.304535  0.315615  0.599974  0.635032  0.0124597  4
1900  77797  0.305774  0.298702  0.612134  0.647643  -0.0311211  4
2000  77919  0.301111  0.299609  0.624377  0.675133  -0.0299624  4
2100  77302  0.29943  0.285666  0.62426  0.675914  -0.046365  4
2200  78386  0.297434  0.283822  0.638517  0.717804  -0.00211618  4
2300  78065  0.305145  0.284284  0.653326  0.762754  0.0309504  4
2400  79050  0.308801  0.286227  0.656147  0.766179  0.0241276  4
2500  78061  0.299352  0.284733  0.662025  0.76988  0.0223765  4
2600  77916  0.301713  0.289681  0.670766  0.798661  0.0373507  4
2700  78591  0.28395  0.299876  0.680715  0.808128  0.0133096  4
2800  77344  0.288525  0.297732  0.693438  0.831349  0.0596228  4
2900  78718  0.300554  0.299458  0.688555  0.827261  0.0645126  4
3000  77513  0.297702  0.296185  0.695595  0.836961  0.081451  4
3100  78472  0.300543  0.29964  0.703305  0.855059  0.103185  4
3200  77795  0.291007  0.296026  0.706167  0.864338  0.154074  4
3300  79059  0.289491  0.285032  0.710402  0.873311  0.151372  4
3400  78898  0.298448  0.291605  0.714757  0.886337  0.19825  4
3500  77979  0.283038  0.281433  0.716221  0.896098  0.209651  4
3600  78731  0.293357  0.280556  0.721653  0.903981  0.254384  4
3700  79430  0.283437  0.280087  0.723202  0.898797  0.209295  4
3800  78993  0.298806  0.28054  0.723605  0.90897  0.206665  4
3900  78095  0.282494  0.285755  0.724714  0.917775  0.240959  4
4000  78677  0.293349  0.279556  0.725801  0.920902  0.216798  4
4100  79597  0.29326  0.286099  0.725321  0.913954  0.1774  4
4200  78009  0.290771  0.29833  0.721707  0.908298  0.22365  4
4300  78299  0.288167  0.286264  0.72083  0.91336  0.207559  4
4400  78227  0.290244  0.289193  0.722112  0.916073  0.288087  4
4500  78253  0.27864  0.287349  0.721253  0.911445  0.320838  4
4600  78590  0.293338  0.293633  0.722849  0.916806  0.416328  4
4700  78444  0.283723  0.287016  0.727458  0.927896  0.421664  4
4800  77146  0.288888  0.28846  0.730757  0.933032  0.448594  4
4900  78619  0.295227  0.295095  0.732874  0.937254  0.454696  4
5000  78253  0.292306  0.290452  0.732882  0.94056  0.509209  4
5100  77836  0.295854  0.291679  0.729422  0.93667  0.562293  4
5200  78986  0.29096  0.287773  0.734038  0.940192  0.63604  4
5300  78803  0.298481  0.290767  0.733893  0.944375  0.708873  4
5400  77954  0.279803  0.283737  0.739692  0.953136  0.711934  4
5500  78244  0.2873  0.28079  0.747812  0.960056  0.724246  4
5600  77987  0.27965  0.285752  0.746312  0.960418  0.704665  4
5700  79372  0.295896  0.282556  0.748343  0.962098  0.73839  4
5800  77802  0.281525  0.282496  0.748625  0.960313  0.765894  4
5900  78591  0.277609  0.286273  0.750588  0.963507  0.79567  4
6000  77116  0.284972  0.287736  0.749529  0.96394  0.825023  4
6100  78159  0.285166  0.286145  0.752056  0.963534  0.782642  4
6200  78710  0.295372  0.283857  0.75338  0.965267  0.813971  4
6300  79922  0.286324  0.278694  0.753626  0.966349  0.805341  4
6400  78415  0.283592  0.282908  0.754304  0.968421  0.885641  4
6500  78948  0.293752  0.284318  0.755012  0.967981  0.944865  4
6600  78553  0.286406  0.270602  0.757162  0.974737  0.978326  4
6700  78698  0.291925  0.265901  0.756891  0.974718  0.944677  4
6800  79197  0.287846  0.268463  0.75618  0.976259  1.02368  4
6900  79583  0.291278  0.269685  0.762283  0.98139  1.0307  4
7000  79597  0.290809  0.266295  0.759926  0.980041  1.04309  4
7100  78240  0.285284  0.268476  0.760926  0.982236  1.00376  4
7200  78843  0.290395  0.265253  0.764217  0.983698  1.04677  4
7300  78527  0.28546  0.268745  0.766291  0.985063  1.04834  4
7400  77964  0.273459  0.273385  0.766154  0.980039  1.11051  4
7500  77601  0.278503  0.281539  0.768279  0.983435  1.04546  4
7600  78119  0.289162  0.28684  0.766931  0.98626  1.07867  4
7700  79031  0.287486  0.289161  0.768918  0.985679  1.05758  4
7800  78884  0.287963  0.291119  0.768704  0.98731  1.02573  4
7900  79350  0.28433  0.286337  0.765302  0.987079  1.05798  4
8000  78606  0.28791  0.278021  0.768372  0.989428  1.09687  4
8100  79225  0.286402  0.279045  0.767522  0.989099  1.09513  4
8200  78590  0.276433  0.273384  0.768988  0.989767  1.13254  4
8300  78357  0.278282  0.273194  0.771192  0.988352  1.16676  4
8400  78001  0.285524  0.27371  0.770542  0.989076  1.12737  4
8500  78014  0.285465  0.278883  0.770026  0.988212  1.16374  4
8600  79573  0.284595  0.278113  0.76953  0.988422  1.2025  4
8700  79603  0.283132  0.27745  0.770238  0.98899  1.18684  4
8800  79258  0.287369  0.27623  0.772956  0.989624  1.14996  4
8900  79687  0.290148  0.274933  0.772156  0.990636  1.18693  4
9000  78816  0.29058  0.275738  0.77055  0.989337  1.21402  4
9100  78647  0.277418  0.273028  0.768881  0.987525  1.24929  4
9200  77838  0.263703  0.275784  0.769812  0.987109  1.24826  4
9300  78512  0.27662  0.280802  0.770617  0.988918  1.28223  4
9400  79335  0.290066  0.280701  0.769968  0.990169  1.27703  4
9500  78551  0.283091  0.283031  0.772415  0.991403  1.29227  4
9600  79700  0.289439  0.275492  0.771888  0.992138  1.24824  4
9700  77655  0.269665  0.27934  0.771822  0.991883  1.25892  4
9800  79322  0.291519  0.282093  0.772645  0.992283  1.28356  4
9900  78679  0.275483  0.278155  0.771741  0.991279  1.2278  4
