t meta_n emi  mean_info  tr1  tr2  tr3  strategy
0  105378  0.100344  0.49707  0.900017  0.000777267  2.18191e-05  4
100  79641  0.190608  0.730639  0.666952  0.0976154  -0.00457579  4
200  79837  0.267285  0.774451  0.572168  0.159347  -0.0102255  4
300  81180  0.276373  0.784922  0.571091  0.197006  -0.0189923  4
400  80546  0.271793  0.775881  0.577091  0.236991  -0.0472697  4
500  80802  0.273531  0.775369  0.581167  0.2409  -0.0709282  4
600  79653  0.273932  0.768619  0.584305  0.262612  -0.0553634  4
700  80016  0.274776  0.758724  0.580709  0.273303  -0.0597171  4
800  79975  0.269534  0.76383  0.583554  0.275601  -0.0478746  4
900  79613  0.269038  0.767675  0.588478  0.289351  -0.054013  4
1000  80628  0.270775  0.767348  0.593624  0.301945  -0.0912798  4
1100  80240  0.270113  0.773883  0.597788  0.317068  -0.127884  4
1200  80543  0.275007  0.763482  0.599519  0.338978  -0.100682  4
1300  79368  0.276556  0.75303  0.59449  0.343816  -0.0870612  4
1400  80706  0.272524  0.745889  0.597565  0.344773  -0.104648  4
1500  79439  0.263057  0.749971  0.601959  0.338834  -0.138734  4
1600  80283  0.261756  0.74658  0.602095  0.323173  -0.149256  4
1700  80262  0.271288  0.739479  0.588807  0.312365  -0.149656  4
1800  78011  0.265781  0.745016  0.587142  0.311839  -0.144811  4
1900  79477  0.266457  0.753546  0.58537  0.304553  -0.171918  4
2000  78867  0.259189  0.753219  0.594611  0.315659  -0.193201  4
2100  79384  0.265015  0.742694  0.58928  0.307886  -0.181896  4
2200  80266  0.271788  0.75265  0.586682  0.302627  -0.169107  4
2300  80146  0.269202  0.745077  0.594114  0.333411  -0.181659  4
2400  79852  0.263753  0.740079  0.597951  0.331906  -0.19353  4
2500  80540  0.259017  0.749731  0.597895  0.32388  -0.183966  4
2600  80006  0.267682  0.749287  0.592251  0.328335  -0.237272  4
2700  79386  0.263274  0.76339  0.592321  0.32337  -0.290765  4
2800  80615  0.268242  0.770974  0.59186  0.320078  -0.310397  4
2900  80388  0.263868  0.766919  0.591239  0.318839  -0.305633  4
3000  80266  0.265619  0.772924  0.59436  0.294774  -0.326324  4
3100  80713  0.26119  0.773229  0.590375  0.293206  -0.354737  4
3200  79799  0.249724  0.760649  0.598847  0.311018  -0.359259  4
3300  80084  0.253623  0.76167  0.59568  0.312748  -0.328967  4
3400  79246  0.248808  0.75965  0.600211  0.329878  -0.313626  4
3500  80630  0.262546  0.760585  0.593361  0.332954  -0.280097  4
3600  80836  0.263606  0.743649  0.596478  0.343964  -0.271533  4
3700  79710  0.254513  0.730323  0.594811  0.342223  -0.235641  4
3800  80938  0.266091  0.727317  0.595967  0.343163  -0.235697  4
3900  80554  0.259015  0.726096  0.600068  0.359093  -0.196502  4
4000  81599  0.260761  0.723765  0.598543  0.347366  -0.194326  4
4100  80911  0.25091  0.730084  0.59737  0.333694  -0.180495  4
4200  81719  0.259062  0.736689  0.597127  0.318664  -0.19379  4
4300  81201  0.259385  0.738889  0.596489  0.314089  -0.123231  4
4400  80649  0.254862  0.738602  0.597114  0.322633  -0.110008  4
4500  80813  0.265609  0.730595  0.589903  0.309151  -0.1001  4
4600  80185  0.255614  0.726311  0.593703  0.326367  -0.123013  4
4700  80675  0.258286  0.715904  0.590625  0.32447  -0.11482  4
4800  80107  0.245154  0.720167  0.596503  0.329838  -0.0513602  4
4900  80157  0.258828  0.718675  0.594583  0.330419  -0.054779  4
5000  80551  0.255861  0.724421  0.600587  0.331523  -0.0483775  4
5100  80007  0.248144  0.729608  0.596691  0.322105  -0.0077804  4
5200  80051  0.250141  0.724839  0.598519  0.338081  -0.0105734  4
5300  80047  0.246698  0.727972  0.601982  0.336986  -0.0476548  4
5400  79359  0.244856  0.734999  0.603451  0.336774  -0.10323  4
5500  80756  0.255891  0.731347  0.602492  0.340591  -0.0946941  4
5600  79914  0.248146  0.726444  0.6028  0.349101  -0.181189  4
5700  80365  0.253094  0.719337  0.605889  0.364637  -0.209417  4
5800  79736  0.252652  0.719126  0.604576  0.373869  -0.294946  4
5900  81110  0.256156  0.725454  0.608718  0.38539  -0.291712  4
6000  80999  0.256386  0.726751  0.60592  0.371588  -0.284847  4
6100  81066  0.260216  0.722216  0.604806  0.375381  -0.361596  4
6200  79199  0.253981  0.711257  0.608204  0.37569  -0.340155  4
6300  80517  0.252996  0.707193  0.607558  0.377883  -0.308078  4
6400  79872  0.246766  0.695913  0.607459  0.384443  -0.321856  4
6500  80711  0.253145  0.687722  0.604685  0.391385  -0.305117  4
6600  80603  0.255248  0.687779  0.600968  0.381322  -0.318884  4
6700  80257  0.253606  0.683267  0.604299  0.404352  -0.330503  4
6800  81062  0.259851  0.686629  0.607692  0.410816  -0.332133  4
6900  80944  0.258602  0.681586  0.61141  0.413317  -0.329011  4
7000  81166  0.254011  0.675607  0.608969  0.420809  -0.310866  4
7100  79665  0.252583  0.663914  0.608189  0.426415  -0.32075  4
7200  80212  0.250541  0.667622  0.607488  0.427212  -0.351974  4
7300  80494  0.255821  0.672735  0.607131  0.414276  -0.327984  4
7400  80544  0.25201  0.677898  0.606153  0.411071  -0.380361  4
7500  81287  0.254826  0.671512  0.609749  0.424857  -0.422042  4
7600  80379  0.248703  0.669248  0.612196  0.434052  -0.43668  4
7700  79815  0.247726  0.672752  0.611596  0.430382  -0.405493  4
7800  80866  0.248839  0.664081  0.611208  0.423965  -0.313124  4
7900  79874  0.256591  0.664245  0.609631  0.432231  -0.367637  4
8000  79882  0.246998  0.668276  0.609178  0.428676  -0.366985  4
8100  80751  0.250856  0.667942  0.609164  0.424874  -0.363337  4
8200  80564  0.251506  0.671022  0.611765  0.427224  -0.352068  4
8300  79901  0.254893  0.66975  0.610582  0.428716  -0.343391  4
8400  80480  0.257004  0.669422  0.605781  0.409404  -0.320648  4
8500  80267  0.255382  0.673256  0.610316  0.422693  -0.260524  4
8600  80542  0.244328  0.666966  0.612598  0.430026  -0.297708  4
8700  79483  0.251586  0.667447  0.61559  0.441637  -0.280957  4
8800  80641  0.251215  0.665198  0.614052  0.437079  -0.285102  4
8900  80943  0.252434  0.663381  0.616181  0.446686  -0.280224  4
9000  80937  0.250209  0.664289  0.613446  0.42946  -0.308445  4
9100  80902  0.251629  0.664095  0.612177  0.420247  -0.256939  4
9200  80695  0.246436  0.66983  0.613593  0.419046  -0.261775  4
9300  79578  0.24014  0.66731  0.615653  0.433054  -0.331705  4
9400  80687  0.254239  0.650313  0.615537  0.436244  -0.342943  4
9500  80914  0.24857  0.650442  0.617476  0.441878  -0.297847  4
9600  79633  0.244868  0.654241  0.618363  0.442382  -0.298722  4
9700  79563  0.232815  0.647776  0.616633  0.429821  -0.343113  4
9800  81144  0.248698  0.647835  0.617152  0.439459  -0.335332  4
9900  80599  0.243804  0.641085  0.616175  0.439968  -0.318747  4
