t meta_n emi  mean_info  tr1  tr2  tr3  strategy
0  103203  0.098328  0.492517  0.900056  0.000793754  -3.1241e-05  4
100  75310  0.187309  0.335929  0.599186  0.0843609  -0.00149168  4
200  76499  0.297328  0.194474  0.462089  0.147948  -0.0142119  4
300  76271  0.319135  0.132014  0.441961  0.189279  0.000363021  4
400  76383  0.341222  0.108762  0.433275  0.239229  -0.0270106  4
500  76674  0.351826  0.0988869  0.433236  0.275281  -0.034019  4
600  77436  0.357569  0.0853742  0.426073  0.283957  -0.0139297  4
700  76660  0.364866  0.0767061  0.419578  0.299289  -0.0405608  4
800  76063  0.363639  0.0747127  0.423315  0.309945  -0.0519335  4
900  76500  0.365569  0.0746791  0.426777  0.316542  -0.040924  4
1000  76756  0.360472  0.0751057  0.432792  0.321997  -0.0132677  4
1100  77244  0.357498  0.0777373  0.442249  0.342109  0.0220446  4
1200  76675  0.354862  0.077995  0.442618  0.343366  0.0159727  4
1300  76861  0.356311  0.0804014  0.451391  0.372551  -0.0166034  4
1400  77134  0.353186  0.0749295  0.456131  0.398304  0.00297734  4
1500  76015  0.358506  0.0710247  0.453219  0.390584  0.00215711  4
1600  76031  0.364534  0.0682501  0.447615  0.395129  0.021422  4
1700  76537  0.361881  0.069447  0.452476  0.390883  -0.0460052  4
1800  75872  0.362114  0.0642486  0.44936  0.394476  -0.0326218  4
1900  77116  0.357984  0.0630083  0.452304  0.403151  -0.00350445  4
2000  75980  0.356595  0.058209  0.455597  0.406877  -0.0189736  4
2100  76582  0.356662  0.0611073  0.453475  0.402157  -0.0128076  4
2200  76283  0.36059  0.0641892  0.452065  0.397079  0.0384208  4
2300  76197  0.344157  0.0614554  0.460409  0.399728  0.110283  4
2400  75750  0.343163  0.0617611  0.462336  0.415532  0.135986  4
2500  76464  0.345007  0.0568284  0.460169  0.414491  0.081767  4
2600  77466  0.351143  0.0576934  0.457636  0.40434  0.0342228  4
2700  77442  0.354389  0.0541891  0.453534  0.394876  0.0108574  4
2800  77287  0.357948  0.0564051  0.445574  0.384947  0.0660194  4
2900  76525  0.353811  0.051605  0.44709  0.399659  0.0549919  4
3000  76738  0.345299  0.0511258  0.451176  0.403757  0.0214915  4
3100  77319  0.355625  0.0484743  0.448192  0.393539  0.0906457  4
3200  77189  0.349475  0.045784  0.444005  0.381053  0.0962612  4
3300  76188  0.353012  0.0528725  0.437615  0.366321  0.105736  4
3400  75938  0.351191  0.0440658  0.436374  0.362334  0.10065  4
3500  75915  0.349412  0.0421252  0.435996  0.365635  0.119312  4
3600  76924  0.358806  0.0408011  0.432158  0.37201  0.0579102  4
3700  76484  0.347132  0.0420052  0.437819  0.377068  0.0773334  4
3800  76517  0.348816  0.0386838  0.441016  0.394843  0.0772991  4
3900  76766  0.362128  0.0364306  0.434841  0.391788  0.108537  4
4000  76909  0.35318  0.0315179  0.436303  0.38877  0.14696  4
4100  76576  0.34946  0.0344037  0.437443  0.385029  0.137795  4
4200  76438  0.350279  0.0335376  0.434474  0.37627  0.142696  4
4300  76104  0.345463  0.0343074  0.436239  0.381073  0.139348  4
4400  76587  0.34721  0.0318972  0.432057  0.359055  0.101952  4
4500  76909  0.351979  0.0326613  0.426957  0.341597  0.11823  4
4600  77151  0.352916  0.0339125  0.431235  0.359628  0.0857501  4
4700  76092  0.347444  0.033208  0.426994  0.344923  0.0181741  4
4800  75232  0.354116  0.0325371  0.421922  0.341334  0.0485321  4
4900  77053  0.360947  0.0331576  0.420876  0.34296  0.0445444  4
5000  77040  0.358007  0.0328164  0.423979  0.35302  0.0691844  4
5100  76875  0.362221  0.0342755  0.427364  0.369315  0.0541791  4
5200  77104  0.36417  0.03357  0.419538  0.355096  0.10998  4
5300  77364  0.367283  0.0293145  0.418879  0.350683  0.144303  4
5400  77377  0.355549  0.0316757  0.422461  0.351998  0.159307  4
5500  77396  0.369047  0.0273958  0.41586  0.330485  0.14784  4
5600  76166  0.354879  0.0238021  0.413696  0.311582  0.185204  4
5700  77360  0.358971  0.025806  0.414511  0.312914  0.176103  4
5800  76101  0.362296  0.0244071  0.411109  0.31673  0.213476  4
5900  75706  0.357892  0.0224047  0.414972  0.342779  0.301397  4
6000  76969  0.355982  0.0220471  0.414246  0.34166  0.318722  4
6100  77115  0.363111  0.0232617  0.414602  0.334763  0.302004  4
6200  77416  0.358359  0.0267123  0.417415  0.33066  0.353553  4
6300  76171  0.355275  0.0242532  0.418858  0.332822  0.397689  4
6400  77244  0.357927  0.0281759  0.422459  0.348475  0.402331  4
6500  76376  0.363051  0.0305617  0.422897  0.348982  0.424074  4
6600  77126  0.359304  0.0303114  0.427359  0.361554  0.449483  4
6700  77508  0.359218  0.0268622  0.423984  0.345133  0.466387  4
6800  75481  0.353459  0.0283344  0.420974  0.330881  0.446393  4
6900  75815  0.358406  0.0223747  0.415722  0.337685  0.457843  4
7000  76404  0.355378  0.0198734  0.417821  0.333623  0.43865  4
7100  77595  0.359717  0.019764  0.415334  0.332698  0.446212  4
7200  76806  0.350659  0.0160532  0.420366  0.356073  0.464191  4
7300  76240  0.352553  0.0154388  0.41928  0.344824  0.455099  4
7400  76078  0.351619  0.0163506  0.417846  0.347566  0.453902  4
7500  76881  0.353928  0.0129313  0.416421  0.349118  0.481145  4
7600  76158  0.356228  0.0164654  0.418071  0.354284  0.454942  4
7700  76114  0.354732  0.0168642  0.418189  0.359194  0.419694  4
7800  77005  0.367764  0.0149499  0.415948  0.360947  0.471808  4
7900  76991  0.357863  0.0135251  0.412834  0.337157  0.483865  4
8000  76202  0.352796  0.0128486  0.408898  0.324368  0.504028  4
8100  75987  0.352659  0.0154397  0.409422  0.32243  0.503806  4
8200  77400  0.361245  0.0175555  0.412031  0.332934  0.527282  4
8300  76789  0.356909  0.0187367  0.412194  0.338469  0.514185  4
8400  77191  0.354377  0.0179462  0.412789  0.337264  0.516109  4
8500  77154  0.358047  0.0163164  0.413092  0.350721  0.499432  4
8600  76979  0.358909  0.0190353  0.415907  0.372188  0.584671  4
8700  76717  0.363817  0.0176419  0.415094  0.363795  0.563678  4
8800  75680  0.352152  0.0138611  0.414665  0.366065  0.525494  4
8900  77081  0.363594  0.0115767  0.417073  0.380284  0.545124  4
9000  76265  0.358331  0.0131876  0.419043  0.388881  0.538428  4
9100  78024  0.36146  0.00934838  0.415818  0.372958  0.535497  4
9200  76610  0.356102  0.0087306  0.415453  0.381023  0.529871  4
9300  76596  0.361237  0.00731017  0.415421  0.373602  0.515353  4
9400  77200  0.357672  0.00793733  0.413265  0.368736  0.507934  4
9500  76571  0.34982  0.00715429  0.413428  0.367483  0.479544  4
9600  76926  0.351432  0.00601631  0.412954  0.365333  0.484588  4
9700  75941  0.356414  0.00572761  0.411702  0.363617  0.517568  4
9800  76820  0.360082  0.00626786  0.414213  0.366943  0.566988  4
9900  77248  0.352069  0.00517462  0.414407  0.361106  0.54877  4
