t meta_n emi  mean_info  tr1  tr2  tr3  strategy
0  103363  0.09888  0.496805  0.899994  0.000739558  6.86049e-05  4
100  75592  0.186168  0.379954  0.603279  0.084416  0.005026  4
200  76002  0.292515  0.244667  0.473318  0.154731  0.00643986  4
300  76293  0.316632  0.170404  0.453022  0.196306  -0.0116373  4
400  76188  0.337053  0.128373  0.441137  0.238241  -0.0101118  4
500  76154  0.345231  0.114718  0.430224  0.255887  0.00468788  4
600  77071  0.356259  0.111808  0.438353  0.288324  0.00958382  4
700  76021  0.347098  0.10648  0.448081  0.321067  0.00556123  4
800  77289  0.353274  0.102337  0.453166  0.339461  0.0322106  4
900  76966  0.343891  0.100233  0.457626  0.34635  0.0342811  4
1000  77304  0.348569  0.0990665  0.456482  0.362221  0.00786  4
1100  76357  0.356366  0.0958096  0.4536  0.358405  0.0464037  4
1200  75641  0.360126  0.0942097  0.451057  0.365893  0.0587787  4
1300  76390  0.348434  0.102413  0.468335  0.399902  0.107719  4
1400  76727  0.347088  0.0968536  0.473585  0.420848  0.111406  4
1500  77416  0.34486  0.0973982  0.475995  0.417609  0.126121  4
1600  76948  0.352163  0.0892743  0.480213  0.433704  0.101052  4
1700  76556  0.352  0.0913922  0.480997  0.444384  0.0821048  4
1800  77132  0.356838  0.0897405  0.480581  0.448768  0.0663532  4
1900  75738  0.345254  0.0913788  0.49332  0.458942  0.108232  4
2000  77856  0.346658  0.0912172  0.493519  0.454178  0.134647  4
2100  77937  0.347062  0.0902546  0.494253  0.451285  0.114979  4
2200  76835  0.345013  0.09357  0.495743  0.475327  0.0856414  4
2300  77127  0.344951  0.093821  0.493818  0.471887  0.0682128  4
2400  77257  0.34575  0.0899556  0.498435  0.474788  0.0635152  4
2500  76857  0.345547  0.0887036  0.499763  0.483216  0.0474683  4
2600  77290  0.347638  0.0919702  0.496535  0.475911  0.0388707  4
2700  76249  0.348047  0.092988  0.491508  0.468875  0.0492967  4
2800  77306  0.346945  0.0898134  0.494998  0.476042  0.0786232  4
2900  76812  0.346074  0.0832726  0.504702  0.49232  0.0724042  4
3000  78116  0.342644  0.0856224  0.50828  0.498737  0.0583015  4
3100  76468  0.336914  0.0841926  0.51086  0.494455  0.00511899  4
3200  77170  0.336253  0.0836592  0.515723  0.513648  0.00451297  4
3300  76039  0.342728  0.0897583  0.51754  0.524278  -0.0484583  4
3400  77225  0.338052  0.0907885  0.5225  0.536926  -0.0553026  4
3500  77113  0.345347  0.0985169  0.530992  0.562374  -0.0785866  4
3600  76622  0.335284  0.110213  0.531132  0.55099  -0.0656441  4
3700  77758  0.335243  0.109145  0.537647  0.563367  -0.0647815  4
3800  76512  0.339221  0.103738  0.527848  0.552054  -0.0469126  4
3900  76611  0.328867  0.106859  0.538511  0.570976  0.0107208  4
4000  77872  0.342041  0.0999057  0.541672  0.569064  0.0577368  4
4100  77420  0.324142  0.105902  0.556094  0.597043  0.0913693  4
4200  76203  0.313786  0.108508  0.554626  0.584166  0.0849077  4
4300  77534  0.329723  0.110366  0.556759  0.591239  0.110903  4
4400  77262  0.328884  0.107898  0.555073  0.595955  0.117059  4
4500  77847  0.328402  0.112493  0.559611  0.598934  0.0852926  4
4600  76369  0.321468  0.111845  0.555778  0.592877  0.0185556  4
4700  77643  0.323164  0.0969522  0.562256  0.603824  -0.0301811  4
4800  76344  0.323442  0.101508  0.560148  0.605646  -0.057606  4
4900  77710  0.327895  0.104348  0.55894  0.612508  -0.0824928  4
5000  77420  0.335895  0.107708  0.566188  0.631766  -0.0517676  4
5100  78349  0.331904  0.100836  0.561768  0.621687  -0.128297  4
5200  77454  0.332214  0.10296  0.57378  0.652616  -0.0930082  4
5300  76574  0.327773  0.106452  0.583011  0.675052  -0.0433909  4
5400  76653  0.324436  0.105289  0.589181  0.694488  -0.041856  4
5500  77242  0.331168  0.100894  0.586183  0.683722  -0.0311792  4
5600  77133  0.323904  0.106166  0.592944  0.696654  0.0225532  4
5700  77780  0.321613  0.104512  0.602508  0.71787  0.0668853  4
5800  77223  0.324272  0.106422  0.597337  0.711042  0.0914231  4
5900  76588  0.326653  0.106736  0.600007  0.720745  0.0909463  4
6000  77454  0.334035  0.111001  0.607101  0.74197  0.091178  4
6100  77398  0.329441  0.108271  0.608505  0.750835  0.080715  4
6200  77625  0.330018  0.0977956  0.598115  0.728925  0.00708113  4
6300  77891  0.330409  0.105132  0.598406  0.727008  0.0201985  4
6400  77446  0.337276  0.108935  0.606987  0.7515  0.0442096  4
6500  78408  0.331703  0.106415  0.609164  0.757834  0.0193774  4
6600  77648  0.321329  0.0992256  0.607985  0.750792  0.030668  4
6700  77976  0.330277  0.0969622  0.610748  0.753582  0.0194883  4
6800  77674  0.328175  0.101541  0.612274  0.755285  0.0615659  4
6900  77476  0.330503  0.100713  0.602726  0.732971  -0.0012701  4
7000  77219  0.328973  0.103962  0.607962  0.745585  0.0587766  4
7100  77794  0.328057  0.104814  0.611689  0.755426  0.0922288  4
7200  77720  0.321997  0.102545  0.618626  0.768354  0.139311  4
7300  76411  0.32573  0.104471  0.622701  0.774775  0.177861  4
7400  77232  0.32007  0.106117  0.627816  0.779387  0.144469  4
7500  78201  0.340074  0.104525  0.629164  0.782418  0.149626  4
7600  77867  0.330916  0.094252  0.623215  0.766151  0.112019  4
7700  78914  0.333934  0.105053  0.631846  0.781822  0.0891642  4
7800  77346  0.325323  0.102642  0.624834  0.765369  0.0416669  4
7900  77334  0.324009  0.0961175  0.62141  0.758744  0.0666284  4
8000  77644  0.326754  0.0999712  0.62525  0.775463  0.0463788  4
8100  76369  0.334094  0.100421  0.622135  0.771648  0.0411414  4
8200  77847  0.341975  0.100288  0.62327  0.76749  0.0321598  4
8300  78465  0.337471  0.0980907  0.618556  0.757498  0.038506  4
8400  77680  0.332439  0.0943309  0.623148  0.769619  0.0589958  4
8500  78359  0.341902  0.087022  0.621792  0.77174  0.0715685  4
8600  76471  0.329901  0.0953567  0.619817  0.75983  0.0771648  4
8700  77139  0.325357  0.0945167  0.623624  0.773879  0.117443  4
8800  76996  0.33043  0.0859895  0.624277  0.776167  0.112934  4
8900  77545  0.339239  0.0871741  0.6259  0.778247  0.150216  4
9000  77647  0.328553  0.0906483  0.618719  0.761383  0.105675  4
9100  77957  0.335472  0.0982399  0.627733  0.784346  0.137487  4
9200  76804  0.333091  0.09855  0.625126  0.775553  0.103499  4
9300  77728  0.336788  0.0994292  0.621038  0.765833  0.10976  4
9400  78595  0.334525  0.0959675  0.617204  0.750416  0.15501  4
9500  77179  0.331443  0.0926108  0.614493  0.737941  0.116891  4
9600  77102  0.331202  0.105145  0.615964  0.741848  0.142444  4
9700  76984  0.338899  0.101294  0.607234  0.723231  0.111035  4
9800  76509  0.33993  0.0884525  0.598744  0.700101  0.119511  4
9900  77359  0.336027  0.08296  0.605723  0.715947  0.143889  4
