t meta_n emi  mean_info  tr1  tr2  tr3  strategy
0  103803  0.099984  0.498227  0.899978  0.000788116  -2.4399e-05  4
100  75746  0.182734  0.508865  0.626087  0.076089  -0.000618061  4
200  76111  0.270183  0.399343  0.504672  0.157509  -0.0187506  4
300  76353  0.288063  0.311312  0.488728  0.211173  -0.0188989  4
400  76400  0.306179  0.253806  0.486254  0.26706  -0.0136759  4
500  77598  0.322346  0.239415  0.49088  0.330165  -0.0022009  4
600  76691  0.324877  0.220073  0.489657  0.355773  0.00983919  4
700  75934  0.325808  0.201456  0.492941  0.393071  0.0208341  4
800  77410  0.334443  0.184869  0.498258  0.415008  0.00805746  4
900  76761  0.337255  0.194758  0.507457  0.446759  0.013866  4
1000  76981  0.339227  0.188525  0.513067  0.468734  0.0343221  4
1100  77968  0.33387  0.19834  0.528747  0.512272  0.0390342  4
1200  77275  0.336333  0.200064  0.529987  0.502948  0.0601922  4
1300  78879  0.339935  0.206518  0.540309  0.519805  0.106171  4
1400  77292  0.3232  0.195919  0.546775  0.525162  0.0702392  4
1500  76482  0.323517  0.198124  0.551592  0.537567  0.133189  4
1600  76054  0.314818  0.19991  0.559946  0.547127  0.132276  4
1700  78356  0.3266  0.205478  0.571316  0.581725  0.145235  4
1800  78114  0.321865  0.201655  0.56963  0.579341  0.138619  4
1900  77537  0.318044  0.205473  0.577381  0.588296  0.136991  4
2000  76937  0.31841  0.198145  0.578114  0.60467  0.137719  4
2100  77375  0.319274  0.210628  0.591022  0.62621  0.199592  4
2200  77197  0.316184  0.217148  0.600213  0.635256  0.231378  4
2300  78529  0.312942  0.212273  0.605725  0.659596  0.255224  4
2400  77826  0.304453  0.207534  0.614345  0.670369  0.283047  4
2500  79359  0.310029  0.204287  0.621818  0.690056  0.327432  4
2600  76721  0.300306  0.206932  0.611393  0.674935  0.274867  4
2700  76801  0.305219  0.221313  0.613027  0.672218  0.247904  4
2800  77730  0.312155  0.219956  0.616908  0.685095  0.313338  4
2900  78505  0.311979  0.215012  0.623205  0.695118  0.364695  4
3000  77608  0.310092  0.207493  0.620831  0.700028  0.354674  4
3100  77567  0.319574  0.204808  0.623031  0.704151  0.331985  4
3200  78006  0.312236  0.203293  0.623038  0.695364  0.298  4
3300  78310  0.315093  0.209983  0.625621  0.699439  0.333665  4
3400  78297  0.31598  0.203128  0.627481  0.714037  0.371285  4
3500  78377  0.306782  0.201734  0.640817  0.748825  0.357365  4
3600  77985  0.308797  0.207094  0.652245  0.781822  0.361282  4
3700  77577  0.305001  0.202713  0.655494  0.789007  0.372991  4
3800  78726  0.311557  0.197843  0.656948  0.78872  0.352315  4
3900  78131  0.311689  0.202607  0.658419  0.789325  0.369242  4
4000  77819  0.307024  0.206461  0.669825  0.809965  0.378617  4
4100  77203  0.300853  0.208133  0.666751  0.798602  0.436778  4
4200  77411  0.295481  0.207255  0.669995  0.802223  0.430345  4
4300  78196  0.305234  0.216726  0.682151  0.828858  0.50065  4
4400  77983  0.299376  0.217931  0.689648  0.84736  0.545517  4
4500  78183  0.299413  0.215886  0.696816  0.868053  0.560928  4
4600  77769  0.294702  0.220827  0.698241  0.872423  0.567128  4
4700  78394  0.292581  0.205213  0.696738  0.860809  0.600915  4
4800  78055  0.304966  0.216709  0.699845  0.871387  0.591971  4
4900  77935  0.305113  0.206427  0.694184  0.860838  0.584167  4
5000  77100  0.29693  0.203567  0.693968  0.86165  0.599834  4
5100  77127  0.301591  0.209333  0.693266  0.860478  0.624172  4
5200  77719  0.305357  0.210149  0.692885  0.862666  0.612204  4
5300  78337  0.310922  0.20608  0.694389  0.869211  0.62345  4
5400  77770  0.302474  0.199388  0.695368  0.872514  0.567054  4
5500  78659  0.305866  0.210885  0.702822  0.889895  0.50169  4
5600  78056  0.299056  0.202433  0.70159  0.883432  0.492908  4
5700  79341  0.30643  0.200706  0.705101  0.886779  0.473724  4
5800  79067  0.304487  0.205687  0.709524  0.896666  0.497586  4
5900  77912  0.30893  0.20606  0.709367  0.896629  0.507702  4
6000  77376  0.304362  0.203307  0.715833  0.904312  0.440283  4
6100  78282  0.294907  0.206546  0.710799  0.902779  0.438312  4
6200  78040  0.302219  0.206433  0.706218  0.895659  0.493828  4
6300  79045  0.310639  0.215562  0.702147  0.88281  0.447766  4
6400  77956  0.304882  0.219972  0.708744  0.892414  0.478875  4
6500  77405  0.305294  0.204154  0.694906  0.856299  0.466166  4
6600  77340  0.296861  0.203071  0.693321  0.84313  0.419092  4
6700  78176  0.308865  0.203731  0.69046  0.839482  0.406711  4
6800  78176  0.313063  0.196914  0.686382  0.834285  0.406623  4
6900  77954  0.303355  0.195481  0.699418  0.861066  0.449644  4
7000  77612  0.314117  0.196268  0.701657  0.876949  0.485139  4
7100  77360  0.300161  0.202013  0.708955  0.898653  0.480889  4
7200  78361  0.311111  0.203738  0.715265  0.910306  0.495694  4
7300  78167  0.305443  0.197714  0.719795  0.920851  0.453618  4
7400  78261  0.299495  0.195777  0.726857  0.932563  0.466833  4
7500  77941  0.299668  0.196438  0.727401  0.934217  0.499712  4
7600  76816  0.307208  0.203914  0.731774  0.94811  0.478806  4
7700  76982  0.308046  0.191586  0.728759  0.940165  0.472142  4
7800  77832  0.295893  0.194259  0.732101  0.946855  0.480766  4
7900  77826  0.294573  0.19119  0.73452  0.956621  0.468249  4
8000  78574  0.309769  0.19581  0.737732  0.959579  0.446434  4
8100  78597  0.31481  0.198423  0.742647  0.971121  0.432855  4
8200  78647  0.304203  0.188605  0.741732  0.968812  0.466493  4
8300  77293  0.29035  0.190462  0.744616  0.970753  0.426626  4
8400  78405  0.301944  0.184657  0.739083  0.956005  0.447409  4
8500  78966  0.308733  0.184544  0.741092  0.958472  0.449242  4
8600  78763  0.29557  0.192736  0.744164  0.966268  0.492911  4
8700  77555  0.294258  0.192474  0.745529  0.970556  0.52564  4
8800  78424  0.297195  0.184632  0.743884  0.968496  0.52532  4
8900  77125  0.298206  0.17965  0.744562  0.970762  0.520121  4
9000  78094  0.298461  0.170989  0.74484  0.968562  0.517616  4
9100  78171  0.298327  0.182406  0.748023  0.977314  0.518066  4
9200  78528  0.299171  0.174598  0.747031  0.976701  0.529833  4
9300  78638  0.293586  0.180565  0.74806  0.976373  0.50294  4
9400  77843  0.29472  0.175373  0.751043  0.983011  0.545486  4
9500  78398  0.301041  0.173319  0.752891  0.987341  0.569291  4
9600  78908  0.302975  0.173617  0.750894  0.981463  0.546006  4
9700  78238  0.296074  0.167764  0.750504  0.980237  0.580178  4
9800  77703  0.300035  0.159634  0.750831  0.983644  0.597353  4
9900  78584  0.300118  0.156415  0.752742  0.987905  0.601836  4
