t meta_n emi  mean_info  tr1  tr2  tr3  strategy
0  103657  0.099032  0.48997  0.899971  0.000792251  0.000150789  4
100  74122  0.164997  0.294215  0.624654  0.0766054  0.00226092  4
200  75418  0.27984  0.171548  0.469953  0.144184  0.000229015  4
300  75193  0.322119  0.110395  0.437534  0.190446  -0.0053809  4
400  76628  0.34497  0.093119  0.422324  0.220571  -0.0156418  4
500  75982  0.36063  0.0738635  0.414155  0.262256  -0.0162371  4
600  76458  0.367399  0.0693803  0.419904  0.299953  -0.00646363  4
700  75799  0.35649  0.0684309  0.430694  0.33175  0.0311094  4
800  75436  0.372394  0.0671476  0.43327  0.363826  0.00683582  4
900  76046  0.352761  0.0658538  0.442414  0.3634  0.0218978  4
1000  77724  0.362602  0.0610446  0.440137  0.36251  0.0240662  4
1100  76461  0.358023  0.0608108  0.439441  0.355364  0.00112539  4
1200  76963  0.359975  0.0623823  0.434934  0.346561  -0.00108335  4
1300  76181  0.368799  0.0584646  0.424473  0.341647  0.0303369  4
1400  76478  0.369203  0.0554042  0.425658  0.330728  0.0222217  4
1500  77110  0.364708  0.0535786  0.42641  0.347125  -0.00445905  4
1600  76784  0.366548  0.0569405  0.431391  0.335918  0.0137643  4
1700  76538  0.360136  0.0534196  0.434045  0.357268  0.0451127  4
1800  76993  0.354797  0.055215  0.433831  0.346068  0.0384609  4
1900  76474  0.358857  0.0547241  0.431861  0.337357  0.0914866  4
2000  76041  0.356835  0.0527469  0.427975  0.334005  0.0732488  4
2100  76599  0.361631  0.0470694  0.440722  0.384248  0.117815  4
2200  74992  0.365453  0.0468054  0.433332  0.3782  0.1286  4
2300  76221  0.358666  0.0461189  0.442211  0.400122  0.123827  4
2400  76335  0.362092  0.0416915  0.438243  0.400973  0.0634129  4
2500  76424  0.367453  0.0443642  0.437752  0.404908  0.0477271  4
2600  75691  0.353501  0.0438663  0.446102  0.405033  0.0259827  4
2700  76449  0.364314  0.0389604  0.444762  0.419153  0.00792715  4
2800  76649  0.357072  0.0378228  0.446314  0.419907  0.0395486  4
2900  76894  0.35739  0.0353597  0.446508  0.418184  0.0741185  4
3000  76982  0.363184  0.0346662  0.439026  0.398106  0.106612  4
3100  76485  0.36012  0.0311093  0.440042  0.395614  0.110966  4
3200  77034  0.368822  0.0305706  0.437022  0.410339  0.0800986  4
3300  76642  0.360275  0.0305625  0.440532  0.400803  0.0917633  4
3400  76876  0.360332  0.0317226  0.44704  0.42028  0.0837251  4
3500  77357  0.367716  0.0328594  0.449413  0.430464  0.0764624  4
3600  76767  0.357161  0.0292734  0.451642  0.426686  0.10491  4
3700  77004  0.364344  0.0314995  0.445978  0.416889  0.13735  4
3800  77320  0.358116  0.0295993  0.446692  0.408944  0.157314  4
3900  77367  0.348447  0.0293871  0.441528  0.385719  0.17814  4
4000  77022  0.349998  0.0298743  0.44027  0.381105  0.240444  4
4100  76885  0.356548  0.0242002  0.439958  0.391047  0.205393  4
4200  75870  0.358716  0.0269965  0.435163  0.383768  0.218569  4
4300  75349  0.35495  0.0265366  0.430096  0.365031  0.31179  4
4400  77365  0.357791  0.024386  0.434461  0.387306  0.301897  4
4500  76848  0.359127  0.0264359  0.44068  0.399179  0.319735  4
4600  76581  0.355441  0.0254932  0.439767  0.398619  0.319643  4
4700  76936  0.34852  0.0247108  0.443644  0.398026  0.275311  4
4800  76229  0.366895  0.0219268  0.448266  0.421845  0.273498  4
4900  76614  0.35399  0.0220533  0.44847  0.418795  0.318132  4
5000  77680  0.363376  0.0237181  0.44581  0.42364  0.294884  4
5100  76327  0.355279  0.0210788  0.442934  0.40972  0.328332  4
5200  77163  0.351687  0.0206859  0.447769  0.412221  0.321072  4
5300  77475  0.354369  0.0180459  0.446708  0.408789  0.263277  4
5400  76719  0.351917  0.0158944  0.45317  0.430111  0.241308  4
5500  75597  0.347142  0.0146677  0.449959  0.418946  0.223761  4
5600  76685  0.351765  0.018392  0.453679  0.422248  0.222189  4
5700  75610  0.351014  0.0187647  0.44913  0.412422  0.230034  4
5800  76287  0.346817  0.0192626  0.44323  0.399149  0.203179  4
5900  76564  0.361744  0.0200352  0.442394  0.397655  0.193096  4
6000  76348  0.352006  0.0189187  0.440886  0.401133  0.210978  4
6100  76562  0.359592  0.0194729  0.441403  0.406751  0.179423  4
6200  77740  0.364168  0.0155994  0.433214  0.387157  0.208623  4
6300  76423  0.355462  0.0173748  0.430894  0.362956  0.173414  4
6400  76278  0.350578  0.0146894  0.430214  0.359939  0.181742  4
6500  76714  0.349507  0.0142004  0.427891  0.345592  0.188389  4
6600  76430  0.347366  0.0127003  0.432659  0.362911  0.228523  4
6700  76699  0.35686  0.0131413  0.42566  0.340058  0.190523  4
6800  77019  0.349989  0.0117538  0.420564  0.32266  0.18104  4
6900  77205  0.353243  0.0104239  0.415575  0.299323  0.190902  4
7000  76631  0.351376  0.0098531  0.414713  0.297964  0.227017  4
7100  75361  0.344358  0.00976457  0.414953  0.287408  0.164517  4
7200  76455  0.33996  0.0115151  0.415334  0.29012  0.161063  4
7300  76201  0.337322  0.0111226  0.416325  0.283878  0.186091  4
7400  77194  0.341713  0.00913057  0.413308  0.281562  0.163959  4
7500  77082  0.348532  0.0104621  0.412771  0.289346  0.172912  4
7600  77087  0.348976  0.0107455  0.415124  0.298215  0.206793  4
7700  77633  0.343814  0.00859745  0.410715  0.28014  0.20968  4
7800  76432  0.347209  0.00647298  0.409471  0.283559  0.164225  4
7900  76929  0.356277  0.00665475  0.406782  0.278553  0.237301  4
8000  76997  0.351287  0.00587584  0.4114  0.299516  0.262333  4
8100  77241  0.354835  0.00518819  0.410126  0.304294  0.22343  4
8200  76971  0.352854  0.00336697  0.413288  0.317609  0.238444  4
8300  76924  0.34904  0.00622016  0.420156  0.341662  0.262851  4
8400  77383  0.344836  0.00541502  0.423745  0.348741  0.287681  4
8500  77378  0.348252  0.00525159  0.423208  0.339214  0.25049  4
8600  75373  0.345712  0.0043538  0.423176  0.337565  0.229644  4
8700  77022  0.348157  0.00376551  0.420999  0.322025  0.243503  4
8800  77523  0.348299  0.00356165  0.416967  0.303849  0.237611  4
8900  76624  0.348795  0.00292291  0.417217  0.313196  0.261095  4
9000  77183  0.34026  0.00324855  0.414208  0.294474  0.175441  4
9100  76787  0.343392  0.0025065  0.415281  0.295641  0.201771  4
9200  76910  0.338719  0.00363588  0.412219  0.279392  0.211559  4
9300  75725  0.34468  0.00292998  0.413521  0.295142  0.262044  4
9400  76934  0.344901  0.00365391  0.414431  0.300987  0.280977  4
9500  76794  0.341906  0.00261102  0.415074  0.303017  0.285053  4
9600  77612  0.350059  0.00272253  0.412069  0.2838  0.257138  4
9700  77164  0.342377  0.00333802  0.409162  0.273772  0.228127  4
9800  76643  0.340602  0.00259252  0.408119  0.265083  0.213286  4
9900  76037  0.345609  0.00262707  0.411316  0.279719  0.244664  4
