t meta_n emi  mean_info  tr1  tr2  tr3  strategy
0  104686  0.102048  0.497718  0.900017  0.000820812  -2.48192e-05  4
100  79958  0.176183  0.758163  0.680956  0.088361  0.00821485  4
200  80591  0.263448  0.808325  0.581627  0.154495  0.0240134  4
300  80164  0.274118  0.804795  0.572649  0.193594  0.00177604  4
400  80369  0.279264  0.809407  0.574868  0.204374  -0.00941032  4
500  80319  0.266473  0.805845  0.581046  0.228022  -0.0147805  4
600  82093  0.279375  0.825161  0.586343  0.240024  0.0117605  4
700  81730  0.273503  0.826212  0.593925  0.262199  0.0108847  4
800  80520  0.259025  0.81819  0.591723  0.252981  0.0061939  4
900  79514  0.264972  0.821599  0.597758  0.264299  -0.014789  4
1000  80258  0.268468  0.816931  0.598277  0.293948  -0.00457077  4
1100  79498  0.259791  0.808852  0.608441  0.318969  -0.0188293  4
1200  79451  0.262134  0.804606  0.604899  0.318846  -0.0461726  4
1300  80364  0.26607  0.810179  0.600834  0.313606  -0.0877508  4
1400  79834  0.259967  0.808503  0.603615  0.309982  -0.086301  4
1500  80841  0.255961  0.801113  0.608908  0.314662  -0.0628051  4
1600  79881  0.258529  0.818161  0.612397  0.314733  -0.0648823  4
1700  80572  0.259891  0.812891  0.609732  0.313259  -0.0381222  4
1800  80520  0.260644  0.80852  0.609062  0.306679  -0.0793239  4
1900  80294  0.253602  0.815272  0.613213  0.308732  -0.0952299  4
2000  80181  0.266197  0.812764  0.608258  0.323196  -0.0808817  4
2100  80549  0.26371  0.813859  0.604078  0.314739  -0.0871084  4
2200  79319  0.26724  0.809649  0.603671  0.324319  -0.0725685  4
2300  81259  0.265503  0.795842  0.60406  0.32367  -0.100934  4
2400  79966  0.264026  0.792475  0.600124  0.320924  -0.0856752  4
2500  80151  0.263923  0.787947  0.600451  0.31914  -0.0925304  4
2600  80597  0.27004  0.785599  0.59676  0.310432  -0.068064  4
2700  80853  0.268559  0.800148  0.592024  0.305333  -0.0597535  4
2800  80007  0.260081  0.794731  0.594885  0.306216  -0.0684672  4
2900  80269  0.256116  0.805838  0.596057  0.303703  -0.0343893  4
3000  81381  0.265833  0.81581  0.59715  0.300716  -0.0515763  4
3100  81045  0.261786  0.817631  0.593365  0.297578  0.0140348  4
3200  80609  0.260222  0.816794  0.592981  0.288974  0.0117018  4
3300  80574  0.262514  0.80545  0.593213  0.296593  -0.0537419  4
3400  80892  0.261781  0.811542  0.600016  0.316031  -0.0825323  4
3500  81676  0.267456  0.80523  0.597738  0.299803  -0.159373  4
3600  80465  0.259014  0.812391  0.597584  0.303693  -0.219462  4
3700  80987  0.259229  0.805463  0.596783  0.306784  -0.189826  4
3800  80692  0.260871  0.801363  0.598323  0.312629  -0.206369  4
3900  80034  0.256033  0.801873  0.60067  0.317148  -0.232573  4
4000  80349  0.251646  0.805767  0.59535  0.305719  -0.251876  4
4100  81225  0.262682  0.807576  0.596023  0.292194  -0.214688  4
4200  81235  0.248251  0.808395  0.595788  0.284333  -0.259217  4
4300  80498  0.257634  0.81148  0.591095  0.275361  -0.244118  4
4400  81153  0.258988  0.812394  0.594869  0.266412  -0.271029  4
4500  81431  0.257122  0.818479  0.59039  0.259239  -0.258798  4
4600  80504  0.258282  0.828563  0.591522  0.26055  -0.229283  4
4700  80356  0.254684  0.831662  0.58866  0.250958  -0.263048  4
4800  81416  0.255956  0.829419  0.592503  0.249185  -0.24636  4
4900  81761  0.25008  0.827859  0.593239  0.241382  -0.32749  4
5000  81317  0.257061  0.842819  0.595973  0.257701  -0.341653  4
5100  81362  0.2482  0.843687  0.597607  0.250932  -0.339648  4
5200  80763  0.252929  0.828917  0.59966  0.278816  -0.416176  4
5300  80839  0.252242  0.829327  0.603234  0.288256  -0.450562  4
5400  81127  0.250163  0.828439  0.602034  0.28051  -0.436175  4
5500  80243  0.241415  0.835365  0.600693  0.272286  -0.459057  4
5600  79863  0.246997  0.827635  0.5972  0.278483  -0.439521  4
5700  81787  0.255823  0.828296  0.597758  0.270823  -0.437031  4
5800  81266  0.251904  0.82028  0.596437  0.267981  -0.465223  4
5900  79951  0.245314  0.817784  0.59781  0.278026  -0.440359  4
6000  80300  0.2499  0.82075  0.596104  0.271515  -0.393989  4
6100  80372  0.246209  0.814593  0.598072  0.268452  -0.388282  4
6200  80539  0.242846  0.809585  0.598943  0.267673  -0.471787  4
6300  81255  0.245978  0.799835  0.594894  0.269537  -0.455253  4
6400  80911  0.250015  0.790652  0.596198  0.286188  -0.460581  4
6500  80175  0.248048  0.790248  0.594363  0.296556  -0.444587  4
6600  81713  0.256814  0.792015  0.597943  0.300299  -0.47424  4
6700  80222  0.255428  0.786221  0.598832  0.304535  -0.467561  4
6800  80635  0.249935  0.790197  0.599829  0.301134  -0.466224  4
6900  80641  0.249417  0.779709  0.60146  0.304463  -0.432655  4
7000  79915  0.233834  0.775669  0.597526  0.302365  -0.408499  4
7100  80538  0.251296  0.774482  0.599167  0.303585  -0.418108  4
7200  80821  0.245465  0.772407  0.601156  0.301899  -0.400268  4
7300  80396  0.248261  0.781889  0.59786  0.287372  -0.375597  4
7400  80871  0.249882  0.788129  0.598337  0.278803  -0.36171  4
7500  80247  0.250649  0.784278  0.596667  0.277199  -0.347108  4
7600  80550  0.245348  0.790189  0.593895  0.26238  -0.388306  4
7700  81135  0.244353  0.787696  0.596209  0.275212  -0.38353  4
7800  81025  0.247827  0.787935  0.596455  0.281455  -0.391779  4
7900  81486  0.241658  0.789734  0.595303  0.272316  -0.413932  4
8000  80857  0.256512  0.79242  0.594771  0.269395  -0.391989  4
8100  80262  0.248289  0.793272  0.595974  0.274533  -0.445955  4
8200  80455  0.24225  0.791559  0.595075  0.270885  -0.434181  4
8300  81704  0.247253  0.792467  0.595242  0.276402  -0.413477  4
8400  80544  0.25101  0.794723  0.594003  0.27031  -0.434093  4
8500  81036  0.246207  0.796422  0.594162  0.257622  -0.392064  4
8600  81305  0.247245  0.790027  0.594784  0.259061  -0.380891  4
8700  79423  0.239441  0.786414  0.595057  0.257808  -0.377215  4
8800  80677  0.242068  0.781237  0.5977  0.255881  -0.406957  4
8900  81596  0.24817  0.790505  0.598209  0.259572  -0.383039  4
9000  80511  0.243968  0.792946  0.601114  0.284809  -0.355948  4
9100  80716  0.240616  0.79117  0.597996  0.268934  -0.365041  4
9200  80614  0.246325  0.788921  0.596938  0.262232  -0.339703  4
9300  80501  0.239248  0.788044  0.595036  0.258633  -0.325338  4
9400  79901  0.2459  0.782071  0.592792  0.254719  -0.283156  4
9500  80721  0.243758  0.772823  0.594439  0.268698  -0.28182  4
9600  80793  0.246057  0.774967  0.590775  0.251825  -0.221536  4
9700  81114  0.254294  0.777565  0.590485  0.251677  -0.16453  4
9800  80641  0.244961  0.789979  0.589056  0.237557  -0.225573  4
9900  81234  0.243481  0.785894  0.588958  0.24223  -0.177952  4
