t meta_n emi  mean_info  tr1  tr2  tr3  strategy
0  102692  0.098552  0.494238  0.899981  0.000735084  0.000115809  4
100  77462  0.186197  0.626674  0.638601  0.0861524  0.000542261  4
200  77879  0.268235  0.600722  0.532484  0.139936  -0.00269879  4
300  77814  0.281438  0.526615  0.5184  0.18841  -0.000325059  4
400  77930  0.293412  0.486033  0.515997  0.242698  -0.00431872  4
500  77992  0.299093  0.449781  0.520595  0.278577  0.0166796  4
600  78354  0.301645  0.441103  0.528253  0.330913  0.038829  4
700  78019  0.299113  0.422297  0.53692  0.372847  0.0148174  4
800  77690  0.303759  0.416737  0.542337  0.404867  0.0551908  4
900  77389  0.305153  0.40517  0.553604  0.444019  0.0492083  4
1000  78725  0.309079  0.401772  0.563821  0.485291  0.0479458  4
1100  78177  0.295803  0.39393  0.577203  0.520442  0.0415344  4
1200  77944  0.294294  0.408814  0.596868  0.553205  0.0386197  4
1300  77136  0.292952  0.398577  0.602409  0.579832  0.0484059  4
1400  78577  0.296307  0.402468  0.61277  0.60224  0.0406502  4
1500  78467  0.290214  0.398128  0.621015  0.619506  0.0844434  4
1600  78558  0.29673  0.38912  0.627945  0.647163  0.0921339  4
1700  78844  0.2971  0.379856  0.631009  0.661505  0.0549947  4
1800  78128  0.284404  0.381131  0.637808  0.673349  0.0393914  4
1900  78877  0.281555  0.373668  0.63562  0.644575  0.042923  4
2000  78916  0.293478  0.36476  0.633249  0.650418  0.0790504  4
2100  78890  0.288836  0.371998  0.631434  0.647725  0.0281692  4
2200  78520  0.288009  0.37778  0.640928  0.682693  0.01392  4
2300  78452  0.288972  0.368902  0.647821  0.684179  0.0968956  4
2400  78599  0.295034  0.369949  0.652542  0.699672  0.160332  4
2500  78684  0.285553  0.367642  0.661308  0.709927  0.131687  4
2600  79241  0.293835  0.364554  0.673732  0.740456  0.14416  4
2700  79641  0.280963  0.367656  0.678773  0.758621  0.169524  4
2800  79202  0.292782  0.356208  0.678351  0.763011  0.171385  4
2900  79275  0.289309  0.37038  0.685032  0.78401  0.164376  4
3000  78630  0.283001  0.372935  0.68836  0.787336  0.173908  4
3100  77194  0.2814  0.370318  0.695828  0.797731  0.180808  4
3200  78937  0.278366  0.363189  0.700607  0.809468  0.212644  4
3300  79175  0.276925  0.360675  0.710992  0.841221  0.24163  4
3400  79329  0.277094  0.350632  0.712196  0.850175  0.243801  4
3500  79627  0.287448  0.35666  0.715078  0.84499  0.274193  4
3600  78515  0.275398  0.345598  0.71932  0.855945  0.245365  4
3700  78879  0.27944  0.352182  0.720985  0.85392  0.251221  4
3800  77385  0.267786  0.35373  0.723914  0.85854  0.239398  4
3900  77931  0.275866  0.359432  0.724019  0.865873  0.280955  4
4000  78679  0.28298  0.350757  0.720647  0.859493  0.323443  4
4100  77452  0.271674  0.348858  0.718889  0.856068  0.309987  4
4200  78579  0.27482  0.348709  0.730898  0.880779  0.261527  4
4300  79361  0.282745  0.348727  0.732702  0.886405  0.273335  4
4400  78450  0.276177  0.336781  0.741333  0.901372  0.33301  4
4500  78740  0.265879  0.351307  0.750519  0.90816  0.281425  4
4600  78641  0.269699  0.346841  0.752595  0.918116  0.266816  4
4700  80034  0.283952  0.344979  0.75769  0.937096  0.305806  4
4800  78543  0.269701  0.334357  0.762419  0.941494  0.294748  4
4900  79476  0.284278  0.33369  0.757595  0.938006  0.332419  4
5000  79043  0.262753  0.328732  0.761794  0.939378  0.279975  4
5100  79365  0.28024  0.336759  0.766267  0.948443  0.280449  4
5200  79789  0.275942  0.335478  0.764171  0.949566  0.273247  4
5300  78628  0.26856  0.336679  0.769168  0.953327  0.304551  4
5400  79196  0.27245  0.342842  0.774595  0.962666  0.29069  4
5500  78863  0.275655  0.346408  0.777305  0.969648  0.279812  4
5600  78895  0.262575  0.338223  0.778371  0.970635  0.235582  4
5700  78669  0.272435  0.337395  0.778848  0.966393  0.318411  4
5800  78994  0.27236  0.333094  0.781697  0.968203  0.294565  4
5900  79280  0.264091  0.336141  0.780119  0.967322  0.273601  4
6000  78327  0.265101  0.335854  0.78064  0.969003  0.241427  4
6100  78803  0.269204  0.334716  0.780913  0.973533  0.312083  4
6200  79237  0.269135  0.333993  0.77923  0.9679  0.312023  4
6300  78672  0.273026  0.338729  0.780827  0.969648  0.389198  4
6400  80431  0.280138  0.338835  0.785294  0.974034  0.347756  4
6500  79874  0.275691  0.332155  0.785917  0.976446  0.385881  4
6600  79069  0.277836  0.327243  0.789803  0.980481  0.493883  4
6700  78548  0.260659  0.336583  0.789152  0.980038  0.547543  4
6800  79044  0.271657  0.330361  0.785276  0.975856  0.557646  4
6900  78645  0.26723  0.320771  0.786185  0.975674  0.542176  4
7000  79828  0.273282  0.328407  0.784405  0.980479  0.516943  4
7100  78254  0.266511  0.331467  0.78249  0.978654  0.500438  4
7200  79867  0.276633  0.335382  0.783876  0.980728  0.534266  4
7300  78979  0.270261  0.332538  0.783545  0.97979  0.539406  4
7400  78941  0.260265  0.329132  0.784629  0.980784  0.621913  4
7500  78851  0.264756  0.328096  0.785963  0.982525  0.663104  4
7600  79383  0.264006  0.33024  0.783975  0.978932  0.716656  4
7700  78405  0.263445  0.32613  0.782861  0.978226  0.674829  4
7800  79673  0.267729  0.326163  0.782557  0.978318  0.662006  4
7900  78866  0.264019  0.326399  0.782662  0.981285  0.688667  4
8000  78239  0.263281  0.319535  0.784592  0.982492  0.675311  4
8100  79146  0.262657  0.323117  0.78664  0.983466  0.680642  4
8200  80269  0.273787  0.321773  0.788481  0.986799  0.709242  4
8300  79087  0.273122  0.320946  0.788536  0.988357  0.762217  4
8400  79448  0.269279  0.325187  0.78925  0.99053  0.809779  4
8500  79070  0.263135  0.325518  0.788857  0.991597  0.720393  4
8600  78950  0.266164  0.324873  0.788696  0.992469  0.720456  4
8700  78752  0.263927  0.328717  0.788256  0.992185  0.774469  4
8800  78385  0.271079  0.325471  0.788191  0.992707  0.747897  4
8900  79022  0.276522  0.323591  0.790551  0.990824  0.851299  4
9000  78857  0.264606  0.32674  0.789928  0.991938  0.848581  4
9100  78749  0.271801  0.321559  0.78954  0.991221  0.86812  4
9200  79286  0.267974  0.322084  0.789812  0.991001  0.861533  4
9300  78227  0.273673  0.320275  0.791526  0.993471  0.913166  4
9400  78588  0.266537  0.321337  0.791508  0.993689  0.885106  4
9500  79616  0.27765  0.318012  0.789549  0.992171  0.846979  4
9600  79293  0.273534  0.315373  0.790952  0.993409  0.807927  4
9700  79531  0.269276  0.313015  0.790969  0.993868  0.703441  4
9800  79441  0.271654  0.312945  0.792298  0.994668  0.680332  4
9900  79389  0.276617  0.315914  0.792735  0.995427  0.729795  4
