t meta_n emi  mean_info  tr1  tr2  tr3  strategy
0  103545  0.099872  0.489588  0.899978  0.000751536  -2.92778e-05  4
100  74839  0.177416  0.303722  0.611835  0.0914098  -0.00268043  4
200  77236  0.291261  0.163541  0.462176  0.140598  0.0151819  4
300  75988  0.329211  0.110074  0.429426  0.186964  0.0235204  4
400  76041  0.341181  0.0870432  0.422734  0.232177  0.015631  4
500  76769  0.350255  0.0748521  0.42408  0.250856  -0.0136575  4
600  76096  0.351178  0.0710733  0.426082  0.280673  0.00513355  4
700  76853  0.355132  0.0707537  0.431489  0.313778  -0.0213926  4
800  76662  0.363393  0.0583377  0.428166  0.317069  -0.0129986  4
900  77206  0.35858  0.0612659  0.435385  0.336273  -0.0175206  4
1000  76074  0.348874  0.0623469  0.44851  0.346281  0.0210111  4
1100  76158  0.358077  0.0623278  0.437182  0.344239  0.0343214  4
1200  76622  0.353619  0.0640943  0.438163  0.343541  0.0299246  4
1300  77055  0.357065  0.0638673  0.430955  0.341464  0.0400587  4
1400  76212  0.364661  0.0623697  0.434036  0.354099  0.00548856  4
1500  76858  0.36191  0.0528588  0.434359  0.358543  0.023951  4
1600  76783  0.356006  0.053697  0.438972  0.357168  0.0126762  4
1700  75869  0.356239  0.0558264  0.436676  0.357633  0.0256164  4
1800  76691  0.357355  0.0486392  0.435349  0.354717  0.0619575  4
1900  76064  0.355567  0.0473528  0.436397  0.347373  0.0870178  4
2000  76879  0.350841  0.0424128  0.440683  0.348745  0.127638  4
2100  76461  0.36185  0.0430503  0.433415  0.341996  0.137343  4
2200  76853  0.354967  0.0440149  0.434837  0.342642  0.103563  4
2300  77205  0.360185  0.0397187  0.44082  0.365796  0.123835  4
2400  76714  0.358006  0.0389286  0.436767  0.368405  0.160351  4
2500  75978  0.363689  0.0394784  0.42975  0.345375  0.0778093  4
2600  77256  0.355058  0.0410142  0.438033  0.356103  0.131421  4
2700  76659  0.360165  0.0417193  0.432258  0.350661  0.140917  4
2800  76531  0.361347  0.044029  0.435268  0.357332  0.128645  4
2900  75770  0.3499  0.0415994  0.435806  0.358535  0.168567  4
3000  76331  0.358512  0.0353523  0.438042  0.366693  0.151575  4
3100  77354  0.355535  0.0336522  0.436218  0.366434  0.161861  4
3200  76857  0.350994  0.0362576  0.434411  0.342893  0.125482  4
3300  77111  0.347429  0.0347849  0.435601  0.331991  0.0883553  4
3400  76752  0.345002  0.0322115  0.432527  0.319495  0.0829768  4
3500  76876  0.346825  0.0293139  0.435769  0.333869  0.145375  4
3600  76223  0.34469  0.0279419  0.424118  0.31791  0.148604  4
3700  77308  0.355204  0.0257513  0.420281  0.320611  0.0635572  4
3800  78153  0.355637  0.0234008  0.417738  0.314649  0.0512014  4
3900  76425  0.345935  0.0277118  0.424937  0.314615  0.0481973  4
4000  78175  0.353652  0.030142  0.418693  0.299027  -0.0018837  4
4100  76830  0.352437  0.0266206  0.417051  0.286527  0.0217878  4
4200  76689  0.350971  0.0243325  0.412997  0.278057  0.0196152  4
4300  76451  0.347445  0.0226377  0.418467  0.291063  0.0279612  4
4400  77155  0.347265  0.0219279  0.425146  0.303306  0.0289682  4
4500  76605  0.348232  0.0226797  0.421737  0.29913  0.00673593  4
4600  76413  0.347433  0.0252048  0.428024  0.303509  0.00701856  4
4700  76723  0.352321  0.0194522  0.422547  0.308091  0.0114472  4
4800  75780  0.346865  0.0207013  0.416263  0.295275  -0.0121929  4
4900  76352  0.350505  0.0214655  0.41595  0.300644  0.00319106  4
5000  75963  0.347631  0.0228135  0.417527  0.299233  -0.0408337  4
5100  77093  0.346709  0.0198679  0.413352  0.283965  -0.0582004  4
5200  75956  0.353169  0.0195918  0.41141  0.280804  -0.061483  4
5300  76650  0.35452  0.0168503  0.410547  0.28324  0.0154412  4
5400  77259  0.352337  0.016837  0.409541  0.271661  0.00651977  4
5500  75577  0.354355  0.0177495  0.40579  0.273018  -0.0244446  4
5600  76835  0.355766  0.0141119  0.404742  0.27005  -0.0114697  4
5700  77157  0.351029  0.0127787  0.402392  0.25498  -0.0406226  4
5800  76321  0.353075  0.0120129  0.401399  0.261102  -0.0336568  4
5900  76399  0.354764  0.0127991  0.40572  0.280948  0.00132363  4
6000  76983  0.359835  0.0146976  0.408727  0.292214  0.0189739  4
6100  76444  0.346961  0.0130789  0.411657  0.28937  -0.0365516  4
6200  75989  0.347493  0.0119295  0.409777  0.289289  -0.0975271  4
6300  77943  0.354714  0.0143269  0.410493  0.294552  -0.0876116  4
6400  76796  0.353068  0.0133625  0.416045  0.312503  -0.0461758  4
6500  76948  0.351802  0.0119664  0.41518  0.305612  -0.0298074  4
6600  76599  0.353081  0.0107048  0.41616  0.326479  -0.0625392  4
6700  76319  0.351944  0.0105498  0.413456  0.333728  -0.0446349  4
6800  77307  0.360217  0.00965474  0.413801  0.327343  0.00118352  4
6900  75204  0.352635  0.00841073  0.411703  0.329348  -0.0405559  4
7000  76900  0.355767  0.00771671  0.409675  0.323123  -0.0147353  4
7100  76279  0.35254  0.00866135  0.409623  0.327903  0.0725113  4
7200  76607  0.363647  0.0100589  0.402977  0.299538  0.192048  4
7300  76754  0.362548  0.0103218  0.403871  0.303523  0.212321  4
7400  77269  0.365083  0.0100157  0.401113  0.279753  0.197514  4
7500  77175  0.35894  0.00985872  0.405287  0.295669  0.183759  4
7600  76581  0.352363  0.00832899  0.402058  0.287211  0.195107  4
7700  76086  0.352886  0.0080102  0.401485  0.277642  0.179053  4
7800  75561  0.354888  0.00760666  0.398789  0.281414  0.144479  4
7900  78031  0.359786  0.00727776  0.395869  0.273095  0.157534  4
8000  76177  0.358107  0.00826583  0.390944  0.260577  0.171201  4
8100  77216  0.359616  0.00751743  0.394628  0.278189  0.181291  4
8200  77290  0.360238  0.0067397  0.396574  0.279492  0.226203  4
8300  77393  0.363695  0.00561381  0.394798  0.272957  0.285798  4
8400  76940  0.362759  0.00678396  0.396776  0.278934  0.325543  4
8500  75731  0.360895  0.00546194  0.396616  0.281383  0.229396  4
8600  76586  0.355967  0.00698227  0.393307  0.26089  0.235186  4
8700  77069  0.359534  0.00545323  0.389985  0.248739  0.25547  4
8800  76622  0.360717  0.00334336  0.390863  0.258272  0.22711  4
8900  76732  0.357028  0.00420056  0.393884  0.258553  0.173148  4
9000  77390  0.353365  0.00432069  0.393505  0.251452  0.229671  4
9100  76261  0.355303  0.00373842  0.391161  0.251708  0.247718  4
9200  77016  0.355779  0.00409092  0.393978  0.257913  0.200867  4
9300  76697  0.35594  0.00454626  0.393527  0.256005  0.264196  4
9400  76573  0.355583  0.00463741  0.391486  0.255962  0.254004  4
9500  77059  0.364774  0.00390131  0.395126  0.274895  0.212186  4
9600  76237  0.355195  0.00309941  0.393984  0.274399  0.326336  4
9700  77042  0.35497  0.00269437  0.395501  0.27925  0.400526  4
9800  76222  0.359565  0.00376719  0.392886  0.270542  0.453639  4
9900  75922  0.357756  0.00290186  0.390442  0.261796  0.502973  4
