t meta_n emi  mean_info  tr1  tr2  tr3  strategy
0  104068  0.099232  0.492764  0.90002  0.000823879  9.90252e-07  4
100  75509  0.18212  0.298719  0.5956  0.068433  0.0120166  4
200  77010  0.305103  0.163282  0.454098  0.139378  0.0272247  4
300  77663  0.339538  0.110725  0.426606  0.183724  0.0502206  4
400  76960  0.359946  0.081936  0.414397  0.224326  0.06638  4
500  75782  0.353578  0.0767749  0.417495  0.256186  0.0557642  4
600  76202  0.356238  0.0720138  0.422914  0.276287  0.0375261  4
700  76601  0.357541  0.0717957  0.425335  0.305737  0.0863582  4
800  75378  0.36402  0.0688671  0.420177  0.308784  0.0761613  4
900  76795  0.35906  0.0696833  0.437778  0.347227  0.0464158  4
1000  76586  0.358004  0.0743281  0.440328  0.358391  0.0296749  4
1100  75856  0.36606  0.0717051  0.437206  0.375981  0.031329  4
1200  75234  0.357162  0.0724828  0.437192  0.36796  0.0978604  4
1300  76399  0.369745  0.0654989  0.435724  0.371914  0.0718581  4
1400  76351  0.361879  0.0623501  0.439277  0.377022  0.0641565  4
1500  77111  0.354832  0.0645322  0.439681  0.37691  0.113974  4
1600  76591  0.36033  0.0600932  0.44037  0.377278  0.0813799  4
1700  76965  0.36618  0.0623895  0.433367  0.365238  0.0694539  4
1800  76092  0.363934  0.0577862  0.433301  0.356844  0.0622535  4
1900  76780  0.359039  0.0575761  0.440518  0.376524  0.0783933  4
2000  76765  0.357893  0.059581  0.44083  0.384825  0.050936  4
2100  76797  0.367259  0.0585901  0.434975  0.363045  0.0846729  4
2200  77045  0.36236  0.0542143  0.431121  0.341828  0.101334  4
2300  76918  0.36473  0.0501733  0.422354  0.335232  0.159894  4
2400  77056  0.37194  0.0485921  0.418877  0.339022  0.148434  4
2500  77214  0.367299  0.0468129  0.426732  0.345206  0.231928  4
2600  76134  0.36059  0.0480698  0.427128  0.333543  0.270298  4
2700  76993  0.367255  0.0440851  0.424476  0.34103  0.277607  4
2800  76870  0.360324  0.0406265  0.421444  0.332658  0.248909  4
2900  77767  0.364931  0.0413407  0.419889  0.330432  0.199273  4
3000  77423  0.35113  0.0396157  0.425531  0.343018  0.179788  4
3100  76680  0.363304  0.0369669  0.420978  0.320708  0.231421  4
3200  77138  0.3646  0.0356257  0.419692  0.312549  0.198519  4
3300  76515  0.355807  0.0352425  0.414339  0.299557  0.21632  4
3400  77669  0.360195  0.0323327  0.413468  0.300055  0.195259  4
3500  76638  0.360081  0.0343599  0.411508  0.295555  0.218191  4
3600  76526  0.355034  0.0341039  0.409896  0.28674  0.214017  4
3700  76613  0.357448  0.0302454  0.41504  0.297219  0.178615  4
3800  77536  0.360497  0.0315255  0.4214  0.317711  0.19344  4
3900  77191  0.347626  0.0293374  0.426018  0.318818  0.181264  4
4000  77036  0.351772  0.0251659  0.423854  0.317976  0.159222  4
4100  76314  0.351784  0.0239882  0.426429  0.324305  0.164807  4
4200  76598  0.347385  0.0245918  0.42886  0.32117  0.17032  4
4300  76616  0.353283  0.0265125  0.42785  0.329436  0.145282  4
4400  75451  0.35114  0.0263688  0.432135  0.344868  0.118146  4
4500  76101  0.352023  0.0235205  0.431625  0.342554  0.0729868  4
4600  76922  0.352623  0.0218525  0.430647  0.333816  0.0650333  4
4700  77008  0.355814  0.0222442  0.422135  0.322255  0.083605  4
4800  76855  0.357359  0.0237316  0.421196  0.318121  0.0402276  4
4900  76766  0.353612  0.0212736  0.42452  0.32046  0.0534881  4
5000  76229  0.354997  0.0215511  0.425847  0.323768  0.0352439  4
5100  77313  0.348405  0.0209705  0.432938  0.346655  0.0588369  4
5200  77211  0.354802  0.0192588  0.43443  0.357315  0.0634599  4
5300  76801  0.354281  0.0195342  0.42856  0.349748  0.0441925  4
5400  77317  0.35591  0.0219892  0.436727  0.36939  0.0528823  4
5500  76768  0.355466  0.0214002  0.436118  0.374596  0.0507798  4
5600  76502  0.356513  0.0203682  0.43819  0.370854  0.0340014  4
5700  76888  0.359791  0.0233391  0.43563  0.364292  0.0687036  4
5800  77482  0.357825  0.0209945  0.435655  0.36188  0.0620612  4
5900  77055  0.358361  0.0178252  0.436644  0.367236  0.0680027  4
6000  77422  0.354751  0.0186182  0.428436  0.325724  0.0662064  4
6100  75587  0.343089  0.0155528  0.425405  0.326161  0.0827783  4
6200  76246  0.352863  0.0136331  0.422986  0.314564  0.109025  4
6300  75728  0.348476  0.0137245  0.425817  0.331234  0.127215  4
6400  77176  0.361101  0.0135512  0.425187  0.326777  0.116462  4
6500  76886  0.356057  0.014232  0.428523  0.33312  0.15919  4
6600  76577  0.347316  0.0111037  0.429601  0.336216  0.20004  4
6700  77323  0.348009  0.0133328  0.424918  0.323402  0.231093  4
6800  77508  0.354627  0.0120176  0.426137  0.321405  0.224521  4
6900  75723  0.348237  0.0115459  0.429884  0.333351  0.22199  4
7000  76724  0.344281  0.0125764  0.424793  0.315651  0.202121  4
7100  77392  0.347908  0.012575  0.428605  0.320192  0.180011  4
7200  76369  0.344235  0.011673  0.4262  0.315685  0.174151  4
7300  76445  0.344408  0.0107396  0.428778  0.333725  0.215661  4
7400  76800  0.348236  0.00774693  0.424811  0.323401  0.184368  4
7500  76789  0.343649  0.00864734  0.424497  0.330733  0.141788  4
7600  76231  0.352726  0.00881888  0.424257  0.336173  0.121192  4
7700  77834  0.358141  0.0087674  0.419342  0.322716  0.119015  4
7800  76873  0.357634  0.00759461  0.420508  0.323321  0.0887717  4
7900  75812  0.342785  0.00655405  0.426034  0.332731  0.0862626  4
8000  77290  0.350517  0.0112885  0.424511  0.31608  0.106346  4
8100  76047  0.339594  0.00853234  0.425564  0.322368  0.148893  4
8200  75527  0.345501  0.00729781  0.421753  0.307154  0.136579  4
8300  76733  0.356528  0.00602614  0.418725  0.305554  0.103757  4
8400  75869  0.349826  0.00733159  0.417241  0.29762  0.104805  4
8500  76213  0.349434  0.00641328  0.418306  0.296345  0.107462  4
8600  76431  0.349147  0.00757113  0.413592  0.280826  0.063733  4
8700  76519  0.34437  0.00855055  0.41682  0.300283  0.0849187  4
8800  76924  0.358185  0.0083442  0.411117  0.278742  0.108335  4
8900  77744  0.353668  0.00691443  0.40734  0.265281  0.0910822  4
9000  75877  0.353785  0.00576008  0.407417  0.270901  0.106521  4
9100  76800  0.352472  0.00417604  0.40201  0.253165  0.149802  4
9200  76648  0.348696  0.00484059  0.406597  0.26193  0.138359  4
9300  76408  0.35517  0.0044658  0.400104  0.248596  0.139424  4
9400  76785  0.353483  0.00528655  0.401167  0.2481  0.184538  4
9500  76849  0.353506  0.00504672  0.404207  0.254861  0.221397  4
9600  77056  0.351111  0.00523049  0.405161  0.262499  0.235152  4
9700  76795  0.348647  0.00453698  0.398269  0.234851  0.201726  4
9800  77115  0.3508  0.00388381  0.399402  0.238782  0.232987  4
9900  76495  0.352241  0.00465977  0.401433  0.246898  0.24279  4
