t meta_n emi  mean_info  tr1  tr2  tr3  strategy
0  103302  0.100072  0.495346  0.900064  0.000801919  3.83664e-05  4
100  74996  0.190124  0.380423  0.605592  0.0829177  0.0126646  4
200  75859  0.29229  0.217321  0.467944  0.152003  0.018736  4
300  76666  0.322962  0.151652  0.448434  0.208363  0.0261743  4
400  75136  0.343294  0.123492  0.431548  0.244177  0.0277607  4
500  75966  0.350907  0.105289  0.430956  0.270932  0.04455  4
600  76473  0.345501  0.0979686  0.443989  0.31223  0.0447597  4
700  76327  0.348085  0.0941906  0.451015  0.354994  0.0810543  4
800  76779  0.359325  0.0975475  0.450892  0.364095  0.0831166  4
900  75480  0.35278  0.0933069  0.455652  0.387421  0.0915075  4
1000  75663  0.346303  0.0943784  0.46364  0.397515  0.0856891  4
1100  76016  0.344931  0.0972844  0.468874  0.398141  0.0825686  4
1200  76790  0.348557  0.0987638  0.471181  0.414233  0.101613  4
1300  76931  0.343605  0.0910408  0.474323  0.425354  0.104628  4
1400  75316  0.338058  0.090758  0.479381  0.427075  0.126819  4
1500  76269  0.350929  0.0852341  0.465206  0.40965  0.135888  4
1600  76664  0.354918  0.0859232  0.463372  0.420123  0.175901  4
1700  75789  0.346689  0.0833368  0.472066  0.435246  0.126972  4
1800  76849  0.354015  0.0905612  0.478426  0.460822  0.086804  4
1900  76716  0.345166  0.0891639  0.488801  0.472389  0.104807  4
2000  76346  0.347847  0.0827741  0.485621  0.480755  0.0481092  4
2100  76778  0.34858  0.0788664  0.476777  0.455251  0.0187798  4
2200  77634  0.349907  0.0824755  0.483647  0.467934  -0.0124682  4
2300  75425  0.344151  0.0820711  0.492091  0.48741  0.0312795  4
2400  75725  0.332255  0.0825501  0.499203  0.499202  0.084762  4
2500  77372  0.341398  0.0900768  0.507515  0.511906  0.0734043  4
2600  75569  0.343417  0.0913761  0.506927  0.52969  0.0582644  4
2700  76043  0.329944  0.0898718  0.520894  0.555328  0.0600922  4
2800  75933  0.339015  0.0807108  0.518542  0.561306  0.0653076  4
2900  77500  0.346376  0.0811394  0.510215  0.539319  0.118882  4
3000  76309  0.34155  0.0880329  0.509951  0.533349  0.0534719  4
3100  75867  0.343548  0.0847605  0.510515  0.530925  0.0342492  4
3200  76892  0.346312  0.0864572  0.508733  0.526394  0.00465546  4
3300  77004  0.340155  0.0777462  0.50343  0.509424  -0.0275439  4
3400  76899  0.34572  0.0822039  0.507343  0.518683  0.00956033  4
3500  77077  0.33398  0.0766291  0.506978  0.513532  -0.0349794  4
3600  76676  0.337535  0.0786966  0.508311  0.520951  -0.0304302  4
3700  77383  0.332307  0.073713  0.507736  0.511911  -0.0758897  4
3800  76853  0.344566  0.0800548  0.505616  0.517059  -0.0848859  4
3900  77164  0.335202  0.0701939  0.501448  0.519918  -0.0604854  4
4000  76669  0.339932  0.0683115  0.499779  0.507633  -0.0499975  4
4100  77318  0.337161  0.0634168  0.505035  0.532855  -0.0265273  4
4200  77593  0.341217  0.0604151  0.511964  0.551642  -0.0428988  4
4300  76782  0.337197  0.0571183  0.517293  0.559159  0.0274378  4
4400  76792  0.335644  0.0592412  0.511927  0.538854  0.021839  4
4500  75767  0.330439  0.0597882  0.511552  0.532999  0.202747  4
4600  77256  0.334726  0.0581404  0.503555  0.526941  0.243461  4
4700  76894  0.34116  0.0547243  0.501463  0.524368  0.180536  4
4800  77229  0.340301  0.0520996  0.493515  0.513812  0.179395  4
4900  77285  0.34531  0.0468162  0.486508  0.498697  0.196387  4
5000  77388  0.343182  0.0453315  0.484241  0.487723  0.241723  4
5100  77846  0.342603  0.0440869  0.489758  0.496869  0.236273  4
5200  77242  0.349159  0.0478717  0.493853  0.504655  0.276654  4
5300  75848  0.337652  0.0482814  0.498553  0.51468  0.17872  4
5400  77978  0.345989  0.0447505  0.496136  0.516123  0.122045  4
5500  77253  0.351057  0.0477639  0.498257  0.525774  0.116135  4
5600  76547  0.348721  0.047922  0.501236  0.51713  0.0675225  4
5700  77356  0.346135  0.0530122  0.512185  0.54029  0.0467772  4
5800  77342  0.342848  0.0444516  0.505543  0.526536  -0.0210439  4
5900  76343  0.34247  0.0423999  0.504092  0.525644  0.0600365  4
6000  77401  0.346233  0.0467471  0.512579  0.543571  0.043032  4
6100  76270  0.348455  0.0490978  0.514133  0.556195  0.142142  4
6200  76969  0.347452  0.0536911  0.516013  0.55676  0.115214  4
6300  76212  0.351801  0.0535229  0.520987  0.568952  0.137805  4
6400  77700  0.35492  0.0500816  0.520706  0.573134  0.144968  4
6500  76627  0.339946  0.0438962  0.522776  0.578299  0.227111  4
6600  77660  0.348388  0.0446533  0.523401  0.572715  0.237718  4
6700  77016  0.341593  0.0454229  0.533228  0.590767  0.245367  4
6800  77891  0.351081  0.0541192  0.547969  0.633522  0.19557  4
6900  76995  0.350079  0.0580163  0.554757  0.650479  0.155565  4
7000  77132  0.346417  0.0611508  0.563628  0.667936  0.106999  4
7100  76460  0.347193  0.0590318  0.56173  0.65303  0.0191026  4
7200  76123  0.34494  0.0674789  0.572937  0.674256  -0.000309166  4
7300  76828  0.342144  0.0719734  0.576248  0.681639  -0.0739275  4
7400  76700  0.342889  0.0659789  0.578353  0.682312  -0.113875  4
7500  76298  0.330999  0.0711825  0.593421  0.712682  -0.124176  4
7600  76855  0.331108  0.0772809  0.598271  0.716472  -0.112108  4
7700  77483  0.33332  0.065033  0.590921  0.702581  -0.0839187  4
7800  77827  0.343382  0.0630937  0.594589  0.705355  -0.168023  4
7900  76798  0.335399  0.0686829  0.595421  0.71127  -0.132403  4
8000  78122  0.343339  0.0724085  0.59948  0.707903  -0.20978  4
8100  78108  0.337526  0.0700047  0.604474  0.720929  -0.201574  4
8200  78418  0.329766  0.0704968  0.617052  0.746439  -0.20121  4
8300  77281  0.316774  0.0669747  0.624454  0.756965  -0.193614  4
8400  75636  0.322956  0.0639447  0.627979  0.756011  -0.161188  4
8500  76865  0.334721  0.0626408  0.624969  0.750455  -0.181148  4
8600  76419  0.319073  0.0584148  0.641485  0.791833  -0.215364  4
8700  77286  0.317893  0.0592439  0.655431  0.825438  -0.218397  4
8800  77530  0.324082  0.0578208  0.667903  0.853683  -0.253592  4
8900  76952  0.324696  0.0624874  0.671495  0.863303  -0.29104  4
9000  77056  0.327958  0.0517392  0.662165  0.832565  -0.291319  4
9100  79456  0.32559  0.0496093  0.668155  0.840693  -0.32557  4
9200  78038  0.324866  0.0498171  0.681782  0.870159  -0.370504  4
9300  76892  0.317541  0.0533934  0.689221  0.886716  -0.393141  4
9400  76929  0.306381  0.0500803  0.694272  0.901771  -0.40498  4
9500  77759  0.322119  0.0516493  0.700298  0.914793  -0.358306  4
9600  78322  0.313027  0.0512943  0.712617  0.945203  -0.375098  4
9700  77786  0.31242  0.0503499  0.721173  0.962932  -0.404036  4
9800  77772  0.308664  0.047908  0.729205  0.976478  -0.398543  4
9900  77692  0.311113  0.0402439  0.733481  0.979554  -0.434381  4
