t meta_n emi  mean_info  tr1  tr2  tr3  strategy
0  105279  0.099104  0.499226  0.900116  0.000840041  5.83224e-05  4
100  78705  0.183096  0.680378  0.656864  0.102199  -0.0101617  4
200  78551  0.260366  0.714313  0.564177  0.174834  -0.0296701  4
300  78794  0.270105  0.696634  0.559676  0.229167  -0.0424967  4
400  79913  0.278469  0.668908  0.561  0.260686  -0.0300423  4
500  78152  0.276352  0.659113  0.566063  0.2856  -0.0287196  4
600  78784  0.273824  0.646997  0.569874  0.297959  -0.0406022  4
700  78233  0.270192  0.631093  0.571631  0.31266  -0.0953621  4
800  78812  0.27752  0.626117  0.575426  0.349545  -0.137896  4
900  79478  0.29039  0.621654  0.580531  0.392177  -0.142321  4
1000  79330  0.290148  0.608026  0.58424  0.416723  -0.141615  4
1100  79245  0.294307  0.585113  0.59059  0.436477  -0.101993  4
1200  79310  0.284119  0.570716  0.585298  0.435344  -0.149386  4
1300  79427  0.282155  0.555613  0.588464  0.439613  -0.169783  4
1400  79234  0.288489  0.546359  0.597065  0.473132  -0.132583  4
1500  78304  0.29666  0.543851  0.60076  0.505837  -0.155236  4
1600  79130  0.292517  0.530546  0.605167  0.52972  -0.17949  4
1700  79172  0.283988  0.534432  0.603799  0.511343  -0.189059  4
1800  79684  0.29276  0.539006  0.602808  0.516673  -0.155416  4
1900  78970  0.288899  0.550554  0.598646  0.494647  -0.16532  4
2000  79457  0.281711  0.557197  0.598575  0.489285  -0.170403  4
2100  80313  0.282612  0.550823  0.603225  0.484731  -0.1894  4
2200  78873  0.271549  0.553377  0.603958  0.481456  -0.151118  4
2300  79821  0.282242  0.543257  0.606774  0.501351  -0.2285  4
2400  78715  0.275531  0.528529  0.614523  0.539798  -0.234408  4
2500  78526  0.274874  0.526046  0.623784  0.564494  -0.236973  4
2600  79406  0.284234  0.51048  0.63004  0.585425  -0.266621  4
2700  78685  0.270047  0.51309  0.633672  0.579257  -0.263912  4
2800  79242  0.275708  0.525307  0.633364  0.588112  -0.277672  4
2900  79306  0.272873  0.511929  0.632476  0.587796  -0.295431  4
3000  78921  0.27515  0.511038  0.642359  0.60284  -0.289515  4
3100  80270  0.282533  0.499745  0.649577  0.642738  -0.305421  4
3200  79056  0.274039  0.484737  0.650469  0.632264  -0.303364  4
3300  80468  0.281627  0.484436  0.657147  0.666863  -0.337084  4
3400  79490  0.279544  0.48428  0.665661  0.68656  -0.309802  4
3500  79146  0.270969  0.475213  0.665734  0.694734  -0.358682  4
3600  79255  0.273351  0.465872  0.669885  0.710786  -0.407318  4
3700  78798  0.269773  0.464133  0.676203  0.716439  -0.41655  4
3800  79622  0.268302  0.464264  0.681934  0.731289  -0.400296  4
3900  79813  0.271563  0.468972  0.682647  0.731004  -0.425338  4
4000  79863  0.273045  0.450085  0.687866  0.752869  -0.418103  4
4100  79674  0.261559  0.462707  0.69406  0.757269  -0.384452  4
4200  79544  0.268217  0.466485  0.697521  0.760508  -0.400189  4
4300  80107  0.266062  0.462028  0.705031  0.767227  -0.400149  4
4400  79316  0.261363  0.457767  0.705507  0.772963  -0.363349  4
4500  80519  0.261629  0.458674  0.710045  0.777431  -0.457637  4
4600  79020  0.26476  0.459006  0.704626  0.763918  -0.469459  4
4700  79836  0.268621  0.460468  0.701499  0.761739  -0.481988  4
4800  79345  0.27327  0.454353  0.701373  0.770813  -0.472291  4
4900  80428  0.267909  0.452602  0.701637  0.768357  -0.502579  4
5000  79591  0.275058  0.445734  0.703006  0.777698  -0.537594  4
5100  79477  0.259209  0.442322  0.706163  0.785264  -0.434366  4
5200  79606  0.267666  0.437575  0.7076  0.793591  -0.427192  4
5300  79653  0.264187  0.428231  0.712044  0.80852  -0.3195  4
5400  80282  0.269822  0.426075  0.72063  0.830586  -0.319252  4
5500  79745  0.267716  0.423183  0.725618  0.844593  -0.263221  4
5600  79433  0.270215  0.418097  0.729972  0.850438  -0.289401  4
5700  79887  0.271259  0.416223  0.735534  0.85211  -0.252226  4
5800  80171  0.265901  0.414113  0.73291  0.854791  -0.248522  4
5900  79641  0.275628  0.41583  0.734531  0.862855  -0.222293  4
6000  79225  0.267428  0.412859  0.739271  0.870431  -0.172818  4
6100  80043  0.262973  0.410538  0.744164  0.878511  -0.0888526  4
6200  79761  0.264963  0.404586  0.74342  0.883067  -0.0753915  4
6300  79638  0.262419  0.411954  0.745699  0.883784  -0.0868345  4
6400  79173  0.269168  0.407331  0.754485  0.893614  -0.0615972  4
6500  79253  0.265394  0.398264  0.751593  0.889593  -0.079217  4
6600  79881  0.263872  0.397854  0.753895  0.892386  -0.105141  4
6700  80218  0.268778  0.39188  0.752825  0.897708  -0.147119  4
6800  80660  0.274719  0.396593  0.752915  0.897567  -0.14239  4
6900  80537  0.265137  0.399083  0.75257  0.894929  -0.152653  4
7000  80884  0.26977  0.392492  0.757083  0.901258  -0.125369  4
7100  79297  0.268964  0.388337  0.757761  0.904568  -0.182359  4
7200  79147  0.254664  0.393538  0.759198  0.904527  -0.209955  4
7300  78809  0.256503  0.392533  0.757958  0.90245  -0.245043  4
7400  79673  0.260815  0.395906  0.755608  0.89746  -0.236798  4
7500  79934  0.254977  0.393789  0.754502  0.901407  -0.344924  4
7600  79572  0.271747  0.387085  0.756897  0.907256  -0.312944  4
7700  80779  0.263318  0.39529  0.753087  0.899577  -0.333494  4
7800  79095  0.2629  0.391674  0.756001  0.905824  -0.307657  4
7900  79336  0.25462  0.394164  0.75582  0.905964  -0.30514  4
8000  79466  0.262484  0.392828  0.764102  0.920037  -0.291466  4
8100  80050  0.264717  0.388958  0.768388  0.920387  -0.281625  4
8200  79187  0.257034  0.386264  0.768481  0.922634  -0.274426  4
8300  80232  0.254018  0.389682  0.766439  0.91961  -0.302024  4
8400  79943  0.251108  0.391116  0.767925  0.924418  -0.318484  4
8500  79473  0.257526  0.390046  0.76866  0.927468  -0.344871  4
8600  79458  0.252428  0.393748  0.765523  0.921839  -0.321067  4
8700  80319  0.268782  0.393734  0.769946  0.92895  -0.297566  4
8800  81751  0.268732  0.392561  0.768782  0.930849  -0.241704  4
8900  79625  0.261555  0.398796  0.767253  0.925901  -0.237654  4
9000  80521  0.262942  0.401973  0.760774  0.916514  -0.224984  4
9100  80163  0.258045  0.397501  0.764421  0.924079  -0.202476  4
9200  79455  0.259265  0.396728  0.764746  0.925277  -0.221004  4
9300  79496  0.256376  0.397107  0.760602  0.919213  -0.261327  4
9400  79254  0.262346  0.385928  0.764748  0.926963  -0.247765  4
9500  78628  0.251813  0.384523  0.767828  0.933092  -0.275004  4
9600  79881  0.249699  0.385072  0.766129  0.931034  -0.275727  4
9700  79054  0.260682  0.387404  0.762793  0.922455  -0.285652  4
9800  80573  0.263542  0.384444  0.76361  0.926322  -0.285495  4
9900  80558  0.262504  0.383995  0.762182  0.924031  -0.292259  4
