t meta_n emi  mean_info  tr1  tr2  tr3  strategy
0  102580  0.099288  0.493823  0.89996  0.000759389  4.79316e-05  4
100  75899  0.182422  0.416499  0.611577  0.0740982  0.00460491  4
200  76431  0.281218  0.288914  0.4814  0.139156  -0.00652464  4
300  76934  0.310338  0.201746  0.456997  0.183392  -0.0174921  4
400  76965  0.322534  0.169238  0.452755  0.234755  -0.0390695  4
500  77402  0.337256  0.145861  0.451257  0.281746  -0.0539564  4
600  76246  0.354919  0.132105  0.443609  0.307868  -0.0366339  4
700  77604  0.348075  0.121452  0.448908  0.326874  -0.0125971  4
800  76381  0.351084  0.128994  0.452617  0.346108  -0.0345992  4
900  77412  0.348389  0.126893  0.453294  0.352602  -0.0246973  4
1000  76254  0.350987  0.120478  0.452491  0.352566  -0.0250838  4
1100  76847  0.34452  0.124677  0.459932  0.370699  -0.0512759  4
1200  76494  0.345371  0.118789  0.468176  0.394833  -0.0499101  4
1300  76273  0.345293  0.116175  0.474411  0.413068  -0.049132  4
1400  75529  0.346684  0.116062  0.477171  0.420752  -0.0711284  4
1500  77315  0.350433  0.114129  0.481674  0.426377  -0.0908553  4
1600  77159  0.353406  0.111663  0.492805  0.471954  -0.152089  4
1700  77990  0.350338  0.110713  0.504305  0.510012  -0.19712  4
1800  76647  0.347427  0.11518  0.504207  0.509887  -0.217725  4
1900  76470  0.349139  0.115952  0.509118  0.51552  -0.216711  4
2000  76984  0.334313  0.11071  0.518758  0.533208  -0.256786  4
2100  76849  0.328622  0.11902  0.519914  0.52228  -0.289697  4
2200  75955  0.34066  0.119348  0.517878  0.533552  -0.342675  4
2300  76110  0.339024  0.120426  0.524132  0.556292  -0.351744  4
2400  77636  0.340628  0.120992  0.527178  0.566133  -0.410155  4
2500  77372  0.351657  0.111117  0.524319  0.565389  -0.360144  4
2600  77772  0.336761  0.112105  0.533556  0.571475  -0.34333  4
2700  78338  0.334998  0.108823  0.530374  0.550976  -0.354405  4
2800  77448  0.336336  0.113917  0.537336  0.57248  -0.351608  4
2900  77199  0.342952  0.111176  0.539129  0.582573  -0.377599  4
3000  76402  0.331303  0.113184  0.536958  0.558268  -0.377914  4
3100  77856  0.332299  0.113979  0.530142  0.534302  -0.383037  4
3200  76862  0.333868  0.120686  0.540656  0.566907  -0.351109  4
3300  75869  0.323803  0.12095  0.552257  0.596852  -0.311343  4
3400  77781  0.340947  0.120275  0.557523  0.618756  -0.337107  4
3500  75510  0.332118  0.120823  0.557039  0.619878  -0.371247  4
3600  77083  0.337313  0.112231  0.553505  0.604043  -0.396141  4
3700  77919  0.33631  0.121323  0.563877  0.628891  -0.362934  4
3800  77611  0.334599  0.124626  0.57131  0.646367  -0.316874  4
3900  77694  0.332772  0.116883  0.56231  0.620126  -0.291991  4
4000  77385  0.3271  0.115229  0.560446  0.611731  -0.358939  4
4100  78549  0.341711  0.115675  0.560806  0.619584  -0.373498  4
4200  77554  0.334051  0.120191  0.567608  0.621601  -0.342526  4
4300  77549  0.317809  0.120419  0.568778  0.621501  -0.316755  4
4400  77645  0.325632  0.12796  0.572904  0.627816  -0.324719  4
4500  77382  0.330307  0.129395  0.564478  0.621238  -0.273315  4
4600  76937  0.316495  0.122233  0.571791  0.632398  -0.253994  4
4700  77595  0.331098  0.118429  0.567078  0.627492  -0.284184  4
4800  76766  0.328851  0.119162  0.57101  0.635917  -0.2758  4
4900  77506  0.31743  0.128096  0.578327  0.6401  -0.362334  4
5000  78609  0.328728  0.121947  0.577393  0.640515  -0.425361  4
5100  78719  0.316921  0.12549  0.577035  0.641132  -0.442748  4
5200  77134  0.32148  0.132353  0.577294  0.649079  -0.440235  4
5300  76974  0.327847  0.126029  0.579292  0.653483  -0.399763  4
5400  78103  0.324817  0.119438  0.580766  0.662484  -0.368809  4
5500  77347  0.329763  0.121822  0.588036  0.678468  -0.400632  4
5600  78556  0.332274  0.121375  0.584751  0.668169  -0.310798  4
5700  77035  0.315975  0.117662  0.577835  0.647855  -0.330428  4
5800  77010  0.324887  0.114556  0.577474  0.653702  -0.337532  4
5900  77263  0.329021  0.113935  0.576336  0.655523  -0.315648  4
6000  77147  0.325248  0.115485  0.580463  0.663528  -0.227267  4
6100  77519  0.325845  0.105117  0.575339  0.647399  -0.321273  4
6200  77809  0.321166  0.109019  0.575441  0.644442  -0.338176  4
6300  77953  0.331815  0.120162  0.586816  0.670669  -0.332897  4
6400  77200  0.313832  0.117645  0.587371  0.679478  -0.346549  4
6500  76737  0.321791  0.118423  0.589969  0.684048  -0.455535  4
6600  76787  0.32883  0.118811  0.592047  0.690255  -0.505448  4
6700  78025  0.326993  0.110841  0.583391  0.668007  -0.447635  4
6800  77734  0.325792  0.114794  0.585624  0.669382  -0.486535  4
6900  77591  0.327535  0.113429  0.586725  0.67626  -0.441898  4
7000  77814  0.325038  0.111597  0.58877  0.681123  -0.446857  4
7100  77499  0.333282  0.108044  0.583166  0.680763  -0.462549  4
7200  77322  0.322665  0.110601  0.593283  0.695584  -0.527999  4
7300  76921  0.321879  0.121933  0.60257  0.721088  -0.555164  4
7400  76395  0.325314  0.117816  0.607301  0.729333  -0.545184  4
7500  78091  0.325239  0.110109  0.608325  0.729468  -0.506928  4
7600  78208  0.3251  0.115967  0.615907  0.750874  -0.410638  4
7700  77725  0.326605  0.108559  0.619388  0.760728  -0.373893  4
7800  76515  0.309881  0.111457  0.613991  0.747337  -0.437816  4
7900  77819  0.320488  0.102366  0.619155  0.755957  -0.398431  4
8000  77181  0.324206  0.0972112  0.626169  0.776005  -0.404598  4
8100  77527  0.32582  0.095854  0.626697  0.77827  -0.354481  4
8200  77878  0.32913  0.112085  0.637099  0.808134  -0.35042  4
8300  77984  0.325408  0.108639  0.64333  0.831797  -0.374314  4
8400  78239  0.332288  0.110312  0.640119  0.825225  -0.367772  4
8500  77183  0.328819  0.0989717  0.644297  0.8324  -0.382867  4
8600  76983  0.329584  0.0964434  0.654654  0.852689  -0.263174  4
8700  77590  0.32902  0.0908602  0.652808  0.852609  -0.269063  4
8800  78135  0.326634  0.0999183  0.668976  0.883008  -0.341269  4
8900  77149  0.321653  0.0956206  0.674558  0.891318  -0.358291  4
9000  78149  0.328602  0.093177  0.676356  0.896473  -0.35068  4
9100  77075  0.330271  0.103462  0.685006  0.917636  -0.344628  4
9200  76856  0.327328  0.0984299  0.693583  0.934883  -0.339528  4
9300  77894  0.330827  0.0949349  0.695724  0.940086  -0.36233  4
9400  78245  0.330391  0.0955833  0.700015  0.949964  -0.503154  4
9500  78479  0.336139  0.0897973  0.70065  0.949114  -0.513156  4
9600  76617  0.322612  0.084699  0.706342  0.964774  -0.525042  4
9700  76408  0.317502  0.0880969  0.709391  0.970827  -0.521246  4
9800  78251  0.326436  0.0822536  0.711164  0.97688  -0.501857  4
9900  78099  0.332504  0.0807355  0.712268  0.980833  -0.448797  4
