t meta_n emi  mean_info  tr1  tr2  tr3  strategy
0  104806  0.099552  0.492435  0.900085  0.000860831  1.00497e-05  4
100  74826  0.182026  0.441331  0.613077  0.0785269  -0.00898668  4
200  76525  0.275968  0.311001  0.489825  0.132361  -0.0129294  4
300  76491  0.2997  0.229745  0.462658  0.183647  -0.0218065  4
400  76788  0.31798  0.190337  0.455475  0.222828  -0.0249735  4
500  76404  0.33155  0.17257  0.453056  0.257446  -0.0535328  4
600  77418  0.333185  0.148636  0.457585  0.290004  -0.0235581  4
700  77160  0.339137  0.136929  0.452181  0.297739  -0.0236708  4
800  76781  0.341191  0.133549  0.454986  0.320619  -0.0117846  4
900  75968  0.344054  0.129352  0.464273  0.35419  -0.0429771  4
1000  77034  0.344099  0.138849  0.468088  0.351624  -0.0681393  4
1100  76872  0.344188  0.142866  0.480907  0.400045  -0.0819429  4
1200  76821  0.341463  0.135721  0.486169  0.423614  -0.0904961  4
1300  76567  0.344492  0.127422  0.490368  0.451325  -0.0867752  4
1400  77108  0.338093  0.127492  0.49755  0.471509  -0.0731596  4
1500  76352  0.342222  0.1321  0.499822  0.48282  -0.067247  4
1600  76943  0.336517  0.138416  0.508746  0.487589  -0.087319  4
1700  77656  0.346615  0.132295  0.5112  0.508477  -0.102055  4
1800  77053  0.34163  0.137813  0.523522  0.543147  -0.0873224  4
1900  77272  0.338894  0.134283  0.533437  0.557232  -0.0483584  4
2000  76688  0.332373  0.143872  0.527871  0.552308  -0.0113686  4
2100  77129  0.331872  0.140075  0.536167  0.557815  -0.0306151  4
2200  77373  0.338857  0.138952  0.529903  0.548055  -0.0415739  4
2300  77112  0.33091  0.146394  0.534197  0.554596  -0.0968304  4
2400  77888  0.327867  0.150446  0.545835  0.579874  -0.0979563  4
2500  78515  0.330215  0.154127  0.556212  0.599332  -0.0969602  4
2600  77512  0.330219  0.150626  0.550972  0.586317  -0.0852075  4
2700  76523  0.324287  0.142108  0.556939  0.607382  -0.0921284  4
2800  77364  0.328931  0.144825  0.559861  0.619366  -0.0950751  4
2900  76925  0.332837  0.151694  0.569479  0.633733  -0.0570585  4
3000  77212  0.32328  0.155763  0.573435  0.623731  -0.0834453  4
3100  77202  0.322735  0.157323  0.57599  0.634546  -0.0850963  4
3200  77266  0.327504  0.151134  0.57  0.614873  -0.109556  4
3300  77750  0.312242  0.151795  0.585827  0.644516  -0.162874  4
3400  77256  0.321604  0.15258  0.588401  0.654543  -0.129393  4
3500  77076  0.318236  0.138616  0.581757  0.653894  -0.120077  4
3600  78249  0.325698  0.14081  0.581464  0.637211  -0.0765935  4
3700  78133  0.320021  0.142649  0.587645  0.651612  -0.061345  4
3800  77685  0.327014  0.142784  0.586342  0.644934  -0.115964  4
3900  76742  0.328684  0.146754  0.596793  0.674192  -0.169427  4
4000  77057  0.319012  0.14891  0.59934  0.675742  -0.178517  4
4100  77491  0.319449  0.152022  0.604573  0.68262  -0.180768  4
4200  76665  0.324509  0.152734  0.601798  0.671756  -0.137191  4
4300  76794  0.327504  0.162923  0.613885  0.69945  -0.196969  4
4400  78218  0.327202  0.165492  0.613812  0.694694  -0.187748  4
4500  77415  0.321792  0.161154  0.613191  0.682813  -0.203388  4
4600  77360  0.312825  0.154619  0.616618  0.691726  -0.209697  4
4700  77369  0.318714  0.153924  0.616374  0.689394  -0.190093  4
4800  78617  0.316235  0.148799  0.618466  0.692194  -0.212111  4
4900  78871  0.323465  0.150232  0.615635  0.691887  -0.194987  4
5000  78388  0.328347  0.144703  0.614515  0.692518  -0.211498  4
5100  78586  0.319421  0.139706  0.615478  0.70331  -0.221588  4
5200  77503  0.326095  0.149297  0.620264  0.709479  -0.232931  4
5300  77348  0.314734  0.152777  0.622546  0.715028  -0.256882  4
5400  77434  0.316362  0.156127  0.631269  0.73694  -0.213838  4
5500  78449  0.331282  0.158288  0.632942  0.736667  -0.211503  4
5600  77771  0.323325  0.160693  0.636589  0.745483  -0.168821  4
5700  77770  0.31104  0.155697  0.633137  0.730563  -0.152065  4
5800  75668  0.321145  0.150094  0.616191  0.692662  -0.110852  4
5900  77418  0.319346  0.14969  0.611446  0.689272  -0.175103  4
6000  77800  0.320176  0.152454  0.616599  0.711036  -0.171696  4
6100  76933  0.306288  0.145074  0.618042  0.705853  -0.122143  4
6200  78037  0.317901  0.14025  0.621263  0.704945  -0.0862537  4
6300  77701  0.32454  0.146571  0.625019  0.719645  -0.0577368  4
6400  76608  0.314273  0.14587  0.629299  0.733859  -0.0143571  4
6500  78091  0.332851  0.140904  0.626676  0.730528  -0.0703184  4
6600  77223  0.314711  0.147844  0.63368  0.747096  -0.0651449  4
6700  77981  0.314643  0.146136  0.63816  0.750261  -0.0836812  4
6800  78891  0.323461  0.150309  0.642539  0.763495  -0.0985395  4
6900  78122  0.308713  0.148283  0.64242  0.757416  -0.116601  4
7000  77074  0.308269  0.147433  0.634679  0.737805  -0.131409  4
7100  76666  0.306665  0.152148  0.639404  0.747358  -0.0976208  4
7200  77161  0.3158  0.154485  0.645874  0.767911  -0.060422  4
7300  77950  0.319814  0.156279  0.648324  0.774043  -0.0454085  4
7400  78742  0.325163  0.152815  0.650382  0.776967  -0.00513639  4
7500  78406  0.313738  0.156663  0.658029  0.79278  -0.0242587  4
7600  77688  0.314844  0.14528  0.645965  0.767904  -0.0796509  4
7700  77478  0.316438  0.140095  0.641939  0.76498  -0.117809  4
7800  78434  0.322903  0.142946  0.646922  0.777665  -0.143594  4
7900  77614  0.319022  0.141848  0.648353  0.776778  -0.204177  4
8000  76705  0.327142  0.141208  0.657857  0.805653  -0.218219  4
8100  77354  0.325484  0.141635  0.663279  0.819859  -0.242638  4
8200  77331  0.32094  0.140026  0.664994  0.823714  -0.222078  4
8300  79105  0.323619  0.134518  0.667038  0.826126  -0.166364  4
8400  77753  0.315977  0.140942  0.668795  0.829317  -0.157787  4
8500  77095  0.313032  0.145407  0.673455  0.843692  -0.127609  4
8600  77524  0.317106  0.140709  0.679816  0.861279  -0.141824  4
8700  77567  0.328887  0.144128  0.678258  0.85918  -0.132562  4
8800  77880  0.312025  0.139825  0.679536  0.860986  -0.222494  4
8900  77619  0.322929  0.144877  0.688859  0.884451  -0.174499  4
9000  76801  0.312529  0.143402  0.69302  0.892004  -0.156655  4
9100  78383  0.318583  0.146509  0.692479  0.891664  -0.144119  4
9200  77008  0.318596  0.147501  0.692553  0.888466  -0.136664  4
9300  78244  0.317367  0.141899  0.688697  0.884944  -0.142935  4
9400  78534  0.33245  0.135881  0.69119  0.892805  -0.151358  4
9500  77018  0.316559  0.128612  0.688307  0.885897  -0.159063  4
9600  78427  0.32077  0.136851  0.691728  0.893954  -0.180819  4
9700  78624  0.320168  0.135243  0.684491  0.874034  -0.195238  4
9800  77330  0.323334  0.141092  0.688421  0.886967  -0.241623  4
9900  77220  0.320754  0.141763  0.697691  0.910171  -0.231935  4
