t meta_n emi  mean_info  tr1  tr2  tr3  strategy
0  102151  0.099624  0.497004  0.900017  0.000765211  -3.87595e-06  4
100  76094  0.191959  0.460136  0.617142  0.0997517  -0.00103216  4
200  76336  0.283865  0.34723  0.493672  0.168681  0.0141533  4
300  75993  0.302943  0.273434  0.478445  0.227936  0.00755674  4
400  77189  0.324327  0.227955  0.467665  0.26406  0.0175363  4
500  76184  0.317943  0.203192  0.473961  0.291218  0.00799101  4
600  77451  0.325442  0.184083  0.47547  0.340795  -0.0053694  4
700  76279  0.339547  0.171452  0.47491  0.377108  -0.0140261  4
800  75450  0.337327  0.174497  0.484811  0.415557  0.0101558  4
900  76537  0.332521  0.1877  0.498333  0.43338  0.0208262  4
1000  76170  0.329863  0.171648  0.50075  0.445276  0.0458676  4
1100  77293  0.333671  0.170161  0.50605  0.460391  0.0376096  4
1200  76109  0.324917  0.169879  0.506342  0.463203  0.01032  4
1300  76562  0.335985  0.169559  0.509958  0.484601  0.00508899  4
1400  76381  0.335653  0.169106  0.518487  0.500997  0.00744923  4
1500  77254  0.324676  0.174509  0.520813  0.48178  0.0444384  4
1600  77666  0.326942  0.170127  0.517485  0.462052  -0.000772299  4
1700  77764  0.324111  0.168673  0.519168  0.482664  0.00296875  4
1800  76450  0.328696  0.167564  0.525323  0.504199  0.0408373  4
1900  77031  0.329664  0.1649  0.531361  0.514203  0.0610674  4
2000  78428  0.332409  0.162416  0.532623  0.529317  0.0717614  4
2100  77022  0.32864  0.16019  0.541572  0.556651  0.126973  4
2200  76652  0.325687  0.157847  0.550971  0.600721  0.0921074  4
2300  78189  0.327492  0.156502  0.558505  0.604577  0.0741124  4
2400  78046  0.325603  0.168272  0.575587  0.637624  0.11221  4
2500  78390  0.328775  0.178914  0.582729  0.648943  0.136561  4
2600  76764  0.316094  0.175802  0.584937  0.662286  0.125842  4
2700  78087  0.33098  0.169599  0.588257  0.690453  0.11091  4
2800  77741  0.31905  0.18123  0.596513  0.700294  0.0444785  4
2900  77897  0.331414  0.189242  0.597902  0.709147  0.022862  4
3000  77415  0.330182  0.184582  0.604101  0.71878  0.00284957  4
3100  78281  0.32822  0.174609  0.599262  0.707066  0.0230495  4
3200  78450  0.328064  0.175225  0.607509  0.714479  0.00987127  4
3300  76500  0.312436  0.178227  0.611466  0.715472  -0.0251446  4
3400  77653  0.317047  0.172003  0.618702  0.723874  -0.00394989  4
3500  77222  0.321703  0.180227  0.610387  0.705502  -0.0260751  4
3600  77583  0.322593  0.173633  0.611325  0.715698  -0.0194547  4
3700  76670  0.319168  0.175926  0.611215  0.706388  -0.0235727  4
3800  78355  0.323383  0.167811  0.615392  0.719954  -0.0267527  4
3900  77279  0.319133  0.169607  0.611672  0.703964  0.0024787  4
4000  77933  0.32014  0.176742  0.615121  0.699213  0.0440348  4
4100  76765  0.31212  0.17987  0.612238  0.695393  0.0404893  4
4200  76963  0.319311  0.182169  0.613131  0.705909  0.0439747  4
4300  78232  0.319644  0.17495  0.610214  0.687121  0.0714135  4
4400  78164  0.316739  0.179511  0.623251  0.714854  0.106177  4
4500  78057  0.318827  0.179235  0.630351  0.733026  0.0833487  4
4600  77557  0.311834  0.178129  0.635267  0.747616  0.053855  4
4700  77731  0.317509  0.181495  0.62982  0.741752  0.0586171  4
4800  78807  0.319549  0.178804  0.63267  0.746341  0.0678882  4
4900  77570  0.310908  0.175138  0.629936  0.731198  0.0848265  4
5000  77407  0.311272  0.171174  0.628412  0.724803  0.142235  4
5100  77194  0.306155  0.170175  0.628481  0.724208  0.13693  4
5200  77278  0.321867  0.171697  0.635766  0.744641  0.170112  4
5300  78454  0.31067  0.178934  0.638381  0.750514  0.118622  4
5400  77764  0.309226  0.179123  0.634746  0.744573  0.135065  4
5500  76657  0.310364  0.176123  0.641631  0.760321  0.197382  4
5600  76455  0.307551  0.167156  0.632075  0.740617  0.192662  4
5700  78732  0.316367  0.176147  0.634793  0.742065  0.134468  4
5800  77193  0.30893  0.177736  0.63525  0.746293  0.192521  4
5900  77932  0.319873  0.184704  0.634553  0.749641  0.192735  4
6000  77844  0.320922  0.18101  0.63693  0.756922  0.211622  4
6100  77930  0.31616  0.180246  0.642937  0.762437  0.232715  4
6200  77126  0.307602  0.180972  0.63659  0.742506  0.201346  4
6300  78066  0.317956  0.191552  0.638966  0.751843  0.182133  4
6400  78732  0.305394  0.19266  0.646583  0.76643  0.162143  4
6500  77485  0.316443  0.190168  0.651485  0.780846  0.141753  4
6600  77725  0.313435  0.189879  0.648314  0.777638  0.142955  4
6700  76861  0.30402  0.18957  0.650189  0.775659  0.121028  4
6800  78118  0.315995  0.187204  0.647162  0.767699  0.151494  4
6900  77688  0.305222  0.190619  0.652718  0.785069  0.151304  4
7000  77016  0.318188  0.189002  0.660166  0.800502  0.116823  4
7100  77659  0.304348  0.186657  0.660282  0.80053  0.12447  4
7200  77376  0.308808  0.184387  0.659629  0.799894  0.18022  4
7300  78490  0.305328  0.184346  0.663015  0.808156  0.178372  4
7400  77217  0.30352  0.178437  0.672216  0.828311  0.191654  4
7500  78246  0.312415  0.177664  0.679375  0.845437  0.190029  4
7600  78006  0.302454  0.183371  0.67947  0.840178  0.174823  4
7700  77647  0.298309  0.179553  0.675645  0.829428  0.181632  4
7800  78148  0.311563  0.182762  0.686861  0.849677  0.153653  4
7900  78782  0.309085  0.182385  0.68902  0.857716  0.127484  4
8000  77931  0.303052  0.183796  0.700717  0.885846  0.142611  4
8100  78208  0.308525  0.178577  0.702737  0.88841  0.137442  4
8200  78361  0.30512  0.17687  0.699676  0.884607  0.127179  4
8300  79001  0.306595  0.175261  0.698537  0.88001  0.146422  4
8400  77675  0.302824  0.181804  0.70224  0.89158  0.0724894  4
8500  77321  0.300105  0.187368  0.699423  0.879296  0.0977675  4
8600  77822  0.309234  0.1901  0.69851  0.873129  0.0995088  4
8700  78882  0.301089  0.192974  0.698045  0.870799  0.112838  4
8800  77378  0.296038  0.190659  0.694773  0.864251  0.123082  4
8900  77220  0.299433  0.178154  0.690232  0.852196  0.120171  4
9000  77610  0.29768  0.180727  0.692024  0.851499  0.0885898  4
9100  77694  0.298023  0.173539  0.687644  0.84398  0.115444  4
9200  78419  0.302617  0.183423  0.692377  0.853244  0.0645113  4
9300  77344  0.294539  0.177686  0.698187  0.871958  0.0945921  4
9400  78474  0.303473  0.177963  0.702667  0.885913  0.0958778  4
9500  78020  0.301567  0.174868  0.701482  0.884267  0.0673406  4
9600  76833  0.296485  0.178904  0.705357  0.890305  0.0418874  4
9700  77791  0.298099  0.177616  0.71201  0.902156  0.0362442  4
9800  76694  0.295107  0.179141  0.707679  0.893913  0.050667  4
9900  78080  0.302206  0.176484  0.705886  0.888479  0.0730131  4
