t meta_n emi  mean_info  tr1  tr2  tr3  strategy
0  104667  0.100544  0.496711  0.900028  0.000760121  9.28428e-05  4
100  78626  0.186433  0.668312  0.656173  0.0884092  -0.00570653  4
200  78586  0.268589  0.687747  0.550107  0.138888  -0.00366726  4
300  78678  0.276121  0.666996  0.545676  0.186172  0.00369481  4
400  79356  0.275506  0.641115  0.545131  0.233548  0.0170027  4
500  77878  0.277038  0.615051  0.55156  0.273756  0.0610827  4
600  78886  0.289646  0.606012  0.553125  0.309446  0.069864  4
700  78554  0.295466  0.595453  0.551063  0.32827  0.0734641  4
800  78517  0.285378  0.574343  0.559308  0.349725  0.065903  4
900  78255  0.284688  0.564566  0.562189  0.371318  0.0302946  4
1000  77921  0.28301  0.545748  0.573263  0.405715  0.028695  4
1100  78830  0.291497  0.54998  0.579084  0.422382  0.0494794  4
1200  78945  0.29391  0.546652  0.581891  0.448638  0.0131559  4
1300  78975  0.281438  0.551339  0.585065  0.430042  -0.00596765  4
1400  79468  0.275066  0.564829  0.585013  0.409364  0.00153446  4
1500  79570  0.281083  0.562349  0.585286  0.422758  0.0518602  4
1600  78061  0.278478  0.556637  0.590556  0.459207  0.0661329  4
1700  79677  0.281523  0.533491  0.602803  0.492573  0.105341  4
1800  78562  0.282227  0.527518  0.598073  0.492194  0.137109  4
1900  79356  0.279225  0.530653  0.597615  0.497011  0.11026  4
2000  79447  0.275941  0.531465  0.602983  0.504774  0.120618  4
2100  78392  0.279743  0.510609  0.604767  0.500522  0.114727  4
2200  78721  0.277154  0.50845  0.61065  0.528841  0.0820983  4
2300  79226  0.27658  0.508072  0.621638  0.547729  0.110375  4
2400  78979  0.272758  0.507347  0.621077  0.549574  0.143268  4
2500  79309  0.2752  0.511298  0.628603  0.581744  0.17689  4
2600  79395  0.277649  0.487783  0.634349  0.61163  0.202181  4
2700  78709  0.289605  0.487494  0.639738  0.635608  0.231888  4
2800  80105  0.276734  0.485781  0.645949  0.643478  0.261246  4
2900  79099  0.271163  0.474138  0.653116  0.656943  0.261935  4
3000  80308  0.281724  0.461246  0.653283  0.662007  0.263603  4
3100  79137  0.275255  0.468243  0.660174  0.676426  0.277502  4
3200  80164  0.276258  0.472215  0.661595  0.683755  0.238691  4
3300  78253  0.276934  0.467505  0.66387  0.685847  0.262572  4
3400  78569  0.270326  0.46914  0.658928  0.664201  0.227757  4
3500  79410  0.27393  0.461162  0.659992  0.681201  0.217742  4
3600  78470  0.265529  0.467464  0.663817  0.675962  0.247437  4
3700  79313  0.270743  0.466161  0.670835  0.691399  0.298299  4
3800  79474  0.272062  0.473263  0.667728  0.68752  0.294661  4
3900  79835  0.276849  0.466583  0.668062  0.695754  0.354575  4
4000  80015  0.273044  0.464088  0.676923  0.713329  0.342521  4
4100  79475  0.274832  0.465731  0.682911  0.731458  0.368272  4
4200  79427  0.271333  0.454976  0.683427  0.731183  0.418125  4
4300  80078  0.276538  0.447181  0.687248  0.751935  0.442334  4
4400  79935  0.285876  0.448552  0.688497  0.756695  0.38381  4
4500  80481  0.272717  0.441922  0.692663  0.761475  0.435527  4
4600  79324  0.28062  0.43885  0.698814  0.781512  0.484513  4
4700  79119  0.274576  0.439087  0.70785  0.79338  0.529422  4
4800  78570  0.271223  0.429423  0.712899  0.814819  0.531534  4
4900  80220  0.28319  0.417261  0.711865  0.820679  0.566116  4
5000  79651  0.269384  0.414766  0.72064  0.832051  0.573493  4
5100  80061  0.273146  0.412862  0.724453  0.837207  0.589291  4
5200  79616  0.271965  0.412799  0.727845  0.838369  0.661795  4
5300  79752  0.259144  0.414636  0.72254  0.827606  0.640211  4
5400  79560  0.264884  0.41107  0.729095  0.843937  0.638966  4
5500  80326  0.277165  0.410386  0.721649  0.839886  0.585314  4
5600  79483  0.276132  0.404084  0.727525  0.853681  0.585985  4
5700  79587  0.266617  0.400747  0.737957  0.874741  0.64787  4
5800  79675  0.276732  0.39327  0.744256  0.891498  0.651616  4
5900  79078  0.26537  0.383599  0.74413  0.892192  0.670065  4
6000  79938  0.273142  0.38837  0.743579  0.885859  0.626234  4
6100  80857  0.272405  0.390295  0.736838  0.882378  0.613845  4
6200  79639  0.267858  0.387307  0.738476  0.884333  0.631091  4
6300  79140  0.265685  0.392224  0.741742  0.881166  0.693444  4
6400  78786  0.259161  0.385793  0.743465  0.884296  0.692515  4
6500  79951  0.27966  0.390183  0.746793  0.889133  0.654287  4
6600  78121  0.261097  0.386959  0.75199  0.905997  0.646522  4
6700  80164  0.276519  0.379099  0.754699  0.920872  0.60441  4
6800  78987  0.266922  0.369701  0.757069  0.924033  0.588717  4
6900  79850  0.270554  0.37042  0.759064  0.926342  0.563319  4
7000  79328  0.261224  0.378974  0.757512  0.920622  0.534142  4
7100  79826  0.270799  0.381768  0.764129  0.93124  0.528065  4
7200  80003  0.268253  0.385629  0.76409  0.934485  0.540896  4
7300  79086  0.26504  0.385792  0.763224  0.933256  0.509517  4
7400  79167  0.25579  0.387259  0.766787  0.940117  0.534328  4
7500  78691  0.273922  0.389726  0.773521  0.948484  0.559648  4
7600  79177  0.281074  0.387246  0.773213  0.947077  0.568261  4
7700  80907  0.280964  0.381008  0.775165  0.953717  0.582282  4
7800  79212  0.275225  0.377952  0.777238  0.959303  0.582377  4
7900  80555  0.282475  0.38005  0.778394  0.964223  0.564621  4
8000  79813  0.283751  0.375497  0.780005  0.961065  0.577647  4
8100  80441  0.270759  0.375125  0.78115  0.964669  0.570381  4
8200  79485  0.272031  0.37731  0.780115  0.96383  0.55024  4
8300  79184  0.27259  0.377801  0.77843  0.961592  0.536843  4
8400  80027  0.266394  0.378174  0.780172  0.963692  0.502013  4
8500  79167  0.265974  0.375771  0.780348  0.966569  0.492637  4
8600  79443  0.266993  0.374398  0.781117  0.965836  0.533551  4
8700  79432  0.265538  0.368042  0.783201  0.969007  0.592767  4
8800  80369  0.271873  0.372712  0.783236  0.967598  0.576467  4
8900  78749  0.259846  0.372425  0.783928  0.966703  0.584213  4
9000  80232  0.272839  0.371081  0.784527  0.966524  0.602355  4
9100  79730  0.262805  0.370412  0.78576  0.966444  0.606747  4
9200  80710  0.27048  0.36937  0.787781  0.968327  0.605494  4
9300  79395  0.26562  0.366891  0.790039  0.971169  0.611705  4
9400  81217  0.262908  0.368447  0.79079  0.971037  0.635235  4
9500  78735  0.254955  0.366723  0.788486  0.969092  0.634409  4
9600  78966  0.253905  0.361059  0.791223  0.974642  0.634598  4
9700  79100  0.259698  0.365247  0.791132  0.978485  0.623534  4
9800  80549  0.259324  0.359788  0.791942  0.980104  0.584382  4
9900  80281  0.271268  0.357247  0.794067  0.983097  0.56614  4
