t meta_n emi  mean_info  tr1  tr2  tr3  strategy
0  103408  0.099144  0.493523  0.90004  0.000789508  -6.06608e-06  4
100  76531  0.195243  0.294479  0.592147  0.0819074  -0.000169227  4
200  75952  0.303161  0.161937  0.451103  0.151408  0.00971844  4
300  77716  0.342382  0.105029  0.427865  0.20163  0.0291635  4
400  76946  0.353477  0.0813725  0.413678  0.211735  0.0298786  4
500  77497  0.354559  0.0717257  0.411513  0.220646  0.0491412  4
600  76206  0.365794  0.0633253  0.408345  0.243726  0.0557224  4
700  75553  0.359675  0.0616761  0.414666  0.273345  0.00378118  4
800  76203  0.366691  0.0623361  0.420445  0.304035  0.0129968  4
900  77521  0.364003  0.063166  0.421079  0.298365  0.0214497  4
1000  76794  0.361122  0.0664899  0.426988  0.306385  0.0132845  4
1100  76738  0.355157  0.0589923  0.430911  0.333721  0.00421201  4
1200  76928  0.356973  0.0577295  0.429129  0.324759  0.0597499  4
1300  76260  0.352862  0.0559141  0.430584  0.321472  0.0448257  4
1400  76881  0.3602  0.0550829  0.431295  0.330356  0.0335282  4
1500  75707  0.347882  0.0516866  0.432171  0.317184  0.0492729  4
1600  76964  0.361178  0.045843  0.426941  0.322025  0.0481802  4
1700  77641  0.367616  0.0512291  0.420787  0.316919  0.0730265  4
1800  76623  0.368712  0.042657  0.417243  0.310056  0.0759663  4
1900  76702  0.370577  0.0474123  0.419775  0.330493  0.110814  4
2000  75691  0.36096  0.0476109  0.425741  0.338826  0.120776  4
2100  76546  0.362809  0.0427832  0.423829  0.344818  0.0913302  4
2200  75948  0.3592  0.0417946  0.426534  0.354824  0.109527  4
2300  77697  0.364738  0.0449887  0.431143  0.35485  0.116548  4
2400  77119  0.354969  0.0452257  0.440752  0.3754  0.133257  4
2500  76252  0.357105  0.0454521  0.436698  0.374069  0.143823  4
2600  77312  0.354673  0.0380779  0.435189  0.370874  0.155782  4
2700  76282  0.357442  0.0369895  0.432632  0.378164  0.163967  4
2800  76832  0.366034  0.0368855  0.431036  0.372582  0.117597  4
2900  76951  0.364168  0.0376469  0.430944  0.371831  0.123242  4
3000  76210  0.360219  0.0384904  0.434114  0.369016  0.0250726  4
3100  76721  0.356566  0.0393886  0.433094  0.349629  0.0193942  4
3200  76089  0.350757  0.0347554  0.432835  0.343067  0.0264001  4
3300  76272  0.350109  0.0375705  0.431925  0.336504  0.0514532  4
3400  76532  0.343386  0.0381299  0.435631  0.345785  0.0828251  4
3500  77645  0.3601  0.0335059  0.437506  0.341279  0.0647622  4
3600  76511  0.350384  0.0318759  0.433423  0.337622  0.0684078  4
3700  76081  0.351391  0.0268371  0.427526  0.316889  0.0713516  4
3800  77145  0.349698  0.0305989  0.426096  0.31539  0.0210879  4
3900  76628  0.359705  0.0297869  0.423257  0.327526  -0.00266576  4
4000  76711  0.346929  0.0306028  0.426479  0.326869  -0.0159114  4
4100  75747  0.347087  0.0286057  0.426183  0.338727  0.0495881  4
4200  76351  0.352534  0.0244936  0.428304  0.344071  0.0683819  4
4300  77239  0.352384  0.0242102  0.430674  0.349771  0.0282557  4
4400  75877  0.35027  0.0254584  0.431616  0.354361  0.0787976  4
4500  76230  0.356568  0.024743  0.427063  0.353924  0.0785725  4
4600  76885  0.354107  0.025675  0.42768  0.346282  0.0741745  4
4700  77438  0.361881  0.0232702  0.418416  0.331903  0.0787324  4
4800  76929  0.361598  0.0198713  0.416729  0.329362  0.0745712  4
4900  75913  0.355505  0.0202121  0.416309  0.327311  0.111081  4
5000  76936  0.359712  0.0203642  0.420832  0.33969  0.111933  4
5100  77381  0.354524  0.0168624  0.417863  0.329266  0.149672  4
5200  76226  0.352168  0.0171128  0.422939  0.341694  0.189807  4
5300  76937  0.357883  0.0140956  0.413327  0.318349  0.203885  4
5400  76882  0.355837  0.0143125  0.414349  0.322097  0.201277  4
5500  75868  0.35612  0.015415  0.415738  0.334022  0.14415  4
5600  77251  0.363163  0.0171777  0.413111  0.332587  0.14635  4
5700  77822  0.365511  0.014498  0.413915  0.335787  0.161516  4
5800  76717  0.360784  0.0134382  0.416158  0.340975  0.122218  4
5900  76263  0.364942  0.0149123  0.411625  0.333513  0.121329  4
6000  76305  0.354044  0.0135945  0.414931  0.342554  0.113327  4
6100  76490  0.362914  0.0145802  0.413588  0.329467  0.0902462  4
6200  76876  0.350896  0.0152157  0.416921  0.334901  0.0945908  4
6300  77325  0.356473  0.0130437  0.419467  0.343383  0.0817828  4
6400  78384  0.361726  0.0123308  0.421805  0.339588  0.0703309  4
6500  76643  0.354239  0.0117028  0.423192  0.34796  0.0944051  4
6600  76898  0.354968  0.0120888  0.415861  0.320849  0.124259  4
6700  76486  0.345114  0.00991155  0.416748  0.310192  0.206523  4
6800  77400  0.347768  0.0107577  0.418165  0.316735  0.211457  4
6900  77791  0.346567  0.0109478  0.415613  0.295165  0.246699  4
7000  77566  0.355082  0.0134873  0.419193  0.322464  0.193455  4
7100  77123  0.349658  0.0130638  0.417851  0.326245  0.221344  4
7200  75400  0.347586  0.0102463  0.418962  0.320171  0.276726  4
7300  76312  0.347275  0.0102549  0.419156  0.319816  0.320218  4
7400  75543  0.346065  0.00725417  0.415209  0.308341  0.321227  4
7500  76289  0.354268  0.00799359  0.412862  0.299877  0.390799  4
7600  76888  0.349849  0.00754518  0.414371  0.304812  0.358305  4
7700  77597  0.352142  0.00681063  0.416026  0.308938  0.380912  4
7800  76310  0.348794  0.00703751  0.41643  0.327816  0.377485  4
7900  76783  0.357493  0.00634557  0.414655  0.320382  0.374398  4
8000  76853  0.351751  0.00474957  0.411683  0.322341  0.414954  4
8100  75969  0.348689  0.00491813  0.41423  0.324656  0.39497  4
8200  77120  0.350584  0.00623009  0.411702  0.316008  0.367751  4
8300  75657  0.354314  0.00607365  0.407784  0.30043  0.414925  4
8400  76136  0.349302  0.00443093  0.409336  0.311963  0.432783  4
8500  77276  0.344074  0.00478825  0.406965  0.301093  0.476475  4
8600  76594  0.352339  0.00524995  0.407171  0.296196  0.435905  4
8700  77329  0.351255  0.00591006  0.405505  0.289849  0.451653  4
8800  77318  0.352904  0.00661671  0.406011  0.280855  0.458478  4
8900  76486  0.347495  0.00497985  0.407361  0.279041  0.441839  4
9000  75805  0.339506  0.00476313  0.406714  0.268003  0.489883  4
9100  76224  0.339965  0.00435526  0.401641  0.246845  0.504157  4
9200  76626  0.346163  0.00478145  0.397244  0.240706  0.516457  4
9300  76952  0.35082  0.00667174  0.397602  0.251603  0.493924  4
9400  76728  0.343919  0.00502394  0.395638  0.22539  0.528832  4
9500  76902  0.343966  0.00404359  0.395784  0.235231  0.529137  4
9600  76647  0.334491  0.00500435  0.394615  0.230808  0.54534  4
9700  77172  0.347882  0.00363136  0.394635  0.239777  0.566974  4
9800  76836  0.345696  0.00422688  0.392252  0.222807  0.627585  4
9900  77064  0.344156  0.0038712  0.394756  0.236769  0.659442  4
