t meta_n emi  mean_info  tr1  tr2  tr3  strategy
0  102099  0.101928  0.49423  0.899993  0.000752975  -1.37838e-05  4
100  74982  0.167552  0.304879  0.630942  0.0800729  -0.00711529  4
200  75608  0.29756  0.153542  0.454107  0.133442  -0.0125814  4
300  76695  0.330813  0.0963288  0.424344  0.171199  0.0103089  4
400  75375  0.340761  0.0799408  0.420929  0.211674  0.0190849  4
500  75753  0.357513  0.0705794  0.41782  0.25291  0.0251662  4
600  76310  0.359485  0.0673208  0.421307  0.268094  0.0209557  4
700  75885  0.356953  0.0651686  0.428607  0.312298  0.0209327  4
800  75908  0.367805  0.0620361  0.422775  0.322003  0.0428078  4
900  76236  0.368045  0.0584689  0.426882  0.34276  0.018755  4
1000  76745  0.364784  0.0547706  0.433949  0.356164  7.01706e-05  4
1100  76327  0.36313  0.0580057  0.438546  0.36568  0.00599313  4
1200  76579  0.357865  0.0550238  0.443844  0.384587  -0.023868  4
1300  75469  0.361057  0.0520667  0.441769  0.376118  -0.0216451  4
1400  76202  0.356987  0.0519044  0.445635  0.380721  -0.0549906  4
1500  76161  0.361257  0.0534271  0.437663  0.359737  -0.0396664  4
1600  74722  0.361334  0.0517385  0.4304  0.357406  -0.0133078  4
1700  75681  0.363148  0.0488172  0.439863  0.378447  -0.00874518  4
1800  76554  0.364052  0.0490347  0.439883  0.367781  -0.00733397  4
1900  76566  0.361904  0.0476437  0.438061  0.358687  0.0161575  4
2000  76163  0.368321  0.046747  0.434406  0.382846  -0.0218132  4
2100  77058  0.368417  0.045523  0.438315  0.378599  -0.0353928  4
2200  76695  0.358137  0.0491271  0.448129  0.392669  0.0131271  4
2300  76456  0.362716  0.0406983  0.448752  0.391757  0.0320313  4
2400  76889  0.359589  0.0418785  0.445091  0.380732  0.0357367  4
2500  76697  0.362661  0.0390806  0.442578  0.380678  0.0806602  4
2600  77281  0.353856  0.0355068  0.442403  0.380026  0.0705328  4
2700  76092  0.348187  0.0357744  0.440659  0.376299  0.073277  4
2800  76530  0.359782  0.0352415  0.438123  0.368343  0.0923107  4
2900  76335  0.347207  0.0371179  0.440349  0.355771  0.02978  4
3000  77809  0.349165  0.0397205  0.448277  0.374459  0.0351953  4
3100  75840  0.350558  0.0369787  0.446424  0.374101  0.0573672  4
3200  76739  0.359656  0.0354358  0.442913  0.380502  0.062854  4
3300  76701  0.351136  0.0369176  0.446399  0.373492  0.0854943  4
3400  77808  0.353033  0.0344319  0.443477  0.364443  0.0848871  4
3500  76439  0.343639  0.0353712  0.440812  0.358307  0.0785101  4
3600  77374  0.356093  0.0295811  0.434785  0.355884  0.0549641  4
3700  75807  0.362416  0.0295799  0.431072  0.356458  0.0539412  4
3800  76254  0.361866  0.0299082  0.430103  0.360842  0.0675782  4
3900  78033  0.363357  0.0271566  0.427308  0.347307  0.0420705  4
4000  76300  0.37026  0.0256858  0.429085  0.370688  0.0538233  4
4100  76965  0.355722  0.0232454  0.431062  0.369129  0.0443239  4
4200  76128  0.362716  0.0241331  0.430716  0.372618  0.0449699  4
4300  76628  0.359128  0.0221588  0.431662  0.359003  0.0545934  4
4400  77810  0.35461  0.0200119  0.429381  0.352253  0.0258394  4
4500  76782  0.358529  0.0193092  0.422268  0.338791  0.019393  4
4600  77498  0.347353  0.0206985  0.434093  0.354369  0.0780794  4
4700  77450  0.353863  0.0178949  0.434073  0.369333  0.044702  4
4800  75884  0.345166  0.0191856  0.438499  0.384356  0.078271  4
4900  76537  0.351036  0.0188417  0.431161  0.366279  0.118506  4
5000  77822  0.354796  0.0209743  0.4349  0.377321  0.0750386  4
5100  77672  0.362583  0.01817  0.434713  0.383876  0.0599778  4
5200  77776  0.356591  0.0189965  0.427439  0.365053  0.0593623  4
5300  75374  0.352859  0.0187195  0.42436  0.358944  0.0683517  4
5400  76199  0.355581  0.0167371  0.425068  0.351485  0.0754057  4
5500  78314  0.35391  0.0150332  0.423261  0.345026  0.109679  4
5600  76147  0.353819  0.0149342  0.423831  0.33624  0.0995  4
5700  76594  0.349141  0.0141786  0.430185  0.358921  0.0988273  4
5800  75703  0.351822  0.0137686  0.430511  0.36658  0.0750467  4
5900  76128  0.349165  0.0147368  0.428209  0.362891  0.0528337  4
6000  76443  0.353098  0.0129444  0.432045  0.363946  0.0291587  4
6100  76588  0.350736  0.0143778  0.434262  0.359373  0.00332076  4
6200  76345  0.352867  0.0175853  0.430459  0.359477  -0.0320395  4
6300  75947  0.350826  0.0183777  0.435957  0.374676  -0.0153972  4
6400  76777  0.348666  0.016307  0.436549  0.369001  0.00499842  4
6500  77837  0.350424  0.012138  0.434551  0.357878  0.0175869  4
6600  77928  0.348401  0.0124742  0.431996  0.339125  0.0142385  4
6700  76831  0.34204  0.0127519  0.435535  0.344667  0.0247365  4
6800  77180  0.346086  0.011214  0.433443  0.342874  -0.0222976  4
6900  76821  0.346312  0.010715  0.434637  0.346686  -0.0283548  4
7000  77605  0.34671  0.0103797  0.436202  0.353636  -0.00866107  4
7100  76424  0.354892  0.0119528  0.435385  0.353752  -0.0140377  4
7200  77410  0.353459  0.0104574  0.434065  0.36059  -0.00598231  4
7300  77393  0.343442  0.0105332  0.434579  0.366512  -0.00959925  4
7400  76843  0.350372  0.00738022  0.440154  0.37975  0.0436903  4
7500  76958  0.355229  0.0098926  0.441676  0.399085  0.0733073  4
7600  76640  0.356455  0.00977184  0.440215  0.381958  0.105795  4
7700  77813  0.354645  0.00894256  0.440663  0.379762  0.0796079  4
7800  77836  0.357245  0.00923039  0.44315  0.387524  0.0931288  4
7900  76452  0.351408  0.00756176  0.437456  0.370985  0.0996404  4
8000  77561  0.355427  0.00857771  0.439253  0.376731  0.127191  4
8100  76507  0.353244  0.00911087  0.433729  0.352316  0.0925466  4
8200  77425  0.355289  0.00733359  0.436343  0.361643  0.11458  4
8300  76812  0.354501  0.00742143  0.440678  0.378652  0.152465  4
8400  77540  0.358472  0.00603466  0.435141  0.350501  0.107465  4
8500  76338  0.35063  0.00582694  0.435274  0.359684  0.108323  4
8600  76351  0.358486  0.00513091  0.431802  0.344312  0.0867427  4
8700  77015  0.357578  0.00534811  0.433686  0.34792  0.144534  4
8800  76267  0.35477  0.00403617  0.427475  0.327528  0.131632  4
8900  77051  0.356176  0.00528358  0.421547  0.314929  0.124058  4
9000  77084  0.350885  0.00672144  0.426903  0.323324  0.123069  4
9100  78490  0.353071  0.00772208  0.434958  0.35163  0.1238  4
9200  76916  0.352178  0.00727573  0.425978  0.321813  0.102975  4
9300  76628  0.353871  0.00648594  0.423142  0.316314  0.105658  4
9400  76376  0.350018  0.00717698  0.417966  0.302292  0.063133  4
9500  76811  0.35052  0.00598913  0.412895  0.285176  0.0317958  4
9600  76737  0.354735  0.0054228  0.413689  0.290381  0.0407917  4
9700  77314  0.347981  0.00413007  0.419337  0.308249  0.0806326  4
9800  77210  0.345858  0.00408985  0.419336  0.308435  0.0506642  4
9900  76929  0.350161  0.0048305  0.421955  0.314683  0.0945935  4
