t meta_n emi  mean_info  tr1  tr2  tr3  strategy
0  102681  0.098912  0.495033  0.899988  0.000844279  -9.21278e-05  4
100  75651  0.164072  0.464755  0.64753  0.0853543  -0.00658729  4
200  75910  0.269788  0.350444  0.49753  0.159897  -0.0130485  4
300  76631  0.303986  0.255396  0.470447  0.203953  -0.00726264  4
400  75723  0.321746  0.192037  0.454413  0.240695  -0.025625  4
500  76591  0.343908  0.173141  0.445473  0.273729  -0.0250627  4
600  76242  0.352616  0.148646  0.448494  0.310114  -0.0209319  4
700  77001  0.348615  0.134884  0.45035  0.329764  -0.0152909  4
800  78073  0.354272  0.139198  0.45351  0.345742  -0.0106706  4
900  77132  0.351971  0.130528  0.465929  0.380211  -0.0288218  4
1000  76502  0.350058  0.126256  0.467941  0.383514  -0.0381676  4
1100  77312  0.346166  0.122381  0.475886  0.402678  -0.0202663  4
1200  77313  0.347638  0.127071  0.481186  0.426775  -0.0194366  4
1300  77257  0.349925  0.14294  0.489477  0.441396  -0.00503073  4
1400  77662  0.343721  0.137496  0.491393  0.439585  -0.022841  4
1500  77619  0.336663  0.14484  0.500476  0.457781  -0.0371754  4
1600  76649  0.331701  0.15796  0.51115  0.481959  -0.0592691  4
1700  76574  0.336201  0.143093  0.514874  0.506821  -0.0893294  4
1800  76652  0.333825  0.153948  0.525195  0.53699  -0.0797976  4
1900  77205  0.334264  0.150411  0.52532  0.532881  -0.0390321  4
2000  76894  0.337579  0.152846  0.532287  0.55415  -0.0632943  4
2100  77316  0.334648  0.151415  0.548317  0.594589  -0.0919544  4
2200  77074  0.326774  0.143038  0.555087  0.616999  -0.0426872  4
2300  76595  0.322773  0.148977  0.558257  0.62109  -0.111721  4
2400  77199  0.331119  0.14783  0.558807  0.622841  -0.139505  4
2500  76500  0.331982  0.153577  0.561609  0.625968  -0.169058  4
2600  76995  0.332675  0.144996  0.562774  0.628486  -0.202373  4
2700  78202  0.332557  0.133953  0.562223  0.626508  -0.201529  4
2800  77192  0.338387  0.14556  0.569882  0.654738  -0.14094  4
2900  76090  0.322107  0.143533  0.580715  0.668691  -0.144546  4
3000  77648  0.320055  0.142018  0.582433  0.670248  -0.145154  4
3100  77828  0.333368  0.145388  0.589001  0.685946  -0.142343  4
3200  76990  0.317892  0.14837  0.597525  0.694966  -0.175165  4
3300  77653  0.319905  0.148742  0.609731  0.721289  -0.166267  4
3400  78513  0.318579  0.160159  0.612994  0.730216  -0.135361  4
3500  76785  0.322842  0.16025  0.60923  0.722494  -0.0636094  4
3600  77329  0.319593  0.152002  0.605477  0.70878  -0.0619913  4
3700  78055  0.323857  0.150237  0.599587  0.701233  -0.0482309  4
3800  77386  0.317834  0.143301  0.600926  0.697618  0.000822773  4
3900  77364  0.323351  0.152087  0.608366  0.716945  0.0183774  4
4000  77891  0.32724  0.154235  0.605844  0.70147  0.0369317  4
4100  77470  0.320685  0.151012  0.604501  0.692911  0.0228082  4
4200  77445  0.316102  0.152468  0.609744  0.709758  0.0339698  4
4300  78809  0.323424  0.150769  0.605898  0.710467  0.00364498  4
4400  77573  0.318436  0.153693  0.614514  0.726342  0.0173319  4
4500  77762  0.324486  0.152949  0.613311  0.71749  0.0353039  4
4600  77065  0.331346  0.145834  0.60336  0.701077  0.0832488  4
4700  78090  0.331874  0.147032  0.608382  0.708142  0.0812697  4
4800  77524  0.323613  0.145514  0.607922  0.702434  0.083388  4
4900  77996  0.319729  0.14737  0.615266  0.716415  0.131139  4
5000  77934  0.330411  0.155994  0.612937  0.712877  0.0739828  4
5100  78324  0.321449  0.147035  0.61312  0.71689  0.0402909  4
5200  76933  0.313255  0.149852  0.623141  0.733058  0.0574683  4
5300  77609  0.321725  0.141646  0.617184  0.712036  0.0631785  4
5400  77993  0.327208  0.153652  0.619966  0.726438  0.103765  4
5500  77959  0.314647  0.1501  0.620166  0.7249  0.0598666  4
5600  77655  0.318978  0.149511  0.618253  0.727437  0.0533166  4
5700  76602  0.321889  0.14894  0.626443  0.748591  0.0263092  4
5800  77241  0.317268  0.152011  0.634953  0.765339  0.0638813  4
5900  77143  0.323717  0.14204  0.628996  0.753132  0.0416336  4
6000  77925  0.325074  0.151321  0.626609  0.747067  0.0163629  4
6100  76448  0.324323  0.145997  0.622571  0.740472  -0.0206035  4
6200  77342  0.33901  0.150931  0.626698  0.754212  -0.01367  4
6300  77649  0.330874  0.152727  0.627044  0.753007  0.000934452  4
6400  78092  0.322785  0.153993  0.62927  0.760797  0.0312388  4
6500  77851  0.330146  0.153985  0.628313  0.768731  0.0284986  4
6600  78598  0.334314  0.145401  0.623573  0.747658  0.0287649  4
6700  77873  0.321849  0.143947  0.624604  0.749323  0.0206607  4
6800  78084  0.332967  0.147868  0.627143  0.759162  0.0272612  4
6900  77919  0.320455  0.145092  0.634048  0.773823  -0.0104307  4
7000  76705  0.31718  0.151107  0.634837  0.772496  -0.0288541  4
7100  77916  0.321292  0.143039  0.633256  0.766829  -0.0568371  4
7200  78045  0.32466  0.139735  0.632881  0.763273  -0.0947739  4
7300  77763  0.316684  0.146324  0.633553  0.755553  -0.129113  4
7400  77522  0.312036  0.147749  0.629008  0.7453  -0.153246  4
7500  77170  0.31801  0.151828  0.634076  0.758646  -0.166408  4
7600  76596  0.31536  0.143589  0.628796  0.744369  -0.18036  4
7700  79072  0.323943  0.141311  0.625726  0.737442  -0.231105  4
7800  78106  0.32293  0.143714  0.625217  0.729399  -0.228847  4
7900  76990  0.323412  0.144922  0.624302  0.729169  -0.284238  4
8000  78147  0.316899  0.144711  0.62346  0.722676  -0.317639  4
8100  77725  0.324257  0.154711  0.631003  0.743051  -0.32697  4
8200  76400  0.317019  0.143242  0.625432  0.728143  -0.30788  4
8300  77736  0.308789  0.146398  0.620971  0.710598  -0.316726  4
8400  78542  0.322385  0.144867  0.617538  0.701819  -0.33205  4
8500  77708  0.311297  0.139956  0.620447  0.708046  -0.34484  4
8600  78453  0.321728  0.140031  0.627744  0.731926  -0.294978  4
8700  77519  0.311651  0.140952  0.637589  0.757779  -0.31039  4
8800  77699  0.326086  0.145068  0.647023  0.781335  -0.285129  4
8900  77730  0.310173  0.153707  0.653257  0.801029  -0.213596  4
9000  77585  0.316479  0.145524  0.654453  0.809984  -0.259566  4
9100  77765  0.317013  0.144377  0.657014  0.810022  -0.205113  4
9200  77407  0.329016  0.155847  0.664255  0.822819  -0.146005  4
9300  78197  0.325046  0.157078  0.664772  0.824844  -0.180149  4
9400  78746  0.321637  0.152308  0.666834  0.836117  -0.203648  4
9500  76967  0.326707  0.158095  0.672058  0.84823  -0.148271  4
9600  78116  0.326733  0.15446  0.674462  0.851854  -0.095545  4
9700  77052  0.317475  0.142318  0.668489  0.838158  -0.131091  4
9800  77246  0.314907  0.144953  0.67912  0.859702  -0.12239  4
9900  78060  0.325438  0.145576  0.680105  0.873064  -0.055466  4
