t meta_n emi  mean_info  tr1  tr2  tr3  strategy
0  103424  0.099504  0.491654  0.899996  0.000803342  1.29979e-05  4
100  74724  0.180418  0.262135  0.60053  0.0795308  0.00623845  4
200  75872  0.314573  0.12556  0.441041  0.151474  0.0201685  4
300  76808  0.343657  0.086273  0.422206  0.199921  0.0239532  4
400  75629  0.34157  0.070315  0.425504  0.246617  0.0317392  4
500  76002  0.360945  0.0582025  0.42032  0.273885  0.0166172  4
600  76703  0.36288  0.0561564  0.42493  0.300238  0.0241121  4
700  75816  0.365821  0.0568957  0.432615  0.345524  0.0345695  4
800  77312  0.370283  0.0536197  0.429689  0.359554  0.0101511  4
900  76450  0.375103  0.0509811  0.432461  0.360911  0.0199705  4
1000  75806  0.3647  0.0517478  0.439749  0.372477  0.0469685  4
1100  76594  0.36493  0.0507274  0.44195  0.386694  0.102904  4
1200  76704  0.371797  0.052033  0.444567  0.402002  0.1395  4
1300  76929  0.368631  0.051601  0.440294  0.391377  0.164466  4
1400  76620  0.369156  0.0471131  0.44588  0.419044  0.196665  4
1500  75967  0.36755  0.045909  0.447193  0.417956  0.155409  4
1600  76625  0.358685  0.0450403  0.446852  0.413266  0.2016  4
1700  75977  0.353223  0.0425145  0.446337  0.40145  0.178017  4
1800  76781  0.360006  0.0422365  0.439975  0.383351  0.218663  4
1900  75388  0.356381  0.039489  0.439113  0.375116  0.245962  4
2000  76717  0.367556  0.0396049  0.432601  0.359981  0.301921  4
2100  76140  0.358431  0.0392136  0.436905  0.371578  0.336008  4
2200  77261  0.363569  0.0353562  0.438901  0.377551  0.308563  4
2300  76582  0.358122  0.0338978  0.441525  0.390117  0.304906  4
2400  76556  0.358675  0.0313035  0.447474  0.403881  0.254406  4
2500  77146  0.355403  0.0365312  0.439012  0.379373  0.225896  4
2600  76758  0.361209  0.0364227  0.433357  0.360487  0.246747  4
2700  76964  0.36588  0.0342945  0.433764  0.36389  0.244324  4
2800  76836  0.359951  0.030814  0.432887  0.360501  0.236963  4
2900  76979  0.351441  0.0312361  0.432344  0.351384  0.222519  4
3000  76952  0.357304  0.0341012  0.428906  0.346235  0.276703  4
3100  76725  0.360632  0.0300605  0.421987  0.323423  0.28238  4
3200  76389  0.357493  0.0326709  0.419554  0.305864  0.230331  4
3300  76325  0.352964  0.0277192  0.415057  0.297261  0.218261  4
3400  75962  0.364434  0.0268172  0.406374  0.277178  0.245268  4
3500  77150  0.358554  0.0251366  0.409714  0.274812  0.198756  4
3600  76822  0.353898  0.0261014  0.412024  0.279967  0.204178  4
3700  77100  0.355125  0.0236079  0.417225  0.296864  0.160777  4
3800  76152  0.351854  0.0247895  0.417369  0.289974  0.183014  4
3900  76524  0.364554  0.0263544  0.410675  0.290543  0.212823  4
4000  76007  0.359535  0.0205152  0.402696  0.269857  0.200766  4
4100  74732  0.359103  0.0210783  0.400772  0.255715  0.229922  4
4200  77663  0.361219  0.0177014  0.405623  0.269992  0.205469  4
4300  76622  0.36339  0.0191709  0.401007  0.275558  0.235145  4
4400  77383  0.367888  0.0160859  0.403292  0.289307  0.24401  4
4500  77574  0.35947  0.0181312  0.402796  0.279711  0.253628  4
4600  76122  0.361027  0.0190181  0.400219  0.273013  0.279836  4
4700  77198  0.358174  0.0163396  0.404887  0.278941  0.260768  4
4800  76749  0.351056  0.0134537  0.403714  0.266592  0.249648  4
4900  75761  0.355661  0.014867  0.404225  0.277768  0.270718  4
5000  77719  0.359356  0.0135773  0.403008  0.270867  0.232365  4
5100  77149  0.360625  0.0137977  0.397835  0.267927  0.24004  4
5200  76383  0.357162  0.0142286  0.398975  0.270442  0.271459  4
5300  77430  0.367924  0.0150398  0.397382  0.266737  0.268802  4
5400  76935  0.357797  0.0157425  0.401313  0.263768  0.249678  4
5500  76258  0.353997  0.0137148  0.400846  0.257865  0.196994  4
5600  77156  0.360476  0.0145725  0.405004  0.274914  0.166724  4
5700  76336  0.3541  0.0102656  0.406369  0.282234  0.235798  4
5800  76623  0.352293  0.00892585  0.403004  0.275814  0.255593  4
5900  77882  0.349264  0.00789076  0.400898  0.264402  0.261851  4
6000  77697  0.3568  0.00831277  0.39641  0.253461  0.287798  4
6100  77685  0.356245  0.010948  0.399992  0.268138  0.263347  4
6200  76981  0.358561  0.00748288  0.396986  0.254106  0.290205  4
6300  76014  0.355024  0.00783053  0.394594  0.250826  0.274423  4
6400  76972  0.35429  0.00741618  0.393973  0.251354  0.255795  4
6500  76786  0.356305  0.00802666  0.391832  0.247715  0.286006  4
6600  77073  0.358249  0.00653396  0.391299  0.24635  0.311196  4
6700  76657  0.355068  0.00627683  0.388469  0.241689  0.318739  4
6800  76448  0.356085  0.00569414  0.386168  0.242055  0.334087  4
6900  75872  0.363395  0.00591794  0.385556  0.233389  0.358328  4
7000  76464  0.352966  0.00482362  0.386035  0.230539  0.370773  4
7100  76047  0.354662  0.00481501  0.386074  0.230076  0.309962  4
7200  75559  0.361856  0.00568586  0.386022  0.240646  0.306621  4
7300  77361  0.36974  0.00445339  0.383062  0.222399  0.296034  4
7400  77596  0.362352  0.00479802  0.385516  0.223081  0.286406  4
7500  76892  0.354618  0.00438378  0.387792  0.226366  0.298434  4
7600  77482  0.355609  0.0038032  0.387108  0.22675  0.323419  4
7700  76010  0.35532  0.00481868  0.385893  0.229038  0.353978  4
7800  76594  0.35965  0.00510359  0.386005  0.233034  0.31681  4
7900  77688  0.362116  0.00466305  0.38636  0.230164  0.330996  4
8000  76975  0.35659  0.00545389  0.38805  0.23559  0.335311  4
8100  77392  0.357005  0.00489678  0.386832  0.239591  0.298877  4
8200  77101  0.357743  0.00495756  0.389802  0.246175  0.368599  4
8300  77774  0.353692  0.00472171  0.391848  0.244622  0.360619  4
8400  76986  0.349955  0.00554191  0.391862  0.256885  0.348164  4
8500  76363  0.349797  0.00335571  0.393646  0.255884  0.387995  4
8600  76921  0.352529  0.00377866  0.3948  0.257858  0.419091  4
8700  76147  0.35096  0.00363743  0.394671  0.262003  0.412002  4
8800  77191  0.349048  0.00445307  0.397989  0.27158  0.4236  4
8900  77268  0.351883  0.00337969  0.396776  0.264319  0.435447  4
9000  76945  0.3503  0.00297929  0.396433  0.260099  0.446215  4
9100  76201  0.35226  0.00319467  0.393933  0.250086  0.426509  4
9200  76591  0.350479  0.00159281  0.39327  0.24854  0.418649  4
9300  76891  0.34788  0.00159247  0.394761  0.247057  0.469304  4
9400  76431  0.351631  0.00211105  0.395394  0.258341  0.476372  4
9500  76100  0.353569  0.00179725  0.397357  0.275889  0.50153  4
9600  75950  0.351413  0.00208031  0.393833  0.26423  0.514282  4
9700  77461  0.352615  0.00216167  0.392882  0.254807  0.524142  4
9800  77228  0.354745  0.00217066  0.392141  0.255664  0.550093  4
9900  76518  0.355462  0.00274489  0.391079  0.243292  0.534791  4
