t meta_n emi  mean_info  tr1  tr2  tr3  strategy
0  104916  0.100384  0.494368  0.900034  0.000777407  -1.20315e-05  4
100  76066  0.189603  0.524555  0.62847  0.0967372  -0.0027588  4
200  77194  0.274206  0.419508  0.505663  0.152663  0.00983901  4
300  76994  0.29945  0.31993  0.481087  0.191661  0.0183545  4
400  77155  0.315914  0.275514  0.473364  0.242128  0.0313596  4
500  76604  0.320641  0.251749  0.478612  0.313497  0.0409408  4
600  76932  0.32023  0.234899  0.486673  0.344266  0.0541573  4
700  77043  0.325233  0.227258  0.489977  0.373299  0.0698924  4
800  76707  0.338082  0.22343  0.497264  0.408575  0.0730548  4
900  77599  0.327  0.222479  0.504336  0.40731  0.0843144  4
1000  76749  0.328735  0.222433  0.501519  0.414635  0.0631374  4
1100  77317  0.325703  0.231208  0.516318  0.44888  0.0579223  4
1200  77301  0.321876  0.231048  0.527765  0.472288  0.0152315  4
1300  77043  0.32031  0.237499  0.539914  0.495399  0.00525114  4
1400  77602  0.321832  0.241231  0.551452  0.517952  0.0245753  4
1500  77679  0.322071  0.222724  0.558275  0.550281  0.0492923  4
1600  77835  0.322645  0.221489  0.566352  0.580379  0.0668121  4
1700  77624  0.314934  0.226558  0.576365  0.61174  0.0574998  4
1800  77380  0.318811  0.22808  0.574236  0.603105  0.0479154  4
1900  77248  0.320715  0.225798  0.577934  0.629344  0.0757758  4
2000  77591  0.317336  0.22435  0.587882  0.645208  0.0784628  4
2100  78384  0.32771  0.230625  0.596097  0.65264  -0.00220899  4
2200  77724  0.306078  0.234026  0.609972  0.680256  0.0132001  4
2300  77395  0.310573  0.23307  0.616054  0.699116  0.0329856  4
2400  76633  0.30739  0.233596  0.62236  0.705509  0.0146336  4
2500  78139  0.314179  0.237084  0.628636  0.724069  0.0360425  4
2600  77299  0.301964  0.222518  0.630749  0.723405  0.0361559  4
2700  77273  0.306789  0.236309  0.64902  0.761112  -0.0217731  4
2800  77944  0.309856  0.253273  0.664228  0.800577  -0.0259883  4
2900  77848  0.305505  0.251597  0.666785  0.806728  -0.0250198  4
3000  78097  0.305082  0.244954  0.674575  0.82095  -0.0660829  4
3100  78666  0.314005  0.238531  0.67442  0.823171  -0.0437164  4
3200  77155  0.295789  0.239089  0.676433  0.827617  -0.0625915  4
3300  77659  0.305763  0.229933  0.670817  0.820573  -0.110096  4
3400  78082  0.3007  0.237034  0.677554  0.833544  -0.142842  4
3500  77421  0.29841  0.223432  0.678848  0.831593  -0.153427  4
3600  78231  0.30238  0.218948  0.681776  0.840147  -0.135666  4
3700  77962  0.307183  0.229268  0.686793  0.853338  -0.22871  4
3800  77364  0.309709  0.236505  0.691078  0.874987  -0.192883  4
3900  76625  0.304911  0.227832  0.695044  0.882704  -0.131742  4
4000  78632  0.308943  0.228085  0.704599  0.898236  -0.139008  4
4100  78225  0.29703  0.22734  0.711363  0.909485  -0.16655  4
4200  77837  0.304257  0.230338  0.710412  0.917423  -0.178522  4
4300  77350  0.294679  0.234435  0.716335  0.925923  -0.202316  4
4400  77531  0.298188  0.226808  0.714751  0.924905  -0.157689  4
4500  78837  0.300434  0.227454  0.714533  0.920128  -0.154667  4
4600  77902  0.301952  0.22987  0.716727  0.923373  -0.125269  4
4700  78136  0.304481  0.227332  0.721125  0.924675  -0.0735619  4
4800  78825  0.309416  0.218809  0.721264  0.926462  -0.0962071  4
4900  77761  0.304768  0.223126  0.718372  0.928198  -0.0666134  4
5000  77869  0.303687  0.219757  0.722407  0.925596  -0.0392945  4
5100  78092  0.298408  0.228562  0.72477  0.931217  0.0307986  4
5200  79048  0.298855  0.223569  0.725432  0.934955  0.061345  4
5300  78717  0.296256  0.235726  0.731009  0.946375  0.0223463  4
5400  78334  0.30527  0.236986  0.73339  0.947118  0.0264124  4
5500  77739  0.293181  0.231823  0.730735  0.942945  0.0459284  4
5600  79278  0.310108  0.234938  0.729726  0.93568  0.046789  4
5700  77809  0.289835  0.236498  0.73313  0.945216  0.0793194  4
5800  78570  0.307518  0.226335  0.733141  0.941834  0.1048  4
5900  77702  0.298829  0.232486  0.733612  0.950889  0.121736  4
6000  77477  0.305694  0.233764  0.73519  0.956754  0.160404  4
6100  79481  0.308136  0.231945  0.737322  0.956507  0.0864285  4
6200  77880  0.295265  0.220797  0.741062  0.961158  0.0778059  4
6300  78382  0.290995  0.2195  0.743907  0.965939  0.127391  4
6400  77811  0.303879  0.234932  0.74577  0.974451  0.113091  4
6500  78458  0.300298  0.23675  0.747664  0.979271  0.170563  4
6600  79377  0.301268  0.239053  0.748663  0.978987  0.158181  4
6700  79164  0.301497  0.239339  0.752555  0.982884  0.11345  4
6800  79058  0.301605  0.23187  0.752735  0.980993  0.130484  4
6900  77758  0.29554  0.237012  0.752585  0.984884  0.104  4
7000  77904  0.295809  0.236694  0.752497  0.982406  0.08141  4
7100  78193  0.294996  0.238575  0.751994  0.984239  0.0850987  4
7200  78487  0.293647  0.233463  0.751885  0.984222  0.0742123  4
7300  78688  0.292456  0.227001  0.751576  0.981906  0.0989389  4
7400  78693  0.30169  0.229045  0.751674  0.982282  0.141858  4
7500  77854  0.29289  0.225737  0.752018  0.983331  0.112371  4
7600  78562  0.300556  0.22606  0.75087  0.981145  0.102024  4
7700  78440  0.293982  0.223059  0.751448  0.985436  0.121504  4
7800  78494  0.302637  0.222127  0.751912  0.990284  0.119238  4
7900  78285  0.299319  0.223115  0.751932  0.986913  0.0789778  4
8000  78457  0.295561  0.226477  0.751317  0.990003  0.0685227  4
8100  78260  0.292264  0.226227  0.752082  0.989749  0.0676171  4
8200  78412  0.30719  0.225906  0.750709  0.989132  0.0654793  4
8300  77557  0.298319  0.227321  0.752649  0.990697  0.0759945  4
8400  79213  0.307772  0.22665  0.752362  0.990066  0.057146  4
8500  78500  0.304265  0.22637  0.750141  0.983685  0.0407507  4
8600  77970  0.29849  0.232605  0.752028  0.990768  0.0502619  4
8700  78577  0.296689  0.224282  0.753323  0.992165  0.0498555  4
8800  77919  0.29863  0.220331  0.754013  0.991914  0.0463082  4
8900  78939  0.306679  0.233325  0.753949  0.99365  0.0317292  4
9000  78101  0.303312  0.227338  0.753028  0.990496  0.0185849  4
9100  77483  0.293612  0.234204  0.753432  0.98934  -0.024829  4
9200  77763  0.299652  0.231066  0.751962  0.989247  0.0157223  4
9300  78290  0.307402  0.228398  0.750038  0.987433  -0.0273093  4
9400  77872  0.291022  0.223343  0.751125  0.987025  -0.0307073  4
9500  77410  0.297374  0.223332  0.752011  0.989734  -0.0786387  4
9600  77580  0.291289  0.226815  0.753234  0.990748  -0.12663  4
9700  77547  0.291578  0.232049  0.754814  0.99217  -0.154586  4
9800  78581  0.295502  0.224304  0.7541  0.992385  -0.1417  4
9900  78880  0.301292  0.217297  0.75452  0.992493  -0.155515  4
