t meta_n emi  mean_info  tr1  tr2  tr3  strategy
0  103137  0.098672  0.49204  0.899936  0.00083767  7.9134e-05  4
100  75225  0.176798  0.33507  0.609427  0.0883045  -0.00382545  4
200  76360  0.297453  0.205374  0.468504  0.167852  -0.0168843  4
300  75859  0.325292  0.149411  0.44561  0.215091  -0.0189011  4
400  76390  0.328072  0.110977  0.435577  0.233183  -0.00748977  4
500  76535  0.344392  0.10108  0.430552  0.25089  -0.00441121  4
600  75906  0.348149  0.0920355  0.428148  0.286231  -0.00750249  4
700  76820  0.352974  0.0839617  0.428687  0.285163  -0.000506263  4
800  76884  0.36051  0.0834978  0.430106  0.328352  -0.00619312  4
900  76259  0.353265  0.0761279  0.438832  0.345084  0.0313133  4
1000  76537  0.358234  0.0803179  0.446584  0.363599  0.036238  4
1100  76254  0.355023  0.0794755  0.454819  0.385383  0.0304526  4
1200  75503  0.34539  0.0798216  0.453811  0.375911  0.0193414  4
1300  75463  0.352091  0.0739732  0.443945  0.371521  0.0124198  4
1400  76411  0.354727  0.0760516  0.447529  0.387894  -0.0363001  4
1500  76625  0.363  0.069859  0.450081  0.384764  0.00403567  4
1600  75888  0.360593  0.0661029  0.456056  0.416855  -0.00340322  4
1700  76853  0.358233  0.06883  0.461997  0.432727  -0.0270339  4
1800  76664  0.35976  0.0735464  0.469362  0.438921  0.00841007  4
1900  77443  0.360335  0.0810964  0.47791  0.469414  0.0389819  4
2000  76646  0.349072  0.0700165  0.475132  0.464973  0.0677507  4
2100  77360  0.351106  0.0664395  0.476458  0.468243  0.0735482  4
2200  77002  0.356913  0.0642964  0.47719  0.472597  0.0756678  4
2300  75804  0.349066  0.0658998  0.476157  0.474305  0.0788704  4
2400  76203  0.351416  0.0638657  0.473612  0.451293  0.103814  4
2500  77364  0.350347  0.0625501  0.477622  0.465271  0.0696567  4
2600  76933  0.352625  0.0592882  0.476055  0.462258  0.0701881  4
2700  76522  0.349722  0.0599786  0.475412  0.477435  0.0760736  4
2800  77103  0.359195  0.0607358  0.467923  0.476041  0.0924842  4
2900  75617  0.359944  0.0626383  0.47624  0.499759  0.0835265  4
3000  76269  0.358354  0.0607558  0.469982  0.47324  0.0687884  4
3100  76222  0.357614  0.054398  0.466198  0.45772  0.00183475  4
3200  77192  0.363827  0.0547801  0.470696  0.468612  -0.0156837  4
3300  76870  0.351479  0.0542732  0.482947  0.488318  -0.0156547  4
3400  76718  0.356654  0.0555316  0.477612  0.474343  -0.0197743  4
3500  76884  0.352679  0.0531024  0.474693  0.465457  -0.0530751  4
3600  77192  0.346997  0.0568089  0.476156  0.458049  -0.0432766  4
3700  77271  0.34858  0.0525168  0.46658  0.42889  -0.0757845  4
3800  77398  0.358321  0.059843  0.463667  0.419909  -0.1026  4
3900  76232  0.348241  0.0504252  0.470101  0.415952  -0.125724  4
4000  76328  0.344026  0.0533522  0.464675  0.404946  -0.105773  4
4100  76766  0.351282  0.0542741  0.459877  0.4008  -0.103324  4
4200  76828  0.353153  0.0543913  0.466039  0.417678  -0.161126  4
4300  76432  0.351884  0.0494434  0.463784  0.421003  -0.164545  4
4400  77022  0.35174  0.046294  0.463778  0.422852  -0.207434  4
4500  75987  0.351994  0.0448693  0.461112  0.410617  -0.16976  4
4600  77502  0.348979  0.044422  0.463105  0.422027  -0.12061  4
4700  77837  0.354937  0.0499  0.465889  0.429827  -0.128017  4
4800  77511  0.347027  0.0548885  0.469  0.424778  -0.103679  4
4900  77355  0.346379  0.0494719  0.466272  0.411226  -0.0842095  4
5000  76040  0.34518  0.0489898  0.46356  0.40745  -0.0963392  4
5100  76747  0.348473  0.0416602  0.456969  0.398822  -0.112445  4
5200  76424  0.346558  0.0508074  0.460875  0.404154  -0.15693  4
5300  76154  0.354871  0.0524051  0.461472  0.437091  -0.234393  4
5400  76883  0.355948  0.0475656  0.462371  0.432118  -0.256235  4
5500  77327  0.358836  0.0540955  0.468945  0.45064  -0.267926  4
5600  78327  0.353196  0.048341  0.461405  0.433412  -0.294927  4
5700  76814  0.35211  0.0473546  0.468818  0.453188  -0.324683  4
5800  76299  0.350046  0.0522538  0.478624  0.481019  -0.338628  4
5900  77190  0.346542  0.0465245  0.473594  0.465663  -0.379926  4
6000  76959  0.346669  0.0437735  0.47485  0.46153  -0.394273  4
6100  76725  0.349221  0.0414778  0.482931  0.478339  -0.453954  4
6200  76051  0.346817  0.0462857  0.480847  0.47472  -0.465273  4
6300  77370  0.346906  0.0462205  0.490864  0.491944  -0.454784  4
6400  77608  0.345875  0.0443174  0.491468  0.492545  -0.420389  4
6500  76621  0.34328  0.0414124  0.485129  0.48849  -0.41585  4
6600  77378  0.349674  0.0431288  0.485164  0.486456  -0.446291  4
6700  76185  0.345828  0.0494839  0.486767  0.492893  -0.411514  4
6800  77297  0.346704  0.0455293  0.487161  0.497828  -0.417655  4
6900  77019  0.343187  0.0467992  0.494518  0.517896  -0.488734  4
7000  77689  0.340869  0.046111  0.493909  0.521913  -0.439303  4
7100  76779  0.341279  0.0396866  0.49034  0.504921  -0.442862  4
7200  77156  0.341827  0.0441317  0.488524  0.493402  -0.440532  4
7300  76240  0.337818  0.0442098  0.485698  0.473221  -0.458366  4
7400  76469  0.350097  0.0425235  0.481739  0.461149  -0.477472  4
7500  76939  0.343058  0.0474258  0.483746  0.466553  -0.519114  4
7600  76804  0.344502  0.0431284  0.479857  0.455944  -0.536641  4
7700  77591  0.350951  0.0467174  0.482783  0.457718  -0.527589  4
7800  76948  0.342784  0.0444446  0.479643  0.444279  -0.525737  4
7900  77160  0.334652  0.0414772  0.4758  0.437636  -0.528281  4
8000  76273  0.340147  0.0342048  0.467625  0.408673  -0.571613  4
8100  76846  0.339167  0.0326078  0.46599  0.408304  -0.601916  4
8200  76974  0.339697  0.0304919  0.467121  0.40807  -0.599728  4
8300  77171  0.34101  0.0404789  0.471868  0.418896  -0.643228  4
8400  77993  0.34028  0.043686  0.476285  0.428625  -0.688108  4
8500  76751  0.339056  0.0415536  0.477706  0.430153  -0.684021  4
8600  77640  0.343227  0.0355359  0.475287  0.416702  -0.717069  4
8700  76747  0.333472  0.034552  0.476552  0.41799  -0.742314  4
8800  76225  0.333881  0.0358024  0.477547  0.408185  -0.747686  4
8900  77072  0.338923  0.0295995  0.470979  0.400964  -0.741144  4
9000  76446  0.337361  0.0288401  0.474656  0.41197  -0.730761  4
9100  77306  0.334445  0.0248504  0.466395  0.392928  -0.749464  4
9200  76345  0.336135  0.0229742  0.469667  0.39525  -0.775789  4
9300  76076  0.334648  0.0253876  0.470081  0.394418  -0.761438  4
9400  77208  0.332661  0.0272239  0.471951  0.404098  -0.730267  4
9500  76657  0.333701  0.0278038  0.469762  0.395475  -0.730533  4
9600  76404  0.331007  0.0216008  0.468506  0.386587  -0.6807  4
9700  78199  0.336162  0.0218685  0.469395  0.397491  -0.676748  4
9800  76470  0.342501  0.0208053  0.471857  0.403355  -0.62671  4
9900  75924  0.338176  0.0213554  0.474608  0.406491  -0.673333  4
