t meta_n emi  mean_info  tr1  tr2  tr3  strategy
0  104215  0.099984  0.496274  0.900043  0.000765181  5.1173e-06  4
100  77806  0.184892  0.650557  0.646448  0.0968045  -0.00923365  4
200  78010  0.259072  0.628218  0.544674  0.164505  -0.00160521  4
300  77427  0.280703  0.581822  0.527826  0.201232  0.000384597  4
400  77962  0.293153  0.529823  0.526266  0.242088  0.0250124  4
500  78155  0.285856  0.489311  0.529079  0.271607  0.00594926  4
600  77384  0.290216  0.460784  0.534568  0.315456  0.000711566  4
700  77703  0.29442  0.45778  0.544358  0.370882  0.0163787  4
800  77536  0.29122  0.441311  0.548214  0.387987  0.0238286  4
900  78261  0.293793  0.431017  0.55638  0.413354  0.0483653  4
1000  78251  0.295658  0.429798  0.560128  0.435178  0.00696915  4
1100  78777  0.301077  0.422734  0.566318  0.460239  0.0158973  4
1200  78921  0.305792  0.414181  0.580201  0.494261  0.0261628  4
1300  78255  0.301938  0.41927  0.585471  0.52375  -0.021783  4
1400  78835  0.301914  0.394594  0.598626  0.558184  -0.040018  4
1500  78069  0.293414  0.401983  0.603544  0.574613  -0.0344327  4
1600  78780  0.291586  0.399168  0.605521  0.576647  -0.0541331  4
1700  77896  0.291505  0.388532  0.61367  0.59903  -0.00240085  4
1800  78683  0.303958  0.386151  0.621887  0.629582  -0.0482882  4
1900  77669  0.283189  0.403496  0.629837  0.643675  -0.0798653  4
2000  79084  0.284538  0.387415  0.643042  0.667985  -0.04889  4
2100  78268  0.288703  0.384374  0.652619  0.682618  -0.0798521  4
2200  79669  0.290656  0.376965  0.65699  0.709488  -0.0875679  4
2300  77902  0.283395  0.386013  0.666956  0.739866  -0.0820174  4
2400  78422  0.279854  0.37006  0.684846  0.774594  -0.0991658  4
2500  78298  0.281668  0.374505  0.684208  0.775937  -0.142237  4
2600  78530  0.280851  0.370474  0.685337  0.77979  -0.116338  4
2700  79298  0.27677  0.356624  0.690745  0.789344  -0.0958402  4
2800  78381  0.274779  0.364553  0.696347  0.800482  -0.134128  4
2900  78570  0.28475  0.362821  0.693296  0.813623  -0.180312  4
3000  78882  0.284428  0.367941  0.702308  0.826878  -0.164569  4
3100  78968  0.280388  0.360098  0.703557  0.836521  -0.175398  4
3200  79509  0.285709  0.358974  0.706115  0.84543  -0.20538  4
3300  78790  0.282763  0.368357  0.704766  0.840896  -0.168662  4
3400  80121  0.296265  0.370249  0.708107  0.841488  -0.176105  4
3500  78583  0.280362  0.371589  0.708576  0.839458  -0.179611  4
3600  79612  0.284313  0.371085  0.71847  0.856532  -0.176082  4
3700  78634  0.266163  0.367811  0.729666  0.874047  -0.194546  4
3800  78355  0.272314  0.361258  0.728866  0.883425  -0.1318  4
3900  78243  0.268128  0.363458  0.731451  0.889929  -0.160656  4
4000  79464  0.27613  0.356931  0.73322  0.895712  -0.194292  4
4100  79331  0.277326  0.362921  0.735601  0.898716  -0.190987  4
4200  79094  0.268839  0.364562  0.744384  0.908526  -0.210587  4
4300  79194  0.278808  0.357129  0.740794  0.909733  -0.289201  4
4400  79999  0.289785  0.352  0.743479  0.914271  -0.269857  4
4500  78778  0.277011  0.35062  0.749795  0.923014  -0.253408  4
4600  78952  0.267861  0.345096  0.750293  0.927336  -0.281228  4
4700  79703  0.27461  0.355765  0.754152  0.927237  -0.267192  4
4800  78775  0.278922  0.346768  0.756617  0.935173  -0.29685  4
4900  78709  0.27737  0.349769  0.760563  0.938955  -0.259151  4
5000  79122  0.270485  0.357255  0.763095  0.94507  -0.237973  4
5100  78188  0.264197  0.346778  0.763713  0.942333  -0.27987  4
5200  78533  0.278913  0.359721  0.762221  0.937241  -0.232852  4
5300  79475  0.271568  0.34947  0.761498  0.936129  -0.202576  4
5400  78743  0.261228  0.347523  0.766803  0.939705  -0.238982  4
5500  78921  0.269296  0.346906  0.768647  0.944845  -0.309694  4
5600  79058  0.263218  0.347619  0.765878  0.945904  -0.258429  4
5700  79782  0.282838  0.346868  0.771116  0.954152  -0.285645  4
5800  80440  0.28235  0.348939  0.770529  0.955751  -0.239682  4
5900  78588  0.276537  0.354597  0.774433  0.958782  -0.247929  4
6000  78712  0.263797  0.338217  0.773927  0.957021  -0.208952  4
6100  79189  0.270009  0.333685  0.774083  0.959109  -0.183387  4
6200  78963  0.27165  0.340385  0.77859  0.964332  -0.158999  4
6300  79357  0.273233  0.334164  0.778412  0.965234  -0.130566  4
6400  79342  0.268464  0.331506  0.779488  0.969025  -0.179803  4
6500  79092  0.277329  0.333905  0.783024  0.974154  -0.138079  4
6600  78340  0.274972  0.331845  0.78268  0.975792  -0.130371  4
6700  79538  0.275589  0.337456  0.783599  0.981654  -0.104668  4
6800  79196  0.278442  0.328751  0.786644  0.982921  -0.188414  4
6900  78932  0.267803  0.324789  0.787858  0.98364  -0.185978  4
7000  78589  0.264395  0.330268  0.790676  0.98349  -0.195437  4
7100  79728  0.271205  0.330677  0.790445  0.985219  -0.155002  4
7200  78548  0.269164  0.33472  0.788867  0.98552  -0.0985518  4
7300  79488  0.265042  0.338431  0.789006  0.984153  -0.0422089  4
7400  79287  0.26223  0.334936  0.791991  0.987658  -0.107493  4
7500  79059  0.266646  0.333671  0.793119  0.988522  -0.149567  4
7600  78974  0.264445  0.335233  0.7909  0.989448  -0.235704  4
7700  78793  0.275401  0.341343  0.793481  0.98844  -0.183119  4
7800  79294  0.266871  0.340309  0.793121  0.989985  -0.181392  4
7900  78103  0.254833  0.335633  0.793249  0.989502  -0.200649  4
8000  80583  0.275209  0.330697  0.792749  0.989514  -0.319793  4
8100  79567  0.268904  0.331248  0.792501  0.989954  -0.368181  4
8200  78103  0.262244  0.33267  0.792621  0.990502  -0.389503  4
8300  79197  0.26952  0.32688  0.792642  0.991817  -0.417675  4
8400  78771  0.270563  0.323305  0.7927  0.991707  -0.408521  4
8500  78830  0.266085  0.321419  0.791099  0.992529  -0.382541  4
8600  78407  0.259088  0.325809  0.793054  0.993098  -0.389204  4
8700  79366  0.273897  0.326755  0.793875  0.992911  -0.428621  4
8800  79025  0.262994  0.333249  0.79501  0.991957  -0.42251  4
8900  78816  0.26999  0.331948  0.794536  0.99286  -0.43465  4
9000  79224  0.265232  0.333005  0.793976  0.993033  -0.4072  4
9100  79922  0.271793  0.32928  0.794625  0.993117  -0.406078  4
9200  79652  0.266488  0.330003  0.795263  0.994282  -0.464521  4
9300  79868  0.273593  0.333167  0.797839  0.995188  -0.544649  4
9400  79510  0.283837  0.330476  0.794948  0.995175  -0.568203  4
9500  79735  0.274329  0.327591  0.794496  0.994712  -0.534262  4
9600  80110  0.283305  0.325933  0.794654  0.995598  -0.47363  4
9700  78865  0.263389  0.326044  0.795507  0.994381  -0.437292  4
9800  78861  0.267925  0.325738  0.794714  0.995054  -0.486272  4
9900  79119  0.275505  0.324586  0.795273  0.995992  -0.482294  4
