t meta_n emi  mean_info  tr1  tr2  tr3  strategy
0  104281  0.099496  0.495167  0.89997  0.000815733  -9.95543e-06  4
100  76607  0.180046  0.493498  0.630315  0.0815319  -0.0114076  4
200  77303  0.276154  0.41864  0.510544  0.150317  -0.0225805  4
300  76847  0.283739  0.339764  0.493136  0.197632  -0.0221364  4
400  76906  0.302087  0.304505  0.487785  0.24297  -0.0308348  4
500  77687  0.319825  0.275177  0.484079  0.285546  -0.0368963  4
600  76589  0.319757  0.248467  0.483084  0.309559  -0.00960244  4
700  77228  0.325719  0.248691  0.486071  0.336857  -0.0447168  4
800  76623  0.333485  0.25186  0.485786  0.360877  -0.047426  4
900  77019  0.332269  0.236552  0.495373  0.392881  -0.0497204  4
1000  77115  0.333181  0.22996  0.507758  0.437637  -0.0509722  4
1100  76979  0.325765  0.237223  0.517702  0.461785  -0.0790864  4
1200  77122  0.326419  0.228471  0.52172  0.471383  -0.101217  4
1300  77652  0.31977  0.237497  0.542229  0.519501  -0.0862858  4
1400  78049  0.321025  0.236103  0.551012  0.543443  -0.0582781  4
1500  77055  0.321074  0.251234  0.566917  0.574014  -0.0620682  4
1600  77619  0.322112  0.240021  0.569465  0.580194  -0.0436795  4
1700  77132  0.323683  0.237805  0.5757  0.601645  -0.101704  4
1800  77801  0.321924  0.248199  0.584569  0.621141  -0.0795968  4
1900  78419  0.31499  0.237  0.596343  0.660502  -0.0769103  4
2000  77473  0.313894  0.239764  0.600861  0.671602  -0.0743945  4
2100  77893  0.312933  0.246449  0.60554  0.672134  -0.0829789  4
2200  77410  0.304628  0.242195  0.609834  0.674599  -0.0795175  4
2300  78013  0.307615  0.243728  0.616954  0.702128  -0.0844719  4
2400  78069  0.308336  0.255764  0.631679  0.730904  -0.0732495  4
2500  77126  0.304146  0.253125  0.643057  0.762849  -0.116604  4
2600  77226  0.313619  0.241075  0.641506  0.758594  -0.0876053  4
2700  78497  0.312459  0.243976  0.650618  0.78045  -0.0911791  4
2800  76891  0.306957  0.229343  0.662063  0.812772  -0.144204  4
2900  77763  0.311802  0.240378  0.671714  0.835628  -0.129858  4
3000  77889  0.312642  0.241867  0.67443  0.839463  -0.134447  4
3100  78495  0.31257  0.236448  0.679773  0.849732  -0.145812  4
3200  77959  0.298969  0.238811  0.681503  0.847784  -0.169502  4
3300  77725  0.295983  0.241423  0.674388  0.837167  -0.194907  4
3400  77454  0.301915  0.251367  0.681452  0.840863  -0.224116  4
3500  78380  0.297775  0.252707  0.684839  0.842226  -0.214885  4
3600  77804  0.311426  0.25304  0.679052  0.833637  -0.24116  4
3700  78011  0.295161  0.246063  0.683265  0.839379  -0.24791  4
3800  79023  0.306827  0.247015  0.691117  0.860033  -0.24671  4
3900  79774  0.300301  0.243721  0.692675  0.863476  -0.352841  4
4000  78273  0.303977  0.23518  0.694029  0.868814  -0.405417  4
4100  78380  0.302475  0.243091  0.703341  0.890064  -0.447273  4
4200  78579  0.297965  0.231436  0.706619  0.888209  -0.48415  4
4300  77848  0.291577  0.24909  0.716455  0.906164  -0.572984  4
4400  78946  0.294964  0.242027  0.715616  0.906731  -0.563524  4
4500  79363  0.306794  0.24395  0.719219  0.912945  -0.552856  4
4600  78439  0.298872  0.244745  0.721273  0.923696  -0.592291  4
4700  77424  0.294088  0.25684  0.729363  0.930502  -0.598424  4
4800  77200  0.288725  0.243931  0.729619  0.929716  -0.551555  4
4900  78033  0.297524  0.241013  0.730986  0.936758  -0.588982  4
5000  78347  0.297579  0.24979  0.7371  0.946902  -0.601034  4
5100  78551  0.280059  0.244672  0.740394  0.948808  -0.59815  4
5200  77919  0.289464  0.240036  0.738375  0.944673  -0.551669  4
5300  78016  0.298425  0.240773  0.737982  0.942271  -0.578138  4
5400  77562  0.289008  0.237897  0.744392  0.953542  -0.593404  4
5500  77784  0.280068  0.242915  0.750795  0.961154  -0.589627  4
5600  78312  0.290499  0.244699  0.752332  0.966832  -0.572597  4
5700  77235  0.287601  0.247315  0.751218  0.966824  -0.609271  4
5800  78589  0.288846  0.246985  0.751736  0.967152  -0.631153  4
5900  77359  0.285685  0.23998  0.753893  0.971168  -0.632355  4
6000  78361  0.293766  0.24783  0.759569  0.981238  -0.618485  4
6100  78933  0.29416  0.257408  0.761328  0.983923  -0.631539  4
6200  78002  0.293609  0.249903  0.759165  0.980773  -0.678549  4
6300  78450  0.291934  0.251027  0.759848  0.978676  -0.645555  4
6400  78685  0.289288  0.264653  0.763734  0.984715  -0.663907  4
6500  78760  0.286217  0.249296  0.763059  0.983517  -0.690354  4
6600  79191  0.292597  0.251207  0.76622  0.987956  -0.673014  4
6700  78810  0.287881  0.248473  0.767225  0.986722  -0.669019  4
6800  77997  0.281312  0.248156  0.769562  0.987979  -0.67224  4
6900  78185  0.291585  0.253834  0.768591  0.988913  -0.662838  4
7000  78681  0.296409  0.252238  0.769944  0.987956  -0.668966  4
7100  78276  0.274915  0.260714  0.770185  0.989069  -0.692702  4
7200  78646  0.279683  0.246886  0.771571  0.990152  -0.706412  4
7300  78489  0.285712  0.247746  0.771918  0.989599  -0.678087  4
7400  78918  0.28604  0.251251  0.770373  0.991629  -0.710392  4
7500  78584  0.290572  0.243379  0.767561  0.989476  -0.705353  4
7600  77585  0.281959  0.243493  0.76801  0.992158  -0.698428  4
7700  79220  0.296703  0.242779  0.766921  0.990104  -0.695854  4
7800  77858  0.288794  0.240444  0.768254  0.993627  -0.677267  4
7900  77804  0.277385  0.237431  0.76948  0.993793  -0.677504  4
8000  78969  0.290665  0.244511  0.767179  0.991719  -0.689165  4
8100  77736  0.28369  0.253299  0.769856  0.995081  -0.681969  4
8200  77454  0.286627  0.253262  0.771198  0.994806  -0.652192  4
8300  77489  0.288591  0.249723  0.77133  0.994416  -0.647684  4
8400  77925  0.284735  0.253063  0.771141  0.994386  -0.655265  4
8500  77974  0.297334  0.248856  0.772645  0.99572  -0.633995  4
8600  78654  0.287493  0.248293  0.771111  0.996076  -0.637928  4
8700  78679  0.289092  0.248637  0.771682  0.994477  -0.661418  4
8800  78771  0.283436  0.246658  0.772181  0.995346  -0.632674  4
8900  77490  0.277993  0.241233  0.773033  0.994389  -0.597835  4
9000  78100  0.289546  0.249927  0.772696  0.995824  -0.607928  4
9100  78418  0.281845  0.241852  0.772673  0.996228  -0.527694  4
9200  78428  0.285884  0.246255  0.773603  0.995831  -0.548169  4
9300  77319  0.279894  0.241977  0.773761  0.996312  -0.55198  4
9400  78340  0.286641  0.238741  0.773272  0.995582  -0.514089  4
9500  78401  0.28135  0.240334  0.773216  0.996785  -0.505126  4
9600  78599  0.291474  0.23851  0.771621  0.995385  -0.506092  4
9700  77925  0.284846  0.243889  0.771001  0.995733  -0.509657  4
9800  77461  0.292628  0.247841  0.770771  0.995542  -0.541376  4
9900  79041  0.288698  0.248144  0.770552  0.995298  -0.521017  4
