t meta_n emi  mean_info  tr1  tr2  tr3  strategy
0  102403  0.101352  0.493059  0.900063  0.00086032  -0.000103433  4
100  74869  0.174271  0.237953  0.608592  0.0846113  -0.00202886  4
200  76300  0.295586  0.131024  0.453482  0.147613  -0.00886168  4
300  76024  0.332423  0.0829667  0.42707  0.19744  0.00631704  4
400  76308  0.347088  0.0677048  0.418879  0.219561  0.0219658  4
500  75548  0.35448  0.0636589  0.417001  0.23851  0.0324298  4
600  75971  0.361162  0.0596079  0.415451  0.265471  0.0310139  4
700  75056  0.368966  0.0583992  0.419628  0.297643  0.00810904  4
800  76038  0.362753  0.0541977  0.421815  0.315377  0.0141492  4
900  75457  0.361587  0.0524223  0.426863  0.317132  0.0173691  4
1000  76361  0.367258  0.049381  0.423474  0.322509  0.000180908  4
1100  75985  0.364888  0.0522245  0.430912  0.350193  0.00336365  4
1200  76544  0.367191  0.050509  0.427777  0.358894  0.0109749  4
1300  76325  0.368595  0.052362  0.427023  0.351145  0.0234357  4
1400  76500  0.362493  0.0514066  0.425704  0.349807  0.0145292  4
1500  76457  0.363498  0.0448666  0.428453  0.347403  0.0205606  4
1600  76584  0.366322  0.0448694  0.425798  0.343419  0.0191663  4
1700  76231  0.363792  0.0443227  0.423828  0.347723  0.0223527  4
1800  76988  0.372616  0.0418184  0.422786  0.355498  0.030125  4
1900  76745  0.370362  0.0413684  0.421458  0.353534  0.0364006  4
2000  76929  0.375662  0.0410719  0.424849  0.354131  0.0114418  4
2100  75941  0.370841  0.039459  0.424908  0.350765  -0.0390647  4
2200  76696  0.355356  0.0361334  0.433187  0.348736  -0.00677222  4
2300  76021  0.351963  0.0333447  0.43167  0.350945  -0.0473002  4
2400  76432  0.350884  0.0322632  0.428213  0.346937  -0.0407338  4
2500  76844  0.355267  0.0315127  0.428474  0.353248  0.00793759  4
2600  77365  0.362285  0.0322008  0.425029  0.341267  -0.00413096  4
2700  77511  0.358989  0.0286097  0.430505  0.348654  -0.0266151  4
2800  77338  0.354979  0.0300798  0.434823  0.356251  -0.0660984  4
2900  76551  0.347074  0.0324695  0.43759  0.357312  -0.129891  4
3000  76973  0.353615  0.0296408  0.435943  0.355705  -0.151142  4
3100  76193  0.353263  0.0287169  0.430428  0.355162  -0.218237  4
3200  75946  0.359456  0.0282213  0.427028  0.352172  -0.246888  4
3300  75905  0.360431  0.0258771  0.424958  0.342775  -0.229055  4
3400  75977  0.3633  0.0241236  0.421742  0.329772  -0.213413  4
3500  76065  0.371692  0.024884  0.430037  0.35575  -0.24681  4
3600  76301  0.356931  0.0244252  0.433585  0.365021  -0.220924  4
3700  77858  0.366406  0.0231336  0.429339  0.360368  -0.224783  4
3800  76498  0.356222  0.0242993  0.430958  0.364266  -0.126337  4
3900  76093  0.351163  0.0220085  0.431874  0.360003  -0.130944  4
4000  77363  0.360158  0.0249448  0.425506  0.335896  -0.138317  4
4100  76082  0.347333  0.0256347  0.424882  0.332472  -0.12417  4
4200  76918  0.354041  0.0199614  0.422328  0.331446  -0.0468957  4
4300  76993  0.350842  0.0157502  0.41963  0.317114  -0.0286252  4
4400  77524  0.355052  0.0178573  0.418444  0.322738  -0.0168953  4
4500  76511  0.352563  0.016922  0.417039  0.317607  -0.0371371  4
4600  77581  0.357964  0.0206889  0.415813  0.303743  -0.0737699  4
4700  76529  0.349878  0.015427  0.412043  0.299561  -0.114621  4
4800  76329  0.348863  0.0149747  0.407253  0.281584  -0.0756841  4
4900  76757  0.359097  0.0148072  0.403256  0.274977  -0.131631  4
5000  75789  0.355284  0.0141635  0.398115  0.257238  -0.144202  4
5100  77091  0.358299  0.0141798  0.40151  0.272525  -0.135082  4
5200  76739  0.361616  0.013165  0.39981  0.265812  -0.106565  4
5300  76623  0.361544  0.0161726  0.399567  0.264899  -0.103149  4
5400  78841  0.358493  0.0140717  0.39957  0.262887  -0.0503184  4
5500  76370  0.357465  0.0124972  0.398716  0.259277  -0.0513475  4
5600  76073  0.353122  0.0130763  0.395764  0.24679  -0.0944691  4
5700  77668  0.357936  0.011181  0.394448  0.237465  -0.103913  4
5800  76874  0.355298  0.0105103  0.397822  0.253505  -0.0773296  4
5900  76447  0.344961  0.0121404  0.398007  0.253161  -0.0428449  4
6000  77858  0.35376  0.0125812  0.401361  0.264502  -0.0202351  4
6100  76828  0.353037  0.0101079  0.39524  0.244883  0.0336399  4
6200  76417  0.357935  0.00865525  0.395103  0.249307  0.0236479  4
6300  76543  0.354912  0.0100255  0.395716  0.252628  0.0112634  4
6400  76677  0.355484  0.00913895  0.39687  0.251173  0.0309392  4
6500  75218  0.353781  0.00975766  0.395068  0.240648  0.0225775  4
6600  77123  0.353303  0.00708703  0.393467  0.240456  0.000482811  4
6700  75938  0.350948  0.00731422  0.393642  0.239041  -0.00130961  4
6800  76957  0.355644  0.007251  0.390012  0.228117  0.039781  4
6900  77975  0.359767  0.00899887  0.390155  0.228686  0.0435868  4
7000  76908  0.355701  0.00676901  0.389119  0.218066  0.080676  4
7100  75964  0.350026  0.00655532  0.388275  0.223107  0.0954754  4
7200  76682  0.352967  0.00534009  0.386612  0.220782  0.102905  4
7300  76015  0.352168  0.00539491  0.388793  0.221341  0.043456  4
7400  76723  0.348546  0.0051571  0.38917  0.224095  0.0386107  4
7500  77046  0.353685  0.00475161  0.386024  0.224732  0.0122599  4
7600  77417  0.359886  0.00469997  0.389616  0.242936  -0.0662062  4
7700  76304  0.35389  0.00529113  0.388214  0.23677  -0.0839401  4
7800  76660  0.353277  0.00580479  0.391246  0.240541  -0.0471744  4
7900  76953  0.353439  0.00626715  0.392962  0.249146  -0.00562553  4
8000  77250  0.351134  0.00553397  0.393472  0.25434  -0.0532403  4
8100  76714  0.351319  0.00550845  0.394671  0.258151  -0.0790922  4
8200  77623  0.359725  0.00488998  0.394136  0.25279  -0.109155  4
8300  76834  0.351748  0.00420497  0.394141  0.24617  -0.0794319  4
8400  77439  0.353682  0.00503472  0.393384  0.245939  -0.0564168  4
8500  77103  0.347811  0.00549759  0.39557  0.241044  -0.0051114  4
8600  77244  0.349032  0.00569058  0.394275  0.242322  0.0375531  4
8700  77309  0.349199  0.00416226  0.393412  0.239807  0.018167  4
8800  76576  0.347383  0.00462013  0.392242  0.237779  0.0515031  4
8900  76633  0.351053  0.00357969  0.39289  0.245368  0.0700793  4
9000  76662  0.354902  0.00401775  0.391807  0.243552  0.0997525  4
9100  76900  0.354286  0.00311097  0.390555  0.233764  0.0784059  4
9200  76726  0.343496  0.00324333  0.390657  0.228963  0.0237347  4
9300  77352  0.349147  0.00343592  0.391889  0.23645  0.0402613  4
9400  77512  0.347593  0.00492832  0.391959  0.230148  0.00732179  4
9500  77200  0.347987  0.00422353  0.389936  0.23024  0.00367351  4
9600  77680  0.354579  0.00339733  0.387243  0.223243  -0.00390911  4
9700  76268  0.351123  0.00442874  0.385022  0.212601  -0.0689504  4
9800  77037  0.352511  0.00394353  0.385212  0.213477  -0.0385464  4
9900  77928  0.34906  0.00401663  0.383971  0.212553  -0.0455138  4
