t meta_n emi  mean_info  tr1  tr2  tr3  strategy
0  102681  0.099632  0.49248  0.899983  0.000778448  9.85223e-05  4
100  75478  0.178571  0.406299  0.620388  0.0818752  0.00317466  4
200  76857  0.281075  0.298017  0.484903  0.136812  0.00514673  4
300  77076  0.313016  0.220517  0.471732  0.210814  -0.0140337  4
400  77603  0.324022  0.166212  0.460137  0.247607  -0.0202664  4
500  76595  0.332166  0.134495  0.451151  0.28099  -0.0493772  4
600  77338  0.350889  0.118282  0.442477  0.286355  -0.0641257  4
700  77272  0.346045  0.118737  0.447283  0.303061  -0.0838754  4
800  77169  0.345141  0.114838  0.45249  0.33404  -0.0855847  4
900  75508  0.350472  0.114312  0.459222  0.361141  -0.128426  4
1000  76212  0.349969  0.108535  0.457079  0.367185  -0.124734  4
1100  77442  0.356584  0.114637  0.463505  0.381349  -0.129708  4
1200  76560  0.345542  0.113449  0.474802  0.406132  -0.100399  4
1300  76085  0.343966  0.104601  0.47024  0.39868  -0.0878867  4
1400  76627  0.34451  0.109296  0.482849  0.435584  -0.107087  4
1500  76505  0.347776  0.106574  0.481541  0.440719  -0.121395  4
1600  75701  0.3479  0.116095  0.489252  0.461586  -0.0713746  4
1700  77143  0.345432  0.110768  0.489779  0.464724  -0.0229428  4
1800  76507  0.33615  0.111892  0.494301  0.476072  -0.068988  4
1900  79154  0.339171  0.123075  0.510402  0.504115  -0.115072  4
2000  76955  0.336653  0.121606  0.516407  0.514582  -0.12965  4
2100  76650  0.340713  0.117672  0.509144  0.500449  -0.0952689  4
2200  76746  0.342505  0.120503  0.51321  0.510434  -0.0884305  4
2300  77165  0.335628  0.115845  0.511  0.51617  -0.100486  4
2400  76068  0.328481  0.125046  0.518996  0.533859  -0.0730593  4
2500  76584  0.329578  0.129876  0.522472  0.535645  -0.0757511  4
2600  77081  0.323986  0.132156  0.527169  0.527676  -0.129577  4
2700  77285  0.333647  0.125765  0.53072  0.547294  -0.16744  4
2800  77386  0.334329  0.122178  0.528496  0.54896  -0.148761  4
2900  76726  0.346802  0.112759  0.520273  0.548028  -0.129324  4
3000  78515  0.348576  0.118216  0.524676  0.553125  -0.142099  4
3100  77121  0.344339  0.120583  0.525666  0.561171  -0.110321  4
3200  77006  0.335498  0.118452  0.535528  0.580931  -0.0681688  4
3300  77163  0.33345  0.114255  0.533776  0.57506  -0.0552917  4
3400  76813  0.332189  0.111254  0.54124  0.575981  -0.11358  4
3500  77901  0.337259  0.119049  0.546404  0.593958  -0.145385  4
3600  77251  0.328263  0.129558  0.562963  0.627621  -0.231321  4
3700  77780  0.322712  0.12526  0.57695  0.651383  -0.198082  4
3800  77155  0.329668  0.127616  0.575074  0.650535  -0.201807  4
3900  77593  0.327857  0.12892  0.583539  0.657455  -0.225588  4
4000  76940  0.31669  0.122758  0.58537  0.660363  -0.242867  4
4100  77306  0.328417  0.120569  0.579796  0.663751  -0.263351  4
4200  77607  0.330244  0.113695  0.57688  0.647246  -0.287291  4
4300  76588  0.328024  0.113634  0.580831  0.664  -0.245904  4
4400  76488  0.326359  0.121133  0.584944  0.68512  -0.254841  4
4500  76998  0.335389  0.119225  0.581574  0.679932  -0.286538  4
4600  77431  0.33672  0.113554  0.576195  0.662905  -0.25576  4
4700  77009  0.335219  0.105473  0.571635  0.655397  -0.300896  4
4800  76264  0.327364  0.108625  0.569138  0.638177  -0.279442  4
4900  76781  0.331609  0.110394  0.560209  0.631725  -0.263981  4
5000  76765  0.327476  0.1067  0.564637  0.63627  -0.259943  4
5100  77149  0.330768  0.112872  0.5664  0.637834  -0.301405  4
5200  77075  0.33899  0.102463  0.561503  0.630318  -0.292844  4
5300  77628  0.336683  0.111005  0.567765  0.645175  -0.289212  4
5400  77903  0.341157  0.110427  0.562457  0.629949  -0.284426  4
5500  77062  0.33956  0.104863  0.559844  0.632775  -0.246263  4
5600  77618  0.335968  0.105263  0.562774  0.644283  -0.233273  4
5700  76979  0.330767  0.109434  0.561607  0.640875  -0.209427  4
5800  76816  0.329328  0.0994377  0.565458  0.656016  -0.20579  4
5900  77563  0.340001  0.10617  0.569439  0.665643  -0.241474  4
6000  77156  0.331595  0.103448  0.562358  0.641857  -0.231477  4
6100  77390  0.329366  0.103713  0.563074  0.641894  -0.242448  4
6200  77143  0.335134  0.110532  0.564854  0.643464  -0.257369  4
6300  78278  0.340353  0.109819  0.563121  0.630803  -0.282378  4
6400  75344  0.31889  0.11122  0.570824  0.642675  -0.336723  4
6500  77706  0.330552  0.114971  0.580461  0.668476  -0.394761  4
6600  77239  0.333424  0.113231  0.574222  0.661814  -0.295143  4
6700  77842  0.33537  0.108854  0.570864  0.667217  -0.348173  4
6800  77145  0.336867  0.108459  0.570885  0.662216  -0.32366  4
6900  77381  0.326829  0.104155  0.567082  0.648133  -0.341673  4
7000  77508  0.335332  0.104521  0.567571  0.644193  -0.397941  4
7100  77564  0.334023  0.101431  0.558821  0.623356  -0.328537  4
7200  77960  0.334144  0.104524  0.569307  0.642275  -0.359632  4
7300  77444  0.333581  0.103754  0.566413  0.626697  -0.388485  4
7400  77736  0.3323  0.113697  0.564453  0.622613  -0.346835  4
7500  77353  0.336511  0.11508  0.560261  0.616973  -0.337682  4
7600  77291  0.327904  0.106913  0.558312  0.600908  -0.342228  4
7700  77725  0.333897  0.100868  0.555916  0.602021  -0.330773  4
7800  77608  0.325196  0.103801  0.56102  0.606668  -0.356215  4
7900  77261  0.338031  0.115616  0.559341  0.60076  -0.418752  4
8000  77276  0.329179  0.119944  0.561603  0.606061  -0.430551  4
8100  77155  0.33061  0.111894  0.558774  0.602512  -0.409204  4
8200  78244  0.332241  0.106328  0.555316  0.596029  -0.404278  4
8300  77381  0.322401  0.106274  0.560558  0.607645  -0.414587  4
8400  78463  0.326635  0.110843  0.561934  0.611256  -0.398427  4
8500  77671  0.328728  0.10656  0.566727  0.620549  -0.421564  4
8600  77347  0.320901  0.101756  0.56357  0.611428  -0.371137  4
8700  77728  0.334623  0.105494  0.565955  0.618375  -0.36551  4
8800  77902  0.322833  0.105725  0.563972  0.611974  -0.334544  4
8900  77123  0.322198  0.107219  0.569053  0.617012  -0.37105  4
9000  76818  0.315001  0.100927  0.566239  0.608652  -0.388007  4
9100  77300  0.321725  0.109405  0.570568  0.617923  -0.356869  4
9200  75344  0.324376  0.111158  0.579247  0.640963  -0.380551  4
9300  77875  0.329346  0.114118  0.576997  0.636465  -0.370742  4
9400  77883  0.323235  0.10873  0.575315  0.625089  -0.358649  4
9500  76850  0.313239  0.106618  0.57254  0.617793  -0.343748  4
9600  77156  0.319122  0.110134  0.567088  0.595741  -0.322263  4
9700  77851  0.32306  0.112904  0.576262  0.622583  -0.398867  4
9800  77697  0.324126  0.120916  0.59076  0.660174  -0.425133  4
9900  76948  0.327068  0.127318  0.594753  0.664136  -0.3897  4
