t meta_n emi  mean_info  tr1  tr2  tr3  strategy
0  105215  0.099208  0.49896  0.899991  0.000760565  3.08158e-07  4
100  78730  0.188738  0.713741  0.662782  0.0813351  0.00202739  4
200  79184  0.26712  0.74757  0.556306  0.139326  0.011932  4
300  79521  0.285422  0.751205  0.553647  0.182046  -0.018738  4
400  80273  0.27838  0.748618  0.565715  0.23458  -0.0262905  4
500  80235  0.275181  0.744719  0.575242  0.265086  -0.0109205  4
600  78963  0.274972  0.732181  0.578751  0.276719  0.0198728  4
700  80209  0.267772  0.726871  0.581884  0.293494  0.0187519  4
800  79451  0.267727  0.720312  0.587441  0.32162  0.0264846  4
900  79037  0.268942  0.715239  0.588516  0.33368  0.0308613  4
1000  79468  0.272152  0.727784  0.582816  0.328068  0.0344462  4
1100  79215  0.272405  0.724515  0.585598  0.334084  0.0158084  4
1200  78942  0.266322  0.724448  0.584151  0.314959  0.015436  4
1300  79351  0.267048  0.712786  0.582727  0.323126  0.0575514  4
1400  79644  0.273321  0.708938  0.583398  0.345234  0.0939225  4
1500  81076  0.279932  0.708302  0.582061  0.33903  0.103649  4
1600  79317  0.273609  0.707687  0.586241  0.353242  0.0748775  4
1700  79617  0.272166  0.702821  0.585629  0.343662  0.0919047  4
1800  80585  0.270682  0.682285  0.589825  0.359147  0.07417  4
1900  79474  0.270176  0.676028  0.596002  0.387631  0.0674417  4
2000  80245  0.275918  0.685182  0.590089  0.368152  0.0206539  4
2100  79393  0.266574  0.687204  0.591385  0.367731  0.00508881  4
2200  79420  0.264998  0.679365  0.59425  0.376864  0.0114151  4
2300  80761  0.271647  0.670362  0.591331  0.361896  0.0140091  4
2400  79661  0.27176  0.668308  0.588641  0.372436  0.0219732  4
2500  79170  0.274877  0.670367  0.590026  0.381072  0.0261374  4
2600  80788  0.274751  0.663763  0.582507  0.368534  0.0229443  4
2700  80361  0.279492  0.661882  0.590849  0.378312  0.0153185  4
2800  79810  0.272218  0.662573  0.59498  0.373791  0.0274689  4
2900  80312  0.264727  0.660462  0.593299  0.373382  0.0357885  4
3000  79249  0.269422  0.65744  0.589548  0.375123  0.0633907  4
3100  79122  0.261538  0.652088  0.591581  0.39022  0.0968747  4
3200  79946  0.267094  0.645073  0.590179  0.387524  0.105475  4
3300  79676  0.271205  0.644256  0.593353  0.400193  0.0586578  4
3400  80728  0.275852  0.630329  0.598518  0.412225  0.0260451  4
3500  80010  0.261041  0.628368  0.606422  0.441276  -0.0249127  4
3600  79814  0.261074  0.6185  0.614082  0.460886  -0.0120452  4
3700  79602  0.262205  0.626653  0.610484  0.452276  0.0499203  4
3800  79019  0.264925  0.630232  0.610945  0.455841  0.0100077  4
3900  79033  0.264925  0.635354  0.609157  0.464499  0.028266  4
4000  79662  0.267178  0.62356  0.609626  0.477417  0.0191416  4
4100  79716  0.264736  0.622439  0.611572  0.482448  -0.0243612  4
4200  79380  0.266112  0.628641  0.611989  0.484016  -0.0133025  4
4300  79878  0.266101  0.621584  0.614595  0.498738  0.116721  4
4400  79549  0.263115  0.619397  0.611569  0.488019  0.0960943  4
4500  79758  0.264056  0.630401  0.617212  0.50838  0.12658  4
4600  79149  0.269544  0.633451  0.616278  0.500661  0.218697  4
4700  80364  0.263715  0.627239  0.617725  0.496335  0.295882  4
4800  79854  0.261707  0.618861  0.620679  0.503186  0.256576  4
4900  79772  0.256789  0.628291  0.621152  0.498462  0.251649  4
5000  79685  0.258478  0.628924  0.623277  0.496724  0.203483  4
5100  80067  0.257838  0.631557  0.624241  0.496343  0.239161  4
5200  80154  0.251552  0.624289  0.621363  0.496998  0.237231  4
5300  80049  0.252911  0.621293  0.623153  0.495138  0.220837  4
5400  79397  0.250701  0.611599  0.621641  0.504593  0.210242  4
5500  80925  0.254198  0.602644  0.621783  0.50962  0.195277  4
5600  80643  0.269142  0.590693  0.621356  0.519164  0.19821  4
5700  79952  0.254842  0.591924  0.626945  0.533446  0.191461  4
5800  80309  0.259396  0.59159  0.625076  0.535717  0.255304  4
5900  79959  0.257802  0.595697  0.626294  0.53948  0.271065  4
6000  79830  0.252744  0.59612  0.624619  0.532618  0.182039  4
6100  80776  0.259574  0.592731  0.626565  0.543908  0.33284  4
6200  80094  0.251561  0.591546  0.630434  0.545561  0.324019  4
6300  79641  0.245996  0.586819  0.632564  0.559599  0.335807  4
6400  79850  0.254454  0.586995  0.636349  0.575546  0.27494  4
6500  80055  0.249369  0.574617  0.638945  0.600479  0.256278  4
6600  80075  0.254354  0.567541  0.641369  0.608233  0.316915  4
6700  80791  0.257318  0.565098  0.638804  0.604204  0.294824  4
6800  79852  0.255644  0.560107  0.637046  0.602885  0.254662  4
6900  79424  0.260164  0.559488  0.63828  0.612696  0.269418  4
7000  79567  0.257221  0.563549  0.635237  0.605694  0.294454  4
7100  80278  0.266793  0.570097  0.632731  0.5929  0.306603  4
7200  79996  0.256966  0.570397  0.632777  0.588302  0.20331  4
7300  80604  0.260078  0.566753  0.633729  0.589863  0.267775  4
7400  80147  0.254673  0.568983  0.631062  0.583634  0.248957  4
7500  80234  0.253335  0.572823  0.631467  0.584731  0.284088  4
7600  80756  0.264141  0.570308  0.63352  0.594215  0.365305  4
7700  80381  0.253964  0.571408  0.63578  0.596974  0.328885  4
7800  80374  0.252026  0.572192  0.637477  0.600918  0.355874  4
7900  80116  0.255321  0.566942  0.636224  0.599374  0.292487  4
8000  80447  0.259468  0.56834  0.635132  0.59955  0.22566  4
8100  80310  0.254953  0.564457  0.635572  0.604263  0.364936  4
8200  80477  0.264875  0.565632  0.635954  0.609972  0.458037  4
8300  80747  0.253366  0.56243  0.634029  0.59745  0.497564  4
8400  80190  0.259978  0.560905  0.634369  0.599433  0.508376  4
8500  79862  0.253387  0.558604  0.638534  0.614975  0.621451  4
8600  80108  0.253608  0.556975  0.642677  0.627707  0.592597  4
8700  79434  0.247502  0.557057  0.641635  0.621324  0.620019  4
8800  80668  0.246513  0.55106  0.646122  0.637712  0.64805  4
8900  80953  0.259379  0.553961  0.647275  0.640949  0.553624  4
9000  81071  0.253165  0.552028  0.64685  0.642069  0.536573  4
9100  80463  0.252387  0.553122  0.645076  0.640988  0.625576  4
9200  80114  0.254654  0.55278  0.649185  0.657995  0.667012  4
9300  79650  0.252975  0.545182  0.649567  0.668702  0.687323  4
9400  80687  0.264194  0.541194  0.649633  0.674291  0.783978  4
9500  79130  0.254542  0.535124  0.650921  0.679616  0.739475  4
9600  80710  0.252058  0.527945  0.651755  0.680957  0.779226  4
9700  81267  0.268718  0.530341  0.653803  0.68016  0.817427  4
9800  81939  0.259853  0.5272  0.655194  0.682043  0.870855  4
9900  80271  0.251587  0.525561  0.658939  0.690448  0.820106  4
