t meta_n emi  mean_info  tr1  tr2  tr3  strategy
0  104106  0.099304  0.496682  0.900052  0.000854818  -1.99727e-05  4
100  79155  0.176506  0.689731  0.676184  0.107707  -0.0163951  4
200  79901  0.269792  0.740497  0.569917  0.178961  -0.00693056  4
300  79689  0.276385  0.732187  0.565704  0.240743  -0.0180655  4
400  80598  0.293671  0.707728  0.564898  0.277327  -0.0246391  4
500  79431  0.283038  0.708783  0.569633  0.288416  -0.0277355  4
600  79372  0.274362  0.689275  0.568481  0.295637  -0.0233311  4
700  79248  0.279276  0.683654  0.572699  0.302538  -0.028388  4
800  79407  0.282583  0.684402  0.579344  0.325809  -0.0454023  4
900  78808  0.280621  0.677441  0.583437  0.34908  -0.0427434  4
1000  79166  0.281566  0.655129  0.592742  0.391727  -0.0433861  4
1100  79492  0.277898  0.649706  0.589816  0.394801  -0.0650809  4
1200  79625  0.277501  0.651832  0.593559  0.409941  -0.0660023  4
1300  79696  0.279149  0.642743  0.596529  0.40697  -0.0770889  4
1400  80162  0.274555  0.660874  0.601154  0.412508  -0.0757376  4
1500  79712  0.280639  0.644805  0.601408  0.432851  -0.0185554  4
1600  79903  0.280493  0.643149  0.602944  0.432178  -0.0252243  4
1700  79812  0.269608  0.62993  0.605117  0.43058  -0.0511369  4
1800  79307  0.272884  0.628616  0.604996  0.451697  -0.0121592  4
1900  79758  0.275545  0.628066  0.607563  0.466818  -0.0651723  4
2000  79276  0.276605  0.634418  0.602101  0.459076  -0.0716101  4
2100  79702  0.274696  0.639282  0.611664  0.469904  -0.0767309  4
2200  79433  0.274318  0.629984  0.604553  0.456938  -0.0454642  4
2300  79569  0.272524  0.6274  0.599872  0.446573  -0.035984  4
2400  79860  0.27824  0.640269  0.599594  0.434843  -0.0246128  4
2500  79954  0.281288  0.625158  0.600177  0.454146  0.0059872  4
2600  79566  0.263522  0.622087  0.604372  0.441511  0.00201744  4
2700  79413  0.261661  0.611693  0.604922  0.442293  -0.0357009  4
2800  79115  0.270289  0.605663  0.606124  0.446456  -0.0488246  4
2900  79787  0.265186  0.619273  0.609286  0.464502  -0.0455227  4
3000  79155  0.265953  0.597284  0.611843  0.48001  -0.0889547  4
3100  80026  0.271968  0.595635  0.611163  0.487125  -0.0953398  4
3200  79984  0.273751  0.594553  0.615132  0.505615  -0.129271  4
3300  78784  0.266406  0.597583  0.618079  0.501799  -0.147622  4
3400  79627  0.264028  0.577199  0.621064  0.512802  -0.215576  4
3500  80270  0.272699  0.567379  0.620614  0.520083  -0.277628  4
3600  79541  0.260632  0.565951  0.619834  0.520909  -0.293695  4
3700  79141  0.259564  0.575004  0.623468  0.534182  -0.286206  4
3800  80071  0.262109  0.570686  0.630926  0.545833  -0.278995  4
3900  79856  0.26275  0.568859  0.632399  0.540317  -0.309623  4
4000  80185  0.258111  0.565206  0.636733  0.550733  -0.31459  4
4100  79653  0.259152  0.562747  0.636881  0.560577  -0.29019  4
4200  80839  0.264697  0.561297  0.636746  0.565149  -0.258905  4
4300  81039  0.275038  0.559659  0.639015  0.580807  -0.259606  4
4400  79657  0.256212  0.557578  0.641118  0.591066  -0.271172  4
4500  80665  0.249975  0.553789  0.646145  0.596232  -0.290016  4
4600  79500  0.260058  0.547117  0.64403  0.597339  -0.312586  4
4700  79786  0.257942  0.548046  0.640668  0.585995  -0.303738  4
4800  80569  0.262469  0.545384  0.636442  0.567831  -0.313187  4
4900  79200  0.260699  0.533745  0.638967  0.585003  -0.334743  4
5000  79665  0.254069  0.530413  0.64173  0.585444  -0.305084  4
5100  80343  0.262445  0.531538  0.638979  0.587421  -0.267355  4
5200  79510  0.259401  0.539039  0.637143  0.582656  -0.282238  4
5300  79629  0.263578  0.548043  0.636421  0.578574  -0.304788  4
5400  80186  0.259091  0.546383  0.633698  0.573393  -0.270141  4
5500  80788  0.27283  0.542288  0.639701  0.587626  -0.264413  4
5600  80834  0.262548  0.533372  0.649347  0.606939  -0.262282  4
5700  79702  0.255901  0.526017  0.653702  0.614286  -0.284965  4
5800  81078  0.268221  0.526007  0.660876  0.631842  -0.266699  4
5900  79012  0.255061  0.523396  0.662098  0.637499  -0.265847  4
6000  80803  0.26028  0.527273  0.65994  0.629694  -0.277833  4
6100  81332  0.255826  0.520313  0.664432  0.647194  -0.284472  4
6200  79190  0.256097  0.515423  0.673346  0.669057  -0.239463  4
6300  80088  0.254341  0.509404  0.676175  0.676706  -0.267632  4
6400  78495  0.249962  0.502509  0.677473  0.683596  -0.254735  4
6500  79563  0.259473  0.506075  0.674941  0.692477  -0.233801  4
6600  80019  0.257037  0.515198  0.666457  0.669864  -0.215791  4
6700  81358  0.264537  0.519175  0.660864  0.655749  -0.239346  4
6800  80282  0.265739  0.509588  0.662328  0.65901  -0.19138  4
6900  79264  0.251749  0.513168  0.666593  0.66403  -0.14924  4
7000  80109  0.252616  0.519988  0.661835  0.643275  -0.132632  4
7100  79977  0.250493  0.51656  0.667401  0.656429  -0.123195  4
7200  79858  0.253492  0.516433  0.666115  0.657054  -0.0748993  4
7300  80027  0.252388  0.508314  0.67205  0.676656  -0.0665608  4
7400  80401  0.257744  0.508069  0.672202  0.677888  -0.0348251  4
7500  80024  0.258087  0.503822  0.671126  0.679101  -0.0111725  4
7600  80136  0.24885  0.493788  0.680331  0.70085  0.0301716  4
7700  79188  0.25194  0.496274  0.67943  0.705721  0.0156596  4
7800  80488  0.247471  0.49405  0.675418  0.697439  0.0372439  4
7900  80270  0.252976  0.486801  0.681328  0.709516  0.0527612  4
8000  80548  0.251472  0.480939  0.684889  0.719256  0.0651198  4
8100  79076  0.247094  0.485193  0.691324  0.729133  0.0712455  4
8200  79844  0.252273  0.489444  0.687747  0.728478  0.0901393  4
8300  79420  0.24958  0.482605  0.691963  0.740895  0.0805151  4
8400  79800  0.25813  0.4845  0.694355  0.752606  0.0666472  4
8500  79238  0.251274  0.49666  0.691336  0.741095  0.0819509  4
8600  80433  0.257185  0.499588  0.688045  0.72409  0.0635833  4
8700  80108  0.245341  0.5019  0.678274  0.703668  0.0851202  4
8800  79426  0.255799  0.501759  0.674862  0.695006  0.0837783  4
8900  80643  0.257232  0.506981  0.673811  0.698907  0.126047  4
9000  79772  0.257413  0.498739  0.681068  0.71805  0.0949569  4
9100  80397  0.2639  0.492498  0.687079  0.733659  0.112635  4
9200  81172  0.253423  0.491608  0.685542  0.741896  0.107269  4
9300  79390  0.249075  0.491045  0.687557  0.745253  0.0962298  4
9400  80438  0.257462  0.492107  0.691747  0.753832  0.100549  4
9500  80216  0.255063  0.488045  0.690315  0.75034  0.114705  4
9600  79186  0.258392  0.488111  0.690082  0.757055  0.11806  4
9700  80062  0.263164  0.483816  0.695918  0.767102  0.0939988  4
9800  79487  0.2503  0.486223  0.694649  0.756982  0.100015  4
9900  79576  0.250633  0.486778  0.700494  0.768838  0.0846525  4
