t meta_n emi  mean_info  tr1  tr2  tr3  strategy
0  102913  0.100624  0.497241  0.900125  0.000759407  7.52107e-05  4
100  76433  0.179745  0.527323  0.641728  0.0980361  -0.00399802  4
200  77335  0.276564  0.442644  0.515054  0.174346  0.00890965  4
300  77440  0.302234  0.336995  0.495062  0.23066  0.005923  4
400  76837  0.306576  0.285919  0.489198  0.272107  0.0152213  4
500  77852  0.312462  0.257486  0.488071  0.305534  0.0379346  4
600  76818  0.315905  0.249178  0.493513  0.342755  -0.0140246  4
700  77259  0.323039  0.252153  0.50353  0.384951  -0.0109648  4
800  77604  0.328641  0.245986  0.512783  0.430553  0.00960043  4
900  77234  0.325222  0.246183  0.528847  0.470659  0.0286473  4
1000  76090  0.326707  0.239567  0.534735  0.502564  -0.0190796  4
1100  78291  0.321315  0.236571  0.549756  0.541072  -0.0621386  4
1200  77415  0.326622  0.247789  0.556203  0.559921  -0.0785436  4
1300  78030  0.319544  0.237821  0.564177  0.568949  -0.0716507  4
1400  77908  0.322388  0.235047  0.572568  0.596501  -0.0867108  4
1500  78289  0.325268  0.228609  0.584145  0.629589  -0.138791  4
1600  76902  0.322892  0.239146  0.593692  0.657921  -0.151416  4
1700  76440  0.318572  0.240538  0.60129  0.667592  -0.129584  4
1800  77320  0.31987  0.239994  0.604405  0.668596  -0.115895  4
1900  76867  0.31581  0.246216  0.601945  0.667891  -0.144241  4
2000  77101  0.311744  0.234644  0.603471  0.670292  -0.172412  4
2100  77796  0.307974  0.229354  0.610307  0.679537  -0.195945  4
2200  77664  0.30219  0.244151  0.624632  0.715235  -0.219729  4
2300  77609  0.313477  0.25095  0.627922  0.719415  -0.222365  4
2400  77701  0.298782  0.248788  0.636119  0.728568  -0.25501  4
2500  77921  0.307792  0.24496  0.640247  0.759583  -0.295949  4
2600  77686  0.312162  0.252692  0.652175  0.791859  -0.314487  4
2700  77907  0.305626  0.247371  0.655061  0.786653  -0.354876  4
2800  77151  0.303186  0.24936  0.656382  0.767572  -0.328239  4
2900  77621  0.294622  0.262524  0.672209  0.806233  -0.296853  4
3000  77191  0.292663  0.259861  0.681914  0.819946  -0.300085  4
3100  79192  0.300912  0.265815  0.681367  0.814402  -0.357672  4
3200  78144  0.290272  0.266462  0.680146  0.808466  -0.388436  4
3300  78706  0.294104  0.266032  0.682568  0.82111  -0.423091  4
3400  77733  0.285303  0.270599  0.689278  0.835169  -0.451376  4
3500  77731  0.291827  0.264501  0.69095  0.833997  -0.43681  4
3600  78290  0.296724  0.259325  0.692877  0.840332  -0.415612  4
3700  78162  0.291921  0.264465  0.696236  0.843122  -0.474658  4
3800  78115  0.290877  0.252481  0.691365  0.839894  -0.489175  4
3900  76914  0.303415  0.247832  0.698175  0.862418  -0.572195  4
4000  78528  0.297967  0.247695  0.702892  0.872086  -0.663922  4
4100  77191  0.287879  0.254987  0.709064  0.886227  -0.682524  4
4200  78575  0.298955  0.248976  0.704652  0.876217  -0.746041  4
4300  77979  0.302892  0.25207  0.708864  0.887734  -0.773473  4
4400  78296  0.289329  0.243335  0.720153  0.902608  -0.773064  4
4500  78552  0.301626  0.245059  0.721409  0.910941  -0.807603  4
4600  78470  0.305115  0.249841  0.722201  0.916978  -0.811234  4
4700  77818  0.300341  0.238542  0.72207  0.91997  -0.720108  4
4800  78182  0.300651  0.23766  0.722984  0.924204  -0.771947  4
4900  77605  0.288787  0.24308  0.724386  0.925024  -0.794197  4
5000  78214  0.304519  0.243698  0.72085  0.925961  -0.831789  4
5100  78263  0.296101  0.23303  0.72511  0.931376  -0.779789  4
5200  78270  0.299223  0.242457  0.732838  0.948883  -0.7856  4
5300  77602  0.29553  0.241385  0.734241  0.946859  -0.741099  4
5400  78044  0.304863  0.24481  0.740128  0.962348  -0.70181  4
5500  77834  0.291384  0.24005  0.740954  0.965897  -0.62976  4
5600  79018  0.301331  0.23951  0.746204  0.972282  -0.549913  4
5700  77923  0.288853  0.241079  0.742917  0.971177  -0.578131  4
5800  78553  0.305537  0.236695  0.744405  0.97478  -0.560189  4
5900  78503  0.297774  0.239853  0.744958  0.977636  -0.555658  4
6000  77476  0.298055  0.233675  0.745446  0.975506  -0.545969  4
6100  78135  0.307973  0.232539  0.748501  0.974992  -0.51609  4
6200  77677  0.302216  0.228454  0.750888  0.978756  -0.577637  4
6300  78377  0.299328  0.233634  0.750834  0.979787  -0.575253  4
6400  78457  0.292156  0.237135  0.751605  0.977912  -0.588558  4
6500  77220  0.290796  0.234829  0.750188  0.980604  -0.589539  4
6600  78600  0.304439  0.234667  0.748578  0.98365  -0.609715  4
6700  78104  0.307927  0.242315  0.749215  0.985268  -0.607332  4
6800  78681  0.303841  0.236438  0.751957  0.988446  -0.630399  4
6900  77518  0.288869  0.227577  0.752001  0.986996  -0.682413  4
7000  78505  0.308404  0.228597  0.753584  0.990195  -0.684618  4
7100  77803  0.293496  0.229746  0.754775  0.989979  -0.657966  4
7200  77908  0.299556  0.231063  0.755655  0.989523  -0.619038  4
7300  79589  0.312523  0.243976  0.753465  0.988967  -0.575657  4
7400  77996  0.303332  0.242389  0.754122  0.989822  -0.559284  4
7500  78029  0.302853  0.253018  0.753317  0.989455  -0.537402  4
7600  78104  0.302707  0.247003  0.755516  0.99179  -0.578791  4
7700  77387  0.305781  0.238936  0.756054  0.99333  -0.567632  4
7800  78746  0.307518  0.235388  0.757545  0.994103  -0.606532  4
7900  77877  0.30258  0.233458  0.758204  0.994467  -0.670204  4
8000  78288  0.299829  0.229045  0.758149  0.995466  -0.663129  4
8100  78046  0.296109  0.22645  0.75858  0.994928  -0.678073  4
8200  77941  0.306878  0.229815  0.757987  0.994218  -0.607932  4
8300  78266  0.304394  0.235221  0.757682  0.994178  -0.584228  4
8400  78571  0.301238  0.241618  0.757824  0.993597  -0.598931  4
8500  78009  0.295438  0.238948  0.757649  0.994416  -0.503387  4
8600  77619  0.294302  0.232506  0.757939  0.993457  -0.576638  4
8700  79142  0.304736  0.24416  0.759152  0.994005  -0.602052  4
8800  78509  0.300375  0.242931  0.759298  0.99279  -0.645954  4
8900  78218  0.303655  0.22642  0.758798  0.993335  -0.650203  4
9000  79234  0.302299  0.221282  0.758025  0.992557  -0.638973  4
9100  79369  0.307761  0.225055  0.757754  0.993903  -0.666913  4
9200  78361  0.303181  0.220708  0.757735  0.994376  -0.657699  4
9300  79031  0.313834  0.228518  0.757643  0.995092  -0.627568  4
9400  78723  0.301011  0.222253  0.758566  0.995438  -0.592376  4
9500  78094  0.300799  0.223458  0.75774  0.995334  -0.587551  4
9600  78654  0.301485  0.21889  0.757409  0.995473  -0.591666  4
9700  78017  0.298118  0.208751  0.756307  0.993895  -0.533522  4
9800  78301  0.300871  0.20683  0.75639  0.994468  -0.483609  4
9900  78544  0.304824  0.201147  0.756396  0.994653  -0.379386  4
