t meta_n emi  mean_info  tr1  tr2  tr3  strategy
0  105448  0.100056  0.501554  0.899989  0.000780952  4.17234e-06  4
100  78920  0.175778  0.739383  0.680208  0.0813002  -0.00765414  4
200  80582  0.265659  0.770539  0.571667  0.14355  -0.00957869  4
300  80456  0.276127  0.77497  0.567443  0.206491  -0.0059243  4
400  80238  0.280017  0.785246  0.578935  0.2528  -0.024074  4
500  79243  0.276215  0.786909  0.584621  0.275995  -0.0489678  4
600  80289  0.273769  0.791298  0.58866  0.271678  -0.0457566  4
700  80556  0.274391  0.800256  0.592876  0.289131  -0.0294445  4
800  79769  0.255733  0.797742  0.592874  0.290279  -0.0223983  4
900  81371  0.27062  0.776853  0.591521  0.284537  0.0012322  4
1000  81276  0.268349  0.781742  0.595781  0.286908  0.00696228  4
1100  81715  0.266559  0.780915  0.599823  0.297679  0.0107534  4
1200  79729  0.269744  0.7804  0.596939  0.308163  -0.0233985  4
1300  80055  0.263427  0.784019  0.601263  0.307209  -0.057147  4
1400  80584  0.259944  0.787927  0.604489  0.328655  -0.0337978  4
1500  80686  0.26195  0.794632  0.603713  0.31903  -0.0104457  4
1600  81225  0.263999  0.784955  0.601357  0.319544  -0.0143792  4
1700  79839  0.266281  0.779633  0.598295  0.317591  -0.0858509  4
1800  79622  0.258545  0.784514  0.597823  0.30991  -0.110266  4
1900  79577  0.264616  0.787384  0.596147  0.307007  -0.100197  4
2000  80072  0.266863  0.78944  0.59196  0.309785  -0.0644756  4
2100  80621  0.260518  0.785343  0.598843  0.309809  -0.107994  4
2200  79741  0.254437  0.783493  0.595882  0.296335  -0.126764  4
2300  79755  0.259539  0.77875  0.592151  0.288844  -0.0999548  4
2400  80869  0.262504  0.795897  0.591443  0.292935  -0.0669527  4
2500  80669  0.262276  0.797122  0.596553  0.303081  -0.0631995  4
2600  79677  0.2716  0.784651  0.592844  0.298613  -0.0790408  4
2700  79931  0.257305  0.789584  0.592165  0.276312  -0.0236199  4
2800  80643  0.260633  0.78519  0.590521  0.271221  -0.0463582  4
2900  80474  0.253691  0.786664  0.586362  0.273139  0.0297771  4
3000  80951  0.260747  0.793921  0.592454  0.272599  0.0439305  4
3100  80413  0.252865  0.793938  0.59288  0.275767  0.0796704  4
3200  79746  0.253064  0.787892  0.588778  0.266318  0.0955063  4
3300  79685  0.256975  0.78911  0.591581  0.267846  0.144754  4
3400  80143  0.258826  0.792612  0.586946  0.256231  0.11772  4
3500  79923  0.255444  0.786586  0.586594  0.2617  0.146668  4
3600  80094  0.257063  0.786851  0.58803  0.252448  0.179066  4
3700  80409  0.258872  0.791156  0.585346  0.24449  0.208281  4
3800  80816  0.256929  0.791644  0.582985  0.242513  0.221931  4
3900  81446  0.260111  0.797307  0.584578  0.245025  0.224451  4
4000  81729  0.25624  0.796663  0.584899  0.240571  0.234105  4
4100  79582  0.260298  0.777415  0.582173  0.25102  0.212104  4
4200  80853  0.259496  0.771451  0.58032  0.248363  0.257777  4
4300  81108  0.25383  0.772069  0.586256  0.261536  0.287744  4
4400  80122  0.258562  0.768098  0.588729  0.284779  0.237921  4
4500  79569  0.258933  0.779284  0.587443  0.283541  0.233273  4
4600  81407  0.263892  0.785706  0.587467  0.265702  0.262898  4
4700  80628  0.251501  0.781137  0.587933  0.27054  0.300655  4
4800  80465  0.255828  0.781344  0.585203  0.269408  0.286759  4
4900  80184  0.259674  0.781302  0.587945  0.276813  0.27593  4
5000  80167  0.251274  0.78012  0.587347  0.273683  0.251012  4
5100  80726  0.253122  0.784567  0.587355  0.272942  0.215178  4
5200  80062  0.250534  0.774754  0.589279  0.270923  0.268015  4
5300  79860  0.253063  0.772787  0.589636  0.277591  0.27344  4
5400  80355  0.252404  0.77584  0.587251  0.266133  0.287233  4
5500  79878  0.254623  0.766795  0.585789  0.272996  0.322254  4
5600  80304  0.257559  0.769224  0.586394  0.270486  0.314771  4
5700  79525  0.247099  0.762411  0.585262  0.273737  0.366148  4
5800  81529  0.258426  0.758366  0.584204  0.286423  0.327993  4
5900  80517  0.262903  0.761928  0.583291  0.28045  0.356015  4
6000  80701  0.257944  0.759236  0.584075  0.266421  0.366963  4
6100  81126  0.248801  0.757654  0.585279  0.266932  0.354647  4
6200  80418  0.255689  0.759279  0.588275  0.280259  0.334417  4
6300  81553  0.251924  0.759833  0.589418  0.289274  0.303363  4
6400  80062  0.245953  0.752582  0.592091  0.305007  0.264028  4
6500  79781  0.244517  0.760603  0.591492  0.290279  0.239842  4
6600  81244  0.254128  0.758175  0.586615  0.285843  0.258266  4
6700  80590  0.256018  0.756971  0.586853  0.291701  0.25519  4
6800  79852  0.251329  0.752534  0.587382  0.289911  0.269274  4
6900  79615  0.246843  0.748788  0.588862  0.288214  0.30615  4
7000  80068  0.250059  0.745695  0.587863  0.291223  0.344246  4
7100  80346  0.24926  0.746426  0.589062  0.29807  0.325802  4
7200  80651  0.255589  0.738293  0.589661  0.310457  0.334685  4
7300  80942  0.246486  0.74551  0.595072  0.316324  0.314731  4
7400  80967  0.255655  0.754371  0.59552  0.325534  0.308026  4
7500  80216  0.25209  0.752661  0.592937  0.332238  0.284718  4
7600  80933  0.248797  0.749675  0.592546  0.333306  0.345772  4
7700  81526  0.259711  0.749716  0.594151  0.331257  0.38263  4
7800  80296  0.240663  0.74962  0.593307  0.322588  0.400546  4
7900  80834  0.250561  0.744861  0.594215  0.330285  0.3933  4
8000  80993  0.257087  0.735062  0.595798  0.334401  0.385836  4
8100  81170  0.255883  0.735163  0.59372  0.329584  0.376513  4
8200  79996  0.253562  0.725777  0.595261  0.336526  0.379316  4
8300  80739  0.252798  0.723435  0.595153  0.33659  0.391387  4
8400  79770  0.246201  0.721612  0.59798  0.347053  0.373579  4
8500  80167  0.251898  0.719887  0.599372  0.345515  0.332463  4
8600  80759  0.249501  0.722938  0.600693  0.351467  0.326915  4
8700  80491  0.241723  0.7249  0.600646  0.349719  0.352387  4
8800  81469  0.252138  0.720382  0.597201  0.347273  0.339864  4
8900  80573  0.248044  0.722556  0.597538  0.343061  0.381439  4
9000  80985  0.243343  0.730873  0.595382  0.336519  0.427945  4
9100  80061  0.250767  0.723492  0.594125  0.33288  0.41625  4
9200  80831  0.251821  0.726613  0.594735  0.337236  0.402909  4
9300  80196  0.251889  0.730053  0.594835  0.337202  0.394561  4
9400  80229  0.252443  0.72373  0.599321  0.355682  0.373319  4
9500  81367  0.245129  0.729767  0.595321  0.343806  0.435181  4
9600  81403  0.258432  0.726924  0.596551  0.347768  0.446498  4
9700  80587  0.248668  0.723893  0.595613  0.340954  0.426191  4
9800  81270  0.251384  0.730488  0.593027  0.319586  0.416376  4
9900  80922  0.250207  0.726528  0.592438  0.320696  0.400951  4
