t meta_n emi  mean_info  tr1  tr2  tr3  strategy
0  102496  0.10056  0.491656  0.899945  0.000807019  5.59955e-05  4
100  73871  0.175677  0.216969  0.607174  0.0890893  -0.0108664  4
200  76432  0.297897  0.110605  0.448601  0.158734  -0.0194933  4
300  76217  0.340961  0.0728219  0.423852  0.199811  -0.00880648  4
400  76367  0.343547  0.0572937  0.420765  0.232415  0.0063788  4
500  76608  0.356114  0.0545165  0.414159  0.260439  -0.0180509  4
600  76471  0.353487  0.0506997  0.419641  0.275697  -0.0512071  4
700  76023  0.366052  0.0490369  0.408851  0.274482  -0.0605765  4
800  76720  0.36217  0.0454169  0.418778  0.283692  -0.0357942  4
900  76256  0.360576  0.0444513  0.422834  0.293186  -0.0357671  4
1000  76538  0.370558  0.0501239  0.41127  0.290985  -0.0248764  4
1100  75293  0.378891  0.0472141  0.401939  0.275517  -0.0478326  4
1200  77455  0.372338  0.0392983  0.406357  0.278483  -0.0582066  4
1300  75693  0.370802  0.0412898  0.40773  0.288956  -0.0452197  4
1400  76156  0.372222  0.0426971  0.406601  0.283323  -0.0518047  4
1500  76383  0.364886  0.0419789  0.409752  0.276618  -0.0826913  4
1600  76685  0.37271  0.0414403  0.409637  0.286916  -0.113715  4
1700  75991  0.36952  0.0415453  0.412056  0.301722  -0.148176  4
1800  75608  0.36091  0.033881  0.406345  0.285124  -0.181248  4
1900  76349  0.363522  0.0332694  0.410402  0.297333  -0.182746  4
2000  76536  0.365318  0.03687  0.418347  0.329446  -0.15996  4
2100  76494  0.364554  0.0317662  0.420421  0.324076  -0.139214  4
2200  76406  0.364172  0.0324819  0.421731  0.326176  -0.13835  4
2300  76162  0.353586  0.0319234  0.422355  0.32979  -0.10696  4
2400  77191  0.363889  0.0318232  0.408931  0.298209  -0.128043  4
2500  76799  0.373047  0.0290988  0.402506  0.284049  -0.136345  4
2600  76775  0.361483  0.027517  0.405042  0.269406  -0.139298  4
2700  75583  0.352265  0.0261008  0.409553  0.268635  -0.16745  4
2800  76697  0.357089  0.0276827  0.410048  0.272621  -0.157989  4
2900  77046  0.362137  0.0257274  0.404266  0.270576  -0.121247  4
3000  76113  0.358621  0.0280921  0.410793  0.284716  -0.121204  4
3100  75997  0.357883  0.0238737  0.41059  0.288301  -0.181559  4
3200  75735  0.364723  0.0227617  0.406246  0.294403  -0.176927  4
3300  77185  0.358094  0.022165  0.414315  0.306584  -0.191147  4
3400  76526  0.368439  0.0216606  0.413335  0.310411  -0.232379  4
3500  76467  0.364165  0.0181693  0.411507  0.325823  -0.203682  4
3600  77340  0.376195  0.0208149  0.417353  0.334125  -0.223035  4
3700  76650  0.372819  0.0234835  0.421188  0.34627  -0.182348  4
3800  76498  0.363188  0.0219984  0.4181  0.323572  -0.188756  4
3900  77363  0.365877  0.0211925  0.423423  0.317642  -0.175125  4
4000  76614  0.351746  0.0190805  0.429331  0.310591  -0.173792  4
4100  75604  0.355828  0.0168372  0.426616  0.321452  -0.0666739  4
4200  76485  0.364897  0.0174004  0.424197  0.332678  -0.0581292  4
4300  76560  0.368567  0.0165576  0.418417  0.324565  -0.120872  4
4400  76959  0.366121  0.0173322  0.419389  0.326525  -0.132679  4
4500  76529  0.364335  0.0165519  0.415104  0.307488  -0.123482  4
4600  76324  0.357384  0.0144845  0.411568  0.293253  -0.133687  4
4700  77269  0.364991  0.013997  0.405765  0.270516  -0.119182  4
4800  77099  0.366851  0.0131216  0.398158  0.254821  -0.172932  4
4900  77235  0.361934  0.0132514  0.399447  0.266604  -0.172706  4
5000  76339  0.362916  0.010625  0.394771  0.248887  -0.182053  4
5100  76900  0.361006  0.0110171  0.394439  0.241397  -0.203568  4
5200  76704  0.368349  0.00960539  0.387551  0.225745  -0.268282  4
5300  76870  0.370241  0.00967105  0.385527  0.21985  -0.233462  4
5400  76866  0.363632  0.00915329  0.379961  0.205752  -0.252143  4
5500  77160  0.370987  0.00864277  0.381717  0.205574  -0.246036  4
5600  75694  0.368812  0.009202  0.385815  0.219623  -0.203076  4
5700  76234  0.364339  0.0100356  0.388285  0.227477  -0.141307  4
5800  76893  0.363194  0.00859976  0.387569  0.211756  -0.101332  4
5900  76557  0.361249  0.00906138  0.388247  0.208629  -0.134217  4
6000  77753  0.362832  0.00768155  0.387543  0.200171  -0.151915  4
6100  76668  0.362104  0.00838904  0.38935  0.20879  -0.0716562  4
6200  76659  0.361422  0.00705059  0.384816  0.199141  -0.0495092  4
6300  76457  0.359965  0.0072872  0.381689  0.19798  -0.0658073  4
6400  76581  0.363747  0.00745067  0.379318  0.185113  -0.0756838  4
6500  77333  0.363117  0.0067718  0.376758  0.174658  -0.0909554  4
6600  75839  0.358734  0.00636103  0.377636  0.178205  -0.0958742  4
6700  76747  0.360662  0.00577041  0.37593  0.177054  -0.061268  4
6800  76786  0.363963  0.00594107  0.377214  0.177416  -0.0407722  4
6900  76794  0.354396  0.00805062  0.377018  0.17443  -0.0191861  4
7000  77851  0.360266  0.00856153  0.378402  0.179611  0.0277192  4
7100  76717  0.355187  0.00763712  0.379334  0.174309  0.0605127  4
7200  76521  0.348684  0.00921683  0.38074  0.174487  0.0716648  4
7300  77369  0.357757  0.00697915  0.379445  0.170563  0.0268785  4
7400  77355  0.360422  0.00579475  0.379144  0.175634  -0.0041857  4
7500  76300  0.359474  0.00498176  0.378641  0.173781  -0.00895619  4
7600  76851  0.35936  0.00476828  0.377212  0.181833  -0.0325768  4
7700  76550  0.356146  0.00527822  0.37759  0.182119  -0.0976159  4
7800  76450  0.356353  0.00457228  0.380618  0.181735  -0.0753686  4
7900  77456  0.354929  0.00388154  0.378465  0.182187  -0.0638109  4
8000  76507  0.34948  0.00445611  0.376065  0.167906  -0.0814927  4
8100  76548  0.356881  0.00509806  0.377492  0.170049  -0.0374373  4
8200  77410  0.357083  0.00382326  0.375914  0.162902  -0.0357783  4
8300  76032  0.35842  0.00327311  0.373848  0.157698  -0.0627111  4
8400  77626  0.358422  0.00378697  0.370558  0.148733  -0.0614947  4
8500  76361  0.353817  0.00345122  0.372032  0.148213  -0.115798  4
8600  76229  0.353842  0.00351147  0.371633  0.145914  -0.086992  4
8700  77056  0.353076  0.00382045  0.371699  0.135474  -0.0749534  4
8800  75455  0.346155  0.00300921  0.374616  0.136437  -0.0790969  4
8900  76348  0.347178  0.00431334  0.374921  0.146914  -0.083523  4
9000  75923  0.349703  0.00368751  0.373108  0.135786  -0.0573097  4
9100  76735  0.347643  0.00346242  0.373162  0.137745  -0.0677948  4
9200  77763  0.351941  0.00309026  0.373081  0.133248  -0.0681072  4
9300  77681  0.352224  0.00332381  0.373416  0.135099  -0.0591229  4
9400  76505  0.343173  0.00229517  0.373567  0.143642  -0.0675226  4
9500  76129  0.345297  0.00265655  0.373583  0.156367  -0.0817853  4
9600  77518  0.357339  0.00210967  0.37322  0.154059  -0.0761129  4
9700  77301  0.3486  0.00237609  0.374734  0.156506  -0.0741838  4
9800  76399  0.351497  0.00189752  0.37391  0.152884  -0.0872549  4
9900  77021  0.361145  0.00228503  0.373016  0.145521  -0.0686003  4
