t meta_n emi  mean_info  tr1  tr2  tr3  strategy
0  104463  0.100264  0.499171  0.899878  0.000884979  5.62052e-05  4
100  78033  0.175414  0.661614  0.658773  0.0828321  0.00351329  4
200  78636  0.261879  0.656947  0.545033  0.140615  0.00339623  4
300  78003  0.269131  0.61321  0.54519  0.194569  0.00981955  4
400  78742  0.277715  0.580372  0.543825  0.242798  0.0166632  4
500  78988  0.283372  0.554928  0.548634  0.280853  0.0454817  4
600  78647  0.284749  0.547775  0.547852  0.290005  0.069711  4
700  78084  0.289516  0.529744  0.548878  0.325288  0.101785  4
800  78772  0.288771  0.50717  0.549454  0.339072  0.0983748  4
900  77777  0.289346  0.511057  0.555752  0.368737  0.0938838  4
1000  77941  0.290912  0.503275  0.562726  0.399938  0.0894393  4
1100  79368  0.292936  0.51035  0.567166  0.418506  0.101784  4
1200  78593  0.293689  0.493746  0.575439  0.443465  0.120338  4
1300  79487  0.292337  0.497199  0.584637  0.482957  0.140451  4
1400  78665  0.286109  0.485225  0.5939  0.494169  0.0852103  4
1500  79050  0.28255  0.481363  0.599126  0.50887  0.120978  4
1600  78583  0.27228  0.484817  0.611447  0.529669  0.149093  4
1700  77962  0.272818  0.47413  0.614069  0.552085  0.135733  4
1800  78650  0.28344  0.466883  0.616756  0.568462  0.176255  4
1900  78843  0.287703  0.466029  0.625586  0.598253  0.143301  4
2000  78784  0.282431  0.457091  0.622195  0.591165  0.104717  4
2100  79168  0.282866  0.461467  0.626686  0.601775  0.10005  4
2200  77892  0.283688  0.452892  0.629894  0.608013  0.118899  4
2300  78887  0.288857  0.443073  0.629672  0.623699  0.177249  4
2400  79029  0.282421  0.442561  0.635279  0.63222  0.17151  4
2500  79194  0.285133  0.43655  0.639158  0.634886  0.191014  4
2600  79035  0.275675  0.443248  0.643657  0.641372  0.21259  4
2700  79293  0.272877  0.44207  0.653219  0.671931  0.164788  4
2800  79174  0.277296  0.433072  0.655167  0.673122  0.165713  4
2900  78898  0.273196  0.421349  0.660692  0.683758  0.191929  4
3000  79428  0.282901  0.417291  0.668072  0.710085  0.159175  4
3100  79498  0.277284  0.412408  0.664883  0.711467  0.234573  4
3200  79445  0.282111  0.421862  0.675049  0.733087  0.206654  4
3300  78687  0.285227  0.410428  0.677472  0.754859  0.173075  4
3400  79305  0.27878  0.410014  0.675805  0.759719  0.155799  4
3500  78721  0.278978  0.416462  0.682095  0.766734  0.172731  4
3600  79337  0.275126  0.411995  0.685699  0.78351  0.235732  4
3700  78785  0.274306  0.411046  0.695163  0.794188  0.218969  4
3800  79442  0.275471  0.413033  0.695015  0.790451  0.24685  4
3900  79072  0.278158  0.419569  0.697476  0.795112  0.286811  4
4000  79121  0.279771  0.410598  0.698515  0.809157  0.284478  4
4100  78802  0.276238  0.404171  0.7053  0.825983  0.363741  4
4200  80239  0.275746  0.399594  0.705876  0.825126  0.409033  4
4300  79538  0.280885  0.391744  0.706518  0.840751  0.446319  4
4400  79930  0.275738  0.392397  0.710828  0.847798  0.505488  4
4500  77982  0.272047  0.391308  0.710998  0.852473  0.470766  4
4600  79245  0.276503  0.395013  0.71947  0.861988  0.444029  4
4700  79626  0.272653  0.396388  0.726984  0.870918  0.414663  4
4800  79754  0.274457  0.396799  0.726763  0.86576  0.392383  4
4900  78600  0.273099  0.391047  0.728354  0.870048  0.366729  4
5000  80092  0.274643  0.383078  0.727787  0.868847  0.375948  4
5100  79958  0.274881  0.387376  0.733809  0.872689  0.354617  4
5200  79427  0.259561  0.387221  0.740725  0.882688  0.355937  4
5300  79663  0.26777  0.389836  0.740581  0.883763  0.370802  4
5400  79012  0.272219  0.386571  0.742604  0.888649  0.340667  4
5500  79417  0.267444  0.384201  0.743797  0.891273  0.326169  4
5600  78767  0.258607  0.387731  0.755129  0.91082  0.381644  4
5700  78173  0.261852  0.389833  0.75169  0.9057  0.389113  4
5800  79882  0.271236  0.382325  0.751772  0.90746  0.384396  4
5900  79253  0.263038  0.379226  0.753563  0.9139  0.438618  4
6000  80238  0.272957  0.376595  0.752493  0.914468  0.47873  4
6100  79223  0.274332  0.36731  0.758547  0.929446  0.523772  4
6200  79317  0.271504  0.374761  0.760614  0.933288  0.518337  4
6300  77680  0.25908  0.372937  0.76031  0.934836  0.531698  4
6400  79745  0.271727  0.368152  0.76422  0.94409  0.556787  4
6500  79297  0.279554  0.372255  0.762586  0.943922  0.548287  4
6600  79246  0.271353  0.371102  0.76566  0.943162  0.551103  4
6700  80051  0.276439  0.364752  0.769344  0.951489  0.53736  4
6800  79648  0.263518  0.363188  0.773911  0.955102  0.53906  4
6900  78703  0.269607  0.369335  0.773177  0.957856  0.524825  4
7000  79907  0.281557  0.365335  0.774681  0.958905  0.510876  4
7100  79002  0.259284  0.364974  0.774377  0.959529  0.517947  4
7200  79312  0.267664  0.362832  0.777852  0.961991  0.539081  4
7300  79648  0.266991  0.366377  0.777666  0.961186  0.568968  4
7400  79503  0.265695  0.359348  0.781512  0.967976  0.520749  4
7500  79843  0.26843  0.359013  0.782843  0.968239  0.557416  4
7600  80467  0.272153  0.356498  0.783513  0.96697  0.531241  4
7700  78938  0.258501  0.351152  0.785173  0.973291  0.553416  4
7800  79476  0.26006  0.351723  0.786639  0.975505  0.506622  4
7900  80078  0.269691  0.355264  0.789457  0.977724  0.514978  4
8000  78635  0.254283  0.355886  0.78773  0.978178  0.581225  4
8100  80149  0.274519  0.357429  0.788915  0.980867  0.579241  4
8200  79418  0.273846  0.349635  0.788754  0.98063  0.579493  4
8300  79082  0.263655  0.346683  0.788437  0.984415  0.575713  4
8400  79483  0.270782  0.348422  0.787376  0.985158  0.582255  4
8500  78923  0.257371  0.356282  0.787534  0.985926  0.572757  4
8600  79695  0.272022  0.354714  0.786962  0.98522  0.587107  4
8700  78784  0.276371  0.350864  0.787432  0.98599  0.583422  4
8800  78933  0.274221  0.351537  0.788353  0.987274  0.563126  4
8900  78631  0.260378  0.346873  0.792457  0.988298  0.57104  4
9000  79736  0.266176  0.346993  0.792707  0.98892  0.581916  4
9100  80231  0.278394  0.351472  0.792736  0.990238  0.616045  4
9200  79752  0.270765  0.35166  0.792252  0.990503  0.629654  4
9300  79813  0.283829  0.354096  0.790451  0.989695  0.624014  4
9400  79797  0.267374  0.353952  0.78985  0.989945  0.611379  4
9500  78110  0.257665  0.348588  0.789608  0.990646  0.627293  4
9600  79298  0.265351  0.344522  0.789991  0.990873  0.643648  4
9700  80039  0.268589  0.343667  0.789962  0.991411  0.633659  4
9800  78401  0.256097  0.344026  0.791346  0.991822  0.62552  4
9900  79671  0.263656  0.339103  0.792999  0.992027  0.649353  4
