t meta_n emi  mean_info  tr1  tr2  tr3  strategy
0  103961  0.09984  0.49741  0.900059  0.000785722  -1.2549e-05  4
100  79821  0.182889  0.746543  0.669056  0.0846874  0.00582979  4
200  80266  0.265973  0.787896  0.567457  0.137751  -0.0112135  4
300  79802  0.282903  0.80309  0.566729  0.176399  -0.0214775  4
400  79399  0.273422  0.798683  0.56447  0.202957  -0.053199  4
500  80021  0.284793  0.796797  0.562657  0.215567  -0.0262643  4
600  80303  0.279005  0.804747  0.568966  0.228181  -0.0119152  4
700  80039  0.280026  0.796745  0.575465  0.25378  -0.0116989  4
800  80045  0.270722  0.80072  0.58428  0.26453  0.0340202  4
900  79434  0.268123  0.793138  0.58173  0.269995  0.0221397  4
1000  79658  0.271598  0.787959  0.588101  0.284637  0.0299994  4
1100  79981  0.273892  0.791038  0.582607  0.301243  0.0701481  4
1200  79878  0.271199  0.792865  0.594726  0.30041  0.0443284  4
1300  80069  0.280433  0.783524  0.590883  0.301748  0.0500507  4
1400  80040  0.264864  0.784354  0.597879  0.308198  0.0429469  4
1500  80714  0.264871  0.781185  0.59486  0.293945  0.0713223  4
1600  79639  0.272169  0.803445  0.592003  0.28863  0.0595873  4
1700  79618  0.271403  0.803187  0.590905  0.302025  0.043959  4
1800  80615  0.27169  0.791434  0.594562  0.306765  0.0444813  4
1900  80356  0.270437  0.786748  0.592661  0.297405  0.0469295  4
2000  80231  0.268119  0.800412  0.595427  0.301913  0.0653928  4
2100  80803  0.263179  0.796007  0.595143  0.288461  0.0465633  4
2200  81507  0.263038  0.802983  0.599397  0.288481  -0.0101966  4
2300  80481  0.253082  0.792461  0.601388  0.296429  -0.00227406  4
2400  79621  0.262554  0.792831  0.595223  0.298531  -0.0309078  4
2500  79972  0.260486  0.780945  0.591359  0.293727  -0.0507721  4
2600  79401  0.258886  0.792424  0.590916  0.292175  -0.0211952  4
2700  81769  0.268884  0.780563  0.59145  0.295703  -0.00355303  4
2800  80790  0.263128  0.78584  0.592897  0.297125  -0.0355317  4
2900  80589  0.263105  0.782058  0.594448  0.300876  -0.0349493  4
3000  81619  0.271552  0.78532  0.59384  0.307708  -0.0260896  4
3100  80799  0.267011  0.78636  0.591274  0.314181  -0.00293693  4
3200  81230  0.268446  0.787567  0.592018  0.303272  0.00657861  4
3300  81769  0.266441  0.779999  0.588199  0.284095  0.0232124  4
3400  80461  0.265396  0.797414  0.584223  0.276411  -0.00183392  4
3500  81347  0.263456  0.796343  0.582087  0.270863  0.0332645  4
3600  80406  0.258951  0.796156  0.583991  0.26335  0.07514  4
3700  80646  0.260252  0.797656  0.581679  0.263392  0.0685261  4
3800  80504  0.262342  0.804213  0.583753  0.264182  0.0379105  4
3900  80249  0.261204  0.793686  0.584285  0.253079  0.0386713  4
4000  79698  0.249402  0.797739  0.585489  0.256337  0.0544273  4
4100  80239  0.246312  0.79676  0.590813  0.247928  0.0808556  4
4200  80494  0.254166  0.798359  0.586325  0.257074  0.0723257  4
4300  80907  0.252883  0.798467  0.585387  0.251858  0.0410567  4
4400  80333  0.253129  0.806056  0.588451  0.246993  -0.000585197  4
4500  81177  0.254955  0.793164  0.587662  0.243904  0.0172063  4
4600  80414  0.248384  0.787474  0.588235  0.243829  -0.00909047  4
4700  80522  0.246388  0.794174  0.585698  0.242557  -0.000190698  4
4800  81197  0.25462  0.802652  0.587004  0.245194  -0.0035501  4
4900  80584  0.249413  0.801416  0.584352  0.23559  0.0293692  4
5000  81144  0.253635  0.804097  0.58109  0.23502  0.0479575  4
5100  80735  0.256165  0.791945  0.581356  0.226096  -0.0193506  4
5200  80565  0.252619  0.790805  0.581007  0.24434  -0.0185801  4
5300  81290  0.258201  0.798301  0.578815  0.248635  -0.0551412  4
5400  80749  0.261805  0.801462  0.577575  0.250441  -0.0517049  4
5500  79761  0.260205  0.801545  0.575167  0.242086  -0.0241525  4
5600  80675  0.257457  0.802709  0.575504  0.242134  -0.0864033  4
5700  80649  0.26135  0.800076  0.574634  0.248813  -0.0952845  4
5800  81037  0.259655  0.796873  0.576181  0.240628  -0.095442  4
5900  81275  0.257382  0.792003  0.580972  0.24986  -0.0443147  4
6000  81395  0.256428  0.784209  0.583813  0.254701  -0.0645918  4
6100  80567  0.256705  0.777054  0.583813  0.251901  -0.0351679  4
6200  81476  0.257646  0.775909  0.582973  0.256189  -0.0330989  4
6300  81061  0.261742  0.770789  0.579532  0.260294  -0.0851312  4
6400  80225  0.25946  0.767594  0.580755  0.267662  -0.0907528  4
6500  81307  0.262152  0.768072  0.582911  0.282548  -0.0860423  4
6600  80989  0.261683  0.77579  0.582512  0.284458  -0.0823563  4
6700  80251  0.253596  0.769091  0.582885  0.291783  -0.0735142  4
6800  81388  0.260515  0.763507  0.589645  0.312889  0.0211197  4
6900  79858  0.253699  0.756253  0.588122  0.304879  0.0489244  4
7000  80973  0.256352  0.746915  0.588901  0.309232  0.0879681  4
7100  80985  0.255019  0.754447  0.58859  0.302159  0.0977818  4
7200  81720  0.258237  0.752769  0.587233  0.293124  0.00236674  4
7300  80817  0.256245  0.739538  0.590893  0.308451  0.0141786  4
7400  81444  0.256035  0.728218  0.58891  0.307648  0.0418359  4
7500  80790  0.251194  0.728627  0.588648  0.301348  0.0571517  4
7600  81690  0.255558  0.725218  0.588994  0.307589  0.0909779  4
7700  80714  0.249003  0.73227  0.588263  0.298036  0.0539577  4
7800  79973  0.245238  0.743307  0.587566  0.289458  0.0392842  4
7900  80815  0.244438  0.74071  0.588991  0.299994  0.0429558  4
8000  80706  0.251602  0.742641  0.590257  0.305947  0.0460247  4
8100  79988  0.256039  0.74937  0.587288  0.294652  0.088455  4
8200  80810  0.249074  0.748549  0.587426  0.300647  0.0239991  4
8300  80555  0.244522  0.756215  0.588606  0.297894  0.0460578  4
8400  81271  0.254227  0.758123  0.585084  0.288184  0.0176302  4
8500  81469  0.258366  0.756131  0.586765  0.295173  -0.0708454  4
8600  81458  0.259062  0.746679  0.588028  0.303592  -0.0983853  4
8700  81261  0.254805  0.745881  0.589782  0.304558  -0.12232  4
8800  79863  0.248461  0.727534  0.59399  0.32331  -0.169344  4
8900  80471  0.243803  0.720379  0.595851  0.322303  -0.190823  4
9000  79905  0.24543  0.716141  0.594396  0.327504  -0.179302  4
9100  81471  0.247647  0.717064  0.596903  0.34654  -0.16327  4
9200  80859  0.2456  0.706259  0.599118  0.354212  -0.172237  4
9300  81437  0.254955  0.702961  0.601179  0.368291  -0.139933  4
9400  80878  0.255466  0.69612  0.603449  0.393656  -0.120819  4
9500  81305  0.254479  0.700053  0.603678  0.397953  -0.121839  4
9600  80280  0.24865  0.685443  0.605243  0.409447  -0.086149  4
9700  79821  0.246111  0.679746  0.608346  0.423841  -0.0776729  4
9800  79809  0.248685  0.673547  0.608169  0.430423  -0.0509572  4
9900  81402  0.258513  0.683522  0.607042  0.42704  -0.0715062  4
