t meta_n emi  mean_info  tr1  tr2  tr3  strategy
0  105254  0.098856  0.49573  0.899983  0.000786166  -6.36694e-05  4
100  77323  0.195356  0.613754  0.624789  0.0987863  -0.0133647  4
200  77452  0.268578  0.581699  0.535769  0.163893  -0.0229662  4
300  77835  0.279654  0.546091  0.53211  0.224175  -0.0343941  4
400  78287  0.286738  0.495435  0.532232  0.253749  -0.0345238  4
500  77451  0.285749  0.467636  0.530892  0.290239  -0.0189884  4
600  77655  0.281419  0.452228  0.539787  0.332131  -0.00110964  4
700  78695  0.298788  0.429496  0.545122  0.370776  0.0136119  4
800  78559  0.297352  0.424294  0.555328  0.416722  0.0211331  4
900  78169  0.298297  0.424278  0.564953  0.46268  0.0191807  4
1000  77469  0.294411  0.419016  0.574429  0.492847  0.0262327  4
1100  77610  0.294588  0.40469  0.574179  0.515763  0.0369286  4
1200  77542  0.295882  0.403395  0.578719  0.526103  0.0619667  4
1300  78292  0.301512  0.39608  0.589635  0.56336  0.0283213  4
1400  77283  0.298323  0.377678  0.603606  0.597209  0.0460631  4
1500  77284  0.290769  0.357176  0.610235  0.610082  0.0734702  4
1600  77553  0.291142  0.365593  0.622191  0.64231  0.0640518  4
1700  79167  0.307281  0.378911  0.631384  0.664228  0.0285691  4
1800  78437  0.287954  0.366833  0.635857  0.667566  -0.00763239  4
1900  78549  0.291951  0.359835  0.633933  0.677043  0.0292727  4
2000  77429  0.291679  0.360266  0.632729  0.666655  0.0255603  4
2100  79202  0.300534  0.384071  0.646872  0.69503  0.043749  4
2200  77668  0.286094  0.368784  0.655305  0.713384  0.0731533  4
2300  78857  0.288645  0.353045  0.660134  0.723789  0.116569  4
2400  78747  0.296896  0.354591  0.654949  0.72001  0.0862995  4
2500  78795  0.287941  0.354409  0.664831  0.739347  0.0102745  4
2600  78961  0.289752  0.350208  0.669081  0.75017  0.0614632  4
2700  79039  0.291884  0.351549  0.668758  0.766765  0.043948  4
2800  79090  0.295166  0.344641  0.67963  0.787504  -0.00797213  4
2900  78764  0.293914  0.33997  0.683992  0.803192  -0.0848254  4
3000  78644  0.28648  0.346238  0.691267  0.8158  -0.117885  4
3100  78775  0.284587  0.350093  0.691649  0.812725  -0.115119  4
3200  79225  0.287392  0.345158  0.696767  0.816279  -0.119034  4
3300  77598  0.276197  0.343544  0.699778  0.822684  -0.130462  4
3400  79468  0.281842  0.343728  0.704874  0.829911  -0.114221  4
3500  78195  0.281776  0.350232  0.704646  0.830906  -0.149618  4
3600  78133  0.289104  0.349199  0.707601  0.843879  -0.196467  4
3700  78963  0.285015  0.347844  0.715433  0.851494  -0.241742  4
3800  79546  0.282662  0.349644  0.718316  0.855935  -0.275605  4
3900  78441  0.276229  0.349605  0.722122  0.866924  -0.332677  4
4000  78402  0.283131  0.340535  0.731692  0.890329  -0.355016  4
4100  79035  0.277783  0.337757  0.740098  0.906555  -0.358656  4
4200  78835  0.279723  0.336958  0.737257  0.903541  -0.374161  4
4300  79717  0.27125  0.335562  0.736789  0.906503  -0.387494  4
4400  78823  0.287486  0.334941  0.742623  0.916071  -0.335441  4
4500  80122  0.28965  0.329444  0.747629  0.922418  -0.410766  4
4600  79304  0.275161  0.33336  0.751937  0.929468  -0.420028  4
4700  78205  0.284175  0.326232  0.754219  0.933899  -0.46277  4
4800  79726  0.27022  0.330644  0.757479  0.935416  -0.412637  4
4900  79072  0.278846  0.335998  0.762104  0.942015  -0.374388  4
5000  79639  0.285248  0.34252  0.759369  0.940643  -0.347503  4
5100  77782  0.271645  0.335877  0.761662  0.946136  -0.29553  4
5200  79650  0.272396  0.335436  0.766306  0.949359  -0.301186  4
5300  79256  0.272459  0.331028  0.766775  0.952209  -0.316929  4
5400  78927  0.261706  0.329573  0.774331  0.963014  -0.300829  4
5500  78630  0.271783  0.322891  0.781082  0.97196  -0.276907  4
5600  78233  0.265078  0.321801  0.779149  0.966551  -0.210911  4
5700  78228  0.265139  0.326924  0.7786  0.966929  -0.225747  4
5800  79711  0.266469  0.329108  0.781096  0.970451  -0.181483  4
5900  77898  0.266883  0.328357  0.779551  0.972238  -0.194657  4
6000  79031  0.266555  0.323012  0.779604  0.975312  -0.181852  4
6100  78653  0.26588  0.322535  0.780462  0.980644  -0.171598  4
6200  80830  0.28257  0.320274  0.783419  0.980371  -0.171348  4
6300  79092  0.277394  0.316026  0.78184  0.982549  -0.160128  4
6400  78638  0.276536  0.317194  0.780772  0.982611  -0.0708188  4
6500  80001  0.265232  0.315305  0.782685  0.98415  -0.0701065  4
6600  79551  0.280482  0.319747  0.783611  0.985127  -0.0207527  4
6700  79764  0.270636  0.316903  0.783906  0.98333  -0.00750116  4
6800  79952  0.277125  0.317713  0.78383  0.983977  -0.00260193  4
6900  79063  0.275525  0.321067  0.782647  0.981692  -0.00257488  4
7000  78733  0.26086  0.316203  0.783485  0.984785  0.0586053  4
7100  79626  0.274685  0.31492  0.786358  0.988562  0.0639691  4
7200  78437  0.276947  0.315991  0.786539  0.990863  0.0450701  4
7300  78971  0.273235  0.316099  0.786835  0.992566  0.049666  4
7400  78138  0.273927  0.308846  0.786422  0.99046  0.0380144  4
7500  79223  0.271968  0.312342  0.785516  0.991824  0.0199877  4
7600  78701  0.280776  0.308846  0.784341  0.991609  0.0277122  4
7700  79802  0.28047  0.309401  0.786225  0.993557  0.0508673  4
7800  78564  0.279788  0.308908  0.787115  0.993902  0.0282264  4
7900  78903  0.27759  0.310788  0.787579  0.995357  -0.0138088  4
8000  79825  0.273977  0.306927  0.78799  0.995124  0.0123255  4
8100  78420  0.262957  0.305626  0.78773  0.99452  0.0110378  4
8200  79720  0.281718  0.306788  0.790034  0.995733  -0.033086  4
8300  79259  0.274457  0.314006  0.788667  0.996972  -0.0539329  4
8400  80102  0.287018  0.31731  0.789444  0.996241  -0.119779  4
8500  78793  0.286853  0.313424  0.78877  0.995802  -0.0967811  4
8600  79469  0.280444  0.311937  0.789329  0.995343  -0.025678  4
8700  79258  0.282097  0.310259  0.790025  0.994678  0.00315551  4
8800  78342  0.267942  0.314268  0.79111  0.995263  0.0179286  4
8900  79684  0.281702  0.311493  0.791615  0.995289  0.0166813  4
9000  79799  0.274018  0.310736  0.790007  0.994943  -0.0149417  4
9100  79364  0.275486  0.309451  0.788715  0.994559  -0.0114778  4
9200  77781  0.270839  0.306797  0.791235  0.995946  0.00704563  4
9300  78448  0.267586  0.311819  0.790234  0.996772  -0.0151098  4
9400  78969  0.266158  0.311733  0.792317  0.997419  -0.115838  4
9500  78863  0.277991  0.309485  0.792225  0.997429  -0.126329  4
9600  78667  0.267377  0.306866  0.791949  0.998106  -0.170072  4
9700  78968  0.281439  0.306106  0.792202  0.998033  -0.137799  4
9800  78662  0.269316  0.307368  0.792208  0.998246  -0.134434  4
9900  80073  0.273908  0.300005  0.792477  0.997996  -0.195131  4
