t meta_n emi  mean_info  tr1  tr2  tr3  strategy
0  104414  0.098656  0.495665  0.900116  0.00084646  -3.06281e-05  4
100  76412  0.18237  0.575933  0.639449  0.0910252  -0.00885255  4
200  77977  0.282391  0.534906  0.521761  0.169941  -0.0128315  4
300  78460  0.293253  0.478568  0.518844  0.227595  -0.0285116  4
400  77571  0.293147  0.423626  0.5143  0.254849  -0.0143503  4
500  78132  0.301619  0.396525  0.517637  0.29346  -0.0031655  4
600  77828  0.306465  0.376603  0.527289  0.362428  -0.0167766  4
700  78190  0.305917  0.364014  0.539688  0.410961  -0.0216238  4
800  78161  0.302195  0.362155  0.556731  0.444231  -0.0202767  4
900  78303  0.304627  0.359906  0.564632  0.481068  -0.0229171  4
1000  78153  0.302907  0.365988  0.576989  0.50879  -0.0280934  4
1100  77883  0.299953  0.351183  0.581923  0.514741  -0.038424  4
1200  78413  0.292326  0.351555  0.59088  0.540411  -0.00243925  4
1300  78418  0.307405  0.361041  0.596867  0.573645  0.02357  4
1400  78122  0.295355  0.36581  0.613318  0.599488  0.0525805  4
1500  78428  0.297959  0.35087  0.6248  0.639799  0.0590714  4
1600  78703  0.302585  0.349964  0.63209  0.664055  0.0628101  4
1700  79007  0.300103  0.350895  0.63921  0.697986  0.0465674  4
1800  78078  0.297205  0.346864  0.647561  0.716176  0.0196495  4
1900  78168  0.289729  0.346688  0.654715  0.732244  0.0105965  4
2000  78370  0.289951  0.345235  0.663432  0.750511  0.0234134  4
2100  77238  0.294936  0.341798  0.663258  0.762889  0.000299387  4
2200  79218  0.299435  0.334339  0.663102  0.764738  0.0238968  4
2300  78519  0.297082  0.331344  0.674682  0.790132  0.00270078  4
2400  79249  0.295544  0.330471  0.672636  0.789974  0.0756003  4
2500  79271  0.304001  0.338728  0.678258  0.803018  0.0455933  4
2600  79123  0.293766  0.332396  0.685703  0.81364  0.0375827  4
2700  78466  0.289817  0.330943  0.688587  0.815122  0.0287436  4
2800  77802  0.287738  0.342795  0.690707  0.810732  -0.0277016  4
2900  77499  0.284949  0.340303  0.699601  0.843681  -0.0111738  4
3000  78166  0.286438  0.340206  0.701519  0.848423  0.0216826  4
3100  77469  0.286377  0.350138  0.703674  0.863663  0.000401709  4
3200  78677  0.294576  0.334123  0.704125  0.868431  -0.0347409  4
3300  78526  0.29424  0.333061  0.701726  0.868037  0.00344812  4
3400  78394  0.300251  0.335243  0.710485  0.880794  0.0587414  4
3500  79000  0.282587  0.323901  0.710788  0.872019  0.173779  4
3600  79147  0.288993  0.329886  0.718964  0.887522  0.185785  4
3700  79697  0.291659  0.330816  0.715594  0.888082  0.150363  4
3800  78331  0.287096  0.319062  0.717987  0.894415  0.202288  4
3900  78627  0.285007  0.317775  0.724033  0.906433  0.212119  4
4000  78537  0.290342  0.317303  0.725243  0.909442  0.169685  4
4100  78354  0.282078  0.322019  0.718843  0.898712  0.133562  4
4200  79184  0.285238  0.320007  0.72316  0.905216  0.136719  4
4300  79474  0.297048  0.323974  0.732858  0.92396  0.142615  4
4400  79120  0.278375  0.326403  0.73966  0.929972  0.142261  4
4500  79196  0.27801  0.320254  0.745544  0.94375  0.0547947  4
4600  78977  0.286431  0.31845  0.746558  0.939627  0.054983  4
4700  79179  0.284037  0.31948  0.742313  0.939366  0.050447  4
4800  78331  0.283378  0.323313  0.747446  0.94551  0.0910208  4
4900  78335  0.283064  0.312369  0.74812  0.946889  0.0880661  4
5000  78693  0.281456  0.310604  0.750328  0.949399  0.131492  4
5100  78550  0.283155  0.310229  0.756085  0.957617  0.206452  4
5200  79161  0.285532  0.317935  0.762048  0.966042  0.163186  4
5300  78529  0.269717  0.312656  0.764153  0.964403  0.218898  4
5400  78882  0.274644  0.303592  0.765783  0.965612  0.219499  4
5500  79099  0.279801  0.311858  0.770373  0.97051  0.191614  4
5600  79334  0.282252  0.315842  0.77428  0.97389  0.256557  4
5700  78814  0.276673  0.315186  0.770589  0.973372  0.323877  4
5800  79404  0.289622  0.315829  0.770812  0.972811  0.269638  4
5900  78744  0.282462  0.322317  0.770352  0.973487  0.239841  4
6000  78966  0.28175  0.317486  0.769397  0.972876  0.139513  4
6100  77839  0.275843  0.318336  0.771209  0.97527  0.163592  4
6200  78540  0.278352  0.319272  0.769426  0.977366  0.128145  4
6300  79162  0.267474  0.318414  0.771509  0.974268  0.107062  4
6400  79255  0.281922  0.313949  0.768276  0.971694  0.0780095  4
6500  78475  0.261609  0.313971  0.769926  0.973237  0.0616341  4
6600  78327  0.283565  0.318451  0.767601  0.974014  0.0167524  4
6700  79477  0.288022  0.319619  0.766789  0.976361  -0.0236548  4
6800  79895  0.28333  0.313759  0.768043  0.979382  0.0584328  4
6900  78411  0.285953  0.314052  0.769258  0.981486  0.0382854  4
7000  79653  0.285657  0.30715  0.768221  0.980468  0.0703849  4
7100  78456  0.280226  0.31252  0.770053  0.981953  -0.0137668  4
7200  79582  0.282093  0.31512  0.772569  0.983295  0.103478  4
7300  79066  0.284532  0.31507  0.773803  0.98354  0.206381  4
7400  80074  0.283063  0.315707  0.7755  0.983257  0.209275  4
7500  78184  0.272685  0.323248  0.776971  0.983411  0.178778  4
7600  78428  0.272323  0.319462  0.775254  0.983513  0.0859116  4
7700  79295  0.272997  0.323638  0.774982  0.980832  0.0244509  4
7800  79445  0.278396  0.323725  0.773927  0.980391  0.0315879  4
7900  78902  0.277257  0.320147  0.772268  0.980595  0.00413596  4
8000  79381  0.27327  0.314258  0.774302  0.982923  0.165204  4
8100  78300  0.276345  0.320182  0.772322  0.981237  0.101854  4
8200  78820  0.276082  0.313991  0.774756  0.985495  -0.0306748  4
8300  79515  0.288903  0.320228  0.775154  0.987035  -0.130063  4
8400  78500  0.280487  0.315361  0.777168  0.988701  -0.0856407  4
8500  78958  0.27722  0.315387  0.777922  0.989742  -0.253895  4
8600  79059  0.286792  0.31669  0.779333  0.991743  -0.321226  4
8700  79970  0.28102  0.313995  0.780121  0.991651  -0.269073  4
8800  79148  0.281318  0.308177  0.781069  0.991648  -0.186908  4
8900  79311  0.287431  0.304886  0.78112  0.991418  -0.276182  4
9000  79221  0.282791  0.304716  0.781602  0.992894  -0.276257  4
9100  78848  0.268054  0.306144  0.783114  0.993292  -0.261159  4
9200  80403  0.282833  0.301957  0.782904  0.994725  -0.354759  4
9300  79770  0.283305  0.300926  0.782278  0.994189  -0.371983  4
9400  78532  0.275021  0.301576  0.783518  0.995605  -0.358651  4
9500  79331  0.290866  0.300462  0.783262  0.995259  -0.503952  4
9600  79044  0.274773  0.297511  0.783149  0.995281  -0.58022  4
9700  79074  0.286069  0.299705  0.784183  0.995766  -0.527961  4
9800  78049  0.266582  0.300178  0.782861  0.995354  -0.56302  4
9900  78693  0.276423  0.295788  0.782594  0.995841  -0.403468  4
