t meta_n emi  mean_info  tr1  tr2  tr3  strategy
0  104267  0.099112  0.495026  0.899962  0.000800186  -3.28007e-05  4
100  76191  0.175328  0.608142  0.651587  0.0839385  0.0103134  4
200  77052  0.265364  0.582618  0.530416  0.139865  -0.00754733  4
300  78403  0.289485  0.534752  0.513195  0.187108  0.0013303  4
400  76889  0.2893  0.490236  0.516814  0.229807  -0.0315989  4
500  77945  0.291284  0.487004  0.51717  0.261688  -0.069918  4
600  78472  0.297616  0.459805  0.523117  0.294871  -0.0776002  4
700  78934  0.295059  0.469439  0.529798  0.320566  -0.0739333  4
800  78369  0.296275  0.452207  0.531933  0.342186  -0.0854387  4
900  78210  0.298483  0.446285  0.537359  0.371695  -0.086944  4
1000  78538  0.304852  0.441103  0.551129  0.415  -0.110369  4
1100  77581  0.296077  0.430075  0.565065  0.480324  -0.111989  4
1200  79525  0.303047  0.413275  0.570747  0.49384  -0.147681  4
1300  78505  0.296793  0.416593  0.580664  0.522177  -0.137022  4
1400  78528  0.301009  0.406788  0.597579  0.558937  -0.137397  4
1500  78512  0.290896  0.403831  0.606048  0.58679  -0.143229  4
1600  78601  0.29072  0.404072  0.608262  0.591673  -0.129975  4
1700  78031  0.301237  0.406615  0.612428  0.610286  -0.130617  4
1800  78977  0.285986  0.405143  0.619057  0.61597  -0.198687  4
1900  78870  0.294874  0.408408  0.629544  0.651917  -0.213886  4
2000  78060  0.290784  0.393672  0.634758  0.657015  -0.190564  4
2100  79947  0.28805  0.394629  0.638941  0.663785  -0.224647  4
2200  78501  0.281962  0.389145  0.648376  0.690373  -0.187829  4
2300  79009  0.296102  0.390679  0.656026  0.71898  -0.199653  4
2400  79011  0.290552  0.394262  0.668333  0.74823  -0.217722  4
2500  77552  0.281775  0.387072  0.674613  0.761602  -0.191165  4
2600  79778  0.285064  0.380256  0.680044  0.7683  -0.182243  4
2700  78344  0.287116  0.386793  0.678049  0.777648  -0.17495  4
2800  77948  0.282105  0.37827  0.694567  0.813855  -0.188345  4
2900  79804  0.281751  0.375847  0.696842  0.811528  -0.172567  4
3000  78838  0.27714  0.371901  0.696442  0.814051  -0.168047  4
3100  79049  0.277176  0.368507  0.704462  0.824389  -0.149665  4
3200  79339  0.2881  0.357162  0.704843  0.841745  -0.211706  4
3300  79126  0.287286  0.359578  0.715691  0.852459  -0.237947  4
3400  78636  0.27391  0.367367  0.719926  0.853355  -0.233885  4
3500  78777  0.277629  0.359085  0.719058  0.859835  -0.3068  4
3600  78121  0.279885  0.362926  0.719901  0.869358  -0.349541  4
3700  78929  0.277841  0.369136  0.718087  0.86975  -0.369828  4
3800  79057  0.286089  0.366461  0.721956  0.880186  -0.363393  4
3900  78657  0.275827  0.365977  0.733455  0.89491  -0.364206  4
4000  78679  0.279117  0.358395  0.740003  0.909015  -0.448501  4
4100  79464  0.271669  0.350646  0.745954  0.917543  -0.425821  4
4200  79419  0.269319  0.344925  0.746826  0.920696  -0.424877  4
4300  78185  0.280463  0.341681  0.747362  0.923159  -0.392905  4
4400  78480  0.279096  0.338332  0.748653  0.927594  -0.404535  4
4500  78772  0.277914  0.338514  0.751434  0.925709  -0.384503  4
4600  80010  0.274619  0.341357  0.755394  0.926353  -0.379981  4
4700  79112  0.272449  0.352053  0.754069  0.919706  -0.419722  4
4800  79145  0.274774  0.347615  0.750855  0.913602  -0.396284  4
4900  80023  0.287335  0.34211  0.756408  0.926593  -0.392931  4
5000  79677  0.278065  0.337198  0.756871  0.926972  -0.401217  4
5100  79323  0.275928  0.335317  0.7566  0.926998  -0.458873  4
5200  80564  0.287478  0.333324  0.75967  0.938457  -0.541767  4
5300  78331  0.274014  0.336762  0.767385  0.952323  -0.574968  4
5400  79222  0.272747  0.333215  0.768581  0.95036  -0.595142  4
5500  79080  0.283019  0.338775  0.76847  0.949013  -0.662935  4
5600  78712  0.275805  0.329324  0.768617  0.954914  -0.718111  4
5700  78766  0.281267  0.327328  0.770917  0.960409  -0.775475  4
5800  78750  0.282004  0.327559  0.771126  0.965462  -0.782261  4
5900  79523  0.283558  0.325314  0.775162  0.970082  -0.773573  4
6000  79561  0.280631  0.323943  0.774896  0.972277  -0.77393  4
6100  79038  0.281948  0.324702  0.775485  0.974498  -0.793644  4
6200  78120  0.269794  0.316943  0.778053  0.975656  -0.734682  4
6300  79681  0.284568  0.324154  0.777029  0.979417  -0.734997  4
6400  79823  0.286392  0.322055  0.779313  0.982765  -0.735464  4
6500  79568  0.277273  0.321534  0.781741  0.983689  -0.731208  4
6600  79238  0.276987  0.32386  0.780186  0.984205  -0.730404  4
6700  80015  0.280125  0.320327  0.781314  0.987618  -0.749657  4
6800  79029  0.278786  0.322694  0.784004  0.990004  -0.742735  4
6900  79004  0.270591  0.326959  0.782556  0.989094  -0.768431  4
7000  78926  0.273441  0.325834  0.784026  0.991116  -0.796723  4
7100  79465  0.29602  0.326016  0.783705  0.990643  -0.768467  4
7200  79292  0.29063  0.323422  0.782852  0.990052  -0.798829  4
7300  79380  0.275259  0.321932  0.785646  0.98985  -0.81375  4
7400  79624  0.277921  0.329101  0.784755  0.988957  -0.807171  4
7500  79131  0.268908  0.320331  0.784986  0.989791  -0.834151  4
7600  79101  0.273944  0.320725  0.785161  0.990593  -0.893224  4
7700  77536  0.267403  0.319348  0.78686  0.991122  -0.861499  4
7800  80181  0.290424  0.317601  0.787039  0.992422  -0.874779  4
7900  79405  0.281748  0.325462  0.787179  0.992996  -0.872586  4
8000  79333  0.288433  0.323124  0.786671  0.992646  -0.90014  4
8100  79599  0.278408  0.328356  0.785082  0.991842  -0.858383  4
8200  77902  0.267353  0.324506  0.787128  0.99196  -0.824301  4
8300  79636  0.276795  0.326033  0.787739  0.993741  -0.798632  4
8400  78240  0.259051  0.32504  0.78897  0.992679  -0.740792  4
8500  79463  0.277778  0.324934  0.788575  0.993827  -0.751924  4
8600  79069  0.275721  0.327779  0.788305  0.994319  -0.728003  4
8700  79538  0.281506  0.322859  0.78872  0.995476  -0.716221  4
8800  78813  0.269568  0.319301  0.788541  0.995537  -0.73551  4
8900  79157  0.274282  0.321281  0.790414  0.994514  -0.740321  4
9000  79324  0.286216  0.320092  0.789417  0.995847  -0.729535  4
9100  79288  0.275508  0.313729  0.788731  0.995662  -0.756874  4
9200  78918  0.282107  0.312638  0.78712  0.994969  -0.777404  4
9300  79105  0.267591  0.311991  0.78601  0.994273  -0.77594  4
9400  77935  0.269198  0.311168  0.785721  0.99443  -0.798938  4
9500  79428  0.283389  0.312534  0.785799  0.995514  -0.763172  4
9600  78289  0.27208  0.315194  0.785593  0.994511  -0.738703  4
9700  79706  0.276494  0.314516  0.785193  0.995378  -0.725046  4
9800  79104  0.279172  0.314186  0.786496  0.996341  -0.726435  4
9900  79508  0.273272  0.311581  0.787292  0.994927  -0.736052  4
