t meta_n emi  mean_info  tr1  tr2  tr3  strategy
0  102741  0.100304  0.497757  0.899999  0.00071966  -6.45004e-05  4
100  76590  0.192412  0.568074  0.629493  0.0861993  7.35542e-05  4
200  77566  0.277952  0.530502  0.517623  0.142386  -0.00987046  4
300  78064  0.285192  0.489665  0.517287  0.192478  -0.0236938  4
400  78308  0.295925  0.466618  0.516209  0.242863  -0.0269564  4
500  77881  0.294175  0.453008  0.52587  0.292224  -0.043032  4
600  77664  0.299349  0.434208  0.526592  0.31986  -0.0339041  4
700  78010  0.302651  0.421025  0.534182  0.352433  -0.0234292  4
800  78607  0.300824  0.394186  0.558451  0.440464  -0.028528  4
900  77370  0.300655  0.386234  0.569519  0.489076  -0.0308557  4
1000  77760  0.297447  0.368532  0.589864  0.545456  -0.0661214  4
1100  77939  0.290731  0.364978  0.599306  0.56647  -0.0760955  4
1200  78814  0.297901  0.374308  0.617069  0.601684  -0.0577171  4
1300  77928  0.28393  0.363432  0.620263  0.620813  -0.0951277  4
1400  77837  0.290787  0.359153  0.643248  0.673778  -0.137429  4
1500  77834  0.2763  0.363106  0.653565  0.689616  -0.145369  4
1600  78215  0.285596  0.354173  0.662215  0.718574  -0.0881033  4
1700  78481  0.289421  0.351214  0.65928  0.727272  -0.0712638  4
1800  78706  0.291013  0.345764  0.655878  0.733779  -0.108243  4
1900  78768  0.285347  0.347122  0.668895  0.756052  -0.124401  4
2000  78900  0.297331  0.34235  0.66398  0.755658  -0.123482  4
2100  78105  0.283361  0.34875  0.668625  0.768653  -0.121117  4
2200  77844  0.293571  0.349896  0.676025  0.784528  -0.0848436  4
2300  78902  0.293989  0.342732  0.686316  0.803005  -0.0532796  4
2400  78614  0.290716  0.343298  0.689417  0.810549  -0.0725239  4
2500  78962  0.28394  0.339163  0.702099  0.832149  -0.0947444  4
2600  78444  0.283159  0.339406  0.70554  0.839747  -0.140199  4
2700  79716  0.296934  0.331492  0.712747  0.862724  -0.139175  4
2800  78446  0.284583  0.335731  0.717468  0.878297  -0.150789  4
2900  79832  0.300648  0.329416  0.71868  0.886059  -0.189399  4
3000  79969  0.289134  0.330425  0.718799  0.882019  -0.196994  4
3100  78170  0.28245  0.326546  0.72832  0.899131  -0.193925  4
3200  78433  0.280538  0.319239  0.734138  0.905791  -0.163681  4
3300  78542  0.285092  0.329529  0.737394  0.914131  -0.239128  4
3400  78973  0.28797  0.334563  0.734403  0.909723  -0.202767  4
3500  77906  0.272482  0.33374  0.734292  0.91543  -0.1642  4
3600  79151  0.279507  0.33676  0.732121  0.913681  -0.17456  4
3700  80061  0.285474  0.33195  0.733436  0.911793  -0.171045  4
3800  78338  0.269664  0.328699  0.74246  0.922814  -0.191311  4
3900  79243  0.287781  0.329616  0.738876  0.92184  -0.228603  4
4000  78804  0.278269  0.323466  0.741618  0.928746  -0.296998  4
4100  78579  0.281662  0.327823  0.740369  0.927369  -0.338549  4
4200  78700  0.289091  0.326096  0.737289  0.924727  -0.376875  4
4300  78997  0.284317  0.320046  0.738656  0.924542  -0.365265  4
4400  77915  0.287127  0.317082  0.745774  0.933085  -0.427574  4
4500  79219  0.28211  0.319637  0.747639  0.935284  -0.433648  4
4600  78638  0.291787  0.313634  0.747069  0.93699  -0.40084  4
4700  79117  0.287321  0.315626  0.748509  0.937115  -0.422154  4
4800  78909  0.280302  0.318129  0.751316  0.943791  -0.449493  4
4900  79761  0.28762  0.313255  0.747559  0.935491  -0.409555  4
5000  78510  0.275115  0.308905  0.754069  0.938281  -0.442514  4
5100  78672  0.281893  0.316465  0.752522  0.942123  -0.510694  4
5200  77837  0.264861  0.312796  0.753433  0.940283  -0.527759  4
5300  79234  0.275013  0.306707  0.753708  0.942025  -0.506121  4
5400  78747  0.269704  0.314536  0.760326  0.94715  -0.504281  4
5500  78838  0.282032  0.321284  0.763359  0.95286  -0.481314  4
5600  80430  0.280028  0.317632  0.764866  0.955677  -0.471492  4
5700  79089  0.282935  0.320576  0.765856  0.960948  -0.445854  4
5800  78606  0.27647  0.320703  0.76781  0.962701  -0.470547  4
5900  79344  0.282643  0.31251  0.768362  0.964969  -0.456077  4
6000  79159  0.280619  0.307207  0.76881  0.968149  -0.424339  4
6100  78485  0.286298  0.309216  0.768435  0.970196  -0.432613  4
6200  78731  0.272383  0.310941  0.770889  0.97295  -0.458127  4
6300  78475  0.276469  0.306507  0.770704  0.97534  -0.456579  4
6400  79130  0.285218  0.299514  0.769049  0.970772  -0.458426  4
6500  78637  0.283385  0.302332  0.772836  0.976591  -0.449574  4
6600  78325  0.275404  0.308953  0.773854  0.97502  -0.436609  4
6700  78924  0.278633  0.299023  0.774262  0.97489  -0.440473  4
6800  78272  0.282601  0.306696  0.778602  0.981714  -0.475835  4
6900  77976  0.272719  0.303288  0.77648  0.979908  -0.460175  4
7000  79518  0.280372  0.311648  0.780834  0.983964  -0.461085  4
7100  78866  0.280957  0.307633  0.781462  0.987063  -0.477739  4
7200  79259  0.285211  0.313772  0.781567  0.988787  -0.48737  4
7300  78557  0.273682  0.315022  0.783253  0.989068  -0.518547  4
7400  79751  0.27663  0.319508  0.783665  0.988569  -0.569317  4
7500  79093  0.272985  0.311225  0.784268  0.988556  -0.56522  4
7600  78642  0.274742  0.309088  0.786154  0.988619  -0.558815  4
7700  79347  0.28304  0.310281  0.78443  0.989621  -0.532747  4
7800  79362  0.262599  0.312085  0.788136  0.993003  -0.550931  4
7900  78599  0.258674  0.312588  0.787654  0.991361  -0.553474  4
8000  78229  0.274972  0.31506  0.78887  0.992155  -0.553095  4
8100  78891  0.277252  0.309945  0.787479  0.991364  -0.555734  4
8200  79404  0.276407  0.31081  0.788061  0.991209  -0.566663  4
8300  79065  0.278605  0.304963  0.786479  0.990468  -0.565084  4
8400  78243  0.27437  0.298414  0.785557  0.992874  -0.56417  4
8500  79859  0.278014  0.299835  0.784883  0.991878  -0.568429  4
8600  79986  0.286847  0.302703  0.786313  0.993621  -0.572397  4
8700  80020  0.278886  0.303679  0.786134  0.992143  -0.558358  4
8800  79824  0.287956  0.301005  0.787853  0.99388  -0.541918  4
8900  79187  0.27671  0.316167  0.786691  0.993495  -0.534829  4
9000  79605  0.288305  0.307807  0.786519  0.994452  -0.529955  4
9100  77908  0.269636  0.311742  0.788646  0.995266  -0.541737  4
9200  79046  0.267621  0.309903  0.788883  0.995449  -0.552163  4
9300  78956  0.28192  0.308641  0.787536  0.994915  -0.542153  4
9400  79137  0.27158  0.308851  0.788098  0.996202  -0.563186  4
9500  78983  0.280588  0.300697  0.788686  0.994906  -0.562026  4
9600  79722  0.279116  0.295389  0.788047  0.996239  -0.595758  4
9700  78218  0.272954  0.295511  0.788485  0.996787  -0.598234  4
9800  78344  0.271313  0.305216  0.787756  0.996233  -0.593086  4
9900  79320  0.282648  0.305295  0.789385  0.99613  -0.575483  4
