t meta_n emi  mean_info  tr1  tr2  tr3  strategy
0  102657  0.100736  0.492727  0.899916  0.000746486  3.08269e-05  4
100  74923  0.188917  0.358343  0.600151  0.0823857  0.00115692  4
200  76816  0.301373  0.207276  0.459943  0.13626  0.0206615  4
300  76169  0.322142  0.135247  0.439608  0.187458  0.00836581  4
400  76488  0.344598  0.108462  0.428063  0.236824  0.0167687  4
500  76836  0.356054  0.107054  0.42791  0.272707  0.0211821  4
600  76319  0.360815  0.0985604  0.425366  0.273879  0.0268016  4
700  76839  0.362885  0.0955412  0.428048  0.296058  0.0213526  4
800  76986  0.354128  0.0911613  0.435592  0.311997  0.00155313  4
900  77288  0.355451  0.0888101  0.441449  0.325655  -0.0157072  4
1000  77129  0.348271  0.0922866  0.450141  0.342409  -0.000913738  4
1100  76331  0.353357  0.0940261  0.454062  0.359245  -0.0210244  4
1200  77231  0.353036  0.0892647  0.4594  0.382437  0.00870551  4
1300  76010  0.356911  0.0820543  0.467236  0.40634  0.000659048  4
1400  75895  0.353612  0.0864829  0.46772  0.405401  0.0251752  4
1500  75732  0.351154  0.0806713  0.466662  0.424607  0.040572  4
1600  77012  0.356537  0.0760656  0.46097  0.408035  0.0404714  4
1700  76618  0.354532  0.08134  0.460133  0.414644  0.00599015  4
1800  75961  0.349425  0.0872269  0.465594  0.410135  0.00676669  4
1900  76256  0.3474  0.081096  0.460899  0.396427  -0.0183835  4
2000  76834  0.352179  0.0824643  0.463512  0.39975  -0.0463492  4
2100  76315  0.352791  0.074428  0.455382  0.382762  -0.0302083  4
2200  75912  0.34271  0.0745604  0.456606  0.373908  -0.0241878  4
2300  77750  0.345585  0.0707659  0.456148  0.36383  -0.00735094  4
2400  75445  0.34819  0.0743283  0.461685  0.389697  -0.0387945  4
2500  77039  0.345726  0.0806387  0.469302  0.412438  -0.0601212  4
2600  76305  0.350516  0.0730547  0.468447  0.423528  -0.0201204  4
2700  76636  0.342781  0.065454  0.458023  0.394204  -0.0380239  4
2800  77400  0.354567  0.0726932  0.455233  0.378912  -0.017344  4
2900  76828  0.340995  0.0685891  0.452217  0.355478  -0.0588701  4
3000  77421  0.346495  0.0610398  0.451378  0.349869  -0.0887486  4
3100  76453  0.345148  0.0644021  0.448944  0.34083  -0.0685191  4
3200  76452  0.349979  0.0639721  0.441961  0.324829  -0.0712842  4
3300  76962  0.350489  0.0586975  0.441808  0.326949  -0.0495406  4
3400  76581  0.342037  0.0552737  0.443491  0.346487  0.00628056  4
3500  76292  0.352174  0.0553469  0.443892  0.346587  0.0562447  4
3600  76327  0.356087  0.0573441  0.441969  0.357914  0.0870853  4
3700  78322  0.353737  0.0541029  0.451066  0.362992  0.000851035  4
3800  77412  0.34727  0.0537156  0.447619  0.369457  -0.0138976  4
3900  76757  0.354443  0.0542845  0.443577  0.352762  -0.000398693  4
4000  76148  0.350836  0.0509755  0.445002  0.367618  -0.000880973  4
4100  77033  0.352918  0.0571054  0.45729  0.395782  0.0176541  4
4200  77183  0.362777  0.0522038  0.447941  0.377169  0.0374224  4
4300  76499  0.358026  0.0487769  0.44444  0.362983  0.0236173  4
4400  76990  0.354002  0.0484426  0.448632  0.378296  0.0255178  4
4500  76857  0.357076  0.0507675  0.448168  0.378959  0.052805  4
4600  75985  0.352306  0.0481401  0.443937  0.378924  0.0580104  4
4700  76719  0.351747  0.0398758  0.448482  0.386213  0.0143729  4
4800  75472  0.354858  0.0421193  0.442769  0.369189  0.0116341  4
4900  77603  0.355575  0.0458999  0.446474  0.379427  0.00196629  4
5000  76123  0.354479  0.0440152  0.438792  0.373193  -0.025109  4
5100  76405  0.357551  0.0440013  0.437284  0.373808  -0.0563181  4
5200  76389  0.349457  0.040734  0.442744  0.383976  -0.0864949  4
5300  76324  0.34746  0.0438788  0.445509  0.373785  -0.0839438  4
5400  77911  0.351554  0.0430157  0.448271  0.378264  -0.0784714  4
5500  77680  0.351219  0.0489678  0.44888  0.37249  -0.0355626  4
5600  77012  0.350821  0.0412967  0.443153  0.358191  -0.0287413  4
5700  76097  0.346123  0.043688  0.449368  0.375893  -0.0395792  4
5800  77063  0.35075  0.0408414  0.44775  0.372565  -0.049579  4
5900  77717  0.346352  0.0420474  0.44109  0.357148  -0.0631948  4
6000  77505  0.358325  0.0454578  0.440081  0.357733  -0.0398071  4
6100  78400  0.358542  0.0540175  0.437465  0.349729  -0.0600682  4
6200  76965  0.355814  0.0488788  0.436571  0.345297  -0.0681352  4
6300  77173  0.35556  0.0541142  0.440508  0.354766  -0.0613197  4
6400  76750  0.356324  0.0539161  0.442104  0.353778  -0.0364697  4
6500  77226  0.353567  0.050996  0.440087  0.348864  -0.0407144  4
6600  77592  0.351361  0.0506185  0.438353  0.335015  0.0149825  4
6700  77105  0.346381  0.0535443  0.446143  0.344171  0.0494633  4
6800  77682  0.357481  0.0598171  0.45033  0.355658  0.078393  4
6900  77343  0.353265  0.0550821  0.449607  0.358422  0.102583  4
7000  77102  0.351059  0.0526466  0.448828  0.364842  0.143346  4
7100  76830  0.35339  0.0554454  0.458328  0.390092  0.146095  4
7200  76537  0.349175  0.0577626  0.456261  0.381587  0.127467  4
7300  76887  0.351426  0.0567553  0.45213  0.371116  0.146995  4
7400  76558  0.355538  0.055888  0.457612  0.386658  0.163559  4
7500  76589  0.356167  0.0571516  0.456911  0.391094  0.181947  4
7600  76990  0.346647  0.0569582  0.456791  0.390236  0.141975  4
7700  76985  0.347214  0.05711  0.462487  0.405328  0.200083  4
7800  75978  0.349665  0.0537991  0.464939  0.417441  0.192392  4
7900  77578  0.352961  0.0458126  0.456246  0.388175  0.167053  4
8000  76914  0.35131  0.0442103  0.453118  0.375775  0.219874  4
8100  77394  0.344974  0.0383846  0.452053  0.372006  0.199346  4
8200  77749  0.359511  0.0373151  0.447563  0.369136  0.2175  4
8300  76884  0.344966  0.0446873  0.451984  0.375028  0.209766  4
8400  76107  0.350764  0.041684  0.448571  0.365812  0.206121  4
8500  76672  0.352623  0.0409751  0.449922  0.372975  0.232506  4
8600  77141  0.359072  0.0476253  0.458425  0.397086  0.261506  4
8700  77392  0.362486  0.0479868  0.451238  0.378331  0.26685  4
8800  76660  0.361607  0.0452164  0.445407  0.354542  0.273319  4
8900  76934  0.359343  0.038185  0.441318  0.341592  0.271999  4
9000  76536  0.359225  0.0408332  0.443959  0.350257  0.298425  4
9100  77423  0.357239  0.0368877  0.444609  0.360012  0.266763  4
9200  77662  0.359784  0.0395594  0.455415  0.384429  0.288669  4
9300  77065  0.347474  0.0400916  0.455163  0.374271  0.250858  4
9400  77071  0.359414  0.0435677  0.450272  0.361226  0.251237  4
9500  77062  0.359585  0.0493304  0.45846  0.37822  0.271908  4
9600  77029  0.358104  0.0554816  0.46812  0.40187  0.298925  4
9700  77524  0.353335  0.0510281  0.471558  0.402655  0.344812  4
9800  77174  0.353011  0.0536592  0.479831  0.424333  0.382429  4
9900  77071  0.359274  0.0528618  0.480141  0.431841  0.387424  4
