t meta_n emi  mean_info  tr1  tr2  tr3  strategy
0  104161  0.099768  0.498325  0.900041  0.000753369  -2.17495e-05  4
100  79668  0.178139  0.711781  0.670462  0.0905391  -0.0100899  4
200  79706  0.261515  0.753998  0.5708  0.15361  0.00037442  4
300  79397  0.270724  0.742571  0.562688  0.199842  -0.00235137  4
400  80050  0.271074  0.736499  0.566551  0.23094  0.00529392  4
500  78487  0.275249  0.726337  0.56241  0.245139  0.0186205  4
600  78994  0.27688  0.717616  0.563023  0.250909  0.0258103  4
700  79613  0.28037  0.70991  0.566448  0.270908  0.0080341  4
800  80078  0.282551  0.713106  0.57066  0.278235  0.00299526  4
900  79395  0.270747  0.710996  0.579301  0.303693  -0.0145597  4
1000  80511  0.275703  0.702792  0.57939  0.317408  0.00325094  4
1100  80197  0.273302  0.709061  0.580911  0.314121  0.0466851  4
1200  79230  0.281426  0.687134  0.580393  0.332272  0.0447586  4
1300  79649  0.269831  0.681377  0.580288  0.332149  0.0665228  4
1400  79491  0.273212  0.678044  0.588168  0.36071  0.046568  4
1500  80460  0.271827  0.678471  0.589135  0.342978  0.0529055  4
1600  80269  0.276227  0.674406  0.591582  0.374225  0.0766409  4
1700  80304  0.274415  0.668871  0.599008  0.40656  0.0624297  4
1800  79315  0.26978  0.690643  0.59789  0.401229  0.124248  4
1900  79991  0.274769  0.690274  0.598612  0.396213  0.0947663  4
2000  79299  0.266205  0.683944  0.607058  0.408892  0.111553  4
2100  80327  0.277747  0.68335  0.601102  0.404349  0.131881  4
2200  80069  0.272008  0.676473  0.597297  0.401788  0.152978  4
2300  79295  0.271052  0.676156  0.597307  0.406088  0.169173  4
2400  80389  0.281492  0.667469  0.600224  0.415433  0.168233  4
2500  80110  0.278606  0.673299  0.603857  0.429545  0.177375  4
2600  78932  0.266193  0.673345  0.608021  0.425422  0.155703  4
2700  79306  0.26491  0.658258  0.605077  0.426909  0.193325  4
2800  79349  0.263345  0.652663  0.607859  0.430906  0.135818  4
2900  79628  0.2651  0.647055  0.605756  0.429353  0.163572  4
3000  79204  0.257801  0.635591  0.610336  0.456663  0.189669  4
3100  80026  0.274703  0.640045  0.608041  0.438541  0.183346  4
3200  78731  0.264625  0.649303  0.603431  0.426116  0.16118  4
3300  80279  0.27409  0.651971  0.599057  0.430835  0.136852  4
3400  79996  0.266097  0.63652  0.602341  0.429213  0.141755  4
3500  79433  0.263678  0.631589  0.609841  0.448783  0.169395  4
3600  80577  0.266054  0.633564  0.603832  0.441467  0.179898  4
3700  79481  0.267339  0.637954  0.608854  0.459912  0.256247  4
3800  79538  0.262506  0.622939  0.610209  0.469376  0.287819  4
3900  80121  0.275424  0.628087  0.601353  0.450133  0.289538  4
4000  80082  0.269597  0.631686  0.607312  0.456093  0.264668  4
4100  81054  0.268301  0.639499  0.61417  0.476876  0.322598  4
4200  80122  0.268691  0.63197  0.619021  0.486325  0.404829  4
4300  79440  0.264463  0.628008  0.614639  0.465631  0.41341  4
4400  80182  0.265528  0.636313  0.612923  0.455907  0.405708  4
4500  81135  0.269596  0.629816  0.619817  0.491801  0.444258  4
4600  79854  0.258918  0.629847  0.624902  0.49162  0.432872  4
4700  79902  0.258865  0.625166  0.624486  0.500848  0.429671  4
4800  79999  0.260719  0.60996  0.62285  0.503302  0.453781  4
4900  80050  0.262638  0.613228  0.622586  0.504571  0.496725  4
5000  80089  0.265295  0.603767  0.620922  0.508558  0.535151  4
5100  79431  0.248538  0.598929  0.624435  0.517477  0.549199  4
5200  78879  0.250111  0.596753  0.626151  0.529363  0.552141  4
5300  80949  0.266807  0.591593  0.626985  0.535399  0.600487  4
5400  79853  0.252707  0.586566  0.63015  0.545834  0.573283  4
5500  79610  0.251198  0.585465  0.631733  0.557242  0.599969  4
5600  80026  0.257976  0.585629  0.630683  0.558506  0.579722  4
5700  80941  0.2578  0.589454  0.63002  0.542464  0.60515  4
5800  79661  0.256921  0.580021  0.634102  0.552526  0.625514  4
5900  79294  0.253467  0.575439  0.634656  0.549672  0.632279  4
6000  79917  0.248976  0.57804  0.62626  0.534566  0.657127  4
6100  80883  0.257203  0.57906  0.627577  0.541913  0.614458  4
6200  79557  0.245584  0.585384  0.631006  0.543825  0.603606  4
6300  79520  0.250051  0.585572  0.629411  0.544505  0.581968  4
6400  79883  0.255815  0.580731  0.631932  0.562326  0.55079  4
6500  79775  0.254062  0.584063  0.631147  0.562694  0.5547  4
6600  80076  0.260471  0.577914  0.629273  0.560014  0.627232  4
6700  80293  0.25957  0.57713  0.629677  0.560378  0.655287  4
6800  79653  0.252369  0.571694  0.63313  0.578932  0.64573  4
6900  79879  0.251921  0.565819  0.634507  0.579945  0.601227  4
7000  80000  0.254244  0.564336  0.635082  0.587892  0.596026  4
7100  80219  0.260226  0.55446  0.635526  0.596399  0.597466  4
7200  80424  0.263129  0.551945  0.627985  0.582775  0.57117  4
7300  80153  0.258241  0.551406  0.628973  0.58313  0.534374  4
7400  79722  0.260545  0.552416  0.626598  0.579149  0.53536  4
7500  79462  0.258631  0.549743  0.624898  0.571113  0.545845  4
7600  80818  0.266509  0.545862  0.626566  0.570109  0.579564  4
7700  80468  0.261752  0.550369  0.625474  0.570223  0.572496  4
7800  80009  0.26503  0.543426  0.629735  0.585711  0.557039  4
7900  79509  0.258991  0.537482  0.626586  0.574919  0.576833  4
8000  80119  0.269475  0.543541  0.624116  0.569719  0.577297  4
8100  79651  0.260915  0.539566  0.622405  0.567987  0.58622  4
8200  79553  0.26241  0.541232  0.625751  0.572124  0.620049  4
8300  79530  0.253014  0.534083  0.629426  0.583916  0.564666  4
8400  80676  0.262431  0.528277  0.633953  0.607065  0.552869  4
8500  80173  0.265167  0.518363  0.635589  0.626613  0.538162  4
8600  79340  0.257223  0.518724  0.637114  0.631559  0.506669  4
8700  79967  0.252788  0.517475  0.639689  0.639579  0.503764  4
8800  79326  0.256807  0.511571  0.646334  0.654294  0.521721  4
8900  79450  0.256065  0.507898  0.642542  0.651018  0.506811  4
9000  79929  0.249842  0.504074  0.646686  0.659555  0.51004  4
9100  80181  0.261247  0.50567  0.647045  0.664893  0.490594  4
9200  79974  0.264585  0.506234  0.651046  0.675323  0.46506  4
9300  80540  0.264789  0.5059  0.647763  0.669396  0.46477  4
9400  80615  0.258095  0.5071  0.645799  0.669067  0.47404  4
9500  78437  0.25969  0.511534  0.649276  0.678746  0.424731  4
9600  79986  0.256136  0.518093  0.65349  0.692255  0.40776  4
9700  80285  0.264284  0.513173  0.65802  0.707877  0.39438  4
9800  80326  0.261614  0.513678  0.662752  0.71839  0.419514  4
9900  79769  0.260382  0.505804  0.660466  0.710216  0.414957  4
