t meta_n emi  mean_info  tr1  tr2  tr3  strategy
0  103217  0.100496  0.493055  0.899986  0.000737236  -9.09614e-06  4
100  75276  0.173794  0.379352  0.624168  0.0874809  -0.00991551  4
200  76593  0.295007  0.254218  0.476828  0.161634  -0.0098764  4
300  76850  0.328656  0.176021  0.45297  0.22467  -0.0355437  4
400  76172  0.338586  0.144692  0.442968  0.259542  -0.0520941  4
500  76128  0.344142  0.123897  0.440754  0.286071  -0.0564726  4
600  76651  0.35105  0.114587  0.435801  0.289332  -0.045172  4
700  77076  0.347979  0.113885  0.449842  0.326679  -0.00435143  4
800  76988  0.343593  0.119056  0.461491  0.352394  -0.0176166  4
900  77394  0.349591  0.113018  0.458339  0.364633  -0.00825538  4
1000  76429  0.353957  0.110383  0.461917  0.379105  0.00119928  4
1100  76204  0.350149  0.112472  0.471889  0.405182  -0.00421723  4
1200  75974  0.340395  0.105046  0.475289  0.417746  -0.0110896  4
1300  76082  0.348371  0.103896  0.476419  0.434646  -0.00911633  4
1400  76208  0.345258  0.111461  0.481973  0.43598  0.00514525  4
1500  75535  0.35032  0.10902  0.486031  0.458136  0.0966834  4
1600  77334  0.340391  0.111828  0.494075  0.474568  0.141535  4
1700  76628  0.335197  0.107766  0.495053  0.470002  0.16089  4
1800  76913  0.346072  0.106955  0.486969  0.458236  0.131946  4
1900  76525  0.356655  0.106773  0.48846  0.462852  0.0634482  4
2000  76555  0.348363  0.116714  0.499596  0.497835  0.105488  4
2100  76010  0.350718  0.119373  0.502182  0.508513  0.0854958  4
2200  77015  0.346733  0.114652  0.508692  0.52376  0.0989826  4
2300  76584  0.34722  0.112838  0.514487  0.527711  0.126413  4
2400  77124  0.346462  0.113306  0.525902  0.557405  0.0987068  4
2500  76459  0.344353  0.111601  0.523256  0.553039  0.089321  4
2600  76495  0.333103  0.119726  0.533043  0.552867  0.113288  4
2700  77335  0.330504  0.122348  0.533619  0.556915  0.0977742  4
2800  76781  0.337696  0.113772  0.531977  0.547475  0.0929213  4
2900  77322  0.335882  0.117175  0.534491  0.556492  0.0451703  4
3000  77525  0.33872  0.119403  0.538394  0.574177  0.00270542  4
3100  76631  0.341181  0.100075  0.534343  0.57211  0.0173694  4
3200  76709  0.328196  0.0950416  0.535544  0.577848  -0.027409  4
3300  77276  0.330602  0.0971454  0.536283  0.585593  0.00361157  4
3400  77115  0.337021  0.10242  0.536695  0.578416  0.0632899  4
3500  76415  0.334935  0.107293  0.535948  0.569768  0.0614706  4
3600  77841  0.339671  0.110749  0.53939  0.577273  0.0600018  4
3700  75939  0.331008  0.109714  0.531586  0.550752  0.0766153  4
3800  78185  0.341714  0.117958  0.537927  0.573812  0.0612277  4
3900  76748  0.339083  0.11418  0.53337  0.557667  0.129193  4
4000  77423  0.340315  0.113347  0.543502  0.58444  0.187696  4
4100  77047  0.333678  0.114672  0.543625  0.591582  0.160655  4
4200  76282  0.331293  0.111625  0.543535  0.58683  0.168393  4
4300  78207  0.338894  0.108416  0.544278  0.597741  0.132771  4
4400  77352  0.331666  0.104652  0.548589  0.603537  0.150694  4
4500  76977  0.335416  0.105312  0.554568  0.62587  0.196192  4
4600  78517  0.339769  0.0985742  0.565305  0.647058  0.19315  4
4700  76614  0.331311  0.0993212  0.565303  0.644739  0.213352  4
4800  77202  0.332028  0.109509  0.567691  0.643399  0.250795  4
4900  78148  0.334565  0.105856  0.578448  0.671197  0.311133  4
5000  76468  0.32938  0.110538  0.585125  0.694642  0.356301  4
5100  77158  0.335603  0.113537  0.583316  0.700548  0.333545  4
5200  77532  0.335392  0.120169  0.584655  0.708416  0.347061  4
5300  77858  0.339142  0.116964  0.590092  0.717794  0.351806  4
5400  77630  0.331575  0.118325  0.592162  0.734312  0.29642  4
5500  77289  0.328423  0.11181  0.599919  0.74404  0.294271  4
5600  76648  0.326288  0.108371  0.597165  0.743191  0.30524  4
5700  77346  0.339333  0.107877  0.595625  0.739425  0.348261  4
5800  76604  0.323714  0.103817  0.593415  0.725262  0.366018  4
5900  76823  0.335951  0.0970537  0.591377  0.714783  0.358394  4
6000  78404  0.339423  0.0933139  0.588809  0.711345  0.382975  4
6100  77132  0.343285  0.0955346  0.597042  0.738225  0.376144  4
6200  77405  0.329604  0.0932923  0.595492  0.736223  0.444828  4
6300  77091  0.331942  0.0913076  0.590252  0.721489  0.431112  4
6400  77237  0.336779  0.106527  0.599049  0.737083  0.437295  4
6500  77723  0.338068  0.0954072  0.590933  0.722986  0.407073  4
6600  77032  0.33264  0.0953067  0.593146  0.731307  0.423238  4
6700  77270  0.329379  0.0988157  0.597572  0.736613  0.403402  4
6800  77561  0.332423  0.106972  0.59979  0.7395  0.46035  4
6900  76703  0.327646  0.104981  0.607403  0.751058  0.428931  4
7000  76794  0.328031  0.108114  0.606011  0.743274  0.442451  4
7100  77397  0.324144  0.113265  0.605153  0.748875  0.489841  4
7200  76998  0.325926  0.108214  0.614795  0.768452  0.470902  4
7300  77907  0.331171  0.106877  0.618814  0.781268  0.518837  4
7400  77928  0.328397  0.104051  0.623079  0.785999  0.559014  4
7500  77211  0.322235  0.106033  0.628547  0.7946  0.578363  4
7600  77373  0.330077  0.113677  0.634343  0.80719  0.59666  4
7700  77104  0.325805  0.1084  0.633776  0.788509  0.57648  4
7800  76498  0.317563  0.104645  0.638071  0.797152  0.585897  4
7900  77508  0.31734  0.102934  0.644813  0.814133  0.663726  4
8000  77274  0.327501  0.107328  0.651912  0.834672  0.726091  4
8100  78127  0.327206  0.104325  0.653852  0.842688  0.744404  4
8200  77707  0.327653  0.104756  0.662094  0.869786  0.737721  4
8300  76943  0.325178  0.10628  0.663159  0.867157  0.753395  4
8400  76412  0.31814  0.0978479  0.662816  0.861612  0.825994  4
8500  77396  0.325243  0.0951742  0.663217  0.86736  0.861147  4
8600  77427  0.3243  0.0897752  0.664264  0.866616  0.86103  4
8700  77427  0.326268  0.0953004  0.664324  0.871298  0.92295  4
8800  76993  0.324405  0.0966828  0.675393  0.896248  0.960983  4
8900  78180  0.33309  0.0955213  0.67755  0.905611  1.04168  4
9000  77686  0.339062  0.086364  0.680938  0.913537  1.10359  4
9100  78428  0.328742  0.0947432  0.68715  0.922028  1.13967  4
9200  76863  0.317071  0.0910068  0.683155  0.914952  1.09315  4
9300  77274  0.322385  0.0865075  0.677448  0.900031  1.12127  4
9400  78139  0.33864  0.089015  0.684649  0.917695  1.15787  4
9500  78410  0.335859  0.0840716  0.689444  0.925037  1.20636  4
9600  76350  0.317136  0.0880386  0.698436  0.947184  1.27416  4
9700  77152  0.328213  0.0893508  0.704545  0.964381  1.29731  4
9800  77718  0.332615  0.0837263  0.70552  0.966072  1.31754  4
9900  77829  0.326724  0.0884519  0.708272  0.971582  1.35297  4
