t meta_n emi  mean_info  tr1  tr2  tr3  strategy
0  103177  0.099328  0.492609  0.899948  0.000725472  3.85879e-05  4
100  74084  0.174126  0.426461  0.615773  0.085278  0.00132883  4
200  76263  0.281818  0.295215  0.488998  0.167488  0.0084462  4
300  76454  0.315886  0.211031  0.460923  0.217991  0.00239187  4
400  77791  0.336793  0.158839  0.453555  0.270767  0.00506954  4
500  76310  0.332372  0.128226  0.449831  0.28269  0.00847619  4
600  78416  0.350417  0.12442  0.450206  0.314929  -0.0149032  4
700  76797  0.344033  0.111711  0.45171  0.325754  -0.0127691  4
800  76788  0.354615  0.102707  0.446216  0.338492  0.038181  4
900  75687  0.349121  0.103423  0.44948  0.339926  0.0473962  4
1000  76072  0.354376  0.107503  0.446896  0.346853  0.0381842  4
1100  77020  0.367764  0.107493  0.446362  0.36066  0.0203768  4
1200  77782  0.352153  0.108733  0.453782  0.350891  -0.000442127  4
1300  75314  0.348286  0.108245  0.453686  0.354692  0.0447329  4
1400  76774  0.353809  0.0932466  0.45473  0.366106  0.0738443  4
1500  77212  0.352178  0.0938494  0.456526  0.365844  0.0565364  4
1600  76258  0.35243  0.090621  0.449177  0.372886  0.0734276  4
1700  77158  0.359534  0.0833032  0.448444  0.37204  0.0785481  4
1800  76184  0.350041  0.0883722  0.452947  0.374884  0.0792587  4
1900  76838  0.350007  0.0928752  0.460297  0.387991  0.0827621  4
2000  76672  0.348785  0.0884454  0.463499  0.406214  0.0992584  4
2100  78024  0.360385  0.0903306  0.462323  0.412916  0.100157  4
2200  75693  0.355814  0.0935843  0.458237  0.398093  0.088201  4
2300  76632  0.356105  0.090383  0.456534  0.396805  0.0612508  4
2400  76812  0.35869  0.0900852  0.463326  0.408552  -0.00135136  4
2500  77174  0.349055  0.0957022  0.465712  0.394779  -0.011192  4
2600  75205  0.351006  0.104251  0.476991  0.426189  0.0141563  4
2700  77632  0.351  0.100294  0.47649  0.433775  -0.0191468  4
2800  77451  0.353438  0.101233  0.47844  0.439243  0.0179702  4
2900  76965  0.34588  0.0915882  0.471822  0.42446  -0.00274883  4
3000  76414  0.34803  0.0915989  0.469926  0.420845  0.0335667  4
3100  77018  0.353797  0.084645  0.468392  0.418606  -0.0254017  4
3200  77101  0.34256  0.079866  0.468025  0.404008  -0.0339193  4
3300  77475  0.343855  0.0821965  0.468018  0.404852  -0.0443593  4
3400  76756  0.348621  0.077844  0.4574  0.396625  -0.00825788  4
3500  77906  0.344715  0.0792461  0.466767  0.413915  -0.0469798  4
3600  76555  0.341664  0.0846825  0.478201  0.442662  -0.0415158  4
3700  76938  0.346978  0.0882972  0.475539  0.437888  -0.027192  4
3800  77150  0.343459  0.0910389  0.490517  0.471509  -0.00688224  4
3900  77960  0.340781  0.0859788  0.49264  0.475492  -0.024432  4
4000  77874  0.341613  0.0901687  0.493565  0.47055  -0.064818  4
4100  77771  0.349019  0.0976446  0.497096  0.476938  -0.0673674  4
4200  77688  0.344036  0.0971222  0.497118  0.466252  -0.0669434  4
4300  77398  0.336955  0.0972617  0.495387  0.455684  -0.0748628  4
4400  78353  0.344913  0.0942985  0.498783  0.466871  -0.0477295  4
4500  77733  0.337603  0.101479  0.510651  0.495076  -0.0479316  4
4600  78109  0.338102  0.102695  0.510437  0.487384  -0.0613989  4
4700  76972  0.338861  0.100516  0.509824  0.48568  -0.070758  4
4800  77483  0.335043  0.108957  0.518759  0.500339  -0.0404986  4
4900  77547  0.338162  0.107229  0.511789  0.47599  0.0136141  4
5000  76550  0.331538  0.101261  0.509819  0.479394  0.0350532  4
5100  76216  0.33501  0.0997682  0.499794  0.445856  0.0897544  4
5200  77247  0.341662  0.0969355  0.499913  0.461278  0.0510597  4
5300  77517  0.337056  0.0935192  0.499632  0.467504  0.0248432  4
5400  78358  0.34124  0.104263  0.512638  0.490808  -0.00752543  4
5500  76593  0.337568  0.107183  0.509809  0.477857  -0.0345626  4
5600  77269  0.335563  0.102319  0.505984  0.482041  -0.0456467  4
5700  76544  0.340026  0.0896281  0.503283  0.486589  -0.00293667  4
5800  77680  0.340348  0.0869133  0.510079  0.504614  -0.00925875  4
5900  76206  0.343403  0.0831068  0.50506  0.501072  0.0354859  4
6000  77625  0.343684  0.083211  0.509769  0.51846  0.0610835  4
6100  77037  0.340465  0.0818213  0.503394  0.505431  0.0769076  4
6200  78683  0.349071  0.0835145  0.508961  0.514418  0.0883121  4
6300  77152  0.342976  0.0840959  0.504774  0.50177  0.148943  4
6400  77219  0.336051  0.0839678  0.508319  0.519013  0.181731  4
6500  76547  0.340733  0.0816649  0.510592  0.533698  0.151691  4
6600  77916  0.346894  0.0812691  0.518622  0.554386  0.149762  4
6700  76892  0.337873  0.0791546  0.520401  0.563554  0.125045  4
6800  77584  0.346841  0.0782738  0.517208  0.554672  0.117559  4
6900  78480  0.349746  0.0803858  0.521449  0.560419  0.102047  4
7000  76868  0.344761  0.0811781  0.523644  0.560098  0.0922215  4
7100  76477  0.346071  0.0905816  0.53197  0.581707  0.0728442  4
7200  78770  0.345802  0.0902458  0.530247  0.573906  0.131348  4
7300  77491  0.340602  0.088327  0.528674  0.572439  0.13119  4
7400  77041  0.343319  0.0922127  0.530544  0.583328  0.12936  4
7500  77640  0.34419  0.0912118  0.525251  0.569576  0.117957  4
7600  77621  0.349298  0.0961202  0.530284  0.57962  0.123194  4
7700  76871  0.345769  0.093728  0.529381  0.579627  0.1444  4
7800  78032  0.346679  0.0876649  0.524705  0.561814  0.146179  4
7900  76653  0.338806  0.0872902  0.520274  0.544711  0.0985839  4
8000  76496  0.340324  0.0857254  0.520102  0.542938  0.0855027  4
8100  77050  0.351055  0.0922886  0.527772  0.5705  0.0655936  4
8200  76466  0.348342  0.0988203  0.530413  0.573  0.119381  4
8300  76649  0.348922  0.0952553  0.530089  0.572214  0.133766  4
8400  77412  0.349378  0.0935877  0.527463  0.567295  0.145544  4
8500  77132  0.344457  0.091814  0.525515  0.563723  0.166895  4
8600  77639  0.335253  0.0860621  0.526894  0.564217  0.160203  4
8700  78050  0.341612  0.087909  0.532178  0.573386  0.161815  4
8800  78240  0.342214  0.0869111  0.527387  0.556281  0.154852  4
8900  76971  0.331912  0.0952464  0.533366  0.564665  0.14114  4
9000  77206  0.341676  0.0926226  0.524174  0.541374  0.142496  4
9100  76830  0.334746  0.0866773  0.514987  0.518032  0.128271  4
9200  77016  0.339544  0.0887369  0.514125  0.516981  0.137617  4
9300  77241  0.3337  0.0910743  0.513331  0.516351  0.166097  4
9400  77108  0.333844  0.0860452  0.508774  0.503312  0.164266  4
9500  77564  0.343006  0.0838358  0.508074  0.504523  0.165919  4
9600  77006  0.338273  0.0766032  0.499006  0.483692  0.177994  4
9700  78270  0.345615  0.083158  0.503169  0.486431  0.15356  4
9800  77241  0.335963  0.0804474  0.500638  0.480924  0.15004  4
9900  77149  0.340646  0.0874812  0.506984  0.494101  0.198321  4
