t meta_n emi  mean_info  tr1  tr2  tr3  strategy
0  104137  0.100048  0.497513  0.899923  0.000786139  5.46235e-05  4
100  76725  0.192126  0.581496  0.62864  0.0975191  -0.00514896  4
200  77563  0.273105  0.555462  0.526149  0.152378  -0.0303265  4
300  77909  0.292169  0.475197  0.514468  0.21359  -0.0552259  4
400  78412  0.291914  0.423796  0.516472  0.255239  -0.0777748  4
500  77837  0.298417  0.415572  0.521944  0.29508  -0.10498  4
600  77530  0.303823  0.390201  0.534242  0.361134  -0.104678  4
700  76757  0.299301  0.372406  0.546984  0.411605  -0.10591  4
800  77467  0.30317  0.385646  0.550219  0.435192  -0.118379  4
900  78964  0.303928  0.349902  0.562966  0.480123  -0.120222  4
1000  77382  0.295321  0.34965  0.567384  0.486506  -0.120572  4
1100  76941  0.298307  0.338284  0.57744  0.524273  -0.157809  4
1200  77625  0.292613  0.337389  0.586285  0.552552  -0.178005  4
1300  77942  0.301611  0.341717  0.596897  0.584518  -0.13314  4
1400  78043  0.306086  0.339824  0.606645  0.60324  -0.122355  4
1500  78516  0.299174  0.333114  0.625928  0.649664  -0.0542898  4
1600  78011  0.291774  0.33653  0.640102  0.672013  -0.0968552  4
1700  77154  0.286957  0.334022  0.646595  0.694862  -0.0852419  4
1800  76810  0.287209  0.320955  0.651981  0.718045  -0.0756841  4
1900  79148  0.301252  0.326669  0.656977  0.738392  -0.0671764  4
2000  78476  0.294415  0.32355  0.665108  0.750896  -0.0509619  4
2100  78959  0.297978  0.326538  0.659356  0.741501  -0.0486725  4
2200  78687  0.293583  0.330058  0.662625  0.743451  -0.0457117  4
2300  78621  0.293265  0.331433  0.669641  0.751164  -0.0190576  4
2400  78896  0.287289  0.324391  0.670402  0.75281  -0.0214089  4
2500  79193  0.301279  0.331982  0.67624  0.776306  -0.0407724  4
2600  78219  0.285975  0.337981  0.684009  0.79293  -0.0455907  4
2700  77056  0.280118  0.332761  0.695838  0.823107  -0.0151878  4
2800  78110  0.286402  0.330106  0.702676  0.834076  0.0263737  4
2900  78552  0.283472  0.329259  0.709508  0.849632  -0.00560195  4
3000  77810  0.273284  0.329005  0.712689  0.852675  0.0369737  4
3100  78363  0.288081  0.319771  0.71119  0.854975  0.0994948  4
3200  77582  0.280504  0.316903  0.714501  0.858952  0.109869  4
3300  79663  0.287443  0.327179  0.713075  0.8568  0.154534  4
3400  78151  0.292167  0.32096  0.708866  0.849303  0.136393  4
3500  78845  0.282904  0.326107  0.708131  0.853482  0.170337  4
3600  78261  0.287751  0.323418  0.71547  0.859304  0.201671  4
3700  79033  0.282247  0.331228  0.724303  0.881424  0.280653  4
3800  79073  0.278103  0.322134  0.721685  0.882089  0.2636  4
3900  78360  0.277012  0.308577  0.722547  0.886896  0.307433  4
4000  78588  0.281342  0.317032  0.725018  0.889439  0.400551  4
4100  78043  0.28059  0.31475  0.730908  0.899126  0.487553  4
4200  79819  0.290798  0.324475  0.73094  0.907543  0.466875  4
4300  79628  0.287532  0.330601  0.733785  0.908299  0.48838  4
4400  78423  0.275193  0.311967  0.736083  0.905913  0.531052  4
4500  77366  0.272484  0.308747  0.734965  0.906081  0.568132  4
4600  78622  0.284699  0.312246  0.738504  0.919611  0.568916  4
4700  78857  0.291092  0.312443  0.739657  0.922717  0.563712  4
4800  79214  0.285763  0.313068  0.744928  0.930119  0.616641  4
4900  79147  0.284101  0.30935  0.745053  0.930852  0.619067  4
5000  78676  0.28017  0.307234  0.748404  0.936849  0.585048  4
5100  78952  0.278447  0.303999  0.751044  0.939015  0.616453  4
5200  79746  0.283768  0.311405  0.749132  0.931698  0.569375  4
5300  77816  0.273798  0.315022  0.752175  0.937368  0.566564  4
5400  78359  0.28293  0.309723  0.755049  0.94124  0.557992  4
5500  79000  0.286612  0.301397  0.757108  0.950395  0.560196  4
5600  79963  0.280361  0.304715  0.763557  0.961997  0.566518  4
5700  78026  0.278735  0.305056  0.766815  0.968158  0.52098  4
5800  78914  0.285132  0.306333  0.761401  0.962292  0.531696  4
5900  77956  0.285647  0.295152  0.760764  0.961211  0.539984  4
6000  78477  0.272142  0.301826  0.764521  0.968195  0.549236  4
6100  77341  0.278229  0.296798  0.764398  0.968544  0.56991  4
6200  78354  0.278438  0.293431  0.762174  0.96382  0.597591  4
6300  78389  0.2692  0.294489  0.768725  0.969212  0.619931  4
6400  78042  0.274417  0.305502  0.766545  0.965285  0.628737  4
6500  78033  0.280358  0.295318  0.763065  0.968062  0.59648  4
6600  77545  0.269556  0.296174  0.766589  0.976356  0.629643  4
6700  78817  0.279235  0.301769  0.768089  0.97818  0.635257  4
6800  78151  0.277891  0.293477  0.770952  0.983679  0.616484  4
6900  78348  0.280042  0.297895  0.770995  0.981421  0.613669  4
7000  79105  0.282616  0.300704  0.769765  0.981962  0.599424  4
7100  79845  0.292296  0.292444  0.767957  0.981813  0.58978  4
7200  78380  0.28905  0.294461  0.767721  0.984546  0.57081  4
7300  78725  0.286792  0.291088  0.765487  0.983893  0.581766  4
7400  79581  0.289921  0.298392  0.766025  0.981723  0.624706  4
7500  78516  0.286949  0.299732  0.769262  0.983158  0.651173  4
7600  78399  0.279738  0.296756  0.768075  0.981705  0.678641  4
7700  78586  0.282581  0.309718  0.768696  0.981673  0.712294  4
7800  79606  0.284247  0.305274  0.767974  0.980643  0.709695  4
7900  79479  0.282766  0.301285  0.766509  0.980488  0.712441  4
8000  78350  0.289897  0.311285  0.767543  0.980795  0.757525  4
8100  79399  0.285415  0.314368  0.765955  0.981428  0.75191  4
8200  80093  0.294875  0.311694  0.767925  0.984395  0.773093  4
8300  78649  0.280783  0.308904  0.770337  0.985813  0.793061  4
8400  78502  0.273211  0.302511  0.769444  0.983918  0.784088  4
8500  79833  0.289536  0.301179  0.770499  0.985496  0.76194  4
8600  79001  0.284095  0.296489  0.772369  0.987474  0.758714  4
8700  78272  0.270439  0.289384  0.77254  0.989778  0.762694  4
8800  79357  0.285676  0.284586  0.771739  0.99045  0.770125  4
8900  78861  0.284943  0.282571  0.773542  0.99132  0.7614  4
9000  79050  0.27927  0.289359  0.774153  0.990064  0.773179  4
9100  77866  0.267273  0.287719  0.774079  0.990472  0.773285  4
9200  79467  0.281333  0.291967  0.775241  0.991557  0.78844  4
9300  79125  0.283489  0.291713  0.776323  0.993141  0.767947  4
9400  78798  0.286049  0.290591  0.77501  0.993667  0.807285  4
9500  78686  0.278357  0.292309  0.777032  0.993941  0.835778  4
9600  78157  0.277537  0.293278  0.776223  0.993854  0.854321  4
9700  79326  0.281762  0.2872  0.776819  0.99406  0.861937  4
9800  78280  0.274061  0.283531  0.777135  0.994818  0.844703  4
9900  77878  0.271478  0.282071  0.777557  0.994889  0.863762  4
