t meta_n emi  mean_info  tr1  tr2  tr3  strategy
0  103013  0.099616  0.49519  0.899939  0.000753588  -3.70663e-05  4
100  75675  0.171442  0.511461  0.642673  0.0767919  -0.0137926  4
200  76712  0.274937  0.426975  0.501638  0.138066  -0.0123163  4
300  76306  0.288346  0.342848  0.486475  0.177035  -0.0332502  4
400  77440  0.306587  0.292039  0.482121  0.232776  -0.0268785  4
500  77565  0.307752  0.268391  0.486733  0.27203  -0.057533  4
600  76980  0.323075  0.258652  0.476957  0.301471  -0.0533671  4
700  77404  0.327534  0.232441  0.482601  0.330802  -0.0573297  4
800  77960  0.331988  0.233687  0.48995  0.373685  -0.0548332  4
900  77892  0.331602  0.232974  0.499223  0.406762  -0.0782077  4
1000  77771  0.339075  0.214557  0.507467  0.439291  -0.0742722  4
1100  77969  0.334759  0.221498  0.510953  0.459329  -0.0778597  4
1200  78419  0.328373  0.224395  0.529081  0.484334  -0.0619318  4
1300  76835  0.320664  0.23168  0.53917  0.504882  -0.0911112  4
1400  77439  0.322033  0.234327  0.536402  0.506989  -0.0391024  4
1500  77456  0.325148  0.230506  0.549419  0.533348  -0.0473816  4
1600  77269  0.317969  0.231178  0.553688  0.537926  0.0268266  4
1700  76693  0.319816  0.230912  0.562171  0.571586  -0.00295068  4
1800  77300  0.334167  0.231351  0.555594  0.584654  -0.000205405  4
1900  76793  0.320423  0.225239  0.570942  0.612298  0.0220978  4
2000  77512  0.320409  0.222396  0.578185  0.621045  0.0225634  4
2100  77469  0.328499  0.228138  0.587078  0.647949  0.0357205  4
2200  77564  0.317414  0.223662  0.594467  0.661591  0.0518052  4
2300  77483  0.320034  0.222059  0.593111  0.650826  -0.00874477  4
2400  77329  0.306469  0.234268  0.609583  0.674624  0.0161679  4
2500  76992  0.301341  0.243456  0.6173  0.683925  0.0362907  4
2600  76841  0.305271  0.238909  0.612137  0.682149  -0.0381382  4
2700  78418  0.315542  0.233271  0.61479  0.70594  -0.0339991  4
2800  77860  0.31995  0.231634  0.620777  0.725028  -0.0672349  4
2900  78498  0.316132  0.227724  0.625261  0.728825  -0.103375  4
3000  77243  0.315113  0.227546  0.628207  0.733671  -0.094432  4
3100  77182  0.318013  0.226118  0.636039  0.744352  -0.0983749  4
3200  77612  0.323885  0.232267  0.639071  0.745729  -0.163749  4
3300  77750  0.313891  0.232171  0.647805  0.761954  -0.193069  4
3400  77058  0.313477  0.222359  0.644519  0.755788  -0.199842  4
3500  77463  0.314114  0.237309  0.661161  0.781973  -0.21726  4
3600  78126  0.30419  0.23597  0.672556  0.804053  -0.249599  4
3700  77624  0.305948  0.230526  0.665548  0.794255  -0.253142  4
3800  78412  0.312305  0.228337  0.671995  0.8104  -0.250084  4
3900  77910  0.310443  0.209539  0.668611  0.817242  -0.27696  4
4000  78145  0.311418  0.225929  0.682892  0.843448  -0.25899  4
4100  78667  0.297528  0.219074  0.683953  0.847194  -0.320058  4
4200  78484  0.300294  0.222834  0.68634  0.846351  -0.308898  4
4300  78262  0.310544  0.223306  0.691639  0.853914  -0.411045  4
4400  78657  0.304084  0.234172  0.704271  0.876313  -0.392638  4
4500  77882  0.296217  0.238215  0.709034  0.888255  -0.342957  4
4600  78551  0.302588  0.243457  0.716719  0.902756  -0.373043  4
4700  77973  0.295879  0.238721  0.7184  0.908231  -0.425407  4
4800  77989  0.293723  0.240907  0.720182  0.914112  -0.457417  4
4900  78392  0.299414  0.232602  0.72124  0.913967  -0.486066  4
5000  78600  0.293279  0.241903  0.724091  0.92207  -0.486081  4
5100  78259  0.298745  0.23338  0.725815  0.928659  -0.486344  4
5200  78545  0.307489  0.229953  0.724819  0.923804  -0.509065  4
5300  78855  0.300486  0.241424  0.733023  0.934354  -0.518397  4
5400  79130  0.306605  0.250824  0.736825  0.94818  -0.546691  4
5500  77409  0.304136  0.250634  0.742487  0.958575  -0.524642  4
5600  79165  0.295176  0.239795  0.749315  0.967029  -0.502998  4
5700  79033  0.29617  0.235894  0.746416  0.968419  -0.486869  4
5800  77700  0.291425  0.234048  0.743923  0.962087  -0.513402  4
5900  78612  0.295551  0.226963  0.740991  0.959153  -0.532037  4
6000  78238  0.293854  0.226686  0.745766  0.967854  -0.482712  4
6100  77375  0.293311  0.232249  0.748372  0.971632  -0.45744  4
6200  77396  0.290436  0.241873  0.750422  0.97394  -0.420375  4
6300  77946  0.284687  0.234583  0.752128  0.975766  -0.46015  4
6400  77823  0.295203  0.235842  0.750625  0.97659  -0.497046  4
6500  77967  0.293683  0.229534  0.751408  0.980021  -0.53132  4
6600  77991  0.303153  0.225729  0.751425  0.979682  -0.623028  4
6700  77837  0.298625  0.235357  0.752379  0.981193  -0.582018  4
6800  78256  0.307123  0.232856  0.752955  0.982001  -0.561061  4
6900  77427  0.299663  0.236321  0.751826  0.984134  -0.580085  4
7000  78800  0.293251  0.229105  0.752838  0.984549  -0.511777  4
7100  78083  0.297176  0.232007  0.755195  0.987851  -0.512587  4
7200  78001  0.288564  0.230918  0.756691  0.98803  -0.552855  4
7300  78367  0.290859  0.233904  0.755848  0.987257  -0.52948  4
7400  78078  0.299156  0.233897  0.755988  0.988356  -0.513316  4
7500  78602  0.300406  0.234665  0.757625  0.98781  -0.479336  4
7600  77959  0.289405  0.236109  0.757494  0.989296  -0.534274  4
7700  78282  0.284274  0.232248  0.760464  0.989594  -0.561791  4
7800  78296  0.291372  0.240078  0.760463  0.99083  -0.508625  4
7900  77636  0.289414  0.235256  0.762303  0.991833  -0.449427  4
8000  78644  0.290824  0.231997  0.760211  0.991022  -0.408109  4
8100  78409  0.287063  0.239223  0.761295  0.992473  -0.438241  4
8200  77524  0.29385  0.232889  0.760193  0.9924  -0.362781  4
8300  77435  0.28814  0.226155  0.760664  0.992235  -0.38452  4
8400  78548  0.298144  0.234724  0.762765  0.993048  -0.337115  4
8500  78487  0.296778  0.230689  0.762519  0.992635  -0.350211  4
8600  78060  0.291027  0.231032  0.763759  0.992723  -0.414315  4
8700  77863  0.296666  0.228852  0.761393  0.994198  -0.441616  4
8800  77716  0.289887  0.232722  0.760997  0.995358  -0.41231  4
8900  78963  0.294535  0.231548  0.762744  0.996039  -0.379638  4
9000  77862  0.298053  0.2272  0.762369  0.994865  -0.361021  4
9100  78341  0.290464  0.230071  0.761576  0.995559  -0.370682  4
9200  77211  0.29115  0.230484  0.761765  0.995717  -0.345014  4
9300  77400  0.289154  0.232871  0.763192  0.996927  -0.347353  4
9400  78192  0.294887  0.231352  0.764555  0.997179  -0.308904  4
9500  78187  0.295996  0.232145  0.765139  0.997208  -0.354519  4
9600  78221  0.283407  0.235126  0.763891  0.996726  -0.237798  4
9700  77955  0.297703  0.244717  0.764833  0.997011  -0.160079  4
9800  78218  0.298619  0.242441  0.765435  0.996141  -0.101827  4
9900  78079  0.287953  0.241366  0.763191  0.997407  -0.0997566  4
