t meta_n emi  mean_info  tr1  tr2  tr3  strategy
0  104974  0.099256  0.499413  0.899948  0.000866359  0.000110399  4
100  79434  0.183868  0.697812  0.667719  0.0848131  -0.00317749  4
200  79280  0.270754  0.735841  0.558014  0.144386  0.00426525  4
300  79825  0.284874  0.741085  0.552042  0.181823  -0.0138729  4
400  79749  0.281253  0.744657  0.559124  0.213806  -0.00819789  4
500  79287  0.282012  0.736545  0.563164  0.252677  0.0299324  4
600  79136  0.281966  0.730809  0.569301  0.290125  0.0511462  4
700  78371  0.267725  0.725325  0.577981  0.304204  0.0628362  4
800  80670  0.272572  0.727384  0.582782  0.321014  0.0449152  4
900  79135  0.278762  0.720855  0.584087  0.348028  0.0541355  4
1000  79139  0.268728  0.70639  0.586225  0.35638  0.0663342  4
1100  78549  0.266909  0.706211  0.594813  0.359382  0.0560783  4
1200  79407  0.274025  0.692849  0.595852  0.370617  0.0377348  4
1300  79052  0.267836  0.687413  0.59659  0.363057  0.0458516  4
1400  79253  0.265467  0.692272  0.591165  0.364834  0.0642313  4
1500  80750  0.27037  0.692736  0.599953  0.377061  0.06789  4
1600  79887  0.26651  0.684269  0.605648  0.399769  0.0286599  4
1700  80290  0.267432  0.6846  0.604698  0.398814  0.0719537  4
1800  78808  0.259107  0.686076  0.610605  0.39895  0.0643807  4
1900  80218  0.271592  0.683203  0.61172  0.414821  0.0241665  4
2000  79456  0.268926  0.686789  0.612331  0.419668  0.0359817  4
2100  79161  0.262715  0.682385  0.609483  0.411372  0.0342666  4
2200  80239  0.268119  0.695103  0.604393  0.394101  0.0320536  4
2300  80284  0.275452  0.696504  0.605668  0.40625  0.0411946  4
2400  78741  0.270385  0.690268  0.602759  0.409026  0.0686053  4
2500  79354  0.266783  0.682302  0.596545  0.387443  0.0103805  4
2600  80500  0.264898  0.685815  0.602572  0.392135  0.0214822  4
2700  80751  0.267391  0.691077  0.608713  0.417853  0.0628898  4
2800  79799  0.260818  0.673248  0.606412  0.408414  0.0600565  4
2900  80113  0.269219  0.670237  0.604756  0.411658  0.0771496  4
3000  78982  0.263352  0.674134  0.604848  0.414717  0.05959  4
3100  80131  0.268079  0.663225  0.60562  0.433102  0.0650527  4
3200  79337  0.264151  0.658392  0.599124  0.411398  0.0738386  4
3300  79611  0.264097  0.650318  0.599694  0.418694  0.108767  4
3400  80081  0.270624  0.651328  0.604492  0.431221  0.178418  4
3500  79727  0.259089  0.642355  0.603762  0.436322  0.157602  4
3600  79304  0.267143  0.635645  0.60274  0.442785  0.148373  4
3700  78924  0.259433  0.641331  0.608777  0.441839  0.190415  4
3800  80418  0.264947  0.637989  0.613719  0.456673  0.149194  4
3900  79414  0.259238  0.650299  0.619601  0.467548  0.0788668  4
4000  80775  0.258653  0.665163  0.617086  0.461806  0.114997  4
4100  80833  0.266194  0.661404  0.612787  0.451908  0.112295  4
4200  80310  0.260535  0.642437  0.610082  0.460203  0.100799  4
4300  79938  0.257123  0.646405  0.616945  0.464062  0.152744  4
4400  80856  0.265651  0.641327  0.618029  0.472961  0.151648  4
4500  79440  0.255783  0.639276  0.618842  0.474216  0.13349  4
4600  79680  0.25732  0.642185  0.616418  0.460152  0.123301  4
4700  80192  0.261854  0.639853  0.613514  0.459328  0.123442  4
4800  79990  0.260771  0.645673  0.610107  0.465662  0.165968  4
4900  80282  0.251753  0.640125  0.616382  0.48251  0.172384  4
5000  80239  0.260183  0.621462  0.615763  0.493083  0.178873  4
5100  80138  0.259905  0.622466  0.613778  0.483708  0.206655  4
5200  81444  0.26204  0.630501  0.614469  0.467127  0.239806  4
5300  80814  0.256275  0.624058  0.614389  0.482341  0.216375  4
5400  81695  0.263087  0.61804  0.616111  0.485975  0.238388  4
5500  80529  0.253163  0.629984  0.616553  0.489081  0.239927  4
5600  80564  0.245645  0.621281  0.619275  0.493976  0.263367  4
5700  80399  0.254721  0.621063  0.620532  0.498591  0.282177  4
5800  80146  0.253214  0.615491  0.624231  0.513332  0.326599  4
5900  80849  0.254592  0.61217  0.622584  0.510873  0.320135  4
6000  81424  0.256646  0.613008  0.624092  0.519319  0.317922  4
6100  80687  0.259988  0.611749  0.625441  0.533082  0.355767  4
6200  80425  0.254707  0.603783  0.622885  0.533443  0.369755  4
6300  80454  0.257416  0.61554  0.622287  0.526783  0.355456  4
6400  79534  0.258179  0.610145  0.619265  0.511351  0.390783  4
6500  78947  0.247139  0.614233  0.622086  0.511049  0.410752  4
6600  79558  0.251517  0.60703  0.621553  0.515888  0.4148  4
6700  80312  0.253473  0.611464  0.619851  0.519247  0.341754  4
6800  79250  0.253519  0.609049  0.621759  0.522327  0.386741  4
6900  81647  0.26132  0.604764  0.621145  0.527716  0.338116  4
7000  80509  0.251403  0.595111  0.623475  0.53421  0.323495  4
7100  80876  0.254325  0.589656  0.62428  0.539917  0.350525  4
7200  79599  0.258531  0.582103  0.627029  0.560816  0.415137  4
7300  80641  0.266539  0.584354  0.625597  0.56119  0.37613  4
7400  80353  0.262886  0.579874  0.62617  0.569555  0.419491  4
7500  79618  0.248539  0.58032  0.628349  0.578223  0.389833  4
7600  79946  0.258767  0.577023  0.627941  0.576032  0.328306  4
7700  79825  0.26308  0.573957  0.629102  0.592879  0.351854  4
7800  79773  0.265553  0.574682  0.631537  0.598712  0.344046  4
7900  79637  0.264607  0.577671  0.631001  0.596117  0.371757  4
8000  81133  0.256241  0.577211  0.63388  0.601001  0.349787  4
8100  81186  0.259038  0.569352  0.632804  0.602854  0.326079  4
8200  79432  0.256268  0.576233  0.634457  0.602973  0.349639  4
8300  80861  0.268081  0.575568  0.633943  0.597711  0.381293  4
8400  81596  0.255108  0.569614  0.634999  0.602882  0.415009  4
8500  79916  0.253504  0.572894  0.634982  0.605852  0.394561  4
8600  79811  0.258338  0.56897  0.637357  0.621048  0.388882  4
8700  80622  0.262136  0.564546  0.636117  0.619595  0.395392  4
8800  79708  0.247844  0.560366  0.637425  0.625998  0.384351  4
8900  79527  0.256988  0.567563  0.638706  0.6295  0.392281  4
9000  79690  0.262616  0.563389  0.642257  0.645564  0.385562  4
9100  80306  0.260084  0.557823  0.643336  0.656139  0.385616  4
9200  80894  0.257482  0.563883  0.644512  0.655777  0.411429  4
9300  80106  0.251944  0.561417  0.644525  0.659947  0.426233  4
9400  80537  0.256126  0.559191  0.645049  0.662011  0.427241  4
9500  79909  0.265201  0.558891  0.645346  0.661255  0.399861  4
9600  80647  0.263081  0.553659  0.64494  0.663624  0.40593  4
9700  80817  0.258905  0.55152  0.643589  0.659891  0.393824  4
9800  80630  0.261401  0.547064  0.642974  0.653586  0.399669  4
9900  79694  0.256367  0.545838  0.643773  0.660799  0.422574  4
