t meta_n emi  mean_info  tr1  tr2  tr3  strategy
0  105838  0.10016  0.500516  0.900055  0.000766245  -8.17322e-07  4
100  77966  0.184028  0.706757  0.667201  0.0879144  -0.00102808  4
200  79008  0.261936  0.752247  0.565008  0.147617  0.0110843  4
300  78184  0.270808  0.747266  0.554598  0.185992  0.00881258  4
400  79767  0.27378  0.747028  0.567342  0.219031  0.0130319  4
500  79668  0.271222  0.724806  0.56996  0.234687  -0.0207136  4
600  79606  0.278531  0.731011  0.574689  0.268915  -0.0220773  4
700  79664  0.271757  0.735502  0.589683  0.309396  -0.0401914  4
800  79992  0.275083  0.72212  0.59368  0.343259  -0.0505812  4
900  79616  0.269803  0.719013  0.598092  0.36497  -0.0513663  4
1000  79832  0.267635  0.70931  0.60372  0.372438  -0.0704727  4
1100  79200  0.260274  0.69905  0.606282  0.362979  -0.0943542  4
1200  80071  0.270003  0.699317  0.595682  0.350803  -0.0831471  4
1300  78874  0.259515  0.685316  0.591549  0.343651  -0.0899663  4
1400  79834  0.276306  0.676912  0.59047  0.364097  -0.0886855  4
1500  79507  0.277736  0.675418  0.585644  0.349386  -0.0924806  4
1600  79989  0.277259  0.686968  0.587933  0.348186  -0.101877  4
1700  79492  0.279622  0.696811  0.58689  0.362791  -0.101405  4
1800  80361  0.275022  0.694914  0.593364  0.370293  -0.152687  4
1900  79059  0.268769  0.672227  0.596488  0.39372  -0.203604  4
2000  78843  0.274295  0.663422  0.598552  0.397667  -0.20877  4
2100  80816  0.281438  0.656297  0.593983  0.398293  -0.146324  4
2200  80123  0.274045  0.65102  0.596948  0.410557  -0.14709  4
2300  79623  0.276793  0.643094  0.602085  0.431935  -0.164774  4
2400  79509  0.277899  0.640053  0.601692  0.440952  -0.203307  4
2500  79386  0.274251  0.642354  0.600716  0.445424  -0.177554  4
2600  80056  0.279137  0.639926  0.603523  0.457839  -0.140944  4
2700  79869  0.268812  0.653249  0.609621  0.462659  -0.162214  4
2800  79900  0.268014  0.641465  0.617663  0.472499  -0.147435  4
2900  80316  0.269251  0.641336  0.617037  0.469262  -0.14529  4
3000  79519  0.259591  0.635509  0.620089  0.464874  -0.184445  4
3100  79982  0.263913  0.634551  0.616169  0.456704  -0.160939  4
3200  79763  0.26374  0.63615  0.612417  0.464512  -0.1493  4
3300  79912  0.268522  0.621843  0.611911  0.475628  -0.104339  4
3400  79924  0.269001  0.624913  0.612666  0.472252  -0.0995456  4
3500  79333  0.260153  0.628182  0.614525  0.485471  -0.143864  4
3600  80057  0.264698  0.623026  0.62233  0.505053  -0.0982128  4
3700  79625  0.25912  0.61347  0.622565  0.507502  -0.125412  4
3800  80324  0.263256  0.617883  0.626054  0.511634  -0.0901047  4
3900  79456  0.254934  0.616581  0.621583  0.506854  -0.058475  4
4000  79938  0.257371  0.619779  0.624227  0.514375  -0.0795643  4
4100  80451  0.263645  0.621105  0.624584  0.509434  -0.0147129  4
4200  79680  0.257299  0.626201  0.625291  0.518344  -0.0158104  4
4300  80876  0.252518  0.619883  0.624326  0.519275  0.0272331  4
4400  79036  0.257162  0.615773  0.623365  0.521119  0.0873262  4
4500  81155  0.259672  0.618005  0.622746  0.510239  0.0682701  4
4600  81150  0.265756  0.621199  0.624659  0.523196  0.0353333  4
4700  79850  0.264866  0.621516  0.619797  0.520846  -0.075786  4
4800  79461  0.26111  0.628148  0.622505  0.517909  0.105679  4
4900  80147  0.26125  0.61964  0.620319  0.529023  0.124382  4
5000  80250  0.272366  0.607516  0.616689  0.525235  0.0342911  4
5100  79883  0.260965  0.603865  0.615884  0.527893  0.0662104  4
5200  79727  0.260811  0.599173  0.622479  0.535438  0.044075  4
5300  80361  0.271608  0.606196  0.62324  0.538563  0.0174092  4
5400  79207  0.263932  0.60719  0.627881  0.550446  0.0919718  4
5500  80497  0.268151  0.60382  0.629679  0.557859  0.114766  4
5600  80349  0.263136  0.596936  0.633317  0.557306  0.103434  4
5700  80406  0.257039  0.595944  0.632775  0.552663  0.0396964  4
5800  80297  0.266691  0.590089  0.632997  0.563934  -0.0407028  4
5900  79207  0.24797  0.57414  0.638726  0.576679  -0.117062  4
6000  81145  0.259921  0.574885  0.640493  0.582137  -0.101897  4
6100  79440  0.254018  0.568244  0.642719  0.591901  -0.040728  4
6200  80220  0.250221  0.566943  0.641916  0.578399  -0.0427338  4
6300  80717  0.256606  0.55583  0.648376  0.601513  -0.059927  4
6400  80628  0.254816  0.554087  0.650791  0.614568  -0.0163871  4
6500  81263  0.265067  0.555996  0.651852  0.623365  -0.0319002  4
6600  79242  0.255206  0.557635  0.653686  0.628012  -0.0450746  4
6700  80428  0.248729  0.550582  0.659267  0.642095  -0.0922607  4
6800  79958  0.250868  0.545828  0.656769  0.640082  -0.0943992  4
6900  80552  0.259498  0.555814  0.64816  0.620702  -0.0459851  4
7000  80035  0.256046  0.558563  0.644705  0.613184  0.00311584  4
7100  80645  0.248562  0.565637  0.646298  0.60726  0.0246206  4
7200  79699  0.254162  0.56652  0.647657  0.618627  -0.0184901  4
7300  79327  0.247798  0.563371  0.647713  0.625329  -0.0458294  4
7400  80213  0.253275  0.559858  0.649531  0.64281  -0.0570718  4
7500  79973  0.253091  0.549968  0.653268  0.652902  -0.096177  4
7600  80548  0.252246  0.549092  0.65469  0.657554  -0.115094  4
7700  79972  0.25103  0.544078  0.653533  0.658527  -0.119264  4
7800  81114  0.2532  0.539194  0.654949  0.662996  -0.161447  4
7900  79692  0.246969  0.545307  0.656625  0.666103  -0.149099  4
8000  79730  0.249726  0.556565  0.652546  0.656179  -0.136611  4
8100  79754  0.255272  0.555652  0.652359  0.661639  -0.182861  4
8200  79678  0.249994  0.558292  0.651031  0.656521  -0.25202  4
8300  81086  0.258021  0.558867  0.652423  0.653904  -0.249601  4
8400  80080  0.250798  0.559899  0.650363  0.64381  -0.268071  4
8500  80297  0.250112  0.55595  0.64728  0.644077  -0.203358  4
8600  79733  0.254944  0.554178  0.646782  0.634915  -0.235536  4
8700  81472  0.257446  0.547544  0.645022  0.637019  -0.230808  4
8800  80569  0.255134  0.55095  0.645856  0.643454  -0.218693  4
8900  80726  0.254493  0.554335  0.649218  0.657775  -0.173172  4
9000  81042  0.252331  0.556355  0.649467  0.661305  -0.19805  4
9100  80974  0.25445  0.544236  0.648833  0.659035  -0.198449  4
9200  80342  0.251581  0.53969  0.648202  0.662504  -0.144566  4
9300  80079  0.259855  0.537847  0.646764  0.657726  -0.142235  4
9400  79707  0.256857  0.542151  0.648317  0.667081  -0.109955  4
9500  80627  0.262023  0.545368  0.649178  0.664819  -0.131627  4
9600  81223  0.264177  0.548319  0.649294  0.657801  -0.154085  4
9700  80639  0.257449  0.542147  0.651038  0.662666  -0.146624  4
9800  80311  0.250047  0.539235  0.650069  0.66252  -0.114317  4
9900  79925  0.243149  0.540137  0.651105  0.661901  -0.103848  4
