t meta_n emi  mean_info  tr1  tr2  tr3  strategy
0  104182  0.1002  0.500496  0.899973  0.000782951  -0.000106062  4
100  78921  0.190326  0.723196  0.659553  0.0952212  -0.000639403  4
200  79761  0.269773  0.773865  0.56704  0.151062  -0.00165764  4
300  79450  0.268975  0.772794  0.562834  0.179973  -0.00118002  4
400  80470  0.279293  0.781671  0.566506  0.202624  -0.012977  4
500  79461  0.266073  0.779123  0.583344  0.248297  -0.0289949  4
600  80133  0.275409  0.782621  0.581172  0.271258  -0.0586136  4
700  80252  0.272577  0.779779  0.581308  0.271562  -0.0470445  4
800  80210  0.267842  0.778711  0.589771  0.274075  -0.0438995  4
900  79662  0.269374  0.78108  0.59146  0.29385  -0.0586809  4
1000  80677  0.266899  0.794823  0.598058  0.303693  -0.11132  4
1100  80097  0.26761  0.7925  0.594447  0.296731  -0.138484  4
1200  80103  0.267996  0.812989  0.598657  0.302139  -0.128702  4
1300  80957  0.271054  0.816326  0.596559  0.305016  -0.117022  4
1400  79870  0.261085  0.820569  0.59995  0.285187  -0.090358  4
1500  80261  0.265212  0.81639  0.602107  0.285872  -0.116576  4
1600  80055  0.252901  0.814779  0.597491  0.276535  -0.11784  4
1700  80729  0.265035  0.813798  0.595074  0.280668  -0.0937451  4
1800  79436  0.261815  0.819536  0.594832  0.288591  -0.103466  4
1900  80379  0.272687  0.814787  0.596737  0.285339  -0.211823  4
2000  79918  0.25844  0.811259  0.597649  0.287479  -0.247966  4
2100  80516  0.268769  0.799017  0.591259  0.276598  -0.221345  4
2200  81316  0.263186  0.805949  0.591806  0.281671  -0.249994  4
2300  79390  0.260747  0.807537  0.595371  0.288857  -0.223295  4
2400  80232  0.259169  0.797986  0.596627  0.295748  -0.216046  4
2500  80157  0.258097  0.784753  0.590484  0.285087  -0.268946  4
2600  79500  0.270451  0.782328  0.588511  0.288951  -0.255749  4
2700  80056  0.269904  0.776196  0.584857  0.28453  -0.292422  4
2800  80588  0.26157  0.768015  0.584729  0.278176  -0.284406  4
2900  80145  0.26612  0.764326  0.5881  0.29059  -0.274341  4
3000  80844  0.264468  0.759288  0.594549  0.305764  -0.234516  4
3100  81582  0.258822  0.764511  0.59609  0.308371  -0.279346  4
3200  81209  0.262563  0.756282  0.589443  0.311591  -0.299754  4
3300  82200  0.260935  0.749049  0.593506  0.30916  -0.309037  4
3400  80303  0.262282  0.747696  0.593859  0.319094  -0.333347  4
3500  79618  0.257109  0.76282  0.599223  0.331299  -0.276082  4
3600  79735  0.259973  0.772023  0.596786  0.329548  -0.276203  4
3700  80960  0.260069  0.768061  0.598919  0.322237  -0.307796  4
3800  80411  0.255477  0.769603  0.59757  0.317898  -0.340674  4
3900  79642  0.250263  0.772675  0.601558  0.322207  -0.401461  4
4000  81166  0.266904  0.766454  0.5997  0.331248  -0.41214  4
4100  81361  0.262522  0.754746  0.597908  0.323985  -0.404558  4
4200  80683  0.258245  0.752696  0.59669  0.332742  -0.355096  4
4300  79742  0.255015  0.758633  0.5916  0.32201  -0.396542  4
4400  80314  0.253365  0.759665  0.593424  0.316114  -0.356604  4
4500  80937  0.25616  0.755288  0.590383  0.306086  -0.37384  4
4600  80579  0.253939  0.756679  0.595739  0.304482  -0.354513  4
4700  80303  0.251949  0.765834  0.59481  0.300347  -0.343119  4
4800  80920  0.260613  0.769109  0.592138  0.299808  -0.331033  4
4900  80536  0.259795  0.770882  0.592151  0.302921  -0.326147  4
5000  81682  0.265484  0.763726  0.589938  0.306116  -0.323586  4
5100  80881  0.254229  0.756229  0.589411  0.306351  -0.293153  4
5200  80265  0.256435  0.756386  0.588612  0.297768  -0.333239  4
5300  80878  0.254934  0.755869  0.588777  0.286245  -0.334364  4
5400  79771  0.253106  0.763939  0.585204  0.277989  -0.331469  4
5500  80693  0.25489  0.762253  0.589695  0.279242  -0.355739  4
5600  80637  0.255888  0.775635  0.587423  0.271249  -0.346115  4
5700  81717  0.259468  0.773852  0.587158  0.273994  -0.322276  4
5800  80241  0.251196  0.770744  0.588194  0.276382  -0.349928  4
5900  80703  0.247191  0.775567  0.588913  0.272043  -0.332199  4
6000  80549  0.260943  0.776263  0.587185  0.276372  -0.339625  4
6100  81283  0.262802  0.771195  0.583099  0.273334  -0.361853  4
6200  80525  0.261776  0.764944  0.584951  0.281895  -0.362312  4
6300  80751  0.257249  0.758563  0.584271  0.279493  -0.358176  4
6400  79894  0.252855  0.751254  0.585965  0.284155  -0.365301  4
6500  81449  0.261781  0.749237  0.585056  0.291511  -0.386997  4
6600  80245  0.25965  0.746072  0.58808  0.308405  -0.394958  4
6700  81131  0.258162  0.75472  0.588211  0.297669  -0.39578  4
6800  80162  0.257901  0.754192  0.587062  0.296099  -0.422096  4
6900  80939  0.260228  0.754628  0.583652  0.281999  -0.423245  4
7000  80726  0.25549  0.753959  0.585728  0.292226  -0.430033  4
7100  81371  0.25523  0.748721  0.586533  0.295363  -0.438732  4
7200  80490  0.255015  0.74879  0.584996  0.294659  -0.48338  4
7300  80753  0.251234  0.750103  0.584178  0.289853  -0.469178  4
7400  80489  0.25586  0.746269  0.584098  0.294362  -0.491672  4
7500  80745  0.257481  0.751025  0.586325  0.293236  -0.459002  4
7600  80525  0.258388  0.763978  0.584901  0.28331  -0.455505  4
7700  80040  0.254096  0.760414  0.585331  0.295717  -0.455176  4
7800  80202  0.256122  0.754017  0.584103  0.285019  -0.433447  4
7900  80301  0.254286  0.757904  0.584131  0.274759  -0.429148  4
8000  81412  0.252881  0.764614  0.582994  0.267512  -0.455515  4
8100  80780  0.251262  0.775299  0.58448  0.258921  -0.428379  4
8200  80281  0.25024  0.778116  0.582314  0.253293  -0.45105  4
8300  80857  0.24977  0.771936  0.582656  0.256058  -0.468225  4
8400  80357  0.245024  0.768657  0.582135  0.254192  -0.458825  4
8500  80754  0.253135  0.760402  0.581435  0.259189  -0.444857  4
8600  81244  0.255306  0.759614  0.580842  0.257554  -0.454645  4
8700  80572  0.250255  0.760727  0.581451  0.25959  -0.463731  4
8800  81272  0.252835  0.765881  0.58144  0.250209  -0.437693  4
8900  80812  0.248782  0.761665  0.577237  0.235623  -0.452725  4
9000  80683  0.258441  0.768117  0.578379  0.246317  -0.459977  4
9100  80209  0.255394  0.767883  0.574611  0.236019  -0.448388  4
9200  80717  0.258073  0.762909  0.576442  0.251775  -0.458056  4
9300  80619  0.25206  0.75359  0.579189  0.25725  -0.444164  4
9400  80358  0.251332  0.756398  0.579933  0.241234  -0.453895  4
9500  80968  0.256077  0.753508  0.578474  0.241854  -0.456797  4
9600  80881  0.243561  0.752056  0.57957  0.242201  -0.471873  4
9700  81465  0.254715  0.752679  0.578818  0.23684  -0.443493  4
9800  81097  0.250812  0.754152  0.578958  0.228476  -0.44768  4
9900  80469  0.245081  0.756485  0.57936  0.229901  -0.443699  4
