t meta_n emi  mean_info  tr1  tr2  tr3  strategy
0  104008  0.099768  0.49722  0.900004  0.000767839  -2.58429e-05  4
100  75825  0.187367  0.476925  0.625004  0.0894944  -0.0022071  4
200  77738  0.2874  0.347959  0.493131  0.16039  0.0185392  4
300  75693  0.306944  0.267441  0.473798  0.213769  -0.00253629  4
400  77008  0.323204  0.238287  0.466065  0.251565  -0.00148943  4
500  76482  0.32342  0.209783  0.464981  0.277136  0.00562852  4
600  76276  0.322743  0.205214  0.468959  0.2911  0.0375284  4
700  77395  0.33027  0.187624  0.467313  0.297882  0.030885  4
800  76951  0.337473  0.179483  0.459207  0.322277  0.0429032  4
900  76613  0.328099  0.174818  0.467578  0.32562  0.0303215  4
1000  75750  0.332221  0.17599  0.47534  0.349737  0.0370373  4
1100  77155  0.341075  0.170044  0.475911  0.363534  0.00461017  4
1200  76721  0.335085  0.170859  0.488688  0.394179  0.00930906  4
1300  77758  0.343771  0.16347  0.492395  0.421706  0.0249057  4
1400  77090  0.338723  0.169899  0.502466  0.446617  -0.00429961  4
1500  77392  0.327174  0.169898  0.507902  0.446839  0.00658815  4
1600  77079  0.330509  0.175136  0.515988  0.480896  -0.0458128  4
1700  77037  0.335946  0.179213  0.530223  0.526189  -0.0391646  4
1800  76570  0.332236  0.178259  0.537923  0.542  0.00476207  4
1900  76680  0.329475  0.180992  0.543017  0.548259  -0.0200697  4
2000  76784  0.323411  0.188696  0.556106  0.577232  0.00937482  4
2100  77712  0.326878  0.179789  0.565987  0.587017  -0.0305558  4
2200  76921  0.32525  0.18735  0.575463  0.63309  -0.0594209  4
2300  78268  0.323347  0.200088  0.592163  0.669646  -0.0505931  4
2400  77609  0.32182  0.205249  0.595193  0.686203  -0.0877075  4
2500  76487  0.313261  0.199789  0.602107  0.69285  -0.0468992  4
2600  78217  0.328144  0.205875  0.605244  0.709375  -0.0302513  4
2700  78271  0.322792  0.198489  0.606953  0.709465  -0.0535408  4
2800  77766  0.324664  0.20208  0.61408  0.721616  -0.0978289  4
2900  78350  0.322226  0.20462  0.616627  0.752294  -0.112928  4
3000  76599  0.313457  0.1977  0.620357  0.749468  -0.167651  4
3100  77633  0.317083  0.190583  0.619119  0.748616  -0.154685  4
3200  77983  0.321366  0.193916  0.624034  0.748725  -0.152325  4
3300  78002  0.321309  0.190927  0.626446  0.754259  -0.11697  4
3400  77439  0.313836  0.193074  0.632226  0.760581  -0.165476  4
3500  77682  0.307894  0.192263  0.633341  0.759244  -0.138151  4
3600  77011  0.309502  0.194217  0.634474  0.749117  -0.113203  4
3700  78547  0.318494  0.198092  0.640003  0.765911  -0.103157  4
3800  77097  0.314951  0.201036  0.642517  0.767284  -0.101317  4
3900  78210  0.315158  0.196796  0.648998  0.779226  -0.0686699  4
4000  77608  0.305762  0.187889  0.655183  0.790253  -0.0718988  4
4100  78112  0.31294  0.191897  0.663278  0.81072  -0.0648495  4
4200  77516  0.312524  0.199995  0.659513  0.807292  -0.0467075  4
4300  77520  0.307958  0.193282  0.659218  0.806391  0.00620402  4
4400  78168  0.315387  0.18855  0.663771  0.804641  0.0118141  4
4500  77287  0.315785  0.187589  0.655867  0.794704  0.0355682  4
4600  78778  0.304741  0.179489  0.656803  0.797952  0.0151233  4
4700  78919  0.301711  0.18152  0.664464  0.816548  0.0256542  4
4800  76961  0.299146  0.1799  0.665068  0.819698  0.00389822  4
4900  76926  0.308624  0.187952  0.664342  0.813391  -0.0818112  4
5000  77429  0.311374  0.190095  0.6692  0.82176  -0.111874  4
5100  78339  0.313771  0.192676  0.668224  0.822023  -0.140624  4
5200  77665  0.308139  0.191726  0.666868  0.821895  -0.150673  4
5300  76727  0.307189  0.196563  0.667737  0.813085  -0.137159  4
5400  76850  0.303644  0.196711  0.677501  0.833506  -0.203309  4
5500  79168  0.321477  0.195881  0.683129  0.842461  -0.243811  4
5600  77112  0.305025  0.196614  0.686343  0.857166  -0.19087  4
5700  76650  0.311736  0.188021  0.678404  0.843593  -0.229427  4
5800  77721  0.312342  0.194937  0.684131  0.859143  -0.297444  4
5900  77157  0.31766  0.194166  0.686292  0.860611  -0.377896  4
6000  77128  0.300798  0.191542  0.691803  0.869803  -0.334519  4
6100  77155  0.307262  0.191325  0.695905  0.876365  -0.379049  4
6200  77386  0.305107  0.194601  0.700528  0.889657  -0.36483  4
6300  77920  0.305893  0.200152  0.698845  0.888897  -0.343249  4
6400  77161  0.310752  0.196758  0.70413  0.904094  -0.448168  4
6500  77660  0.306895  0.196255  0.701489  0.899008  -0.430159  4
6600  78797  0.308645  0.197478  0.705114  0.909064  -0.448382  4
6700  77829  0.311097  0.194502  0.707367  0.915081  -0.397275  4
6800  78506  0.315614  0.186618  0.702448  0.910962  -0.397081  4
6900  76978  0.312019  0.186078  0.698101  0.901776  -0.448053  4
7000  78352  0.315275  0.179947  0.697701  0.897781  -0.396372  4
7100  77822  0.312295  0.182203  0.695442  0.895786  -0.407441  4
7200  77388  0.312417  0.185855  0.693878  0.89315  -0.425801  4
7300  78114  0.311882  0.177984  0.687293  0.874803  -0.449341  4
7400  78524  0.315132  0.174035  0.687202  0.87278  -0.430139  4
7500  78022  0.318659  0.181563  0.687069  0.874913  -0.514417  4
7600  77456  0.312458  0.177823  0.692205  0.886441  -0.436306  4
7700  78333  0.317897  0.175761  0.693287  0.890931  -0.432061  4
7800  78388  0.323423  0.181575  0.695957  0.894474  -0.42297  4
7900  78530  0.326275  0.178222  0.700611  0.903724  -0.404691  4
8000  78434  0.314035  0.1736  0.694964  0.88481  -0.454262  4
8100  78024  0.317403  0.175615  0.690726  0.876061  -0.503745  4
8200  78577  0.322574  0.189811  0.696413  0.882218  -0.512342  4
8300  77568  0.311295  0.186536  0.68831  0.864932  -0.461438  4
8400  77973  0.321296  0.178571  0.684867  0.862831  -0.456308  4
8500  77897  0.321956  0.180637  0.687381  0.87212  -0.441036  4
8600  77891  0.319615  0.173733  0.688531  0.876192  -0.458235  4
8700  78525  0.320502  0.166862  0.683699  0.866349  -0.437104  4
8800  77129  0.321958  0.172221  0.691565  0.884297  -0.483482  4
8900  77386  0.318649  0.174931  0.683475  0.862699  -0.459307  4
9000  77500  0.316884  0.176745  0.679507  0.860068  -0.465751  4
9100  77806  0.320206  0.178175  0.675103  0.849405  -0.381083  4
9200  76941  0.317811  0.18578  0.674961  0.845449  -0.341411  4
9300  78296  0.332614  0.184029  0.677151  0.848302  -0.343968  4
9400  78420  0.321978  0.173885  0.670575  0.831428  -0.290265  4
9500  77470  0.32348  0.180012  0.673028  0.837592  -0.280267  4
9600  77717  0.313481  0.181791  0.67492  0.839631  -0.270398  4
9700  78278  0.324719  0.178793  0.678047  0.845814  -0.301341  4
9800  78474  0.318797  0.182436  0.675049  0.838681  -0.313738  4
9900  78343  0.325742  0.177388  0.672403  0.831798  -0.309165  4
