t meta_n emi  mean_info  tr1  tr2  tr3  strategy
0  103077  0.099512  0.492433  0.900025  0.000785877  -1.71467e-05  4
100  74971  0.179047  0.360909  0.612873  0.0968314  0.00171478  4
200  75027  0.289772  0.204527  0.465069  0.165111  0.0350524  4
300  76770  0.334375  0.137306  0.43472  0.20839  0.0393706  4
400  76417  0.341669  0.102839  0.428171  0.239833  0.0453685  4
500  76595  0.349623  0.0911835  0.430156  0.279675  0.0342734  4
600  75499  0.352849  0.0888685  0.428248  0.298312  0.0212715  4
700  76509  0.357681  0.0874044  0.437045  0.320335  0.00977902  4
800  76707  0.352588  0.0807674  0.438712  0.319852  0.0244264  4
900  75420  0.341228  0.0777411  0.439885  0.310714  0.02284  4
1000  76938  0.350094  0.0853818  0.441208  0.322861  -0.0369822  4
1100  75731  0.340238  0.0889525  0.452634  0.35834  -0.0451316  4
1200  77136  0.350206  0.0753064  0.448444  0.337022  -0.0557799  4
1300  76517  0.354273  0.0789694  0.451242  0.355747  -0.0562282  4
1400  75840  0.350545  0.0699616  0.446587  0.362911  -0.050103  4
1500  76863  0.352931  0.0704133  0.46381  0.393904  -0.0693096  4
1600  76139  0.345117  0.0703591  0.463616  0.396973  -0.0410324  4
1700  76508  0.353822  0.0774979  0.455371  0.380705  -0.0254272  4
1800  76834  0.347397  0.0693968  0.465954  0.418244  -0.0832324  4
1900  76542  0.360908  0.0743339  0.465307  0.426312  -0.105894  4
2000  76206  0.354403  0.073394  0.469213  0.426526  -0.101287  4
2100  76877  0.350479  0.0665649  0.472875  0.433174  -0.0995652  4
2200  76866  0.349156  0.0600054  0.475167  0.444931  -0.088946  4
2300  77445  0.35405  0.0629643  0.478574  0.452309  -0.0326565  4
2400  75926  0.357895  0.0647691  0.476271  0.461587  -0.0786076  4
2500  76639  0.352128  0.0667794  0.486818  0.485186  -0.112979  4
2600  76917  0.356922  0.0618859  0.479187  0.473999  -0.11934  4
2700  76363  0.355047  0.0574109  0.479484  0.481242  -0.0812496  4
2800  76949  0.352702  0.0592148  0.486825  0.495113  -0.0377208  4
2900  76700  0.357158  0.0620662  0.491583  0.511822  -0.0373997  4
3000  76758  0.354059  0.0625102  0.487792  0.497753  -0.00971904  4
3100  75832  0.351531  0.0666183  0.486478  0.492394  -0.0297699  4
3200  76645  0.358933  0.0574963  0.485132  0.484764  -0.0678019  4
3300  75716  0.364369  0.0488247  0.475552  0.476375  -0.0778958  4
3400  77610  0.369649  0.0468982  0.468128  0.463101  -0.0491184  4
3500  76921  0.356344  0.0434185  0.467289  0.464019  -0.0364247  4
3600  76007  0.360282  0.0472671  0.473184  0.491759  -0.0541088  4
3700  76888  0.36703  0.0471045  0.472474  0.49392  0.0180183  4
3800  76775  0.357818  0.0492705  0.482628  0.496295  0.0078049  4
3900  76527  0.354375  0.0484853  0.490065  0.518281  -0.0407794  4
4000  77653  0.354216  0.0435768  0.488095  0.509746  -0.0144715  4
4100  75861  0.347518  0.0460748  0.491474  0.514454  0.0110635  4
4200  76681  0.35138  0.0437343  0.485187  0.487848  0.0122121  4
4300  77161  0.356978  0.0477019  0.490447  0.503297  0.0422368  4
4400  75314  0.347832  0.0455485  0.493136  0.519983  0.128649  4
4500  77546  0.36059  0.0408925  0.488425  0.515112  0.147738  4
4600  76553  0.351628  0.0524602  0.492335  0.512767  0.167369  4
4700  76298  0.344725  0.055128  0.501963  0.526366  0.185243  4
4800  76666  0.34689  0.0567326  0.493939  0.508076  0.150155  4
4900  76640  0.348399  0.051194  0.489444  0.496814  0.10559  4
5000  76328  0.358069  0.0470158  0.481474  0.478094  0.0893101  4
5100  75661  0.350267  0.0421867  0.476866  0.472759  0.109462  4
5200  76305  0.349276  0.0389306  0.484028  0.484239  0.0984323  4
5300  76943  0.346195  0.038722  0.484211  0.482088  0.145389  4
5400  76399  0.339699  0.0306467  0.485512  0.479721  0.179061  4
5500  76688  0.348054  0.0343864  0.482353  0.481677  0.153102  4
5600  77125  0.349055  0.0378237  0.488279  0.493344  0.166863  4
5700  77352  0.34115  0.0374364  0.490518  0.483317  0.116478  4
5800  76576  0.339939  0.0358295  0.484481  0.470394  0.100531  4
5900  77838  0.347779  0.0352282  0.48253  0.452238  0.145168  4
6000  77420  0.340914  0.0370299  0.488787  0.473038  0.0741651  4
6100  76633  0.340338  0.0387083  0.493498  0.484936  0.104835  4
6200  76516  0.34229  0.0398956  0.497568  0.496878  0.116952  4
6300  77078  0.339906  0.0372591  0.499129  0.500275  0.166008  4
6400  76451  0.338058  0.0318749  0.490961  0.482291  0.205829  4
6500  77478  0.345963  0.0290303  0.489452  0.478376  0.235374  4
6600  76481  0.341892  0.02686  0.481576  0.442646  0.254764  4
6700  76337  0.340412  0.0227859  0.480174  0.432537  0.233646  4
6800  76590  0.345935  0.022175  0.484584  0.457376  0.222502  4
6900  76497  0.34856  0.0194838  0.484568  0.473595  0.292494  4
7000  77292  0.349709  0.021161  0.488517  0.485733  0.271335  4
7100  77425  0.348281  0.0215543  0.492652  0.490651  0.322485  4
7200  76683  0.35186  0.0198417  0.492825  0.495875  0.386362  4
7300  77120  0.359086  0.0257242  0.499528  0.516158  0.443364  4
7400  77011  0.355543  0.0250127  0.495117  0.510892  0.402  4
7500  77281  0.359445  0.0242063  0.494042  0.517538  0.42869  4
7600  77064  0.356363  0.0229968  0.496837  0.522156  0.403969  4
7700  77062  0.359137  0.0215721  0.497425  0.522094  0.442199  4
7800  76962  0.361734  0.0248257  0.491423  0.51403  0.405191  4
7900  77955  0.362761  0.0323269  0.506028  0.545738  0.42182  4
8000  76883  0.361701  0.0283736  0.507443  0.546034  0.428057  4
8100  76683  0.350248  0.026741  0.503081  0.524915  0.45294  4
8200  76297  0.34794  0.0251237  0.510204  0.543687  0.40276  4
8300  76409  0.354573  0.0234469  0.504991  0.527851  0.420657  4
8400  76742  0.349352  0.0249867  0.516843  0.562457  0.471779  4
8500  77707  0.360007  0.0301334  0.508282  0.535395  0.475153  4
8600  76168  0.358011  0.026606  0.509352  0.54022  0.498996  4
8700  77904  0.351227  0.0287553  0.516683  0.548388  0.492228  4
8800  76567  0.354851  0.0305446  0.516834  0.559777  0.473053  4
8900  77021  0.352208  0.0290977  0.522641  0.572944  0.520736  4
9000  76159  0.344769  0.0269538  0.524119  0.56484  0.575667  4
9100  78336  0.358819  0.0247063  0.521964  0.559016  0.518491  4
9200  77338  0.353327  0.0287655  0.522946  0.563247  0.575818  4
9300  76115  0.345755  0.0245785  0.523005  0.558517  0.552385  4
9400  77085  0.350956  0.0237965  0.520984  0.550237  0.611086  4
9500  77234  0.344069  0.0214671  0.522409  0.549581  0.610339  4
9600  75823  0.34612  0.0215681  0.522542  0.547303  0.632107  4
9700  76500  0.347402  0.0212383  0.514784  0.52835  0.649111  4
9800  77118  0.343317  0.021171  0.518684  0.537324  0.653832  4
9900  75526  0.343401  0.0212554  0.515757  0.525493  0.692052  4
