t meta_n emi  mean_info  tr1  tr2  tr3  strategy
0  104713  0.10048  0.49928  0.899896  0.000790826  6.92374e-05  4
100  78337  0.18481  0.696205  0.662145  0.088012  -0.000664107  4
200  80371  0.262367  0.703213  0.564055  0.156325  0.00432803  4
300  78310  0.27629  0.701574  0.551012  0.188625  0.00860258  4
400  78418  0.28632  0.685968  0.54791  0.229429  0.0328856  4
500  77805  0.272759  0.676905  0.55539  0.250733  0.0370821  4
600  78360  0.277959  0.651308  0.562334  0.278507  0.0350449  4
700  78509  0.274677  0.633181  0.57068  0.30682  0.0168642  4
800  79216  0.276485  0.634867  0.573757  0.329243  0.0283856  4
900  79039  0.274763  0.634802  0.582747  0.355667  0.014264  4
1000  78638  0.273058  0.642654  0.581659  0.357162  0.0190006  4
1100  80276  0.286279  0.630928  0.580618  0.362422  -0.000781633  4
1200  79751  0.279849  0.64209  0.582564  0.363267  -0.0301184  4
1300  79382  0.281681  0.618051  0.58418  0.384473  -0.0318699  4
1400  79487  0.285949  0.62575  0.578914  0.370794  -0.0408695  4
1500  78985  0.27651  0.614325  0.582607  0.377607  -0.0623423  4
1600  79592  0.278264  0.628904  0.593461  0.40142  -0.068934  4
1700  78752  0.273118  0.618675  0.599872  0.423806  -0.0547446  4
1800  78679  0.263397  0.609501  0.60076  0.413341  -0.0602943  4
1900  78956  0.268735  0.595831  0.595695  0.412683  -0.0617394  4
2000  80163  0.278409  0.594572  0.593302  0.418501  -0.104279  4
2100  79475  0.278313  0.577954  0.594165  0.439921  -0.0867676  4
2200  78934  0.277321  0.562845  0.590748  0.440632  -0.0257978  4
2300  79243  0.277614  0.55917  0.611288  0.499516  -0.0132395  4
2400  79564  0.281475  0.552439  0.614768  0.525545  0.022363  4
2500  79099  0.276331  0.554398  0.612764  0.514846  0.0266695  4
2600  79801  0.293076  0.556933  0.608046  0.513684  0.0174766  4
2700  79360  0.282672  0.552459  0.61327  0.527819  -0.032183  4
2800  80324  0.27601  0.547066  0.622675  0.546536  -0.00674218  4
2900  80155  0.280803  0.545011  0.622833  0.548643  -0.0539258  4
3000  79278  0.262999  0.548319  0.626936  0.554936  -0.0745318  4
3100  79016  0.280921  0.551765  0.627839  0.560143  -0.0604827  4
3200  78520  0.269936  0.546676  0.632764  0.56687  -0.0734928  4
3300  79039  0.269173  0.561641  0.631578  0.558213  -0.0618257  4
3400  78520  0.266296  0.557753  0.630149  0.54903  -0.131467  4
3500  79482  0.267008  0.54713  0.636998  0.574537  -0.179785  4
3600  79335  0.277588  0.533928  0.634517  0.57721  -0.117231  4
3700  79242  0.275969  0.522757  0.639124  0.604081  -0.129951  4
3800  79908  0.271891  0.518137  0.652134  0.631539  -0.112214  4
3900  80412  0.2728  0.513732  0.663618  0.657659  -0.0784593  4
4000  79624  0.268299  0.508384  0.661149  0.658311  -0.0641703  4
4100  78923  0.260443  0.497635  0.6665  0.674127  -0.0712262  4
4200  79170  0.270224  0.497772  0.677021  0.697407  -0.123453  4
4300  79514  0.261349  0.492163  0.682094  0.715768  -0.120893  4
4400  79613  0.260394  0.497121  0.685406  0.720159  -0.135996  4
4500  80388  0.276712  0.49537  0.684479  0.735626  -0.0952499  4
4600  79983  0.273028  0.49225  0.683479  0.733197  -0.0658886  4
4700  80381  0.27518  0.486726  0.685311  0.746543  -0.0937328  4
4800  79997  0.264986  0.482998  0.688581  0.74271  -0.129662  4
4900  80198  0.269767  0.486169  0.69424  0.760783  -0.158372  4
5000  79568  0.253819  0.484228  0.693733  0.761484  -0.15915  4
5100  80015  0.263358  0.480545  0.691723  0.755363  -0.178787  4
5200  79686  0.267745  0.482635  0.683554  0.746065  -0.220502  4
5300  79698  0.2614  0.493425  0.686002  0.744139  -0.230476  4
5400  79318  0.268232  0.504864  0.681287  0.738754  -0.238061  4
5500  79947  0.262167  0.502009  0.678906  0.737711  -0.219694  4
5600  80607  0.265841  0.502315  0.676806  0.734268  -0.232877  4
5700  79469  0.252548  0.491677  0.670413  0.724622  -0.253877  4
5800  79563  0.26326  0.487767  0.668704  0.724736  -0.205706  4
5900  79749  0.265656  0.493375  0.673615  0.732  -0.227132  4
6000  79886  0.257511  0.49252  0.674969  0.733352  -0.221882  4
6100  80426  0.256673  0.496899  0.675631  0.728593  -0.20189  4
6200  79541  0.250721  0.487319  0.682368  0.745168  -0.225562  4
6300  81162  0.266493  0.47565  0.687279  0.764647  -0.219612  4
6400  80321  0.263651  0.473788  0.692049  0.777471  -0.187012  4
6500  78632  0.255456  0.469478  0.690077  0.785099  -0.181027  4
6600  78935  0.253023  0.463134  0.689266  0.788466  -0.167082  4
6700  80689  0.263598  0.457485  0.686653  0.783216  -0.221174  4
6800  79653  0.265217  0.460977  0.68112  0.779089  -0.229495  4
6900  79089  0.262214  0.458151  0.679753  0.781539  -0.272266  4
7000  80370  0.261427  0.454116  0.683831  0.788374  -0.187471  4
7100  80173  0.266295  0.462002  0.683601  0.786299  -0.187126  4
7200  80586  0.277781  0.461773  0.68347  0.787043  -0.152728  4
7300  79785  0.265393  0.473573  0.68205  0.78183  -0.184507  4
7400  81262  0.272214  0.468848  0.686117  0.78775  -0.208941  4
7500  79264  0.269742  0.466407  0.688642  0.797136  -0.244085  4
7600  79878  0.265966  0.460133  0.690498  0.795384  -0.301262  4
7700  79819  0.269703  0.462743  0.687871  0.787921  -0.357197  4
7800  80444  0.280262  0.456005  0.690782  0.789492  -0.464976  4
7900  80239  0.273828  0.45816  0.691164  0.786755  -0.514117  4
8000  79635  0.261683  0.458463  0.691074  0.791269  -0.514137  4
8100  79899  0.268179  0.450718  0.6938  0.794925  -0.480703  4
8200  79499  0.258359  0.452927  0.699897  0.811944  -0.433091  4
8300  78524  0.266582  0.453833  0.700731  0.817484  -0.358163  4
8400  78971  0.25499  0.44905  0.70286  0.823274  -0.34413  4
8500  79865  0.26573  0.4449  0.705788  0.831815  -0.361967  4
8600  80098  0.269838  0.440946  0.711065  0.847056  -0.304387  4
8700  79357  0.270961  0.433059  0.714067  0.855588  -0.314359  4
8800  79838  0.271462  0.427446  0.718529  0.86152  -0.348415  4
8900  79657  0.266376  0.434468  0.713919  0.857716  -0.338069  4
9000  79761  0.27064  0.435777  0.71405  0.852403  -0.333962  4
9100  80121  0.267378  0.431952  0.712386  0.85031  -0.334496  4
9200  79355  0.258227  0.42493  0.715597  0.853353  -0.378063  4
9300  80682  0.276578  0.424969  0.719859  0.861349  -0.373357  4
9400  79365  0.267512  0.428518  0.718459  0.861723  -0.293981  4
9500  79666  0.2671  0.425547  0.719084  0.863984  -0.289683  4
9600  79832  0.264675  0.432278  0.719056  0.858565  -0.286432  4
9700  80506  0.26439  0.433451  0.721034  0.859544  -0.287188  4
9800  80023  0.258747  0.42407  0.724085  0.865101  -0.2577  4
9900  79648  0.255193  0.419486  0.725019  0.871322  -0.229972  4
