t meta_n emi  mean_info  tr1  tr2  tr3  strategy
0  104010  0.100096  0.497614  0.900065  0.000776669  -2.77442e-05  4
100  77485  0.186079  0.626823  0.644841  0.0888305  -0.00303553  4
200  76778  0.27493  0.583924  0.526833  0.172103  -0.0038875  4
300  78260  0.289828  0.5411  0.522664  0.227143  -0.0243002  4
400  77826  0.302002  0.491411  0.520045  0.26901  -0.0439521  4
500  77557  0.299474  0.470349  0.526404  0.298453  -0.0641661  4
600  78173  0.295273  0.442635  0.530489  0.321925  -0.0542151  4
700  77887  0.294647  0.421118  0.535704  0.348866  -0.0317149  4
800  78775  0.293774  0.415035  0.548925  0.378305  -0.0460949  4
900  77479  0.295471  0.421694  0.55527  0.422611  -0.047308  4
1000  78085  0.294134  0.412538  0.55651  0.439216  -0.031663  4
1100  78679  0.2968  0.390579  0.562331  0.446887  -0.021551  4
1200  78752  0.293727  0.401186  0.575012  0.480648  -0.0398388  4
1300  78898  0.297672  0.392411  0.581928  0.526721  -0.0257916  4
1400  78955  0.293379  0.387587  0.597871  0.561312  0.00506514  4
1500  78007  0.286354  0.383404  0.622168  0.613856  0.0468138  4
1600  79227  0.295704  0.384974  0.635453  0.649845  0.0593835  4
1700  78303  0.288614  0.38885  0.6403  0.657205  0.0816274  4
1800  78394  0.295124  0.379465  0.641698  0.66293  0.0786361  4
1900  79729  0.302672  0.368433  0.639591  0.659503  0.105814  4
2000  79233  0.294758  0.370662  0.642979  0.669964  0.0759921  4
2100  79096  0.291637  0.358649  0.650218  0.694051  0.0717459  4
2200  78621  0.291088  0.36127  0.651287  0.715565  0.152389  4
2300  78875  0.294568  0.357972  0.656364  0.725829  0.136337  4
2400  78589  0.297399  0.339362  0.653835  0.729565  0.153083  4
2500  78543  0.292951  0.337843  0.659702  0.755157  0.142612  4
2600  79569  0.306902  0.340982  0.673045  0.778309  0.14698  4
2700  77717  0.290393  0.348725  0.682836  0.791684  0.160989  4
2800  78833  0.283609  0.341817  0.688328  0.794053  0.151822  4
2900  79452  0.280439  0.346336  0.69419  0.809251  0.152143  4
3000  77606  0.284785  0.345937  0.695752  0.824844  0.125261  4
3100  79906  0.290295  0.348202  0.706973  0.837012  0.155375  4
3200  78704  0.284008  0.348235  0.706137  0.830142  0.218167  4
3300  79519  0.283756  0.346231  0.709609  0.843035  0.234544  4
3400  78067  0.279311  0.345139  0.712078  0.850432  0.217567  4
3500  79352  0.289664  0.349161  0.710592  0.856198  0.197479  4
3600  77604  0.27682  0.3495  0.71477  0.854408  0.206079  4
3700  78710  0.288127  0.348174  0.715088  0.865933  0.206558  4
3800  78604  0.283091  0.345607  0.71695  0.876874  0.230939  4
3900  78362  0.290653  0.330562  0.724736  0.896209  0.281046  4
4000  77139  0.278301  0.329357  0.731125  0.912504  0.248513  4
4100  79373  0.293542  0.32508  0.730356  0.912337  0.297473  4
4200  79359  0.291047  0.324192  0.732325  0.918894  0.336682  4
4300  77961  0.283742  0.327522  0.735092  0.925829  0.345913  4
4400  77892  0.287083  0.316106  0.73493  0.927189  0.339242  4
4500  78760  0.280224  0.319288  0.741247  0.93596  0.349389  4
4600  78573  0.286579  0.323343  0.740876  0.930509  0.344593  4
4700  78917  0.28153  0.32462  0.738813  0.934521  0.332567  4
4800  79482  0.290245  0.32734  0.740411  0.936102  0.327985  4
4900  79418  0.289466  0.324087  0.741728  0.940373  0.314158  4
5000  79879  0.29851  0.328042  0.746455  0.949927  0.292039  4
5100  79688  0.283831  0.327766  0.750482  0.950421  0.246575  4
5200  78618  0.283784  0.327471  0.748263  0.949197  0.258083  4
5300  79262  0.291107  0.322544  0.746011  0.94673  0.215333  4
5400  79490  0.28637  0.321243  0.748789  0.948899  0.18268  4
5500  78567  0.286237  0.324512  0.748206  0.952308  0.155423  4
5600  79076  0.293494  0.331467  0.755085  0.960883  0.165634  4
5700  80025  0.273797  0.326562  0.754536  0.960805  0.174576  4
5800  78370  0.275197  0.331565  0.755077  0.961215  0.161555  4
5900  78847  0.284181  0.333605  0.759687  0.968755  0.175899  4
6000  78874  0.27604  0.326229  0.760871  0.96595  0.139705  4
6100  79579  0.279482  0.326014  0.759349  0.965543  0.155845  4
6200  78132  0.27331  0.317896  0.757361  0.964551  0.132916  4
6300  79165  0.283121  0.315801  0.753459  0.963909  0.103946  4
6400  78473  0.285869  0.316621  0.754296  0.963835  0.106828  4
6500  79845  0.284394  0.325648  0.755241  0.965578  0.0776353  4
6600  79940  0.295027  0.324684  0.754268  0.96778  0.0853534  4
6700  78743  0.287559  0.325322  0.758543  0.967952  0.116847  4
6800  78988  0.297707  0.326223  0.761529  0.974661  0.120125  4
6900  79538  0.293451  0.32105  0.760574  0.973639  0.112559  4
7000  79011  0.294793  0.321903  0.761298  0.973287  0.147512  4
7100  79370  0.283343  0.321207  0.767192  0.977216  0.180171  4
7200  79303  0.284585  0.314479  0.770404  0.98034  0.21289  4
7300  79298  0.279721  0.313652  0.771384  0.9803  0.224466  4
7400  78917  0.275945  0.317568  0.772758  0.980999  0.24194  4
7500  79243  0.281839  0.314487  0.774885  0.981847  0.26094  4
7600  79770  0.278183  0.317719  0.775632  0.982903  0.325605  4
7700  78017  0.280868  0.317997  0.772788  0.982033  0.320269  4
7800  79354  0.275567  0.320688  0.774599  0.983373  0.33719  4
7900  78322  0.279716  0.315118  0.775289  0.985821  0.360899  4
8000  77836  0.275309  0.311444  0.773229  0.986314  0.397658  4
8100  80070  0.284292  0.314577  0.773703  0.985422  0.415183  4
8200  78398  0.273999  0.316575  0.773216  0.986199  0.414135  4
8300  79006  0.277566  0.325156  0.773584  0.985353  0.412347  4
8400  78441  0.283713  0.321329  0.772454  0.987586  0.447056  4
8500  79415  0.282894  0.322287  0.771527  0.985521  0.451579  4
8600  79913  0.285332  0.324798  0.772696  0.984867  0.424213  4
8700  79073  0.276059  0.32263  0.773872  0.984415  0.386977  4
8800  79292  0.273165  0.319826  0.775549  0.985843  0.370691  4
8900  79143  0.277132  0.322273  0.776201  0.985091  0.294849  4
9000  78401  0.270989  0.312383  0.776388  0.986459  0.317264  4
9100  79598  0.28418  0.312287  0.775787  0.987999  0.371148  4
9200  79009  0.292977  0.312232  0.774884  0.989475  0.381972  4
9300  78188  0.283514  0.314175  0.776663  0.988547  0.391378  4
9400  78696  0.282248  0.313986  0.777612  0.989143  0.423378  4
9500  78910  0.285725  0.313812  0.779403  0.991241  0.444241  4
9600  80109  0.278273  0.31422  0.77952  0.990577  0.467978  4
9700  79909  0.285197  0.314959  0.778341  0.990142  0.450099  4
9800  79143  0.283032  0.317379  0.777659  0.989666  0.476331  4
9900  79385  0.269379  0.320326  0.779221  0.9906  0.491336  4
