t meta_n emi  mean_info  tr1  tr2  tr3  strategy
0  103784  0.100352  0.499798  0.9  0.000753948  -5.56512e-06  4
100  78276  0.187228  0.653464  0.653787  0.0935819  -0.00104433  4
200  78212  0.269826  0.66605  0.543807  0.151877  0.00492417  4
300  78797  0.275547  0.638405  0.536392  0.189876  0.00135145  4
400  79788  0.281368  0.613346  0.540408  0.214241  0.0069427  4
500  78475  0.280977  0.597672  0.544068  0.242881  0.0181603  4
600  79584  0.284476  0.560954  0.551213  0.293371  0.0218509  4
700  78705  0.279656  0.554427  0.554499  0.332381  0.00576817  4
800  78979  0.295691  0.551007  0.559683  0.351334  -0.0239756  4
900  78519  0.28341  0.540366  0.572003  0.395778  0.0155456  4
1000  79813  0.293938  0.539077  0.575309  0.432669  -0.00140217  4
1100  79006  0.286478  0.531896  0.583496  0.448633  -0.0122714  4
1200  79175  0.295495  0.520395  0.587375  0.458644  -0.0242103  4
1300  78772  0.285325  0.497699  0.584571  0.463938  -0.0483489  4
1400  78791  0.289474  0.502971  0.595458  0.506812  -0.106528  4
1500  79574  0.289486  0.504589  0.605813  0.538532  -0.121372  4
1600  78896  0.283628  0.497165  0.607925  0.553013  -0.135014  4
1700  79432  0.289219  0.501845  0.616459  0.558946  -0.123005  4
1800  78548  0.287405  0.505312  0.615736  0.561901  -0.116967  4
1900  80905  0.281836  0.492377  0.627997  0.584562  -0.112284  4
2000  79365  0.28025  0.499302  0.617366  0.569962  -0.0604446  4
2100  79576  0.284785  0.483373  0.625087  0.598805  -0.0767842  4
2200  78250  0.28113  0.481609  0.635572  0.620624  -0.0900907  4
2300  78470  0.272916  0.461843  0.643217  0.646446  -0.0990614  4
2400  78458  0.276661  0.462876  0.646413  0.657593  -0.115111  4
2500  78982  0.272809  0.458414  0.652153  0.659743  -0.0860692  4
2600  79404  0.284314  0.447561  0.649717  0.673006  -0.149735  4
2700  79139  0.272445  0.448053  0.661829  0.696206  -0.227015  4
2800  79507  0.266036  0.448372  0.667178  0.71748  -0.271046  4
2900  79066  0.273154  0.427955  0.670967  0.740125  -0.272481  4
3000  79904  0.283566  0.436884  0.664585  0.724362  -0.275616  4
3100  79612  0.276807  0.440007  0.669664  0.732378  -0.311038  4
3200  79216  0.281743  0.436609  0.662215  0.727037  -0.326207  4
3300  79154  0.273207  0.438843  0.671541  0.738767  -0.390699  4
3400  78355  0.268274  0.447278  0.678159  0.750211  -0.39418  4
3500  80497  0.272193  0.43732  0.69228  0.772322  -0.454437  4
3600  77862  0.255603  0.427321  0.693249  0.775774  -0.459715  4
3700  79233  0.26469  0.42492  0.699945  0.790481  -0.483498  4
3800  79852  0.268205  0.420246  0.703842  0.801099  -0.499648  4
3900  79139  0.278662  0.420626  0.69734  0.802068  -0.481081  4
4000  78491  0.272017  0.419472  0.699018  0.804778  -0.430248  4
4100  78607  0.270437  0.425733  0.694755  0.79264  -0.402789  4
4200  79676  0.279105  0.425686  0.700208  0.798612  -0.44911  4
4300  79987  0.26688  0.410949  0.708399  0.814851  -0.441775  4
4400  77663  0.268072  0.419393  0.710338  0.825128  -0.471643  4
4500  78961  0.265952  0.429908  0.708696  0.821882  -0.489289  4
4600  79382  0.273252  0.424107  0.70893  0.820951  -0.501612  4
4700  79097  0.263879  0.424805  0.71544  0.835045  -0.498902  4
4800  79276  0.272868  0.423314  0.714167  0.833807  -0.502421  4
4900  78512  0.265245  0.414753  0.724407  0.858648  -0.533812  4
5000  80298  0.272609  0.413129  0.732847  0.878251  -0.524315  4
5100  79580  0.275459  0.409718  0.73679  0.89063  -0.56378  4
5200  79434  0.269633  0.397035  0.735046  0.88193  -0.589299  4
5300  79639  0.278558  0.396855  0.737564  0.884589  -0.594823  4
5400  79593  0.273361  0.388103  0.746334  0.899089  -0.613823  4
5500  80108  0.262098  0.385342  0.751145  0.90723  -0.602574  4
5600  79246  0.26267  0.379192  0.753351  0.913772  -0.561579  4
5700  78776  0.269715  0.382317  0.757571  0.92091  -0.565673  4
5800  78756  0.264472  0.375893  0.757525  0.922417  -0.514118  4
5900  79127  0.273108  0.376253  0.766022  0.93744  -0.518701  4
6000  79362  0.266922  0.374345  0.767362  0.945284  -0.474505  4
6100  80079  0.273896  0.375314  0.77183  0.946196  -0.42354  4
6200  79524  0.264043  0.379119  0.76865  0.935754  -0.440086  4
6300  79280  0.263708  0.37983  0.770645  0.943331  -0.448731  4
6400  78469  0.264879  0.369844  0.770232  0.941124  -0.466108  4
6500  78535  0.268537  0.369673  0.766278  0.934339  -0.437401  4
6600  79267  0.267689  0.366324  0.767974  0.937497  -0.468772  4
6700  78279  0.263105  0.367555  0.769423  0.941575  -0.449021  4
6800  79779  0.261829  0.360971  0.772462  0.945955  -0.511536  4
6900  79406  0.265992  0.360128  0.774812  0.951441  -0.515765  4
7000  78681  0.263389  0.356102  0.778329  0.954878  -0.451089  4
7100  79375  0.265409  0.34956  0.777243  0.952508  -0.412112  4
7200  79153  0.2709  0.350591  0.775159  0.948812  -0.433657  4
7300  80199  0.259774  0.353376  0.77477  0.946759  -0.356865  4
7400  78825  0.266698  0.359891  0.773586  0.947116  -0.33006  4
7500  78675  0.274642  0.355342  0.777386  0.956019  -0.403685  4
7600  77902  0.261779  0.360107  0.777981  0.955136  -0.451806  4
7700  79325  0.270089  0.354532  0.776819  0.958596  -0.453741  4
7800  79399  0.277608  0.356321  0.776373  0.958342  -0.457261  4
7900  79651  0.267977  0.354047  0.774208  0.955698  -0.46492  4
8000  80451  0.277139  0.350441  0.77515  0.952944  -0.474101  4
8100  79494  0.270666  0.348597  0.773954  0.950882  -0.494756  4
8200  79668  0.269832  0.34953  0.777509  0.956035  -0.498896  4
8300  77554  0.256248  0.351196  0.778069  0.960524  -0.470433  4
8400  79395  0.267979  0.352361  0.782543  0.968959  -0.459118  4
8500  77859  0.264033  0.347801  0.783911  0.970785  -0.45006  4
8600  79595  0.268849  0.348434  0.785553  0.97232  -0.461259  4
8700  79834  0.26598  0.351624  0.789537  0.977608  -0.468579  4
8800  79278  0.270844  0.346006  0.790158  0.980008  -0.486573  4
8900  79419  0.264484  0.345514  0.790102  0.979133  -0.462917  4
9000  78964  0.265768  0.346267  0.790892  0.978294  -0.459874  4
9100  79090  0.256077  0.348699  0.793366  0.980872  -0.451204  4
9200  79749  0.265524  0.345594  0.794931  0.980583  -0.443193  4
9300  79854  0.274325  0.346406  0.794049  0.982679  -0.438023  4
9400  78783  0.26523  0.347415  0.79684  0.985822  -0.457278  4
9500  77896  0.245741  0.343358  0.800751  0.989437  -0.467485  4
9600  79457  0.255991  0.342623  0.800098  0.987568  -0.432712  4
9700  80476  0.269954  0.347805  0.801503  0.990614  -0.49412  4
9800  78823  0.258618  0.350147  0.802509  0.992951  -0.43471  4
9900  78803  0.261546  0.350361  0.802824  0.99538  -0.449814  4
