t meta_n emi  mean_info  tr1  tr2  tr3  strategy
0  104801  0.099288  0.496255  0.900046  0.000846817  5.37625e-05  4
100  75689  0.173511  0.568781  0.64893  0.077134  0.00231717  4
200  77648  0.260976  0.512101  0.529728  0.143828  0.0179077  4
300  78278  0.286606  0.422415  0.510906  0.197772  0.0091511  4
400  78137  0.289239  0.356828  0.506904  0.261418  0.0118661  4
500  77685  0.301277  0.316154  0.502006  0.297693  0.0196774  4
600  77451  0.306335  0.297211  0.506626  0.341776  0.044765  4
700  77666  0.313896  0.284959  0.512769  0.39105  0.0131489  4
800  77855  0.315205  0.285104  0.520845  0.427424  0.0311024  4
900  77308  0.313705  0.277973  0.530112  0.455383  0.0543655  4
1000  77725  0.311958  0.273557  0.539188  0.483855  0.0909082  4
1100  76933  0.318119  0.267915  0.550443  0.524259  0.0855552  4
1200  76242  0.310734  0.262024  0.558625  0.53398  0.150306  4
1300  78448  0.308089  0.265382  0.569831  0.562778  0.175991  4
1400  77368  0.302852  0.280266  0.584269  0.588613  0.138913  4
1500  78440  0.309795  0.280059  0.590407  0.607076  0.183058  4
1600  77921  0.309423  0.283566  0.611578  0.65928  0.179699  4
1700  78497  0.312695  0.28687  0.624277  0.702331  0.255893  4
1800  77764  0.311813  0.276394  0.626604  0.707125  0.278209  4
1900  78627  0.306387  0.277971  0.635997  0.729188  0.274661  4
2000  77186  0.294925  0.281856  0.638408  0.736009  0.31551  4
2100  78175  0.290574  0.276213  0.648504  0.738516  0.286979  4
2200  79752  0.305517  0.27469  0.658156  0.76906  0.257998  4
2300  78364  0.296166  0.260664  0.652037  0.763333  0.2509  4
2400  77740  0.300396  0.268193  0.661303  0.786811  0.280531  4
2500  77862  0.30004  0.27126  0.665434  0.797637  0.240017  4
2600  78954  0.309681  0.268474  0.66761  0.802791  0.250424  4
2700  79432  0.305899  0.270949  0.672471  0.812812  0.304092  4
2800  77301  0.288188  0.276321  0.682899  0.831348  0.285416  4
2900  77949  0.302728  0.268364  0.686623  0.8429  0.337983  4
3000  78786  0.303723  0.269318  0.694494  0.846777  0.419829  4
3100  77938  0.298225  0.281051  0.703995  0.870136  0.462799  4
3200  78101  0.288666  0.27966  0.70427  0.870834  0.439789  4
3300  78416  0.309945  0.277876  0.709025  0.887549  0.433878  4
3400  78587  0.28975  0.270947  0.716057  0.897959  0.413258  4
3500  78335  0.291569  0.280239  0.718918  0.907218  0.399895  4
3600  77897  0.29172  0.278469  0.715701  0.902046  0.417138  4
3700  78045  0.299226  0.28346  0.716169  0.901485  0.388862  4
3800  78401  0.290529  0.290099  0.722399  0.908234  0.362881  4
3900  78318  0.287075  0.293921  0.724636  0.913774  0.409599  4
4000  78263  0.289455  0.28535  0.728666  0.921278  0.412007  4
4100  77810  0.28901  0.281906  0.731254  0.927854  0.373025  4
4200  78251  0.289159  0.276555  0.73053  0.924998  0.361607  4
4300  76995  0.282211  0.270603  0.733218  0.92708  0.355032  4
4400  78178  0.292394  0.266884  0.731148  0.927189  0.334449  4
4500  78238  0.291434  0.264079  0.731342  0.928614  0.373538  4
4600  78461  0.301442  0.266004  0.736356  0.938447  0.336538  4
4700  77640  0.287756  0.269559  0.740857  0.942439  0.319819  4
4800  79420  0.305971  0.263482  0.739766  0.933447  0.41959  4
4900  77913  0.289935  0.265755  0.741067  0.935335  0.43581  4
5000  78023  0.277421  0.263369  0.73928  0.937953  0.458392  4
5100  78217  0.290609  0.259512  0.739278  0.936384  0.49504  4
5200  78892  0.298224  0.260132  0.741103  0.947612  0.515961  4
5300  78147  0.291477  0.26794  0.745835  0.953268  0.475635  4
5400  78111  0.290694  0.265275  0.747223  0.956704  0.466232  4
5500  78453  0.291085  0.262185  0.749411  0.953248  0.427051  4
5600  77602  0.292095  0.264604  0.748711  0.955551  0.38716  4
5700  78335  0.290044  0.26591  0.746476  0.948649  0.452477  4
5800  77876  0.288229  0.261537  0.749606  0.956763  0.447288  4
5900  78428  0.295083  0.259946  0.752197  0.958066  0.442037  4
6000  78823  0.28917  0.25953  0.759602  0.968531  0.347747  4
6100  79028  0.289849  0.261327  0.760037  0.970542  0.367164  4
6200  78775  0.285299  0.268176  0.763271  0.978829  0.297849  4
6300  78809  0.288178  0.265435  0.763345  0.978537  0.309258  4
6400  78957  0.292527  0.267914  0.763617  0.980764  0.298405  4
6500  78676  0.290224  0.263666  0.762455  0.981723  0.359836  4
6600  79612  0.306425  0.272769  0.763708  0.98346  0.410431  4
6700  78600  0.287374  0.275723  0.768226  0.986805  0.39448  4
6800  78919  0.283614  0.267419  0.76896  0.984307  0.381146  4
6900  79150  0.295839  0.273159  0.768944  0.982757  0.291205  4
7000  77889  0.281277  0.272152  0.771091  0.987452  0.264195  4
7100  79084  0.293911  0.2693  0.772177  0.99022  0.3054  4
7200  78168  0.281827  0.266002  0.772791  0.988735  0.335924  4
7300  77813  0.284779  0.262145  0.767375  0.982961  0.413794  4
7400  79008  0.292456  0.266456  0.768947  0.987193  0.37738  4
7500  79042  0.290103  0.263271  0.769085  0.986548  0.372755  4
7600  79204  0.292874  0.269084  0.770481  0.988291  0.431758  4
7700  78990  0.28579  0.263868  0.767956  0.98671  0.454613  4
7800  78533  0.284968  0.266141  0.769589  0.987146  0.446347  4
7900  78218  0.29313  0.263559  0.768596  0.987484  0.48047  4
8000  79214  0.287225  0.261816  0.76979  0.988239  0.488297  4
8100  78886  0.289388  0.261943  0.772946  0.993081  0.507326  4
8200  78160  0.280978  0.265656  0.772638  0.991059  0.451433  4
8300  77891  0.2768  0.26887  0.772101  0.986403  0.414204  4
8400  78645  0.288503  0.267761  0.771499  0.986071  0.405431  4
8500  78354  0.284773  0.275269  0.770647  0.98073  0.377036  4
8600  79139  0.28633  0.266127  0.768452  0.979123  0.366532  4
8700  78552  0.286459  0.259137  0.767713  0.977318  0.373957  4
8800  77904  0.283175  0.260406  0.767959  0.978338  0.394245  4
8900  78206  0.290182  0.259753  0.767966  0.976993  0.439586  4
9000  78378  0.286364  0.257768  0.766319  0.974146  0.423846  4
9100  79981  0.297211  0.255093  0.768918  0.977017  0.431918  4
9200  78482  0.290716  0.262701  0.772248  0.983158  0.467122  4
9300  78803  0.281513  0.267776  0.772927  0.984703  0.445681  4
9400  78389  0.285863  0.268899  0.774914  0.989742  0.430833  4
9500  79036  0.286569  0.267979  0.776066  0.992887  0.460348  4
9600  79010  0.282384  0.269621  0.775714  0.993831  0.455024  4
9700  78991  0.279845  0.274196  0.777095  0.993733  0.445428  4
9800  79671  0.286803  0.270044  0.776399  0.996337  0.429101  4
9900  78725  0.285727  0.26905  0.778083  0.997081  0.44086  4
