t meta_n emi  mean_info  tr1  tr2  tr3  strategy
0  101984  0.099968  0.493444  0.900012  0.000749816  4.30967e-05  4
100  74227  0.190514  0.259752  0.580339  0.0739079  0.00194879  4
200  75057  0.294261  0.151027  0.450091  0.126808  -0.015743  4
300  76451  0.328105  0.0897257  0.427309  0.177463  -0.0306616  4
400  76037  0.340917  0.0708318  0.41712  0.208494  -0.0344909  4
500  76274  0.352529  0.0663927  0.413442  0.235459  -0.032982  4
600  75936  0.369  0.0616658  0.405474  0.246694  -0.0632755  4
700  76357  0.376455  0.0545735  0.406423  0.27223  -0.0999154  4
800  76216  0.360197  0.0512489  0.42046  0.294346  -0.0830424  4
900  76925  0.36372  0.0514228  0.42131  0.311282  -0.0772413  4
1000  76279  0.372407  0.0499167  0.413792  0.306078  -0.0713911  4
1100  75440  0.365213  0.0500144  0.414662  0.302301  -0.054657  4
1200  76814  0.369202  0.0488056  0.422666  0.338259  -0.0508855  4
1300  76088  0.362411  0.0499719  0.425999  0.339002  -0.043723  4
1400  76211  0.36116  0.0501335  0.433939  0.349427  -0.0572965  4
1500  75544  0.364814  0.0473108  0.427968  0.354833  -0.066052  4
1600  75652  0.358687  0.0440291  0.428988  0.345208  -0.0715635  4
1700  76634  0.366467  0.0449577  0.428053  0.352132  -0.124577  4
1800  75597  0.367746  0.0409477  0.430537  0.346101  -0.118034  4
1900  76384  0.364845  0.0368336  0.430125  0.350727  -0.138783  4
2000  76542  0.364666  0.036811  0.428611  0.358906  -0.159542  4
2100  76660  0.365498  0.0387594  0.429179  0.355056  -0.112664  4
2200  76654  0.362818  0.0375499  0.430477  0.354147  -0.0919198  4
2300  76566  0.365457  0.0351445  0.42425  0.338228  -0.0651906  4
2400  76487  0.356788  0.0323972  0.421876  0.32449  -0.0532763  4
2500  76521  0.359288  0.0332108  0.426704  0.344242  -0.0521947  4
2600  75825  0.35888  0.033958  0.423007  0.336459  -0.0455913  4
2700  77224  0.362073  0.0305257  0.425944  0.342137  -0.0500784  4
2800  77211  0.36137  0.0293416  0.429106  0.366689  -0.0993621  4
2900  76498  0.363324  0.0294231  0.423989  0.35271  -0.119015  4
3000  77031  0.361663  0.0273344  0.421529  0.354869  -0.08581  4
3100  75687  0.354731  0.0296601  0.427493  0.350711  -0.106743  4
3200  76397  0.350055  0.025543  0.425168  0.34208  -0.0789289  4
3300  76952  0.36071  0.028178  0.422894  0.335454  -0.0266855  4
3400  76281  0.353211  0.0276085  0.417501  0.311329  -0.0291971  4
3500  75863  0.357229  0.0231383  0.416546  0.304402  -0.0486094  4
3600  77241  0.353319  0.0226515  0.417683  0.316636  -0.0471735  4
3700  77195  0.353958  0.0224072  0.415774  0.311606  -0.105367  4
3800  76082  0.350035  0.0224653  0.417906  0.317591  -0.107725  4
3900  76571  0.35341  0.0211402  0.417242  0.32472  -0.137731  4
4000  77145  0.362103  0.0210358  0.41836  0.33442  -0.142782  4
4100  75894  0.356317  0.0226037  0.42228  0.340169  -0.120858  4
4200  76481  0.350221  0.0188834  0.423153  0.336406  -0.105669  4
4300  76839  0.35235  0.0199425  0.423881  0.335925  -0.0992398  4
4400  77653  0.35251  0.0196092  0.426161  0.338403  -0.104515  4
4500  76169  0.348274  0.0187524  0.426805  0.3469  -0.111565  4
4600  76485  0.348455  0.017309  0.427116  0.365479  -0.103731  4
4700  76221  0.356865  0.0178795  0.429208  0.373527  -0.111781  4
4800  76305  0.352177  0.0161247  0.431497  0.376854  -0.129862  4
4900  76096  0.35473  0.0178053  0.429782  0.371091  -0.173806  4
5000  77168  0.353596  0.016578  0.428914  0.377359  -0.1151  4
5100  77303  0.359643  0.0154253  0.428927  0.386615  -0.115293  4
5200  76399  0.35412  0.0159693  0.430929  0.385127  -0.095552  4
5300  76431  0.349062  0.0145224  0.433707  0.393625  -0.0911809  4
5400  77097  0.350416  0.0129695  0.435565  0.402871  -0.0854169  4
5500  77462  0.365247  0.0156694  0.431151  0.40142  -0.0659181  4
5600  75836  0.351287  0.0151025  0.43298  0.398739  -0.0622951  4
5700  76778  0.357023  0.0153956  0.430072  0.386659  -0.0614142  4
5800  78086  0.357929  0.0140635  0.431281  0.379681  -0.0780239  4
5900  76256  0.351743  0.0149661  0.427657  0.368398  -0.102357  4
6000  76827  0.359693  0.0122985  0.421538  0.364555  -0.0984721  4
6100  76802  0.361895  0.01152  0.420759  0.358837  -0.10846  4
6200  77674  0.356663  0.0101458  0.421658  0.3546  -0.0646015  4
6300  76994  0.357606  0.00933798  0.413315  0.325066  -0.112488  4
6400  77497  0.35765  0.0106787  0.415302  0.326439  -0.10469  4
6500  77702  0.355785  0.0106232  0.410654  0.308231  -0.115476  4
6600  76731  0.357632  0.00938016  0.40508  0.29513  -0.0955257  4
6700  77512  0.357305  0.00941085  0.405339  0.303084  -0.11513  4
6800  75680  0.356588  0.00904833  0.402903  0.293225  -0.103916  4
6900  76973  0.353352  0.00940334  0.407757  0.308495  -0.0923803  4
7000  76191  0.348804  0.0105172  0.408647  0.31604  -0.0724194  4
7100  77406  0.355656  0.00967355  0.406296  0.305029  -0.0883693  4
7200  76592  0.354164  0.00896711  0.405364  0.288819  -0.106644  4
7300  76991  0.356158  0.00752804  0.404514  0.28642  -0.0909778  4
7400  76367  0.356373  0.00700604  0.400394  0.274044  -0.119694  4
7500  76695  0.350391  0.00684165  0.401861  0.277782  -0.128897  4
7600  76236  0.355839  0.0069815  0.401622  0.275159  -0.093754  4
7700  77274  0.351415  0.00639344  0.403367  0.264528  -0.0939455  4
7800  77216  0.357126  0.00625924  0.401074  0.272198  -0.0465723  4
7900  77000  0.357512  0.00578769  0.401682  0.274618  -0.0366856  4
8000  76764  0.354451  0.00510674  0.398671  0.264992  -0.0839874  4
8100  76670  0.36064  0.00575917  0.393711  0.248249  -0.0894717  4
8200  76594  0.359546  0.00596659  0.395233  0.262888  -0.0430024  4
8300  77086  0.360795  0.00551884  0.394036  0.249203  -0.0724578  4
8400  76854  0.355584  0.00432856  0.394472  0.244764  -0.0736801  4
8500  77034  0.348458  0.0041364  0.393804  0.242915  -0.0343459  4
8600  76939  0.354064  0.00467083  0.389174  0.228719  -0.0306398  4
8700  77059  0.358664  0.00419478  0.392536  0.239655  -0.0242432  4
8800  76716  0.356853  0.00329239  0.392912  0.246581  -0.0396696  4
8900  76443  0.356923  0.00286628  0.393796  0.243976  -0.0610035  4
9000  77215  0.360016  0.00453065  0.391164  0.243039  -0.0876105  4
9100  77556  0.357034  0.00256848  0.39173  0.241255  -0.125868  4
9200  77440  0.360181  0.00232941  0.392645  0.248448  -0.111384  4
9300  76529  0.358596  0.00268774  0.392048  0.24561  -0.113772  4
9400  77026  0.360247  0.00272334  0.393483  0.255177  -0.0925988  4
9500  76349  0.35916  0.00253447  0.394098  0.250187  -0.101773  4
9600  76585  0.352043  0.00231832  0.394638  0.256552  -0.0928643  4
9700  76797  0.357685  0.00181433  0.393137  0.254314  -0.118776  4
9800  75217  0.353364  0.00177382  0.395741  0.256319  -0.116268  4
9900  75710  0.348541  0.00152295  0.393627  0.243599  -0.151373  4
