t meta_n emi  mean_info  tr1  tr2  tr3  strategy
0  102915  0.098592  0.491109  0.899925  0.000772299  -1.44301e-05  4
100  75560  0.182568  0.267963  0.605138  0.0896498  0.0115949  4
200  75950  0.302424  0.128514  0.44809  0.145275  0.000226539  4
300  75955  0.342532  0.0859514  0.4203  0.192919  0.0235025  4
400  76632  0.363184  0.0687567  0.409826  0.226351  0.0411792  4
500  75682  0.351514  0.0622026  0.414542  0.246864  0.0536379  4
600  76682  0.368265  0.0581015  0.406761  0.259859  0.0440183  4
700  75902  0.369793  0.0590556  0.409107  0.269262  0.0636423  4
800  76510  0.366923  0.0627792  0.421067  0.302227  0.0823511  4
900  76873  0.363903  0.0587588  0.423572  0.304703  0.0700021  4
1000  75862  0.359859  0.0605013  0.434538  0.315477  0.0581062  4
1100  75838  0.361153  0.0603146  0.425381  0.305441  0.0493156  4
1200  76001  0.353686  0.0547362  0.426838  0.297284  0.0750984  4
1300  77036  0.360458  0.0547137  0.427583  0.313762  0.108842  4
1400  76046  0.360148  0.0550621  0.428182  0.312939  0.178333  4
1500  77022  0.361559  0.0503324  0.426904  0.31302  0.250899  4
1600  77141  0.363396  0.0488895  0.428533  0.314989  0.232687  4
1700  75185  0.359551  0.0455126  0.428126  0.32971  0.229208  4
1800  76434  0.358952  0.0459051  0.433829  0.344542  0.241824  4
1900  76462  0.362565  0.0427393  0.44164  0.36969  0.24204  4
2000  75474  0.358927  0.0443004  0.446266  0.39235  0.238752  4
2100  75888  0.359397  0.0454129  0.449427  0.400354  0.234457  4
2200  76402  0.360512  0.0444694  0.446903  0.392816  0.236391  4
2300  76879  0.361093  0.0401485  0.452863  0.403035  0.267845  4
2400  77249  0.358875  0.0364835  0.4513  0.411123  0.28389  4
2500  76960  0.364802  0.0366831  0.449784  0.410021  0.279963  4
2600  76508  0.364465  0.038634  0.455091  0.421274  0.28448  4
2700  76444  0.365433  0.0363203  0.451288  0.396717  0.257559  4
2800  76907  0.362431  0.034276  0.440123  0.376907  0.228559  4
2900  76452  0.371448  0.0326496  0.430918  0.359847  0.19635  4
3000  76703  0.363194  0.0360874  0.43485  0.356862  0.202535  4
3100  77846  0.365658  0.0316198  0.433765  0.348613  0.247378  4
3200  77202  0.353692  0.0281418  0.430235  0.33431  0.235607  4
3300  76070  0.359443  0.0298812  0.436036  0.361272  0.215161  4
3400  77113  0.354898  0.0293451  0.435553  0.343402  0.252525  4
3500  76623  0.349965  0.0255941  0.433137  0.334807  0.212621  4
3600  76155  0.353056  0.0266033  0.430495  0.336452  0.199015  4
3700  76859  0.358111  0.0261673  0.433212  0.3395  0.191634  4
3800  76847  0.355796  0.0253461  0.43136  0.343137  0.172855  4
3900  77038  0.367288  0.0219837  0.428329  0.34377  0.163245  4
4000  77519  0.370241  0.0212495  0.423752  0.339993  0.12141  4
4100  77018  0.367944  0.0215899  0.420209  0.315472  0.123897  4
4200  76217  0.359563  0.0223549  0.414809  0.296316  0.116941  4
4300  76941  0.361231  0.0222598  0.418051  0.303367  0.174072  4
4400  76140  0.350863  0.0240763  0.414986  0.295942  0.138291  4
4500  76665  0.361235  0.0205334  0.413429  0.286088  0.132135  4
4600  76785  0.361071  0.0185148  0.419378  0.299919  0.123404  4
4700  76697  0.356529  0.0183468  0.415933  0.297306  0.114713  4
4800  76616  0.351301  0.0188214  0.416105  0.278511  0.108701  4
4900  76900  0.350955  0.0150118  0.415869  0.282895  0.11163  4
5000  77329  0.358361  0.0177161  0.41855  0.29783  0.078645  4
5100  75935  0.349419  0.0177125  0.415381  0.288295  0.0533599  4
5200  76267  0.349443  0.0175299  0.413753  0.292574  0.1167  4
5300  76358  0.359695  0.0181248  0.406017  0.274198  0.143348  4
5400  75682  0.352274  0.0163014  0.407083  0.283813  0.151967  4
5500  75965  0.357252  0.0142666  0.405023  0.274979  0.100663  4
5600  76140  0.360718  0.0118402  0.400012  0.269716  0.103978  4
5700  77618  0.361343  0.0112015  0.391484  0.244481  0.129412  4
5800  76140  0.359353  0.0113691  0.393891  0.24696  0.113701  4
5900  76537  0.360925  0.0145944  0.389493  0.225726  0.0887177  4
6000  77498  0.360437  0.0128733  0.389858  0.222693  0.111819  4
6100  76414  0.355117  0.0119522  0.39043  0.222799  0.135033  4
6200  76348  0.359443  0.0108247  0.382516  0.217108  0.173335  4
6300  77284  0.365326  0.00849217  0.379861  0.208039  0.165638  4
6400  76682  0.361336  0.00885724  0.378519  0.200123  0.130087  4
6500  76382  0.366986  0.0081169  0.377956  0.194586  0.162312  4
6600  76651  0.367715  0.00798874  0.378596  0.204351  0.196716  4
6700  76914  0.364473  0.00751314  0.378059  0.201049  0.209133  4
6800  76625  0.362467  0.00626532  0.379056  0.191457  0.138856  4
6900  76296  0.366373  0.00697881  0.37757  0.193065  0.141255  4
7000  76773  0.36167  0.00722768  0.379979  0.197009  0.142242  4
7100  77602  0.362561  0.00613678  0.377622  0.190001  0.123695  4
7200  76584  0.364754  0.00728041  0.374632  0.196575  0.0536656  4
7300  76967  0.362247  0.00618658  0.380673  0.212486  0.116513  4
7400  76263  0.360617  0.00646173  0.382092  0.220369  0.144084  4
7500  76988  0.36254  0.00598551  0.380012  0.216127  0.156598  4
7600  77865  0.360107  0.00486908  0.380497  0.20956  0.20963  4
7700  76828  0.359981  0.00543769  0.380815  0.20769  0.228285  4
7800  76911  0.360495  0.00442822  0.382429  0.212292  0.205164  4
7900  77215  0.355916  0.00426051  0.383857  0.203686  0.18103  4
8000  76468  0.355334  0.0047763  0.379419  0.194614  0.197632  4
8100  76105  0.361574  0.00490275  0.376431  0.189245  0.180829  4
8200  77088  0.361062  0.00405372  0.375442  0.19523  0.210094  4
8300  77783  0.371797  0.00398245  0.372829  0.183304  0.230632  4
8400  77563  0.367053  0.00345651  0.374071  0.183076  0.219576  4
8500  75825  0.361164  0.00421939  0.37202  0.170192  0.230535  4
8600  76890  0.368277  0.00594216  0.371395  0.167384  0.279538  4
8700  76130  0.367179  0.00424211  0.372952  0.165872  0.310109  4
8800  77096  0.36288  0.00447927  0.371227  0.155798  0.336171  4
8900  76468  0.361311  0.00348558  0.369087  0.15172  0.335987  4
9000  76981  0.36432  0.00306405  0.36675  0.147899  0.318045  4
9100  76798  0.371115  0.00220329  0.367309  0.159959  0.337156  4
9200  76151  0.367097  0.00231763  0.367838  0.162756  0.296851  4
9300  77446  0.368079  0.00241133  0.368935  0.164023  0.297397  4
9400  76265  0.372022  0.00270723  0.373567  0.181569  0.307898  4
9500  77061  0.365314  0.00242023  0.370858  0.168163  0.310455  4
9600  76144  0.367864  0.00248388  0.368823  0.162927  0.351081  4
9700  77371  0.370173  0.00287065  0.370372  0.16102  0.388931  4
9800  76364  0.359291  0.00216415  0.370459  0.169194  0.393457  4
9900  76537  0.367382  0.00266911  0.370385  0.167849  0.386339  4
