t meta_n emi  mean_info  tr1  tr2  tr3  strategy
0  103562  0.099704  0.495044  0.900008  0.000797792  -0.000109414  4
100  76908  0.174097  0.445312  0.635746  0.0797332  -0.00278404  4
200  76839  0.281437  0.317474  0.485925  0.131031  0.00549252  4
300  76446  0.308842  0.228849  0.45376  0.177159  0.0185901  4
400  75794  0.330155  0.182151  0.442859  0.219373  -0.0146147  4
500  77095  0.335892  0.156861  0.444009  0.262716  -0.0197186  4
600  76266  0.343946  0.142533  0.449198  0.291282  -0.0187213  4
700  76511  0.34524  0.125663  0.444834  0.313648  -0.0188253  4
800  76205  0.341737  0.122525  0.451681  0.326856  0.00815158  4
900  76791  0.344302  0.120712  0.453715  0.341967  -0.0105566  4
1000  77531  0.356849  0.130911  0.454592  0.354575  0.0214894  4
1100  77384  0.351606  0.125508  0.463003  0.377401  0.0393065  4
1200  76753  0.35049  0.13655  0.46703  0.390041  0.0503326  4
1300  76979  0.347277  0.127945  0.467061  0.379832  0.0199017  4
1400  76868  0.345927  0.122868  0.468505  0.388272  0.000788651  4
1500  76336  0.33856  0.123986  0.45976  0.364128  -0.00969836  4
1600  76113  0.348097  0.130263  0.455168  0.358459  -0.0256356  4
1700  77216  0.35398  0.123036  0.463113  0.387408  -0.00381807  4
1800  77132  0.349735  0.12275  0.466288  0.387287  -0.0113645  4
1900  76773  0.352363  0.11432  0.478566  0.421455  0.0171658  4
2000  76358  0.334417  0.126353  0.490361  0.433636  0.0311677  4
2100  77408  0.332638  0.128212  0.498864  0.444238  0.0582043  4
2200  76645  0.345285  0.117023  0.490271  0.451052  0.0444879  4
2300  77457  0.343473  0.117436  0.497128  0.464136  0.0241808  4
2400  76802  0.353067  0.119609  0.497663  0.476011  0.0507744  4
2500  76618  0.334195  0.129688  0.50787  0.491544  0.0756005  4
2600  78195  0.340105  0.129095  0.511083  0.49848  0.0967396  4
2700  76996  0.352071  0.132952  0.511768  0.509985  0.103013  4
2800  76563  0.34713  0.123257  0.509448  0.507012  0.107674  4
2900  76011  0.337671  0.121765  0.509845  0.508779  0.100756  4
3000  78005  0.351122  0.130717  0.517021  0.527069  0.126201  4
3100  77783  0.345279  0.125843  0.51902  0.545105  0.0882174  4
3200  76501  0.348589  0.123455  0.514598  0.530855  0.0651578  4
3300  76137  0.343193  0.138572  0.534897  0.567794  0.0965128  4
3400  76457  0.344692  0.124451  0.526486  0.545463  0.113447  4
3500  77774  0.339587  0.127109  0.528718  0.537772  0.152381  4
3600  77551  0.353396  0.129064  0.532366  0.558387  0.126256  4
3700  78091  0.339719  0.120307  0.527893  0.550655  0.155012  4
3800  77582  0.343699  0.127496  0.525971  0.544986  0.145757  4
3900  77971  0.346622  0.126284  0.529129  0.545459  0.145243  4
4000  76901  0.338479  0.121804  0.521877  0.527918  0.09083  4
4100  77607  0.339096  0.133847  0.528831  0.534193  0.09914  4
4200  76586  0.337934  0.13434  0.539026  0.549025  0.0514311  4
4300  77853  0.33505  0.139939  0.551035  0.574311  0.041042  4
4400  77251  0.326245  0.144927  0.558441  0.585277  0.0383418  4
4500  77209  0.331682  0.145247  0.56571  0.611422  0.0154939  4
4600  77768  0.329349  0.153343  0.581007  0.643674  0.00811139  4
4700  76554  0.328799  0.146376  0.582405  0.632975  0.0164134  4
4800  77469  0.322216  0.138983  0.584843  0.644313  0.00965358  4
4900  76666  0.328602  0.129149  0.58567  0.653532  -0.0689064  4
5000  77091  0.32319  0.129892  0.594277  0.6867  -0.0886611  4
5100  78068  0.32893  0.129945  0.604066  0.705226  -0.103423  4
5200  77079  0.332851  0.12946  0.606182  0.711177  -0.123033  4
5300  77671  0.326956  0.127972  0.612105  0.728535  -0.0965124  4
5400  78725  0.328369  0.133824  0.616699  0.734058  -0.0828834  4
5500  77530  0.325802  0.139951  0.62718  0.766642  -0.0803013  4
5600  77089  0.32322  0.152021  0.630836  0.774642  -0.0855204  4
5700  77811  0.33091  0.151511  0.638598  0.787566  -0.109688  4
5800  77702  0.332366  0.145287  0.639744  0.79277  -0.0725462  4
5900  77488  0.322452  0.139355  0.635445  0.789501  -0.0808957  4
6000  76752  0.322306  0.134556  0.636869  0.790903  -0.0905746  4
6100  77521  0.335041  0.145676  0.647975  0.814091  -0.131246  4
6200  77843  0.323272  0.139064  0.642882  0.797787  -0.153351  4
6300  77291  0.32371  0.138635  0.64941  0.815922  -0.122908  4
6400  78252  0.334568  0.136489  0.642234  0.797322  -0.105992  4
6500  77006  0.329735  0.133162  0.643619  0.79548  -0.114238  4
6600  77779  0.316071  0.140022  0.645685  0.789999  -0.0454505  4
6700  78031  0.320453  0.131016  0.652323  0.805429  -0.0600945  4
6800  77930  0.312789  0.126404  0.657331  0.820276  -0.0839367  4
6900  77375  0.318809  0.124542  0.65322  0.805593  -0.0778925  4
7000  78256  0.324513  0.130562  0.658724  0.819685  -0.0575729  4
7100  77702  0.308146  0.128052  0.657172  0.814887  -0.0966892  4
7200  77874  0.318703  0.134719  0.660144  0.824314  -0.0680271  4
7300  76751  0.314498  0.137395  0.665268  0.837391  -0.101296  4
7400  77565  0.319568  0.142569  0.669206  0.852715  -0.0825966  4
7500  77307  0.317645  0.146008  0.672661  0.857843  -0.0402896  4
7600  76723  0.317981  0.136349  0.670793  0.846598  -0.0553881  4
7700  77255  0.309807  0.13404  0.673061  0.847559  -0.0714191  4
7800  76644  0.313546  0.141032  0.684567  0.872147  -0.0714718  4
7900  77851  0.312056  0.140877  0.677161  0.847416  -0.0607098  4
8000  77225  0.312388  0.140834  0.678837  0.856817  -0.0829981  4
8100  78011  0.320319  0.144328  0.680394  0.857202  -0.110935  4
8200  78342  0.317878  0.146376  0.68542  0.874108  -0.132963  4
8300  79272  0.32116  0.139143  0.687976  0.871321  -0.124959  4
8400  78736  0.31231  0.13707  0.690024  0.881842  -0.141417  4
8500  77542  0.311814  0.13897  0.690682  0.881171  -0.12085  4
8600  78020  0.310079  0.134185  0.687708  0.879489  -0.137832  4
8700  78240  0.307594  0.131564  0.692902  0.888327  -0.131863  4
8800  78155  0.313598  0.140499  0.697107  0.894796  -0.117889  4
8900  77664  0.299459  0.143075  0.69533  0.888003  -0.0990304  4
9000  78224  0.322493  0.144783  0.694889  0.890166  -0.134172  4
9100  76932  0.312412  0.143189  0.689752  0.878798  -0.115015  4
9200  77069  0.305055  0.134038  0.692457  0.884599  -0.105464  4
9300  78112  0.315421  0.136014  0.696941  0.893186  -0.0727987  4
9400  78197  0.31208  0.133747  0.700037  0.898534  -0.0754654  4
9500  77399  0.311223  0.133726  0.700577  0.898138  -0.0798113  4
9600  77299  0.315238  0.133257  0.697077  0.893055  -0.074882  4
9700  77985  0.308214  0.123911  0.703779  0.905765  -0.100999  4
9800  77908  0.311723  0.124643  0.707918  0.91746  -0.0926152  4
9900  77747  0.31579  0.114958  0.70768  0.915958  -0.123869  4
