t meta_n emi  mean_info  tr1  tr2  tr3  strategy
0  104659  0.100984  0.499654  0.899961  0.000862977  2.7795e-05  4
100  79989  0.194298  0.771716  0.664349  0.0958411  -0.00675216  4
200  80730  0.262788  0.811847  0.577769  0.158593  -0.0100637  4
300  81491  0.284765  0.81543  0.568045  0.185539  -0.017602  4
400  80812  0.279643  0.81219  0.576917  0.222346  -0.0361581  4
500  80185  0.275669  0.824001  0.584594  0.237089  -0.0458896  4
600  80056  0.272396  0.833255  0.593742  0.285011  -0.0673296  4
700  81301  0.277554  0.833164  0.598237  0.30143  -0.072519  4
800  80681  0.263594  0.826654  0.603743  0.299228  -0.0645152  4
900  81675  0.268577  0.823105  0.609424  0.295084  -0.0906622  4
1000  80528  0.266394  0.829647  0.605226  0.298867  -0.136877  4
1100  80500  0.263288  0.83269  0.606234  0.303779  -0.146528  4
1200  80412  0.268394  0.829803  0.60471  0.301308  -0.171589  4
1300  80896  0.272348  0.844471  0.605718  0.319973  -0.175418  4
1400  81696  0.270319  0.848895  0.607673  0.31664  -0.187474  4
1500  80350  0.269819  0.841599  0.605753  0.320549  -0.187655  4
1600  80818  0.265388  0.841195  0.601918  0.299582  -0.211591  4
1700  80988  0.271938  0.843869  0.603903  0.302821  -0.164269  4
1800  80983  0.274674  0.841268  0.6064  0.310054  -0.108881  4
1900  79905  0.263251  0.837025  0.603253  0.307876  -0.0941947  4
2000  81614  0.257574  0.846764  0.611425  0.310465  -0.0510811  4
2100  80952  0.261574  0.843316  0.611809  0.325887  -0.0960142  4
2200  81007  0.267777  0.848681  0.609984  0.334188  -0.120787  4
2300  80572  0.259951  0.848209  0.60987  0.33715  -0.155278  4
2400  80861  0.264498  0.851546  0.609757  0.333987  -0.182697  4
2500  81163  0.268524  0.84089  0.608287  0.333672  -0.195114  4
2600  81323  0.261246  0.853081  0.608961  0.322249  -0.169386  4
2700  81262  0.259258  0.858297  0.609022  0.304893  -0.162492  4
2800  81871  0.261092  0.857665  0.61183  0.293385  -0.181975  4
2900  80996  0.254802  0.85342  0.606721  0.287569  -0.184966  4
3000  81971  0.253329  0.854252  0.613177  0.284589  -0.214859  4
3100  81039  0.256898  0.86497  0.611519  0.297847  -0.228762  4
3200  80958  0.248464  0.848388  0.609891  0.289332  -0.295566  4
3300  80401  0.244415  0.85836  0.612571  0.293627  -0.320162  4
3400  80912  0.257265  0.861883  0.608141  0.276967  -0.313101  4
3500  81841  0.254934  0.858784  0.610946  0.288157  -0.252291  4
3600  81574  0.25765  0.857358  0.606878  0.281731  -0.270258  4
3700  80304  0.256845  0.857977  0.605729  0.287682  -0.236881  4
3800  81136  0.271123  0.85958  0.602961  0.291578  -0.241847  4
3900  81550  0.26102  0.841314  0.602314  0.2935  -0.25358  4
4000  80962  0.256889  0.837781  0.597658  0.284636  -0.266562  4
4100  81239  0.257272  0.836624  0.598111  0.278368  -0.209763  4
4200  80785  0.256958  0.840266  0.595898  0.27179  -0.156692  4
4300  81071  0.256915  0.851768  0.600659  0.2817  -0.172337  4
4400  81802  0.254568  0.854532  0.602507  0.276609  -0.132649  4
4500  80495  0.250789  0.868462  0.603403  0.273878  -0.0789871  4
4600  80925  0.251551  0.864868  0.597735  0.258314  -0.0443163  4
4700  81507  0.26046  0.860882  0.594784  0.256624  -0.00245314  4
4800  83156  0.270292  0.862163  0.597412  0.250705  0.0089421  4
4900  81149  0.253487  0.854479  0.597108  0.255364  -0.0203566  4
5000  81054  0.250137  0.856218  0.596335  0.256242  0.00716186  4
5100  81505  0.253989  0.860969  0.599908  0.258226  0.0256496  4
5200  80879  0.256229  0.858853  0.598273  0.251995  0.0483334  4
5300  80190  0.252683  0.859341  0.601263  0.255292  0.0327586  4
5400  80864  0.257214  0.85673  0.594613  0.256185  0.0612816  4
5500  80858  0.256093  0.863564  0.597063  0.252384  0.096394  4
5600  80191  0.250483  0.862216  0.600056  0.258035  0.109227  4
5700  81133  0.249375  0.861972  0.600006  0.259671  0.0553351  4
5800  80971  0.245186  0.857279  0.597047  0.25724  0.00393283  4
5900  81210  0.242893  0.851649  0.600947  0.26061  0.0132034  4
6000  81566  0.255141  0.842149  0.598802  0.262442  0.0553699  4
6100  80722  0.258698  0.850555  0.594137  0.255268  0.0339756  4
6200  80354  0.258507  0.850162  0.591309  0.2632  0.0242831  4
6300  81418  0.256988  0.845485  0.588903  0.254611  0.0675463  4
6400  81039  0.264523  0.83554  0.586229  0.251004  0.0375912  4
6500  80646  0.261271  0.835973  0.58853  0.253823  0.0489176  4
6600  81339  0.263335  0.841177  0.590547  0.265291  0.0339525  4
6700  81025  0.251341  0.840254  0.594463  0.260676  0.109071  4
6800  82728  0.255278  0.82883  0.600192  0.275594  0.161241  4
6900  82474  0.261825  0.8299  0.603527  0.284156  0.200479  4
7000  81667  0.253899  0.821811  0.606135  0.294184  0.21821  4
7100  79982  0.242578  0.818582  0.607192  0.296748  0.233821  4
7200  81721  0.247386  0.822478  0.605263  0.290415  0.248656  4
7300  81798  0.248624  0.809171  0.607886  0.300567  0.305461  4
7400  80556  0.247556  0.80327  0.607472  0.308152  0.293586  4
7500  81264  0.252167  0.806201  0.603163  0.29357  0.357335  4
7600  80408  0.251465  0.808147  0.602606  0.298022  0.335416  4
7700  79899  0.247136  0.79813  0.60087  0.292282  0.321186  4
7800  81012  0.254519  0.810685  0.599779  0.276507  0.506641  4
7900  82453  0.250614  0.810315  0.603668  0.2839  0.584433  4
8000  80897  0.256507  0.81076  0.599289  0.27446  0.526423  4
8100  81204  0.252006  0.823207  0.594445  0.25271  0.538492  4
8200  80739  0.249322  0.832526  0.593178  0.239824  0.555351  4
8300  80966  0.248883  0.835969  0.601052  0.249604  0.492949  4
8400  80725  0.239093  0.830484  0.600697  0.250189  0.518212  4
8500  82218  0.249237  0.833747  0.599726  0.242928  0.471947  4
8600  81515  0.244778  0.839939  0.59788  0.245371  0.55647  4
8700  80733  0.244968  0.830086  0.597791  0.248695  0.56327  4
8800  81893  0.250982  0.830142  0.595707  0.250996  0.558741  4
8900  81299  0.246782  0.827975  0.595487  0.259399  0.546351  4
9000  81828  0.257072  0.833361  0.595545  0.264793  0.60895  4
9100  82398  0.26401  0.830016  0.593831  0.275066  0.660261  4
9200  80505  0.251772  0.831894  0.592976  0.273969  0.656304  4
9300  81542  0.25546  0.836118  0.593443  0.270824  0.648932  4
9400  79816  0.248001  0.827464  0.592484  0.268121  0.591881  4
9500  81268  0.252757  0.825799  0.593105  0.272629  0.525778  4
9600  79999  0.249704  0.819205  0.594289  0.29527  0.448171  4
9700  79933  0.251253  0.805179  0.593803  0.290683  0.361924  4
9800  80191  0.244699  0.812066  0.594561  0.294447  0.34828  4
9900  80573  0.253981  0.810828  0.59405  0.300179  0.406978  4
