t meta_n emi  mean_info  tr1  tr2  tr3  strategy
0  104827  0.1006  0.500904  0.900008  0.000781274  2.45088e-05  4
100  78418  0.182999  0.752552  0.67461  0.0977528  -0.00533208  4
200  79636  0.263383  0.793804  0.56772  0.16278  -0.0194891  4
300  80351  0.273613  0.798092  0.574959  0.204076  -0.0113762  4
400  79849  0.280607  0.793934  0.574435  0.241796  -0.0154436  4
500  80342  0.273464  0.788298  0.589277  0.26221  -0.00174511  4
600  80419  0.276199  0.774634  0.589203  0.289971  0.00556447  4
700  80602  0.274188  0.759603  0.587343  0.296  0.00461949  4
800  78875  0.261185  0.764588  0.596543  0.299823  -0.00626961  4
900  79610  0.260429  0.766253  0.596285  0.298882  -0.0364467  4
1000  79975  0.276217  0.760936  0.598423  0.31599  -0.0227647  4
1100  80310  0.272763  0.766069  0.598399  0.325892  -0.00441729  4
1200  79779  0.268342  0.757718  0.599166  0.327243  0.00357577  4
1300  80270  0.270284  0.759555  0.603611  0.33569  -0.0355807  4
1400  79952  0.261169  0.752928  0.601882  0.337268  -0.0364654  4
1500  80943  0.274025  0.74666  0.599798  0.348873  -0.0374318  4
1600  80385  0.266112  0.744601  0.59907  0.341081  -0.0328881  4
1700  79848  0.263001  0.753298  0.607978  0.36759  -0.0341819  4
1800  79764  0.264019  0.75548  0.606569  0.364648  -0.0346609  4
1900  80455  0.268186  0.746028  0.60007  0.352244  -0.020689  4
2000  80264  0.268304  0.755127  0.605005  0.355995  0.0100974  4
2100  80721  0.265503  0.747501  0.604539  0.352693  -0.0224564  4
2200  79732  0.263288  0.740465  0.600499  0.346994  0.00538617  4
2300  80027  0.264584  0.751654  0.602676  0.351055  0.0364377  4
2400  80846  0.263955  0.753432  0.596927  0.348108  0.00125315  4
2500  80234  0.261475  0.753443  0.594933  0.327983  0.0417303  4
2600  80724  0.269205  0.739961  0.592785  0.344083  0.0763717  4
2700  79946  0.264313  0.739759  0.589115  0.333377  0.0401193  4
2800  80217  0.267874  0.732708  0.590353  0.328044  0.0648196  4
2900  80564  0.267371  0.730652  0.584263  0.318931  0.0235871  4
3000  81213  0.270467  0.729886  0.591463  0.333324  0.0715287  4
3100  79333  0.256179  0.726994  0.596709  0.332641  0.0372159  4
3200  80820  0.26081  0.741307  0.591579  0.324985  -0.00397451  4
3300  81046  0.265455  0.739873  0.591083  0.32842  -0.00783071  4
3400  81031  0.261571  0.740632  0.594099  0.352401  0.0138688  4
3500  80199  0.266794  0.739795  0.599209  0.377159  0.0787224  4
3600  79546  0.263359  0.739642  0.60299  0.391681  0.079681  4
3700  80374  0.267599  0.735623  0.602986  0.382888  0.101531  4
3800  80485  0.268009  0.735872  0.603341  0.396141  0.113833  4
3900  80327  0.265833  0.732265  0.602806  0.394234  0.129146  4
4000  80434  0.26103  0.730401  0.605574  0.397456  0.157555  4
4100  80228  0.261294  0.726354  0.598752  0.394054  0.118022  4
4200  80775  0.258485  0.716231  0.603628  0.38572  0.127431  4
4300  79339  0.257573  0.709322  0.600962  0.386812  0.0926499  4
4400  80168  0.257334  0.70788  0.60419  0.398353  0.0920096  4
4500  81112  0.264824  0.706456  0.603968  0.393725  0.0971612  4
4600  80375  0.258658  0.699558  0.605173  0.396966  0.111284  4
4700  80526  0.25849  0.701948  0.607229  0.386707  0.120138  4
4800  80836  0.255196  0.706445  0.608059  0.396686  0.0832889  4
4900  80304  0.250924  0.69596  0.60682  0.401107  0.107599  4
5000  80622  0.260943  0.687498  0.602719  0.406686  0.109343  4
5100  80220  0.263437  0.684888  0.601791  0.408381  0.0550572  4
5200  79667  0.262229  0.686969  0.605973  0.421984  0.0239447  4
5300  81144  0.268707  0.684549  0.605464  0.437702  0.074395  4
5400  79834  0.259974  0.693999  0.608316  0.4286  0.0670488  4
5500  80589  0.265674  0.687275  0.608589  0.438784  0.11485  4
5600  79789  0.254657  0.671606  0.6087  0.43334  0.125783  4
5700  79852  0.251076  0.670473  0.610336  0.431469  0.179962  4
5800  79161  0.249274  0.663263  0.609814  0.443828  0.138523  4
5900  80373  0.262432  0.662478  0.613469  0.463263  0.12738  4
6000  79234  0.251565  0.668404  0.612224  0.458546  0.121848  4
6100  80792  0.261991  0.667078  0.613569  0.455112  0.148306  4
6200  80246  0.246777  0.672784  0.618351  0.452915  0.149556  4
6300  80284  0.252895  0.675186  0.615334  0.443687  0.093628  4
6400  79063  0.258381  0.671847  0.613486  0.433238  0.0825263  4
6500  80853  0.254531  0.679402  0.615478  0.430837  0.0922586  4
6600  80380  0.258411  0.660244  0.613843  0.446742  0.10996  4
6700  80179  0.254128  0.663616  0.614969  0.453542  0.0721963  4
6800  80859  0.257115  0.655724  0.615246  0.463506  0.0352909  4
6900  80246  0.255005  0.659958  0.619302  0.467519  0.0376553  4
7000  80045  0.253745  0.660409  0.620579  0.462985  0.0320176  4
7100  81143  0.249005  0.652453  0.625489  0.4855  0.00252293  4
7200  80541  0.254236  0.648487  0.62619  0.487261  0.0300017  4
7300  79964  0.245031  0.645455  0.626628  0.496004  0.00948801  4
7400  79829  0.248819  0.644262  0.62731  0.493488  -0.0490484  4
7500  79968  0.249875  0.64183  0.629186  0.507776  -0.0441665  4
7600  79472  0.243123  0.636417  0.626385  0.499108  -0.0596741  4
7700  80778  0.24529  0.631133  0.628548  0.49874  -0.099271  4
7800  79845  0.24856  0.634446  0.630781  0.509162  -0.0796813  4
7900  80479  0.251526  0.640278  0.631819  0.513792  -0.0508378  4
8000  79722  0.24244  0.636229  0.630214  0.516706  -0.0315956  4
8100  80233  0.251639  0.63501  0.635086  0.53821  -0.0647709  4
8200  80267  0.245283  0.625637  0.638389  0.547698  -0.0539272  4
8300  80092  0.249276  0.628855  0.637897  0.541325  -0.0350281  4
8400  79536  0.246714  0.631411  0.635307  0.539323  -0.0215133  4
8500  80569  0.250139  0.629158  0.636343  0.536837  -0.0436872  4
8600  80922  0.244547  0.631171  0.636764  0.531412  -0.0502916  4
8700  80119  0.23722  0.627116  0.635348  0.52168  -0.0180231  4
8800  80565  0.244708  0.633746  0.632522  0.528881  0.0529519  4
8900  79681  0.245351  0.632743  0.63742  0.533688  0.04473  4
9000  80936  0.248503  0.628774  0.636629  0.536958  0.075075  4
9100  80645  0.248461  0.629308  0.633732  0.534918  0.0828926  4
9200  79985  0.245075  0.627064  0.631692  0.537214  0.110102  4
9300  79031  0.239555  0.617682  0.634604  0.549179  0.136805  4
9400  80630  0.250454  0.618261  0.633072  0.550051  0.0907358  4
9500  79663  0.245893  0.621195  0.632092  0.538793  0.0657751  4
9600  80868  0.247189  0.614767  0.633728  0.545737  -0.00474076  4
9700  80123  0.248345  0.61749  0.631186  0.540078  0.0447733  4
9800  80832  0.248818  0.620985  0.632875  0.543466  0.121786  4
9900  80381  0.244017  0.615969  0.632996  0.558703  0.1229  4
