t meta_n emi  mean_info  tr1  tr2  tr3  strategy
0  104198  0.098984  0.500552  0.899991  0.00080685  -0.000102674  4
100  78495  0.180603  0.696495  0.657523  0.0777523  -0.00688293  4
200  79266  0.269967  0.713331  0.549402  0.13033  -0.0123543  4
300  79184  0.283337  0.697522  0.544439  0.186274  -0.0071795  4
400  78620  0.281536  0.687063  0.548387  0.223802  -0.0320086  4
500  78760  0.278969  0.677675  0.559256  0.25902  -0.0249723  4
600  78858  0.276598  0.670207  0.571211  0.301395  -0.0408569  4
700  78256  0.276517  0.667444  0.577289  0.341163  -0.0323327  4
800  79511  0.284936  0.663264  0.58292  0.365078  -0.0240378  4
900  79118  0.270827  0.635917  0.590387  0.381452  -0.0632785  4
1000  79917  0.284386  0.622863  0.593384  0.422596  -0.0622539  4
1100  80204  0.273815  0.612789  0.603184  0.42443  -0.0657473  4
1200  79453  0.274552  0.614118  0.600134  0.425093  -0.04488  4
1300  78945  0.276084  0.5961  0.596113  0.433544  -0.0300884  4
1400  78685  0.276563  0.585989  0.595293  0.427803  -0.0318745  4
1500  78109  0.271749  0.593575  0.597599  0.437346  -0.0238153  4
1600  78643  0.275211  0.574298  0.599072  0.450619  -0.0313228  4
1700  79046  0.273495  0.585184  0.598416  0.448652  0.0054845  4
1800  79296  0.270616  0.587652  0.605644  0.473734  0.0154577  4
1900  79367  0.281702  0.582744  0.607949  0.495897  0.0444413  4
2000  78711  0.279334  0.570583  0.612213  0.5035  0.0145512  4
2100  79353  0.278058  0.58001  0.614121  0.497713  0.00321634  4
2200  78356  0.270989  0.582804  0.61472  0.509093  -0.0542341  4
2300  80309  0.277383  0.576191  0.615756  0.502961  -0.0704273  4
2400  79240  0.273285  0.574995  0.615573  0.502817  -0.0879828  4
2500  78859  0.268934  0.583489  0.617503  0.504136  -0.063201  4
2600  78621  0.2581  0.579235  0.616157  0.504057  -0.111315  4
2700  79809  0.265266  0.573647  0.62283  0.525332  -0.158735  4
2800  80448  0.284731  0.571127  0.625896  0.540149  -0.134111  4
2900  80659  0.274231  0.57241  0.627241  0.53939  -0.124689  4
3000  80231  0.280184  0.569722  0.626794  0.545768  -0.170161  4
3100  79666  0.273469  0.562367  0.624536  0.534601  -0.135842  4
3200  78423  0.265498  0.560542  0.62377  0.532735  -0.115049  4
3300  80549  0.282478  0.567452  0.630022  0.560715  -0.124458  4
3400  79253  0.266898  0.567343  0.629271  0.561656  -0.159755  4
3500  79241  0.2613  0.562435  0.629347  0.564615  -0.195853  4
3600  78607  0.26732  0.5501  0.635069  0.573092  -0.248098  4
3700  79287  0.270544  0.543476  0.638997  0.599412  -0.253509  4
3800  79529  0.26294  0.552454  0.640997  0.597774  -0.235198  4
3900  79522  0.259933  0.562516  0.647756  0.607644  -0.285248  4
4000  80546  0.267204  0.556204  0.652038  0.634253  -0.339201  4
4100  79417  0.257521  0.546026  0.653546  0.634338  -0.366066  4
4200  79776  0.268312  0.54708  0.649044  0.631254  -0.368142  4
4300  80545  0.263842  0.541734  0.646978  0.622971  -0.390649  4
4400  80318  0.265182  0.544559  0.647254  0.622462  -0.375496  4
4500  80855  0.267649  0.538281  0.641594  0.609249  -0.377899  4
4600  79425  0.264596  0.533512  0.642653  0.622797  -0.399615  4
4700  79675  0.258149  0.527857  0.643084  0.622086  -0.411457  4
4800  79701  0.265835  0.529958  0.640416  0.622468  -0.398467  4
4900  80795  0.276987  0.52571  0.641633  0.629529  -0.418579  4
5000  80487  0.261861  0.524034  0.643229  0.639434  -0.365096  4
5100  80878  0.274906  0.523866  0.641067  0.628704  -0.343426  4
5200  78726  0.252038  0.524252  0.643304  0.629505  -0.335952  4
5300  80445  0.259218  0.52764  0.644714  0.630103  -0.347881  4
5400  78899  0.250358  0.526492  0.640793  0.623156  -0.298108  4
5500  80183  0.252264  0.519792  0.647303  0.641903  -0.250649  4
5600  79769  0.252279  0.528076  0.642597  0.643947  -0.30739  4
5700  79911  0.268405  0.524885  0.646723  0.659228  -0.260963  4
5800  80515  0.267317  0.5135  0.645104  0.664148  -0.215224  4
5900  80019  0.26371  0.516787  0.643734  0.664597  -0.186436  4
6000  78727  0.254138  0.510088  0.646945  0.662211  -0.141752  4
6100  79689  0.266378  0.516341  0.646727  0.664317  -0.186207  4
6200  79740  0.273746  0.515612  0.649189  0.661158  -0.201209  4
6300  80119  0.260347  0.511302  0.651573  0.667655  -0.236024  4
6400  79969  0.264394  0.500322  0.653866  0.679175  -0.253929  4
6500  80067  0.266727  0.501361  0.655597  0.6891  -0.258496  4
6600  79410  0.257785  0.502648  0.655579  0.692324  -0.284194  4
6700  79532  0.265966  0.499214  0.657389  0.699114  -0.317731  4
6800  80287  0.256763  0.483721  0.660925  0.699693  -0.300219  4
6900  79639  0.257167  0.486631  0.665225  0.704575  -0.272852  4
7000  80404  0.260951  0.491871  0.664928  0.709219  -0.289475  4
7100  80275  0.259142  0.493049  0.662122  0.709831  -0.221195  4
7200  80571  0.265008  0.48999  0.661742  0.706077  -0.225269  4
7300  79525  0.257044  0.497852  0.663414  0.701141  -0.223718  4
7400  81065  0.266186  0.498972  0.662911  0.700335  -0.204204  4
7500  79472  0.251738  0.501646  0.66492  0.712229  -0.20844  4
7600  80940  0.272405  0.487982  0.662762  0.71105  -0.189707  4
7700  79645  0.265429  0.492692  0.66229  0.702462  -0.204539  4
7800  79737  0.256507  0.498544  0.661181  0.705387  -0.260555  4
7900  79205  0.261733  0.502326  0.659485  0.700965  -0.239679  4
8000  79408  0.26024  0.500455  0.665393  0.713332  -0.229736  4
8100  80171  0.264265  0.491266  0.666141  0.721729  -0.223374  4
8200  79608  0.255586  0.485821  0.663905  0.722371  -0.232442  4
8300  79550  0.260343  0.49492  0.663661  0.717015  -0.290558  4
8400  79551  0.262511  0.493132  0.663266  0.718345  -0.254832  4
8500  81242  0.26842  0.487936  0.669039  0.732631  -0.239748  4
8600  79699  0.265462  0.48197  0.673456  0.740936  -0.256517  4
8700  79333  0.260904  0.474239  0.677988  0.754497  -0.264095  4
8800  80228  0.265348  0.469602  0.674361  0.753684  -0.282322  4
8900  79257  0.256837  0.469967  0.672349  0.745699  -0.278148  4
9000  80556  0.262917  0.46696  0.677696  0.750401  -0.301976  4
9100  79371  0.261887  0.465022  0.680616  0.76124  -0.320549  4
9200  79243  0.252093  0.463316  0.681848  0.766343  -0.346161  4
9300  79948  0.268108  0.458694  0.683334  0.772367  -0.342571  4
9400  79923  0.264864  0.459879  0.685464  0.777487  -0.399698  4
9500  79911  0.258001  0.459616  0.686161  0.773554  -0.444271  4
9600  79939  0.255053  0.458141  0.690081  0.780777  -0.460217  4
9700  80207  0.263926  0.460605  0.688434  0.778245  -0.426782  4
9800  79365  0.258336  0.463871  0.691923  0.782806  -0.415046  4
9900  79787  0.259596  0.46276  0.69311  0.791807  -0.423217  4
