t meta_n emi  mean_info  tr1  tr2  tr3  strategy
0  103133  0.099024  0.496006  0.900021  0.000755923  8.20129e-06  4
100  75692  0.182439  0.446768  0.61741  0.0804951  0.00253859  4
200  76208  0.280342  0.322508  0.49079  0.146539  0.0112279  4
300  76253  0.300761  0.239235  0.473945  0.206297  0.0116581  4
400  76788  0.316482  0.199828  0.461959  0.234068  -0.0067483  4
500  76687  0.33731  0.176099  0.456691  0.274907  -0.00267918  4
600  77079  0.33846  0.16404  0.460093  0.309564  -0.0115087  4
700  76263  0.338271  0.167883  0.477383  0.363814  0.0102116  4
800  76474  0.349827  0.159001  0.477633  0.385152  0.0605436  4
900  76128  0.339765  0.154114  0.493432  0.415474  0.0860869  4
1000  76408  0.334975  0.146945  0.504226  0.451905  0.0484665  4
1100  76172  0.328916  0.156219  0.523842  0.481253  0.0744309  4
1200  77910  0.330819  0.161558  0.536485  0.518575  0.0330716  4
1300  76293  0.330562  0.16524  0.535324  0.518943  0.0629105  4
1400  76365  0.329367  0.158457  0.538376  0.531027  0.0236433  4
1500  77007  0.335896  0.160861  0.542534  0.554938  0.00642966  4
1600  77550  0.342042  0.178425  0.557005  0.58944  -0.0186787  4
1700  77467  0.32101  0.174098  0.576617  0.620622  0.0106486  4
1800  77035  0.325291  0.180073  0.579273  0.634725  -0.00614735  4
1900  78312  0.332042  0.17631  0.578941  0.626056  0.00119961  4
2000  77524  0.321688  0.176862  0.581867  0.631132  -0.000585093  4
2100  77937  0.323008  0.168167  0.589299  0.645678  -0.0131154  4
2200  77498  0.317005  0.164648  0.585991  0.637599  -0.0143541  4
2300  76650  0.321434  0.150051  0.587096  0.653132  -0.0622725  4
2400  76537  0.323847  0.147029  0.584806  0.655902  -0.0823506  4
2500  77437  0.312105  0.154264  0.596506  0.688682  -0.128956  4
2600  76585  0.320352  0.162765  0.60621  0.714177  -0.143104  4
2700  76940  0.319844  0.158611  0.612384  0.725472  -0.12718  4
2800  76969  0.322736  0.162732  0.613988  0.719375  -0.116085  4
2900  77162  0.319416  0.15358  0.613111  0.719892  -0.147038  4
3000  77199  0.319481  0.161714  0.607061  0.700132  -0.133895  4
3100  76608  0.311679  0.161582  0.606667  0.706326  -0.113099  4
3200  78807  0.321693  0.165624  0.613379  0.715711  -0.11534  4
3300  78035  0.319126  0.165929  0.619376  0.728112  -0.131591  4
3400  78508  0.322311  0.173808  0.617489  0.733132  -0.0382469  4
3500  76750  0.316405  0.175713  0.620571  0.751045  -0.0406795  4
3600  77488  0.326491  0.16147  0.61983  0.751307  -0.00733851  4
3700  77322  0.31572  0.164679  0.61595  0.740942  0.0434058  4
3800  78165  0.32389  0.160227  0.607538  0.724538  0.0474761  4
3900  77169  0.318892  0.177721  0.616136  0.729765  0.0853415  4
4000  76595  0.318197  0.17879  0.609523  0.70046  0.0529441  4
4100  76866  0.314745  0.180653  0.614437  0.716477  0.0393098  4
4200  77353  0.319867  0.182702  0.619105  0.730166  -0.0127548  4
4300  77779  0.331212  0.172114  0.616471  0.718222  0.0448496  4
4400  77932  0.328579  0.170428  0.622855  0.733641  0.0633904  4
4500  77931  0.322138  0.18002  0.635063  0.760907  0.0776703  4
4600  76863  0.316605  0.173047  0.636111  0.772738  0.0649728  4
4700  78230  0.324243  0.168263  0.634451  0.767233  0.0159392  4
4800  77221  0.334303  0.173423  0.64753  0.807507  0.0257425  4
4900  77202  0.312066  0.171272  0.656486  0.820145  0.0142981  4
5000  77716  0.31678  0.171883  0.65991  0.83256  -0.0538091  4
5100  78273  0.319215  0.166305  0.660164  0.827842  -0.00587747  4
5200  77387  0.324468  0.175236  0.670876  0.842142  -0.0941406  4
5300  77749  0.323995  0.172376  0.677584  0.851813  -0.0500103  4
5400  77905  0.312506  0.168753  0.670835  0.828529  0.0140728  4
5500  78333  0.314456  0.170167  0.672398  0.83414  -0.0639137  4
5600  78037  0.319742  0.175386  0.673798  0.833686  -0.121335  4
5700  77291  0.313313  0.172141  0.676242  0.837777  -0.113958  4
5800  77407  0.312199  0.169343  0.673302  0.826979  -0.179982  4
5900  77730  0.310864  0.175084  0.675503  0.835649  -0.242631  4
6000  77045  0.303804  0.171664  0.672721  0.828266  -0.201053  4
6100  77593  0.31636  0.17967  0.677241  0.839014  -0.243297  4
6200  77981  0.308428  0.176664  0.680749  0.839896  -0.244232  4
6300  77434  0.304995  0.172943  0.682922  0.848091  -0.253193  4
6400  77282  0.300737  0.179648  0.685051  0.850604  -0.263689  4
6500  78672  0.318253  0.175456  0.684977  0.847827  -0.244232  4
6600  77828  0.305024  0.167777  0.683512  0.841892  -0.209901  4
6700  77936  0.306128  0.167005  0.680286  0.838402  -0.135406  4
6800  78382  0.313269  0.164472  0.674204  0.822898  -0.111116  4
6900  77103  0.305945  0.164719  0.676752  0.83056  -0.103924  4
7000  76923  0.310858  0.165087  0.679896  0.834218  -0.0902185  4
7100  78293  0.308311  0.165832  0.684202  0.836965  -0.152826  4
7200  76753  0.308363  0.164738  0.68138  0.832593  -0.133335  4
7300  77245  0.305791  0.173941  0.686822  0.843088  -0.207348  4
7400  77721  0.313968  0.180148  0.688731  0.850511  -0.132928  4
7500  76960  0.310477  0.173792  0.686329  0.843543  -0.115605  4
7600  77441  0.303631  0.162681  0.6856  0.848568  -0.144255  4
7700  77815  0.317227  0.16764  0.684763  0.848456  -0.147188  4
7800  77097  0.317129  0.163971  0.684274  0.854037  -0.0742914  4
7900  78086  0.31326  0.167507  0.685817  0.858811  -0.0969721  4
8000  78953  0.316108  0.163218  0.679386  0.840056  -0.0699013  4
8100  77897  0.310105  0.163879  0.677992  0.841029  -0.0106584  4
8200  77700  0.314177  0.155342  0.670085  0.815015  0.028149  4
8300  79408  0.307415  0.15662  0.67198  0.817895  0.0375795  4
8400  77962  0.314496  0.169605  0.67923  0.832684  0.0170158  4
8500  76353  0.305558  0.171548  0.679935  0.832812  -0.0125999  4
8600  77380  0.310447  0.163468  0.685873  0.847123  -0.0376467  4
8700  77149  0.30614  0.163098  0.689456  0.856437  -0.0042293  4
8800  77615  0.305841  0.167194  0.686914  0.85014  -0.000395664  4
8900  77342  0.313778  0.167844  0.696643  0.875909  -0.0280572  4
9000  77396  0.301195  0.16312  0.69417  0.869089  -0.0645094  4
9100  77921  0.311115  0.167434  0.69235  0.871433  -0.0327611  4
9200  78752  0.308258  0.17536  0.70544  0.90637  -0.0775182  4
9300  79812  0.326851  0.167659  0.705447  0.91043  -0.140844  4
9400  77480  0.321807  0.169932  0.709404  0.918103  -0.123591  4
9500  77225  0.30767  0.165991  0.715661  0.933492  -0.149341  4
9600  77418  0.319296  0.165091  0.719259  0.940603  -0.083913  4
9700  78180  0.316894  0.16826  0.722445  0.950517  -0.133407  4
9800  77115  0.307672  0.16236  0.724199  0.958386  -0.105416  4
9900  78021  0.313872  0.158822  0.727123  0.962943  -0.153775  4
