t meta_n emi  mean_info  tr1  tr2  tr3  strategy
0  103085  0.099424  0.495862  0.9  0.000792664  -0.000113369  4
100  74068  0.17675  0.346258  0.609813  0.0802897  0.00819656  4
200  75368  0.289658  0.19314  0.469325  0.151958  0.00207203  4
300  74942  0.319799  0.133476  0.441215  0.196752  0.00736884  4
400  76198  0.340257  0.0986918  0.43209  0.240839  0.0344013  4
500  76656  0.351206  0.0809685  0.423275  0.268865  0.0288649  4
600  75072  0.353998  0.0722672  0.424748  0.295357  0.0155767  4
700  75503  0.359679  0.0709917  0.422892  0.289054  -0.0106164  4
800  77314  0.36596  0.0682743  0.415215  0.292592  -0.00200506  4
900  77034  0.373628  0.0656944  0.416652  0.295343  0.0568078  4
1000  76584  0.373415  0.0666493  0.412995  0.300967  0.10318  4
1100  75989  0.361556  0.0612335  0.420172  0.311351  0.10643  4
1200  75965  0.377737  0.0593358  0.419257  0.329553  0.0889946  4
1300  77070  0.361208  0.0564988  0.425371  0.322419  0.0924718  4
1400  76906  0.358133  0.056076  0.429656  0.341922  0.0073611  4
1500  75745  0.360065  0.0526512  0.430521  0.347428  -0.00846846  4
1600  76393  0.364228  0.0573872  0.431  0.360753  -0.0244324  4
1700  76778  0.353684  0.057688  0.443995  0.368976  0.000666868  4
1800  76007  0.353404  0.0544731  0.443352  0.362217  -0.0427424  4
1900  76293  0.354529  0.0543474  0.439338  0.355417  -0.0955085  4
2000  76545  0.360024  0.0537251  0.441329  0.371126  -0.146088  4
2100  77076  0.347431  0.0497334  0.446238  0.370323  -0.171651  4
2200  77365  0.358601  0.049306  0.4461  0.382364  -0.163023  4
2300  76991  0.352093  0.0444538  0.444743  0.366628  -0.138702  4
2400  75741  0.357732  0.0455183  0.437158  0.36356  -0.131125  4
2500  76897  0.351191  0.0478176  0.442668  0.368513  -0.140699  4
2600  76477  0.346462  0.0496072  0.444211  0.366085  -0.153033  4
2700  76090  0.345077  0.0432676  0.440168  0.349145  -0.106918  4
2800  76897  0.354612  0.0421204  0.4329  0.354114  -0.0900966  4
2900  76192  0.356386  0.0352271  0.439033  0.370166  -0.109431  4
3000  75732  0.357213  0.0347486  0.43129  0.351088  -0.0174439  4
3100  76318  0.350309  0.0359987  0.43417  0.355234  -0.0280327  4
3200  76285  0.353682  0.0349426  0.439305  0.368913  -0.0212699  4
3300  76753  0.356599  0.0383659  0.436136  0.356553  -0.0265207  4
3400  77120  0.359035  0.0332361  0.43475  0.362638  -0.0475391  4
3500  75854  0.355505  0.0334375  0.429554  0.344054  -0.124059  4
3600  76311  0.347041  0.0371894  0.436022  0.356398  -0.109137  4
3700  77159  0.359595  0.0326585  0.43606  0.359329  -0.10426  4
3800  75937  0.357672  0.0293154  0.431872  0.360214  -0.10703  4
3900  76803  0.361369  0.0286531  0.429888  0.345773  -0.102672  4
4000  75907  0.359874  0.0275372  0.422683  0.329216  -0.154352  4
4100  76502  0.358666  0.0240464  0.419358  0.317695  -0.0769702  4
4200  76135  0.353325  0.0247182  0.420805  0.315393  -0.0186888  4
4300  76522  0.358782  0.0318905  0.421733  0.310684  0.00927735  4
4400  76410  0.358456  0.026738  0.414226  0.278078  0.00437647  4
4500  76832  0.358231  0.0241007  0.40707  0.258587  -0.045956  4
4600  76504  0.354327  0.0249603  0.403691  0.248923  -0.048376  4
4700  77192  0.359474  0.022121  0.407225  0.268857  -0.0677734  4
4800  76231  0.354273  0.0211152  0.399569  0.250655  -0.0356461  4
4900  76837  0.359109  0.0203339  0.400228  0.23973  -0.0198375  4
5000  76405  0.363707  0.0194234  0.396125  0.23731  -0.0423744  4
5100  77647  0.363209  0.0197593  0.398636  0.231216  0.00978643  4
5200  76177  0.356667  0.0196351  0.400864  0.241342  0.0110627  4
5300  76908  0.357819  0.0191854  0.396336  0.231651  -0.0277491  4
5400  76845  0.360482  0.0199882  0.399896  0.236562  -0.0340504  4
5500  76619  0.357005  0.0203459  0.398133  0.231892  -0.0381447  4
5600  76540  0.359432  0.0181571  0.393161  0.224004  -0.0462663  4
5700  76652  0.357656  0.0204087  0.398492  0.24057  -0.0173598  4
5800  76450  0.352176  0.0185745  0.3903  0.212161  -0.00190006  4
5900  77369  0.364951  0.016946  0.386535  0.20259  0.0167747  4
6000  76948  0.358444  0.0150556  0.385116  0.191954  -0.0824699  4
6100  76392  0.36074  0.0137485  0.383506  0.187789  -0.0334028  4
6200  77425  0.35907  0.0141356  0.384014  0.182443  -0.0396572  4
6300  77515  0.353983  0.0131944  0.384966  0.171989  0.0628847  4
6400  77645  0.36126  0.0117028  0.386103  0.189211  0.108904  4
6500  75166  0.354115  0.0112022  0.387654  0.184921  0.0942514  4
6600  77248  0.353754  0.0102248  0.384946  0.179788  0.160855  4
6700  75565  0.353697  0.00804384  0.383799  0.181095  0.185058  4
6800  76593  0.354894  0.00831478  0.380625  0.177728  0.158374  4
6900  76417  0.357184  0.011082  0.381738  0.183064  0.1226  4
7000  76797  0.355242  0.01167  0.383075  0.184913  0.0599005  4
7100  76331  0.359381  0.0106469  0.381106  0.177423  0.0578735  4
7200  77128  0.355006  0.0125311  0.380601  0.171279  0.0284483  4
7300  76646  0.350256  0.0125596  0.380502  0.164445  0.00214675  4
7400  76686  0.354966  0.0111028  0.379653  0.162239  0.0521162  4
7500  76716  0.354066  0.00863576  0.375782  0.148517  0.04468  4
7600  76303  0.348683  0.00680605  0.376912  0.146504  0.0450439  4
7700  77774  0.356069  0.00737315  0.379905  0.162234  0.0230658  4
7800  75222  0.341904  0.0076821  0.382163  0.169925  0.00916208  4
7900  77375  0.354897  0.00619404  0.382594  0.173605  -0.0147143  4
8000  76826  0.346826  0.00573045  0.384216  0.185879  -0.0713967  4
8100  77046  0.347018  0.00350568  0.382327  0.189141  -0.0726207  4
8200  76318  0.352242  0.00449059  0.382439  0.199013  -0.137034  4
8300  76893  0.351999  0.00511461  0.383609  0.191608  -0.163897  4
8400  77460  0.351283  0.00463978  0.383364  0.186304  -0.169035  4
8500  77079  0.352088  0.00550286  0.384401  0.198634  -0.158915  4
8600  76422  0.350965  0.00587151  0.383758  0.205398  -0.170967  4
8700  77044  0.346269  0.00536431  0.386314  0.210447  -0.176779  4
8800  77425  0.344157  0.00387875  0.386936  0.213187  -0.15577  4
8900  78321  0.358151  0.00409961  0.388054  0.22464  -0.116561  4
9000  76865  0.350111  0.00359196  0.387363  0.213202  -0.0973538  4
9100  77331  0.347879  0.00541515  0.387781  0.215917  -0.186484  4
9200  76226  0.352875  0.00454885  0.389571  0.228609  -0.176767  4
9300  76564  0.350749  0.00417653  0.390172  0.236331  -0.23389  4
9400  76272  0.353394  0.00432136  0.387681  0.233727  -0.26652  4
9500  76045  0.354172  0.00238706  0.389822  0.24384  -0.34438  4
9600  76744  0.355264  0.00329415  0.391248  0.256236  -0.366027  4
9700  76930  0.357046  0.00279294  0.390293  0.248105  -0.382409  4
9800  77146  0.353852  0.00288663  0.391121  0.254958  -0.45244  4
9900  76756  0.355469  0.00198218  0.393071  0.260881  -0.46681  4
