t meta_n emi  mean_info  tr1  tr2  tr3  strategy
0  105329  0.100456  0.494991  0.9  0.00086571  6.61241e-05  4
100  76319  0.187307  0.543776  0.626246  0.0825937  0.000890768  4
200  76548  0.270037  0.445191  0.50926  0.134633  0.00509462  4
300  77170  0.291585  0.348652  0.486298  0.171712  0.0179664  4
400  76067  0.301673  0.317269  0.47885  0.210718  0.00367234  4
500  76835  0.311883  0.280629  0.482198  0.244114  0.0119258  4
600  76302  0.319694  0.27357  0.482272  0.292097  0.0264291  4
700  77079  0.328141  0.265009  0.48561  0.330097  0.00844424  4
800  77744  0.321957  0.261769  0.494915  0.368078  -0.0238573  4
900  77578  0.32563  0.258463  0.507152  0.420984  -0.0292977  4
1000  77101  0.33178  0.261682  0.521279  0.458518  -0.0578395  4
1100  78710  0.324592  0.256704  0.533117  0.483372  -0.0653532  4
1200  77243  0.3156  0.261829  0.541678  0.484075  -0.0511553  4
1300  78073  0.314703  0.270489  0.549357  0.493681  -0.0503129  4
1400  77334  0.314133  0.263702  0.569298  0.548828  -0.0544265  4
1500  77741  0.301691  0.270924  0.585748  0.582936  -0.0637959  4
1600  77289  0.311512  0.270945  0.590931  0.616857  -0.0327424  4
1700  77851  0.303859  0.272567  0.60776  0.6413  0.0111987  4
1800  78826  0.314686  0.26274  0.617412  0.658514  0.0148805  4
1900  76919  0.299231  0.27686  0.622012  0.675153  0.0840344  4
2000  77642  0.302906  0.265655  0.618482  0.670647  0.0851431  4
2100  77798  0.308591  0.274059  0.62424  0.688849  0.094458  4
2200  77313  0.301085  0.269147  0.633638  0.717934  0.095782  4
2300  77739  0.303851  0.26347  0.627035  0.706299  0.0468202  4
2400  77934  0.314804  0.268017  0.633659  0.726042  0.0247646  4
2500  77801  0.308289  0.259097  0.629147  0.711384  0.04178  4
2600  78539  0.312628  0.24822  0.619563  0.696245  0.0219422  4
2700  78494  0.318206  0.256562  0.632925  0.733162  -0.00505945  4
2800  77892  0.304179  0.261626  0.64738  0.762913  -0.0223862  4
2900  77991  0.310733  0.259283  0.658318  0.776037  0.00125527  4
3000  78725  0.302136  0.258505  0.667966  0.79302  0.0734595  4
3100  78126  0.300765  0.264314  0.671274  0.798133  0.0599412  4
3200  76841  0.291778  0.256791  0.671407  0.81174  0.0828866  4
3300  78962  0.309647  0.254801  0.678197  0.830688  0.101256  4
3400  78350  0.299281  0.254082  0.684916  0.84029  0.071881  4
3500  78780  0.302621  0.250623  0.686698  0.854017  0.0836494  4
3600  76818  0.303051  0.240911  0.689545  0.865281  0.0706525  4
3700  77286  0.294275  0.25692  0.69544  0.873467  0.0341602  4
3800  78188  0.304987  0.248814  0.693225  0.873671  0.0329788  4
3900  78601  0.301718  0.256318  0.692657  0.877773  0.0913188  4
4000  79076  0.307109  0.254804  0.697886  0.876037  0.1141  4
4100  78101  0.300274  0.257251  0.695306  0.872819  0.147018  4
4200  78514  0.296909  0.26374  0.705055  0.883821  0.135691  4
4300  79264  0.291077  0.268509  0.71842  0.909108  0.185255  4
4400  78375  0.300223  0.267729  0.720847  0.919985  0.176346  4
4500  78473  0.300164  0.261392  0.727378  0.93097  0.175927  4
4600  78085  0.287896  0.256529  0.734641  0.945048  0.195081  4
4700  78196  0.295159  0.257128  0.736657  0.944065  0.179408  4
4800  77709  0.282374  0.257368  0.737166  0.944807  0.137865  4
4900  78210  0.287421  0.260416  0.738117  0.948693  0.190847  4
5000  77763  0.284515  0.259775  0.740003  0.950362  0.188507  4
5100  78104  0.287181  0.257862  0.743784  0.95448  0.197271  4
5200  79349  0.305257  0.251697  0.742247  0.956224  0.171822  4
5300  77994  0.287096  0.244338  0.741005  0.958854  0.175138  4
5400  79489  0.307206  0.244479  0.74121  0.965678  0.228412  4
5500  79011  0.311039  0.240634  0.741866  0.965543  0.256413  4
5600  78506  0.297665  0.24413  0.743927  0.966195  0.2699  4
5700  78345  0.299205  0.249936  0.748576  0.972627  0.214552  4
5800  78657  0.303155  0.254785  0.749028  0.972024  0.12244  4
5900  78982  0.298712  0.243319  0.747727  0.969229  0.164717  4
6000  79313  0.298543  0.241167  0.748854  0.974055  0.233767  4
6100  78432  0.30401  0.253883  0.749636  0.97459  0.209384  4
6200  77974  0.296694  0.255381  0.750584  0.972945  0.143571  4
6300  79779  0.304024  0.26223  0.750933  0.974594  0.14018  4
6400  79416  0.301615  0.252178  0.752617  0.97821  0.192179  4
6500  79490  0.293566  0.249156  0.755064  0.9781  0.18285  4
6600  79203  0.291253  0.258666  0.75356  0.977181  0.0962911  4
6700  78011  0.298288  0.251859  0.752934  0.97644  0.0747503  4
6800  78841  0.296425  0.248049  0.751723  0.977078  0.109485  4
6900  78288  0.2895  0.243716  0.752248  0.97588  0.0701317  4
7000  78362  0.293  0.241958  0.751428  0.97703  0.015066  4
7100  78860  0.291943  0.245303  0.751208  0.975149  0.0210599  4
7200  78831  0.291846  0.240264  0.752667  0.977694  0.0372294  4
7300  77894  0.29008  0.244943  0.755858  0.980728  -0.044827  4
7400  78665  0.287369  0.245974  0.758603  0.983849  -0.0595387  4
7500  79784  0.294772  0.239664  0.758707  0.984704  0.0287881  4
7600  78004  0.294273  0.245075  0.761984  0.988911  -0.00133955  4
7700  78864  0.300989  0.247575  0.760791  0.988031  -0.053368  4
7800  78319  0.295915  0.249591  0.761953  0.990207  -0.0169755  4
7900  78007  0.291798  0.251621  0.765297  0.993079  -0.0741655  4
8000  79261  0.301022  0.249701  0.76272  0.992713  0.037012  4
8100  77848  0.29482  0.243795  0.764546  0.993954  0.116254  4
8200  79770  0.302531  0.248641  0.76455  0.994972  0.118102  4
8300  78648  0.289752  0.252277  0.766297  0.99469  0.0691911  4
8400  78638  0.300944  0.252387  0.766904  0.994492  0.0134193  4
8500  77795  0.285566  0.25479  0.766245  0.994856  0.013925  4
8600  77163  0.288445  0.251416  0.766581  0.996074  0.0184794  4
8700  78255  0.287753  0.240725  0.765813  0.996533  0.0460558  4
8800  77542  0.288532  0.237967  0.766728  0.996373  0.0661655  4
8900  77435  0.286581  0.246394  0.767807  0.996419  0.0357999  4
9000  78167  0.296962  0.246107  0.767386  0.997389  0.0297653  4
9100  76706  0.286708  0.243641  0.766953  0.996633  -0.0112427  4
9200  77085  0.284199  0.243215  0.767738  0.995657  -0.0438529  4
9300  78588  0.295868  0.247322  0.76745  0.996392  -0.0211075  4
9400  78415  0.292929  0.249771  0.768401  0.997332  -0.042099  4
9500  79129  0.293933  0.246481  0.769127  0.997471  -0.0122285  4
9600  78585  0.301755  0.242505  0.768935  0.996917  0.0237944  4
9700  79036  0.296976  0.242149  0.76832  0.996861  0.107385  4
9800  77412  0.286823  0.243517  0.768318  0.997087  0.127965  4
9900  78596  0.295242  0.253026  0.768184  0.996733  0.0720434  4
