t meta_n emi  mean_info  tr1  tr2  tr3  strategy
0  103772  0.100824  0.498252  0.900046  0.000862639  4.8635e-05  4
100  76824  0.172352  0.621847  0.657537  0.084218  0.0143327  4
200  78057  0.274673  0.57328  0.530178  0.133906  0.0298863  4
300  78079  0.287054  0.52465  0.515044  0.176977  0.0349375  4
400  77412  0.294324  0.479634  0.509406  0.21888  0.0237975  4
500  77462  0.291638  0.44293  0.51601  0.26298  -0.00498901  4
600  77679  0.306935  0.429445  0.517628  0.30323  -0.00983049  4
700  77057  0.296887  0.406951  0.525179  0.329791  0.00749832  4
800  77437  0.295316  0.397633  0.539632  0.367474  0.0261194  4
900  77997  0.302696  0.385291  0.541251  0.410657  0.033779  4
1000  77969  0.299457  0.402938  0.561662  0.453855  0.0254923  4
1100  77908  0.3067  0.40782  0.570812  0.487522  0.0821047  4
1200  78000  0.299704  0.403493  0.592736  0.538565  0.0837759  4
1300  78460  0.298831  0.393216  0.600091  0.568206  0.0740219  4
1400  78746  0.300262  0.379239  0.617478  0.611426  0.0981218  4
1500  78551  0.301471  0.367176  0.628219  0.649128  0.120813  4
1600  78672  0.290917  0.366805  0.637346  0.677408  0.173633  4
1700  77596  0.284887  0.369783  0.64874  0.68869  0.162007  4
1800  79250  0.29158  0.36974  0.655061  0.717107  0.148107  4
1900  77608  0.290414  0.367661  0.65879  0.728648  0.134342  4
2000  78377  0.28432  0.370874  0.657842  0.718248  0.149636  4
2100  78858  0.290474  0.379088  0.670906  0.744178  0.164405  4
2200  78111  0.288156  0.359258  0.666216  0.746528  0.147065  4
2300  78866  0.286343  0.358556  0.672306  0.76345  0.112085  4
2400  77829  0.288037  0.361861  0.67946  0.778576  0.0960872  4
2500  78033  0.285325  0.364748  0.67978  0.782821  0.0959067  4
2600  78576  0.29304  0.370562  0.681787  0.791329  0.0695267  4
2700  78567  0.291578  0.364522  0.681519  0.780662  0.0895613  4
2800  78886  0.28411  0.365741  0.680257  0.776243  0.0439898  4
2900  78703  0.286118  0.357396  0.694313  0.805932  -0.0331259  4
3000  78349  0.284806  0.351075  0.693062  0.804165  -0.0531856  4
3100  77540  0.277864  0.356132  0.699442  0.815915  -0.045659  4
3200  78823  0.275842  0.356432  0.697768  0.821825  -0.0262558  4
3300  77350  0.285243  0.342017  0.706672  0.840866  0.0209114  4
3400  78247  0.270881  0.347558  0.717513  0.858091  -0.0160474  4
3500  78843  0.276019  0.347621  0.717006  0.85629  -0.050375  4
3600  79611  0.287062  0.343836  0.71436  0.860182  0.00569389  4
3700  78711  0.295917  0.33858  0.710537  0.862431  -0.0425137  4
3800  79528  0.280483  0.343654  0.718389  0.869367  -0.0789538  4
3900  78880  0.283661  0.339274  0.722234  0.873671  -0.103652  4
4000  79304  0.278185  0.32994  0.727667  0.896716  -0.08884  4
4100  78057  0.279379  0.332769  0.734772  0.907259  -0.0592697  4
4200  78912  0.276076  0.334214  0.739218  0.905236  -0.0980205  4
4300  79267  0.276475  0.340934  0.745168  0.921764  -0.0466226  4
4400  78584  0.26887  0.328247  0.747962  0.923002  -0.0496778  4
4500  78299  0.271194  0.33267  0.746797  0.925096  -0.0104609  4
4600  78708  0.268979  0.349974  0.751508  0.932298  -0.00458074  4
4700  79142  0.285907  0.341812  0.756905  0.941959  -0.00437781  4
4800  78926  0.278923  0.332269  0.757096  0.947073  0.0935159  4
4900  79357  0.279141  0.335507  0.760926  0.949598  0.052859  4
5000  79492  0.280335  0.33376  0.763163  0.95316  0.0500124  4
5100  78755  0.266224  0.334205  0.767229  0.958865  0.0902084  4
5200  79839  0.278725  0.329708  0.764356  0.962613  0.12606  4
5300  79103  0.262029  0.326234  0.765295  0.959113  0.0992139  4
5400  78981  0.281706  0.323572  0.763344  0.95585  0.0789637  4
5500  79479  0.279755  0.322001  0.758478  0.953348  0.00886309  4
5600  79028  0.276611  0.31759  0.760051  0.951973  0.0494432  4
5700  79392  0.280329  0.323741  0.765835  0.958811  0.0553151  4
5800  78872  0.284882  0.317604  0.763595  0.961342  0.0248296  4
5900  78936  0.281274  0.326824  0.768727  0.965967  0.0233596  4
6000  77830  0.275246  0.324055  0.769276  0.9649  0.0121356  4
6100  79004  0.278538  0.319398  0.769298  0.966851  -0.0165642  4
6200  79023  0.267764  0.321304  0.7698  0.965241  0.0826157  4
6300  79397  0.278462  0.325664  0.771357  0.968791  0.128007  4
6400  78675  0.280463  0.320929  0.770505  0.968627  0.128  4
6500  78516  0.26733  0.320917  0.770213  0.971246  0.142415  4
6600  79880  0.275733  0.321947  0.77433  0.973402  0.0925436  4
6700  79513  0.279413  0.322176  0.773936  0.974562  0.0722956  4
6800  78530  0.276215  0.326296  0.775994  0.978534  0.0897945  4
6900  78420  0.270097  0.324803  0.77799  0.982511  0.0805929  4
7000  79442  0.277958  0.328223  0.781382  0.984  0.0837846  4
7100  79639  0.278819  0.325075  0.779817  0.985061  0.0188593  4
7200  78491  0.27888  0.328384  0.780286  0.98567  0.0635026  4
7300  78475  0.268405  0.320882  0.779822  0.983076  0.0930503  4
7400  79860  0.276543  0.32435  0.781044  0.984325  0.0968515  4
7500  78892  0.275364  0.319407  0.779736  0.984937  0.104509  4
7600  79185  0.277579  0.320993  0.781154  0.987148  0.103133  4
7700  78791  0.271458  0.31424  0.783615  0.989243  0.105672  4
7800  79089  0.272307  0.310051  0.785786  0.991211  0.125663  4
7900  79468  0.273431  0.315456  0.786703  0.989917  0.111129  4
8000  78603  0.278057  0.314488  0.786888  0.990599  0.0934051  4
8100  78038  0.264684  0.313132  0.787091  0.992013  0.120855  4
8200  78894  0.270519  0.311263  0.785188  0.992042  0.104047  4
8300  78691  0.271407  0.315363  0.787258  0.993425  0.0947435  4
8400  78522  0.27733  0.3243  0.787677  0.994172  0.152853  4
8500  79032  0.277635  0.317121  0.787536  0.99378  0.197984  4
8600  79768  0.278033  0.313204  0.787411  0.995073  0.139678  4
8700  79507  0.274719  0.314429  0.787102  0.994795  0.136262  4
8800  78974  0.286834  0.316668  0.786888  0.99592  0.110247  4
8900  78547  0.273044  0.317651  0.787654  0.995598  0.0994702  4
9000  79671  0.281122  0.318413  0.787378  0.995262  0.112667  4
9100  78699  0.271066  0.313309  0.78811  0.99666  0.108147  4
9200  78996  0.271429  0.309149  0.789523  0.995243  0.116554  4
9300  78586  0.273939  0.318737  0.7888  0.996344  0.111221  4
9400  78915  0.27152  0.324089  0.788925  0.996212  0.120039  4
9500  78891  0.273262  0.32734  0.790053  0.996123  0.12835  4
9600  79658  0.277864  0.321492  0.791069  0.995565  0.155459  4
9700  78496  0.273457  0.318002  0.79273  0.997119  0.167839  4
9800  78666  0.273208  0.323766  0.792296  0.997174  0.214081  4
9900  80276  0.280599  0.324482  0.792504  0.996808  0.224856  4
