t meta_n emi  mean_info  tr1  tr2  tr3  strategy
0  105478  0.099976  0.499517  0.899993  0.000778787  2.0595e-05  4
100  78619  0.182717  0.686455  0.664702  0.0980665  0.00486077  4
200  79345  0.263544  0.725459  0.562363  0.158704  0.0144741  4
300  78995  0.269915  0.745352  0.5585  0.1869  0.0138704  4
400  80035  0.281547  0.739777  0.561162  0.200751  0.00914788  4
500  80020  0.262536  0.752942  0.568688  0.212082  0.0068776  4
600  79212  0.273908  0.758431  0.568849  0.230558  0.00386364  4
700  79677  0.272607  0.758726  0.569527  0.246429  0.0147523  4
800  79624  0.275198  0.756278  0.571043  0.261054  0.0227339  4
900  79199  0.271564  0.758602  0.575725  0.270145  0.0177046  4
1000  79504  0.272375  0.753741  0.580238  0.285492  -0.018452  4
1100  79727  0.263707  0.760057  0.587216  0.303703  -0.0702349  4
1200  80591  0.276342  0.759893  0.587792  0.304072  -0.0530511  4
1300  80596  0.278596  0.764101  0.583517  0.319729  -0.06556  4
1400  79275  0.276401  0.749037  0.588694  0.333002  -0.0963493  4
1500  79850  0.272779  0.730694  0.588478  0.354648  -0.113643  4
1600  79966  0.274729  0.732171  0.586797  0.344742  -0.13816  4
1700  80123  0.268046  0.735134  0.590387  0.340833  -0.116707  4
1800  79742  0.280212  0.731124  0.589638  0.346797  -0.121801  4
1900  80413  0.273318  0.724827  0.598762  0.345025  -0.132996  4
2000  79100  0.261445  0.721482  0.60205  0.374243  -0.140293  4
2100  79665  0.26539  0.71114  0.597099  0.369016  -0.13303  4
2200  79112  0.268846  0.719232  0.59398  0.355444  -0.103486  4
2300  79721  0.264671  0.724704  0.601371  0.365452  -0.0856706  4
2400  80181  0.26683  0.73379  0.602585  0.365514  -0.109139  4
2500  80698  0.273923  0.735829  0.602239  0.374887  -0.115976  4
2600  79891  0.272989  0.723469  0.604669  0.3906  -0.0770889  4
2700  79244  0.264256  0.714737  0.605999  0.397126  -0.0476526  4
2800  78703  0.258403  0.726741  0.602689  0.391668  -0.0406638  4
2900  81254  0.26878  0.715032  0.603936  0.387003  -0.0063666  4
3000  79088  0.262874  0.715886  0.601061  0.385318  0.0215015  4
3100  79589  0.265494  0.72284  0.598437  0.36865  0.0184545  4
3200  81455  0.27177  0.7034  0.598509  0.377046  0.0355532  4
3300  79611  0.261041  0.703786  0.602483  0.369552  0.0424432  4
3400  79307  0.259224  0.707074  0.599633  0.369827  0.0614549  4
3500  79520  0.260689  0.702168  0.600812  0.376432  0.0553146  4
3600  80369  0.2558  0.688071  0.599869  0.376153  0.0699496  4
3700  80071  0.268343  0.674016  0.600844  0.372859  0.128496  4
3800  79381  0.258824  0.694246  0.601168  0.373023  0.100246  4
3900  80251  0.2664  0.692152  0.606315  0.392339  0.124602  4
4000  80995  0.268051  0.692861  0.607963  0.405079  0.0731455  4
4100  79256  0.256901  0.682272  0.613067  0.414054  0.0278553  4
4200  80350  0.264989  0.679732  0.610899  0.41179  0.01124  4
4300  79792  0.255007  0.687118  0.610222  0.416204  0.0349227  4
4400  80579  0.265447  0.681981  0.61051  0.422685  0.0302333  4
4500  79577  0.258821  0.670679  0.610981  0.424344  0.061029  4
4600  79770  0.259484  0.663049  0.611485  0.435334  0.00996268  4
4700  80776  0.256129  0.664638  0.614417  0.431447  0.0101787  4
4800  79897  0.260098  0.65773  0.616367  0.459255  -0.0222745  4
4900  80716  0.26179  0.648165  0.614743  0.454028  -0.0486126  4
5000  79865  0.261379  0.635262  0.618041  0.465524  -0.0693428  4
5100  81050  0.249612  0.641131  0.628775  0.490207  -0.102161  4
5200  79371  0.250602  0.64404  0.626824  0.47786  -0.157287  4
5300  80377  0.262733  0.646048  0.62843  0.489848  -0.160725  4
5400  80147  0.256548  0.630328  0.627397  0.484693  -0.131346  4
5500  80820  0.253504  0.625881  0.628479  0.493041  -0.144574  4
5600  80977  0.263981  0.62617  0.631136  0.500997  -0.140667  4
5700  80547  0.25664  0.621679  0.632582  0.505724  -0.109241  4
5800  80090  0.253732  0.614796  0.631767  0.510195  -0.0980335  4
5900  79698  0.2501  0.611018  0.631421  0.499514  -0.0635243  4
6000  79444  0.252366  0.613088  0.629335  0.488975  -0.0199772  4
6100  79908  0.251066  0.607002  0.627538  0.487039  0.0496766  4
6200  80840  0.253961  0.602267  0.634851  0.505767  -0.062937  4
6300  80585  0.255224  0.602505  0.638294  0.517925  -0.102915  4
6400  80986  0.246531  0.594944  0.639223  0.522904  -0.170615  4
6500  80754  0.25636  0.585474  0.637941  0.519774  -0.204569  4
6600  80506  0.258675  0.589976  0.636144  0.508679  -0.188411  4
6700  80069  0.258024  0.588303  0.643076  0.523803  -0.262078  4
6800  79884  0.255012  0.580004  0.652592  0.555048  -0.295975  4
6900  79805  0.249851  0.586607  0.651606  0.55107  -0.288544  4
7000  79739  0.254158  0.591137  0.652442  0.564478  -0.327627  4
7100  80511  0.251247  0.579095  0.659326  0.581607  -0.364434  4
7200  79569  0.250748  0.575932  0.662182  0.590867  -0.428452  4
7300  80938  0.258889  0.569882  0.665087  0.594279  -0.360485  4
7400  79949  0.237543  0.569199  0.661958  0.583792  -0.283668  4
7500  80877  0.252292  0.574282  0.655759  0.569301  -0.276752  4
7600  79565  0.246189  0.567824  0.653055  0.557347  -0.248207  4
7700  78626  0.239364  0.559199  0.654904  0.562432  -0.205739  4
7800  80012  0.252122  0.561829  0.65633  0.573237  -0.233764  4
7900  81076  0.253391  0.561263  0.657221  0.573177  -0.235099  4
8000  79834  0.244861  0.561523  0.653536  0.575571  -0.212449  4
8100  80275  0.253248  0.571779  0.651726  0.57385  -0.30641  4
8200  80408  0.256821  0.576588  0.649931  0.574407  -0.275366  4
8300  80479  0.261541  0.57643  0.650436  0.587965  -0.317728  4
8400  80236  0.251002  0.564745  0.652571  0.595007  -0.297123  4
8500  80309  0.253523  0.5591  0.653934  0.597596  -0.303181  4
8600  79312  0.246852  0.558309  0.646339  0.580414  -0.211699  4
8700  81289  0.257434  0.558024  0.646205  0.577826  -0.197503  4
8800  80893  0.256614  0.543289  0.650405  0.597992  -0.223259  4
8900  80091  0.241856  0.550996  0.645922  0.582296  -0.257361  4
9000  80916  0.24901  0.549311  0.652809  0.597489  -0.304755  4
9100  80793  0.260381  0.552566  0.647916  0.589234  -0.306043  4
9200  80168  0.257226  0.553449  0.646806  0.588878  -0.348455  4
9300  79701  0.244985  0.553116  0.64806  0.590813  -0.374121  4
9400  80008  0.255992  0.558366  0.647391  0.590595  -0.362984  4
9500  79401  0.261955  0.555932  0.657134  0.616631  -0.391382  4
9600  80269  0.253636  0.542711  0.6581  0.618641  -0.449171  4
9700  80800  0.25992  0.548415  0.659213  0.615253  -0.405617  4
9800  81436  0.254942  0.552729  0.65237  0.588596  -0.346504  4
9900  80451  0.256348  0.54581  0.653038  0.599977  -0.33608  4
