t meta_n emi  mean_info  tr1  tr2  tr3  strategy
0  102943  0.100304  0.496203  0.900105  0.000846344  6.86501e-05  4
100  76090  0.187115  0.439365  0.606211  0.0789657  0.0179092  4
200  76963  0.282552  0.328639  0.488737  0.137066  0.0317021  4
300  77461  0.307889  0.222079  0.460363  0.180232  0.0220605  4
400  76912  0.330339  0.176998  0.447843  0.224318  0.000134651  4
500  76633  0.345279  0.160362  0.445779  0.275574  -0.00114218  4
600  76435  0.342954  0.151015  0.446831  0.303263  -0.0131927  4
700  77151  0.3551  0.144393  0.445524  0.326087  -0.0587817  4
800  76439  0.344805  0.14422  0.458842  0.354312  -0.062122  4
900  77135  0.361246  0.146484  0.463506  0.397753  -0.0432797  4
1000  77473  0.36163  0.144082  0.470132  0.413355  -0.0721576  4
1100  76402  0.348505  0.142244  0.481642  0.429895  -0.10298  4
1200  76546  0.340018  0.133668  0.486878  0.429441  -0.170259  4
1300  76773  0.346149  0.146295  0.487716  0.446645  -0.166111  4
1400  76340  0.336075  0.144287  0.499334  0.461929  -0.153633  4
1500  77083  0.344526  0.140583  0.498374  0.467389  -0.190216  4
1600  76405  0.339833  0.154029  0.510418  0.482042  -0.250421  4
1700  76661  0.330766  0.155051  0.521045  0.500848  -0.26336  4
1800  76764  0.343174  0.160317  0.531029  0.553072  -0.254607  4
1900  77240  0.343878  0.160112  0.532987  0.549168  -0.218744  4
2000  77289  0.338686  0.161098  0.546697  0.595681  -0.205663  4
2100  77162  0.327815  0.163394  0.562425  0.605792  -0.196712  4
2200  77093  0.332005  0.157198  0.568746  0.618148  -0.219403  4
2300  76940  0.329442  0.158027  0.570561  0.625922  -0.236742  4
2400  78218  0.321807  0.171462  0.578747  0.62854  -0.245953  4
2500  77468  0.319741  0.171314  0.577281  0.627246  -0.239489  4
2600  77059  0.313462  0.170082  0.589526  0.653387  -0.206192  4
2700  77090  0.32128  0.171247  0.59345  0.664103  -0.212057  4
2800  77080  0.312632  0.173001  0.596154  0.66463  -0.210067  4
2900  77914  0.317866  0.188345  0.611162  0.710139  -0.187932  4
3000  78047  0.313709  0.178642  0.618065  0.715806  -0.203758  4
3100  78117  0.309623  0.175017  0.615419  0.698479  -0.167152  4
3200  77155  0.310528  0.179957  0.625517  0.729281  -0.18997  4
3300  77365  0.312534  0.182842  0.638636  0.750569  -0.174682  4
3400  78051  0.313115  0.183839  0.634216  0.747426  -0.160538  4
3500  77481  0.31291  0.173481  0.645121  0.767481  -0.158654  4
3600  78753  0.321273  0.176308  0.644113  0.768981  -0.167371  4
3700  78673  0.319154  0.177538  0.646674  0.784418  -0.175075  4
3800  77492  0.312093  0.184268  0.661089  0.808884  -0.165778  4
3900  78045  0.309114  0.181142  0.656565  0.80439  -0.160046  4
4000  77752  0.325266  0.18189  0.654242  0.818287  -0.120265  4
4100  76299  0.304739  0.177709  0.660828  0.82745  -0.132598  4
4200  77623  0.317768  0.181093  0.665662  0.839603  -0.131885  4
4300  78659  0.336884  0.173877  0.660776  0.84486  -0.111314  4
4400  78228  0.324926  0.170382  0.666423  0.84378  -0.150245  4
4500  77425  0.309483  0.171811  0.676546  0.870875  -0.129761  4
4600  78244  0.313475  0.170264  0.675727  0.872707  -0.164268  4
4700  78060  0.306603  0.172581  0.683693  0.879725  -0.156465  4
4800  76867  0.318733  0.166893  0.688911  0.90252  -0.179673  4
4900  77553  0.320117  0.168498  0.690439  0.901715  -0.165584  4
5000  78411  0.325653  0.165952  0.69728  0.925496  -0.173786  4
5100  77242  0.310193  0.164515  0.698226  0.931799  -0.198361  4
5200  77086  0.317532  0.16319  0.700328  0.939231  -0.202397  4
5300  77960  0.309829  0.157961  0.699491  0.934199  -0.193452  4
5400  76492  0.308456  0.15304  0.703217  0.933211  -0.214457  4
5500  78095  0.318278  0.16336  0.710313  0.942449  -0.211144  4
5600  77850  0.312262  0.155257  0.710009  0.939101  -0.272035  4
5700  77506  0.320793  0.157463  0.708774  0.935991  -0.28984  4
5800  77131  0.3078  0.154777  0.709408  0.933115  -0.326958  4
5900  78365  0.317701  0.154553  0.712923  0.940884  -0.311446  4
6000  77890  0.307874  0.148725  0.709091  0.937257  -0.29351  4
6100  78040  0.314626  0.158623  0.711042  0.945961  -0.276627  4
6200  77999  0.311338  0.160064  0.713181  0.953095  -0.273967  4
6300  78429  0.315251  0.160583  0.714498  0.957664  -0.286817  4
6400  77926  0.315325  0.159987  0.712385  0.958364  -0.300198  4
6500  77464  0.316657  0.161445  0.710603  0.953743  -0.277728  4
6600  77666  0.320492  0.167908  0.710583  0.953825  -0.294303  4
6700  76604  0.310325  0.163663  0.713206  0.95677  -0.331947  4
6800  78106  0.313089  0.15043  0.714739  0.963751  -0.4014  4
6900  77054  0.313431  0.148186  0.717161  0.970611  -0.430827  4
7000  77735  0.322446  0.155732  0.721825  0.976319  -0.462918  4
7100  77751  0.31448  0.154425  0.719708  0.969509  -0.427234  4
7200  76691  0.306608  0.154048  0.722316  0.966095  -0.460712  4
7300  77190  0.304077  0.156874  0.724196  0.967938  -0.514021  4
7400  76905  0.314532  0.154973  0.723137  0.968316  -0.514868  4
7500  77576  0.324051  0.146505  0.720602  0.96464  -0.606941  4
7600  77343  0.3238  0.154217  0.724079  0.968019  -0.6314  4
7700  76599  0.299536  0.157115  0.720037  0.957786  -0.645467  4
7800  78599  0.316465  0.147158  0.720608  0.957325  -0.692939  4
7900  77606  0.319219  0.140069  0.721871  0.953877  -0.711206  4
8000  77477  0.30836  0.133733  0.724305  0.955797  -0.828427  4
8100  78414  0.313125  0.137304  0.726188  0.961497  -0.787416  4
8200  77940  0.308966  0.131958  0.728005  0.965504  -0.804282  4
8300  78168  0.307229  0.129147  0.724017  0.960565  -0.796885  4
8400  78096  0.309756  0.129231  0.723862  0.955167  -0.820492  4
8500  77881  0.31361  0.131091  0.725634  0.956717  -0.843811  4
8600  78009  0.315914  0.129125  0.726804  0.962027  -0.857298  4
8700  78216  0.311605  0.125539  0.731762  0.969935  -0.917673  4
8800  78060  0.316294  0.128045  0.734838  0.976468  -0.964622  4
8900  77822  0.313727  0.124159  0.736574  0.98173  -1.01819  4
9000  77490  0.313832  0.11884  0.738725  0.980822  -1.04788  4
9100  77979  0.310222  0.120704  0.741101  0.985938  -1.03925  4
9200  77012  0.30434  0.125043  0.741299  0.986513  -1.01749  4
9300  77460  0.308281  0.120808  0.74362  0.987622  -1.03528  4
9400  77188  0.305969  0.127727  0.745459  0.992448  -1.0651  4
9500  77968  0.306233  0.123833  0.745632  0.991338  -1.06204  4
9600  77232  0.301332  0.121448  0.748344  0.994363  -1.08842  4
9700  77511  0.304296  0.129776  0.747865  0.99495  -1.07042  4
9800  77824  0.311697  0.126888  0.746892  0.9931  -1.07919  4
9900  77665  0.305389  0.13023  0.746458  0.993709  -1.06023  4
