t meta_n emi  mean_info  tr1  tr2  tr3  strategy
0  103060  0.099208  0.490003  0.900052  0.000784011  0.000116663  4
100  73819  0.187915  0.249952  0.589178  0.0910956  0.00336222  4
200  75376  0.287601  0.13422  0.462966  0.147062  0.00784065  4
300  76132  0.326378  0.0802693  0.427781  0.183993  0.00625315  4
400  76695  0.33898  0.0651898  0.422993  0.234504  0.0153275  4
500  75197  0.348013  0.0613828  0.420259  0.26365  0.0313433  4
600  75717  0.360853  0.0563937  0.414324  0.28234  -0.00254705  4
700  76591  0.380724  0.053676  0.409962  0.293659  0.0112158  4
800  75883  0.364971  0.0497408  0.411929  0.294459  0.0106305  4
900  77291  0.369069  0.0517156  0.418886  0.32548  -0.00139622  4
1000  76190  0.369334  0.0496832  0.430546  0.369436  0.00404622  4
1100  76047  0.362808  0.0456624  0.433702  0.36456  0.0288098  4
1200  76800  0.378594  0.0402513  0.429236  0.373964  0.03333  4
1300  76485  0.367023  0.0409426  0.435155  0.39409  0.050124  4
1400  76743  0.37088  0.0407714  0.437707  0.398008  0.027359  4
1500  76076  0.368536  0.044592  0.441339  0.406152  0.0147615  4
1600  76396  0.360237  0.0411321  0.445447  0.412756  0.105153  4
1700  76204  0.364054  0.0459413  0.446974  0.407156  0.105125  4
1800  76152  0.366811  0.0413656  0.44739  0.412575  0.145586  4
1900  77164  0.353982  0.0392171  0.457692  0.439787  0.148322  4
2000  76230  0.357633  0.0347453  0.461808  0.450211  0.154263  4
2100  75956  0.35504  0.0361736  0.461221  0.438094  0.14918  4
2200  76796  0.35555  0.0337348  0.460146  0.43357  0.0975925  4
2300  76937  0.357219  0.0295784  0.452968  0.423874  0.0660458  4
2400  76787  0.354989  0.033369  0.456379  0.431936  0.0647233  4
2500  76199  0.356948  0.0328847  0.449634  0.418196  0.0681532  4
2600  75814  0.358172  0.0304971  0.453414  0.418485  0.136401  4
2700  76192  0.3612  0.0274582  0.44428  0.402517  0.13646  4
2800  75555  0.363913  0.0265518  0.436657  0.392392  0.0882477  4
2900  76435  0.354394  0.0275002  0.442827  0.395653  0.0644972  4
3000  76507  0.360887  0.0259091  0.439267  0.405305  0.031534  4
3100  76549  0.363719  0.0260901  0.43754  0.410987  0.0401581  4
3200  76779  0.368206  0.0232017  0.440056  0.416375  0.0542325  4
3300  77634  0.353593  0.0237583  0.450157  0.435662  0.0529544  4
3400  75953  0.357434  0.0258554  0.455767  0.442209  0.053185  4
3500  77215  0.346235  0.0270864  0.464252  0.447038  0.0738443  4
3600  76741  0.353426  0.0258579  0.459977  0.439417  0.00101459  4
3700  76442  0.348692  0.0252486  0.455818  0.433043  -0.0929907  4
3800  76476  0.346547  0.0216668  0.455823  0.42963  -0.133226  4
3900  76080  0.352434  0.022957  0.454798  0.429749  -0.113575  4
4000  77866  0.360827  0.0203747  0.454979  0.435567  -0.157658  4
4100  75921  0.350687  0.0200241  0.454447  0.433032  -0.241231  4
4200  77110  0.355598  0.0183037  0.45374  0.427337  -0.215088  4
4300  76786  0.365218  0.0199507  0.455416  0.440634  -0.225168  4
4400  77102  0.36425  0.0183139  0.45773  0.444841  -0.256297  4
4500  77631  0.354214  0.0185623  0.456495  0.431427  -0.280994  4
4600  76671  0.350351  0.0136322  0.460685  0.433015  -0.352371  4
4700  77306  0.360401  0.0163443  0.464079  0.460024  -0.424439  4
4800  76030  0.36324  0.0165387  0.45466  0.440931  -0.462946  4
4900  77231  0.36104  0.0190537  0.448157  0.425216  -0.456899  4
5000  76175  0.360097  0.0166233  0.446703  0.410794  -0.434402  4
5100  75928  0.354718  0.0144763  0.450578  0.415556  -0.421567  4
5200  76290  0.358061  0.011864  0.446417  0.407385  -0.391341  4
5300  76010  0.351396  0.0123996  0.444653  0.39828  -0.460433  4
5400  76466  0.353164  0.0145499  0.446119  0.388792  -0.521854  4
5500  76266  0.35606  0.0144913  0.453704  0.415625  -0.458542  4
5600  76823  0.355437  0.0125102  0.452669  0.419976  -0.467136  4
5700  76355  0.350405  0.0107415  0.455771  0.418645  -0.466371  4
5800  76757  0.358963  0.0101945  0.460381  0.441186  -0.44967  4
5900  76078  0.348615  0.0105767  0.464419  0.455967  -0.427942  4
6000  76011  0.351977  0.0116413  0.460245  0.447347  -0.398344  4
6100  75817  0.346002  0.0113843  0.456961  0.434182  -0.455604  4
6200  77814  0.355229  0.0105239  0.461272  0.447327  -0.446066  4
6300  76884  0.349155  0.010174  0.468287  0.460066  -0.297758  4
6400  77513  0.353301  0.0110295  0.465344  0.460018  -0.295579  4
6500  76065  0.358746  0.00964934  0.458491  0.447172  -0.213959  4
6600  76508  0.353684  0.010874  0.462727  0.449907  -0.184758  4
6700  76673  0.347478  0.00867841  0.465109  0.460085  -0.246637  4
6800  76390  0.345659  0.00914156  0.469365  0.464663  -0.228851  4
6900  76210  0.348509  0.0101595  0.46712  0.46113  -0.160054  4
7000  76733  0.343549  0.00770072  0.464517  0.455622  -0.231094  4
7100  76608  0.344207  0.00981584  0.459829  0.436099  -0.21506  4
7200  76854  0.344397  0.00875097  0.467935  0.458693  -0.221973  4
7300  77102  0.346838  0.00983531  0.466293  0.459453  -0.286811  4
7400  76791  0.344717  0.00828554  0.464029  0.433234  -0.338171  4
7500  76503  0.337555  0.00701875  0.468093  0.436656  -0.431809  4
7600  76956  0.342737  0.00816928  0.470986  0.451424  -0.406876  4
7700  76675  0.338049  0.00814383  0.479794  0.483996  -0.44113  4
7800  76524  0.349029  0.0089901  0.481462  0.491444  -0.511552  4
7900  77011  0.346797  0.00944463  0.48638  0.508422  -0.551666  4
8000  76682  0.343433  0.00766308  0.493609  0.522357  -0.506813  4
8100  77745  0.349993  0.00900952  0.494771  0.521319  -0.470194  4
8200  76156  0.355174  0.00903476  0.49979  0.532733  -0.476843  4
8300  78246  0.357392  0.00962413  0.510741  0.56094  -0.514441  4
8400  76646  0.351455  0.00746678  0.511743  0.558015  -0.43057  4
8500  76373  0.341183  0.008059  0.515875  0.565123  -0.533873  4
8600  76944  0.357291  0.00799593  0.52877  0.596101  -0.51339  4
8700  76916  0.348449  0.0092084  0.549923  0.654148  -0.510855  4
8800  77066  0.346522  0.0099564  0.56566  0.701416  -0.543055  4
8900  76963  0.35667  0.0100016  0.571446  0.718433  -0.55004  4
9000  76776  0.357645  0.00989825  0.575674  0.724445  -0.550782  4
9100  76288  0.354392  0.0106389  0.590246  0.759024  -0.527081  4
9200  76989  0.354816  0.012029  0.610224  0.814077  -0.511096  4
9300  77768  0.364699  0.0127445  0.626329  0.852226  -0.4651  4
9400  77758  0.359565  0.0132596  0.637141  0.882256  -0.460464  4
9500  76016  0.357484  0.0115715  0.645637  0.908862  -0.44014  4
9600  77668  0.373971  0.0128608  0.647013  0.913919  -0.455518  4
9700  76666  0.366848  0.0128642  0.65412  0.934074  -0.454825  4
9800  76237  0.370598  0.0127683  0.658645  0.945366  -0.475211  4
9900  77826  0.360942  0.0128164  0.656243  0.942162  -0.481793  4
