t meta_n emi  mean_info  tr1  tr2  tr3  strategy
0  103651  0.100088  0.494807  0.8999  0.000822163  2.88348e-05  4
100  76692  0.187801  0.482864  0.621835  0.0914369  -0.0138571  4
200  78085  0.289839  0.385028  0.500932  0.146036  -0.00747493  4
300  77433  0.307542  0.307225  0.480028  0.20943  0.0143325  4
400  76845  0.321985  0.253656  0.469911  0.256726  0.036382  4
500  76898  0.326585  0.234682  0.482413  0.317177  -7.40915e-05  4
600  76583  0.32639  0.22841  0.49003  0.359616  -0.0331243  4
700  77270  0.333182  0.221989  0.504699  0.41362  -0.0471659  4
800  77430  0.33232  0.224852  0.516837  0.463067  -0.0422296  4
900  77650  0.323331  0.234362  0.536844  0.498062  -0.0755322  4
1000  76367  0.308234  0.233739  0.547484  0.520637  -0.0835992  4
1100  78341  0.321098  0.224788  0.555641  0.556429  -0.0696862  4
1200  77145  0.311818  0.231986  0.566986  0.57023  -0.0608338  4
1300  77243  0.323298  0.236796  0.57564  0.600897  -0.0747251  4
1400  77565  0.322644  0.239651  0.581226  0.614486  -0.115754  4
1500  77614  0.320222  0.233374  0.595216  0.65743  -0.102025  4
1600  78215  0.323418  0.231631  0.594662  0.658024  -0.0782658  4
1700  76960  0.310111  0.23427  0.606625  0.689894  -0.0844443  4
1800  77280  0.321505  0.223855  0.610075  0.704664  -0.0824333  4
1900  77812  0.323749  0.222294  0.614656  0.712968  -0.0399595  4
2000  77671  0.323477  0.232455  0.619504  0.728026  -0.0158875  4
2100  77266  0.330095  0.230946  0.619833  0.728031  0.00311291  4
2200  77988  0.315085  0.229636  0.624231  0.733083  -0.0134537  4
2300  77219  0.306487  0.229743  0.632847  0.740889  -0.0220981  4
2400  78031  0.314405  0.231437  0.630639  0.738141  -0.00298875  4
2500  77288  0.313708  0.229941  0.623119  0.729154  -0.00516318  4
2600  76476  0.304836  0.235016  0.631281  0.753329  -0.0167873  4
2700  77363  0.317239  0.237399  0.63942  0.766943  -0.04399  4
2800  78644  0.314497  0.237269  0.649725  0.777438  -0.0366151  4
2900  78119  0.312944  0.247167  0.65893  0.803001  -0.0331425  4
3000  78040  0.299375  0.242914  0.664114  0.81626  -0.0404797  4
3100  79186  0.307988  0.236986  0.670591  0.833271  -0.00291837  4
3200  77806  0.308823  0.239587  0.673751  0.83164  -0.00419915  4
3300  77362  0.309543  0.231223  0.669735  0.829825  0.0389465  4
3400  78561  0.313589  0.228823  0.680171  0.85112  0.0345032  4
3500  77992  0.306655  0.228486  0.678145  0.838813  0.0291693  4
3600  78633  0.30281  0.224787  0.681367  0.842817  0.0575674  4
3700  78450  0.304684  0.219358  0.679279  0.839263  0.0301351  4
3800  77488  0.307023  0.216442  0.67869  0.848078  0.0359453  4
3900  78125  0.313836  0.218818  0.681439  0.858432  0.0941537  4
4000  78530  0.318042  0.229548  0.695878  0.882666  0.0882315  4
4100  77621  0.30471  0.220638  0.695388  0.876012  0.0533984  4
4200  78080  0.304129  0.231058  0.696669  0.884651  0.0222995  4
4300  77927  0.304208  0.23492  0.701649  0.884687  0.027361  4
4400  77450  0.302995  0.238357  0.703555  0.886355  0.0452605  4
4500  79370  0.303532  0.23451  0.714018  0.901908  0.0477525  4
4600  78236  0.309724  0.235894  0.719001  0.917809  0.0465407  4
4700  77568  0.296778  0.226013  0.727191  0.933274  0.0615203  4
4800  77671  0.298824  0.234148  0.728253  0.945591  0.0520693  4
4900  78444  0.306234  0.236043  0.728726  0.946471  0.055124  4
5000  78261  0.300804  0.2476  0.73163  0.944639  0.0549071  4
5100  77719  0.295736  0.246024  0.728203  0.942719  0.0674054  4
5200  77772  0.295949  0.238776  0.732424  0.950261  0.0624884  4
5300  77763  0.3032  0.241536  0.737721  0.960482  0.066896  4
5400  78331  0.297982  0.244728  0.74021  0.967571  0.0500985  4
5500  78425  0.312556  0.24314  0.742113  0.970481  0.0134514  4
5600  77063  0.296631  0.2396  0.744023  0.974968  0.00681833  4
5700  77573  0.303883  0.235908  0.743227  0.974955  0.0216441  4
5800  77913  0.307255  0.234876  0.742537  0.979001  0.0516978  4
5900  77968  0.299876  0.237128  0.743371  0.981871  0.00644881  4
6000  79206  0.307264  0.234707  0.743789  0.980692  0.00995513  4
6100  78172  0.305558  0.232336  0.742047  0.982083  0.0167415  4
6200  77354  0.302437  0.22692  0.743339  0.980713  -0.00709703  4
6300  77739  0.290351  0.232482  0.745174  0.981866  -0.0797421  4
6400  78169  0.302564  0.218509  0.744641  0.981612  -0.0694084  4
6500  78320  0.297123  0.228163  0.745186  0.985082  -0.149215  4
6600  77282  0.300763  0.223562  0.748245  0.986661  -0.124273  4
6700  78431  0.302136  0.225052  0.747692  0.988301  -0.164044  4
6800  79501  0.305769  0.221871  0.746391  0.988073  -0.0803714  4
6900  77762  0.304849  0.213139  0.746721  0.987479  -0.0199831  4
7000  79355  0.303719  0.22168  0.747271  0.987746  -0.0253295  4
7100  77911  0.306724  0.217574  0.747536  0.988441  -0.0608336  4
7200  77285  0.311326  0.208597  0.746643  0.990161  -0.0608835  4
7300  77798  0.289669  0.218195  0.746062  0.988738  -0.04142  4
7400  78704  0.304735  0.222797  0.747301  0.989037  -0.0893939  4
7500  79009  0.298667  0.222041  0.748781  0.989608  -0.0932998  4
7600  77279  0.295105  0.221663  0.749328  0.991033  -0.0932536  4
7700  78426  0.295411  0.226057  0.750706  0.989925  -0.122318  4
7800  77647  0.296583  0.217737  0.750726  0.990538  -0.0862007  4
7900  79100  0.308776  0.225472  0.751288  0.991767  -0.0674512  4
8000  79521  0.307331  0.222285  0.753486  0.99172  -0.0619285  4
8100  78928  0.292184  0.21774  0.753767  0.991784  -0.0704216  4
8200  77473  0.292461  0.218956  0.753184  0.992291  -0.0958663  4
8300  78123  0.298106  0.215558  0.754585  0.992522  -0.0681458  4
8400  78049  0.291502  0.207988  0.755356  0.993073  -0.0909398  4
8500  78195  0.30935  0.213041  0.753465  0.994032  -0.0635734  4
8600  78735  0.30529  0.21321  0.754004  0.993913  -0.00985993  4
8700  77824  0.30124  0.208607  0.755512  0.994251  -0.0195151  4
8800  79333  0.305494  0.213171  0.754558  0.99465  -0.0125528  4
8900  78620  0.303107  0.205305  0.754855  0.994203  -0.0120427  4
9000  78445  0.303533  0.205938  0.754786  0.99454  -0.102033  4
9100  78148  0.301816  0.200742  0.755475  0.995403  -0.12805  4
9200  77981  0.299873  0.202544  0.755561  0.995473  -0.16598  4
9300  77818  0.302963  0.209415  0.755679  0.9966  -0.131087  4
9400  77384  0.300461  0.202739  0.755917  0.995752  -0.0928045  4
9500  77632  0.299175  0.215034  0.755747  0.997135  -0.0997844  4
9600  77840  0.301194  0.211464  0.755909  0.997177  -0.0590772  4
9700  78043  0.301357  0.21238  0.756089  0.996763  -0.0406718  4
9800  79744  0.310417  0.202484  0.756796  0.997833  0.0368311  4
9900  78808  0.302514  0.208585  0.756311  0.996768  -0.00660217  4
