t meta_n emi  mean_info  tr1  tr2  tr3  strategy
0  105009  0.099976  0.502609  0.899966  0.000733847  6.31956e-05  4
100  79137  0.193635  0.742928  0.654045  0.0894808  0.00453573  4
200  79908  0.267478  0.787334  0.565725  0.145119  -0.00605059  4
300  81177  0.279272  0.78218  0.567796  0.200096  -0.00480055  4
400  80634  0.281907  0.802509  0.572244  0.221389  0.00713534  4
500  79900  0.270621  0.797665  0.582942  0.24101  0.0474967  4
600  80173  0.27335  0.804995  0.581771  0.251152  0.0694995  4
700  80364  0.274796  0.810962  0.586561  0.264227  0.0993529  4
800  80238  0.268347  0.8068  0.590158  0.261764  0.120332  4
900  80060  0.263356  0.80377  0.589169  0.257969  0.111868  4
1000  79905  0.272589  0.80535  0.586499  0.277827  0.116988  4
1100  80539  0.275934  0.809687  0.589167  0.271977  0.0831944  4
1200  79264  0.26915  0.816974  0.587081  0.261713  0.0956749  4
1300  81305  0.273204  0.807125  0.588165  0.265001  0.11648  4
1400  80082  0.266022  0.810233  0.590028  0.268658  0.112254  4
1500  80264  0.25703  0.812348  0.595552  0.279537  0.121084  4
1600  81786  0.272654  0.811246  0.597353  0.293814  0.155336  4
1700  79883  0.258387  0.81199  0.598241  0.300664  0.167176  4
1800  80641  0.278965  0.804852  0.597149  0.305246  0.114899  4
1900  79717  0.263  0.793907  0.601132  0.310367  0.185046  4
2000  79256  0.261116  0.802295  0.598274  0.301323  0.187185  4
2100  80300  0.265345  0.798177  0.595574  0.29036  0.285554  4
2200  80982  0.265735  0.809701  0.594534  0.286569  0.227753  4
2300  79759  0.259675  0.808053  0.594376  0.279556  0.229528  4
2400  80111  0.264582  0.811385  0.594071  0.283047  0.241774  4
2500  79997  0.26021  0.812149  0.595995  0.297964  0.22322  4
2600  80834  0.260472  0.807895  0.5978  0.291964  0.173813  4
2700  80211  0.265757  0.821004  0.591965  0.276707  0.17934  4
2800  80076  0.261313  0.831745  0.586807  0.261197  0.207054  4
2900  81292  0.265354  0.822108  0.588424  0.268297  0.219715  4
3000  80248  0.258055  0.819676  0.588912  0.276899  0.222949  4
3100  79722  0.26493  0.813002  0.595992  0.295358  0.251887  4
3200  81771  0.271295  0.813143  0.59266  0.288304  0.27535  4
3300  80661  0.26055  0.821252  0.594471  0.278136  0.320387  4
3400  81189  0.25793  0.821111  0.596471  0.277417  0.336696  4
3500  80635  0.263466  0.81825  0.598914  0.283121  0.346342  4
3600  80448  0.267343  0.826824  0.600253  0.290256  0.393386  4
3700  80186  0.245403  0.828054  0.600717  0.277826  0.34797  4
3800  81355  0.255773  0.829225  0.597081  0.272842  0.354813  4
3900  81222  0.243007  0.829722  0.596098  0.262278  0.414785  4
4000  80516  0.253998  0.826333  0.59228  0.256408  0.472193  4
4100  80393  0.258625  0.835784  0.592147  0.267389  0.508014  4
4200  80255  0.260707  0.83462  0.592888  0.258879  0.503419  4
4300  81086  0.260564  0.833827  0.594996  0.262291  0.488748  4
4400  80476  0.255782  0.836048  0.595437  0.268646  0.497829  4
4500  81735  0.248897  0.834835  0.597868  0.273273  0.519266  4
4600  81648  0.260222  0.832106  0.59704  0.268017  0.491675  4
4700  80555  0.255058  0.836625  0.600661  0.2782  0.511358  4
4800  80008  0.246438  0.831117  0.597899  0.278019  0.526433  4
4900  80218  0.253225  0.825737  0.599333  0.290404  0.537884  4
5000  81398  0.249716  0.819903  0.600844  0.29376  0.490388  4
5100  80537  0.255497  0.820803  0.598995  0.294902  0.467161  4
5200  79692  0.248319  0.827159  0.598346  0.282056  0.528025  4
5300  80165  0.248934  0.832832  0.599561  0.2794  0.516884  4
5400  80941  0.246844  0.829305  0.597506  0.267847  0.502705  4
5500  80286  0.254936  0.827339  0.596729  0.265997  0.536076  4
5600  81173  0.248043  0.824826  0.599303  0.28035  0.556728  4
5700  80081  0.242704  0.8111  0.597858  0.287709  0.547352  4
5800  80394  0.246348  0.806235  0.599338  0.279425  0.563875  4
5900  79741  0.238215  0.802492  0.599246  0.278083  0.554482  4
6000  80846  0.244808  0.802637  0.598857  0.26644  0.590464  4
6100  79536  0.242394  0.796118  0.595788  0.271376  0.549715  4
6200  81336  0.252576  0.792037  0.590897  0.259237  0.58138  4
6300  81004  0.25341  0.793929  0.588396  0.246847  0.546111  4
6400  81295  0.250381  0.788756  0.587631  0.239317  0.487951  4
6500  81731  0.257384  0.786886  0.590268  0.261659  0.583893  4
6600  80900  0.251504  0.783722  0.590385  0.2715  0.580748  4
6700  80363  0.255118  0.778018  0.586819  0.256678  0.586831  4
6800  81424  0.246869  0.771342  0.586195  0.245818  0.571266  4
6900  81951  0.250517  0.76134  0.587366  0.242702  0.558265  4
7000  80405  0.24077  0.76097  0.585718  0.244517  0.496672  4
7100  79660  0.248168  0.761491  0.586295  0.251238  0.515768  4
7200  79465  0.245335  0.773497  0.586221  0.23879  0.487911  4
7300  80348  0.240189  0.773565  0.583567  0.22869  0.494888  4
7400  79444  0.242676  0.781048  0.584989  0.237738  0.524104  4
7500  81266  0.259228  0.774934  0.583615  0.24999  0.48798  4
7600  80258  0.251073  0.780779  0.580919  0.249475  0.514952  4
7700  81032  0.254287  0.778924  0.58216  0.259169  0.495684  4
7800  81333  0.252181  0.778414  0.5846  0.262189  0.512438  4
7900  80725  0.251971  0.784775  0.585553  0.260709  0.510113  4
8000  80861  0.253697  0.781837  0.582616  0.256534  0.584326  4
8100  81014  0.261182  0.792254  0.578798  0.24004  0.509113  4
8200  80799  0.261454  0.797514  0.579542  0.229962  0.535758  4
8300  80700  0.2557  0.802896  0.579394  0.228526  0.49324  4
8400  80968  0.254314  0.802473  0.580536  0.228282  0.532339  4
8500  80510  0.252186  0.801888  0.581886  0.238749  0.567291  4
8600  80502  0.247531  0.797832  0.583044  0.244433  0.571443  4
8700  81129  0.250028  0.793413  0.583439  0.253352  0.550533  4
8800  80641  0.255902  0.789352  0.582026  0.256466  0.579759  4
8900  80729  0.251568  0.788295  0.580015  0.248167  0.625683  4
9000  81209  0.258298  0.791762  0.582279  0.250007  0.585813  4
9100  80553  0.252295  0.792118  0.584207  0.255575  0.587155  4
9200  81015  0.250047  0.797714  0.583312  0.258501  0.573287  4
9300  80301  0.251819  0.794292  0.582688  0.256768  0.552616  4
9400  80647  0.246496  0.788456  0.58413  0.257508  0.560182  4
9500  81116  0.259193  0.793261  0.582852  0.24582  0.606039  4
9600  81300  0.258687  0.792923  0.584389  0.254575  0.641454  4
9700  81327  0.255536  0.792864  0.58617  0.261735  0.673455  4
9800  80939  0.251942  0.793624  0.587113  0.266724  0.712783  4
9900  80300  0.249723  0.793596  0.590423  0.273029  0.699791  4
