t meta_n emi  mean_info  tr1  tr2  tr3  strategy
0  104177  0.098496  0.496  0.899947  0.000758475  2.92517e-05  4
100  76615  0.177209  0.435829  0.626832  0.08377  -0.00654769  4
200  76951  0.277139  0.310776  0.486401  0.150185  -0.0154301  4
300  77325  0.311341  0.230276  0.467048  0.205683  -0.0215543  4
400  76728  0.326749  0.190333  0.459088  0.247742  -0.0236108  4
500  76295  0.325233  0.169801  0.457276  0.280499  0.0085714  4
600  76311  0.337828  0.156496  0.451507  0.304862  0.0184152  4
700  76724  0.338621  0.146197  0.459479  0.323821  0.0251652  4
800  77060  0.340414  0.129526  0.460088  0.354867  0.0549098  4
900  77268  0.349273  0.135053  0.466428  0.376027  0.0451576  4
1000  77566  0.35376  0.117241  0.460679  0.384395  0.0813949  4
1100  77894  0.349935  0.116388  0.461852  0.377637  0.0863662  4
1200  76455  0.347275  0.130503  0.473954  0.409907  0.0729997  4
1300  76615  0.341944  0.148519  0.481956  0.422359  0.0480141  4
1400  76626  0.348944  0.144971  0.490439  0.462475  0.0609563  4
1500  76844  0.342834  0.137482  0.48624  0.437281  0.0588169  4
1600  77255  0.344308  0.139165  0.489669  0.449703  0.0273568  4
1700  76987  0.337623  0.134033  0.489701  0.429739  0.0240907  4
1800  77668  0.342932  0.137442  0.503035  0.482532  -0.000969001  4
1900  77914  0.346031  0.137513  0.50713  0.503583  -0.0280297  4
2000  77851  0.346205  0.135548  0.522697  0.534281  -0.00227949  4
2100  75994  0.334363  0.134122  0.52895  0.548956  -0.00873842  4
2200  75848  0.337963  0.14106  0.527851  0.553735  -0.0266225  4
2300  76908  0.336426  0.131579  0.529071  0.552446  0.00613408  4
2400  76910  0.335245  0.134985  0.537771  0.564726  0.0537803  4
2500  76634  0.334608  0.135945  0.54188  0.576567  0.00571887  4
2600  77088  0.327  0.140007  0.543863  0.579446  -0.0240851  4
2700  76358  0.330388  0.132589  0.543106  0.572065  -0.00901645  4
2800  76280  0.334518  0.147315  0.557377  0.601099  -0.010764  4
2900  76762  0.331853  0.143613  0.559698  0.615064  0.0298423  4
3000  77125  0.323532  0.138789  0.560682  0.611112  0.0696796  4
3100  76460  0.326063  0.145794  0.572656  0.632387  0.0955898  4
3200  78262  0.319134  0.141422  0.574422  0.63954  0.118356  4
3300  77490  0.325874  0.154105  0.572709  0.628636  0.0857129  4
3400  77361  0.327437  0.15083  0.573539  0.634189  0.0813355  4
3500  77549  0.318268  0.149842  0.579192  0.631501  0.016581  4
3600  77112  0.328885  0.140971  0.572208  0.623269  0.00915747  4
3700  76427  0.325396  0.147232  0.569436  0.607533  -0.03162  4
3800  77409  0.33146  0.138666  0.573899  0.617373  -0.0256988  4
3900  77656  0.333389  0.142638  0.582174  0.648041  0.0190937  4
4000  77584  0.334141  0.139686  0.583602  0.665542  0.0850254  4
4100  78375  0.335329  0.13823  0.586734  0.673367  0.0570857  4
4200  78363  0.333063  0.134004  0.583614  0.669104  0.0558272  4
4300  78160  0.33426  0.142217  0.594674  0.689324  0.0755354  4
4400  76769  0.323629  0.133906  0.594617  0.687456  0.0269649  4
4500  77840  0.324741  0.141941  0.597173  0.700915  0.0662417  4
4600  77439  0.326775  0.141074  0.602618  0.707566  0.0661323  4
4700  77176  0.320477  0.141216  0.595907  0.690171  0.046949  4
4800  77615  0.326332  0.140554  0.590024  0.678409  0.0545598  4
4900  77913  0.333274  0.145337  0.599991  0.695329  0.0266259  4
5000  77562  0.326006  0.153351  0.615812  0.731885  0.115201  4
5100  77176  0.318995  0.15967  0.622745  0.743713  0.107249  4
5200  77519  0.333444  0.165747  0.635227  0.776873  0.101296  4
5300  77400  0.323284  0.162108  0.644445  0.801971  0.082114  4
5400  77597  0.320367  0.15451  0.643085  0.787762  0.0755107  4
5500  77414  0.315825  0.159526  0.641333  0.785866  0.094928  4
5600  77596  0.314917  0.157547  0.64523  0.791789  0.124815  4
5700  77086  0.321784  0.160997  0.645978  0.792195  0.0576844  4
5800  77218  0.314497  0.158  0.647625  0.800199  0.0697506  4
5900  78075  0.32  0.155137  0.641763  0.790108  0.145133  4
6000  78440  0.328251  0.155702  0.645437  0.80046  0.14923  4
6100  78748  0.324688  0.155252  0.650765  0.810662  0.148811  4
6200  76159  0.320317  0.153811  0.65851  0.826778  0.114362  4
6300  78030  0.325194  0.145732  0.65743  0.820863  0.112721  4
6400  78239  0.322939  0.155717  0.665926  0.843248  0.115301  4
6500  77884  0.316094  0.151079  0.668152  0.843292  0.157949  4
6600  77683  0.305901  0.153701  0.673054  0.845798  0.170833  4
6700  77823  0.314304  0.15899  0.672876  0.852935  0.147589  4
6800  77029  0.314564  0.15397  0.673751  0.851151  0.180666  4
6900  78118  0.31542  0.147435  0.668267  0.836356  0.206209  4
7000  77296  0.321181  0.140597  0.660649  0.823438  0.189709  4
7100  77552  0.311696  0.138144  0.661427  0.820409  0.152546  4
7200  77681  0.320484  0.138217  0.659689  0.809104  0.170434  4
7300  78665  0.317564  0.134214  0.665221  0.822487  0.159601  4
7400  77139  0.317094  0.139296  0.661808  0.819289  0.118231  4
7500  77014  0.315142  0.137086  0.654846  0.80031  0.0642387  4
7600  77884  0.321469  0.141807  0.661073  0.813104  0.0711298  4
7700  77853  0.321536  0.139005  0.663821  0.816081  0.0449401  4
7800  77562  0.317711  0.141923  0.669275  0.828418  0.0645868  4
7900  78227  0.322273  0.133192  0.668115  0.82353  0.105088  4
8000  78365  0.311652  0.133881  0.664323  0.812342  0.117019  4
8100  77318  0.312025  0.131273  0.661667  0.80366  0.135076  4
8200  77987  0.313965  0.124616  0.657322  0.791668  0.12475  4
8300  77969  0.301191  0.130404  0.659237  0.798835  0.00591876  4
8400  76739  0.302586  0.123672  0.665908  0.816518  0.0475055  4
8500  77162  0.300989  0.12668  0.666707  0.816883  0.147877  4
8600  78426  0.307016  0.131209  0.668374  0.823017  0.124051  4
8700  77375  0.304206  0.135744  0.675018  0.841095  0.0821391  4
8800  78027  0.312934  0.137204  0.682784  0.858082  0.0858201  4
8900  76086  0.30839  0.134903  0.689228  0.869407  0.0431242  4
9000  78420  0.319862  0.130166  0.692688  0.877011  0.0307077  4
9100  77779  0.314773  0.13206  0.698171  0.898363  0.0791485  4
9200  78030  0.310711  0.141463  0.703395  0.905868  0.0538659  4
9300  78600  0.315318  0.145828  0.705383  0.90677  0.0807424  4
9400  77700  0.301943  0.130079  0.707204  0.907671  0.0559973  4
9500  77297  0.301399  0.122472  0.709918  0.911841  0.0541598  4
9600  77322  0.302386  0.131498  0.719213  0.933028  0.0191287  4
9700  77634  0.307032  0.137187  0.725221  0.943377  -0.00396711  4
9800  77970  0.306901  0.127366  0.727558  0.949331  0.0322769  4
9900  78009  0.315262  0.135851  0.727252  0.950604  0.0339244  4
