t meta_n emi  mean_info  tr1  tr2  tr3  strategy
0  102939  0.09952  0.492099  0.899997  0.000871313  -4.25026e-05  4
100  74728  0.182464  0.263282  0.596075  0.0757743  0.00346723  4
200  75495  0.298387  0.134245  0.449077  0.13903  -0.017236  4
300  75811  0.334842  0.093979  0.421055  0.190786  -0.0270616  4
400  76071  0.354533  0.0692272  0.415192  0.229524  -0.0302447  4
500  75686  0.355668  0.0567586  0.410395  0.250551  -0.0152434  4
600  77118  0.350677  0.0550339  0.425278  0.272921  -0.00501086  4
700  77171  0.358727  0.0542324  0.423899  0.288336  0.0101802  4
800  76697  0.360519  0.050443  0.427695  0.309996  0.0104785  4
900  76191  0.360336  0.0447467  0.42639  0.322893  0.0180998  4
1000  77209  0.371494  0.0451899  0.427195  0.318861  0.0489538  4
1100  76136  0.357931  0.0492511  0.431324  0.329606  0.0337197  4
1200  75811  0.359657  0.0464762  0.427642  0.322496  0.0503187  4
1300  75267  0.359117  0.0471633  0.430447  0.340474  0.067358  4
1400  76047  0.365952  0.0508578  0.432763  0.342379  0.0719495  4
1500  76113  0.358133  0.0456142  0.43688  0.358226  0.0518673  4
1600  76349  0.365008  0.0426043  0.432546  0.354957  0.0456056  4
1700  77455  0.355675  0.0404834  0.436507  0.36247  0.0759713  4
1800  76202  0.361812  0.0388356  0.430246  0.359485  0.063576  4
1900  77170  0.363409  0.0381791  0.427168  0.348058  0.027591  4
2000  76666  0.370513  0.0389123  0.426542  0.363555  0.0420925  4
2100  76895  0.363929  0.0305217  0.4284  0.364761  0.0440065  4
2200  76965  0.365155  0.0317942  0.422908  0.34998  0.0640174  4
2300  76876  0.367155  0.0359834  0.420293  0.343771  0.134016  4
2400  76031  0.368748  0.0320954  0.417252  0.345109  0.144069  4
2500  76529  0.355287  0.0315818  0.422526  0.343601  0.100349  4
2600  76069  0.363434  0.032199  0.427722  0.349657  0.139271  4
2700  76609  0.359399  0.0332555  0.423914  0.332611  0.14447  4
2800  76082  0.363935  0.0294933  0.423467  0.354565  0.0827099  4
2900  76899  0.363518  0.0248024  0.422924  0.354473  0.074016  4
3000  77103  0.361663  0.0244054  0.418433  0.345789  0.113936  4
3100  77330  0.370867  0.0236149  0.416385  0.342177  0.147137  4
3200  77806  0.371286  0.0240288  0.418613  0.357872  0.165679  4
3300  76684  0.370577  0.0235104  0.422181  0.362447  0.155783  4
3400  76154  0.364007  0.0234539  0.423662  0.352382  0.136544  4
3500  76455  0.36723  0.0213932  0.423404  0.350114  0.174117  4
3600  77141  0.362751  0.0222601  0.423672  0.349022  0.249592  4
3700  76845  0.365111  0.0227817  0.425233  0.356196  0.267708  4
3800  76166  0.364635  0.0223543  0.416161  0.342354  0.3281  4
3900  76871  0.369808  0.0244116  0.419842  0.351588  0.299868  4
4000  76730  0.364186  0.0203916  0.427714  0.348777  0.319027  4
4100  75930  0.356839  0.0208117  0.433023  0.362112  0.313024  4
4200  76586  0.365987  0.0224685  0.431035  0.363655  0.322992  4
4300  75803  0.36711  0.0193378  0.428875  0.364761  0.381681  4
4400  76140  0.362546  0.0181534  0.431723  0.357854  0.377204  4
4500  75747  0.354459  0.0220837  0.426053  0.331136  0.477364  4
4600  77098  0.355974  0.020243  0.427634  0.326773  0.4635  4
4700  76305  0.357867  0.0187781  0.419471  0.305481  0.443567  4
4800  75318  0.364775  0.0191576  0.413873  0.299581  0.427077  4
4900  76312  0.359281  0.0183153  0.418187  0.311006  0.407683  4
5000  76942  0.357427  0.0177001  0.419384  0.307597  0.427904  4
5100  75377  0.365546  0.0168952  0.410449  0.286919  0.543638  4
5200  75941  0.370067  0.0155889  0.405887  0.285648  0.546476  4
5300  76381  0.365387  0.0141036  0.407113  0.283116  0.564513  4
5400  76675  0.361967  0.0131882  0.415262  0.302404  0.615724  4
5500  78027  0.363  0.0132319  0.414689  0.289762  0.661567  4
5600  76352  0.358784  0.0138358  0.412152  0.271111  0.759616  4
5700  76417  0.362912  0.0126253  0.410495  0.284728  0.757305  4
5800  76751  0.366131  0.0120369  0.413328  0.282913  0.768346  4
5900  77328  0.35696  0.0111634  0.413094  0.284322  0.727088  4
6000  77194  0.36222  0.0120486  0.402612  0.25253  0.783547  4
6100  77154  0.366392  0.0108479  0.399835  0.249063  0.740531  4
6200  76878  0.361078  0.010033  0.398379  0.241638  0.780749  4
6300  76569  0.360195  0.010663  0.398339  0.242907  0.812718  4
6400  76974  0.368551  0.0108805  0.393116  0.223793  0.824639  4
6500  77023  0.359507  0.0112007  0.393053  0.224881  0.79641  4
6600  75729  0.357191  0.0116688  0.388743  0.204862  0.866938  4
6700  76372  0.360733  0.0109267  0.389069  0.21528  0.766362  4
6800  76498  0.370339  0.0107851  0.393758  0.233445  0.712948  4
6900  77308  0.362814  0.00905455  0.391909  0.230239  0.787263  4
7000  77025  0.366443  0.00829538  0.384336  0.206045  0.848148  4
7100  76084  0.358181  0.00791252  0.388708  0.212935  0.793726  4
7200  76434  0.359119  0.00734537  0.389482  0.21574  0.751884  4
7300  77266  0.360163  0.00615622  0.387478  0.206043  0.824884  4
7400  77154  0.360548  0.00601991  0.38764  0.208239  0.793157  4
7500  76267  0.358992  0.00463597  0.385507  0.195185  0.768508  4
7600  76526  0.356603  0.00539036  0.387347  0.199825  0.747788  4
7700  77237  0.365478  0.00712552  0.387694  0.203315  0.769883  4
7800  77347  0.360822  0.00543351  0.385649  0.18688  0.757839  4
7900  77368  0.359473  0.00612569  0.381219  0.178155  0.804059  4
8000  77623  0.362312  0.00559622  0.38162  0.180353  0.757002  4
8100  76397  0.363968  0.00408297  0.375807  0.166376  0.897368  4
8200  75978  0.360001  0.00448698  0.374995  0.162229  1.0022  4
8300  76536  0.367057  0.00410421  0.374351  0.159037  0.983264  4
8400  76305  0.36359  0.00507608  0.373876  0.157852  1.03771  4
8500  76655  0.363681  0.00432738  0.376208  0.167515  0.994051  4
8600  76488  0.370037  0.00259762  0.372879  0.160401  0.980753  4
8700  76638  0.362511  0.00248157  0.373995  0.158808  1.06973  4
8800  77288  0.357097  0.0020344  0.377459  0.170041  1.07876  4
8900  78028  0.36465  0.00207033  0.376075  0.16816  1.07884  4
9000  76679  0.363366  0.00229315  0.37379  0.15657  1.12289  4
9100  77206  0.364904  0.00274504  0.370118  0.146768  1.12642  4
9200  75446  0.358744  0.0020894  0.369382  0.146652  1.12896  4
9300  77252  0.368293  0.00239683  0.36802  0.145758  1.13169  4
9400  76087  0.355307  0.00299061  0.368217  0.139903  1.1153  4
9500  76906  0.360458  0.00201651  0.367179  0.12284  1.1517  4
9600  76622  0.354334  0.00154714  0.369504  0.125654  1.11285  4
9700  76409  0.358316  0.00185477  0.369198  0.120715  1.06842  4
9800  76912  0.363795  0.00158505  0.369797  0.130356  1.04121  4
9900  76139  0.355884  0.00167693  0.37075  0.123834  1.03698  4
