t meta_n emi  mean_info  tr1  tr2  tr3  strategy
0  103551  0.100696  0.493387  0.899975  0.000805125  -1.44389e-05  4
100  73807  0.181846  0.355971  0.608591  0.0828129  -0.00504059  4
200  76908  0.284173  0.219541  0.474369  0.146658  -0.00390095  4
300  76823  0.318162  0.152665  0.451088  0.211714  0.00202004  4
400  75920  0.33994  0.11233  0.440234  0.254274  -0.00833738  4
500  75696  0.350887  0.0909764  0.435855  0.299391  -0.0194863  4
600  76223  0.337944  0.0830936  0.447671  0.314968  -0.0292967  4
700  76539  0.358236  0.0880243  0.437647  0.332959  -0.0535862  4
800  76234  0.360021  0.0866916  0.440448  0.351428  -0.0597166  4
900  76632  0.35552  0.0874265  0.451115  0.373928  -0.0858884  4
1000  76448  0.352654  0.087874  0.453249  0.375692  -0.141728  4
1100  76141  0.353708  0.0817187  0.45231  0.38286  -0.14316  4
1200  75893  0.349673  0.0807565  0.452688  0.376822  -0.15525  4
1300  75258  0.350883  0.0759863  0.451044  0.376229  -0.148235  4
1400  76157  0.355237  0.0677583  0.442564  0.356236  -0.148309  4
1500  77440  0.358991  0.0690814  0.447394  0.372484  -0.192667  4
1600  76229  0.35632  0.0745341  0.449524  0.367278  -0.163465  4
1700  76422  0.351358  0.0763057  0.456915  0.387022  -0.192807  4
1800  77186  0.353997  0.0646833  0.448596  0.37326  -0.201191  4
1900  76348  0.357729  0.0638657  0.450704  0.389851  -0.194072  4
2000  76534  0.347302  0.0635091  0.451605  0.3804  -0.20885  4
2100  76213  0.352422  0.0660094  0.443188  0.353515  -0.215199  4
2200  76107  0.344496  0.0649903  0.443768  0.349068  -0.244785  4
2300  75600  0.364107  0.062301  0.435068  0.347694  -0.259661  4
2400  76813  0.367213  0.0623266  0.442692  0.372232  -0.305286  4
2500  77339  0.357758  0.0624148  0.454124  0.406595  -0.252076  4
2600  76632  0.356126  0.0650288  0.455868  0.400211  -0.2335  4
2700  76502  0.346976  0.0668608  0.462832  0.397558  -0.225568  4
2800  75725  0.349163  0.0565776  0.460685  0.3874  -0.272974  4
2900  77043  0.348183  0.0556964  0.462431  0.394646  -0.245892  4
3000  75889  0.343743  0.0590338  0.463747  0.39798  -0.262857  4
3100  76921  0.348515  0.0529379  0.468923  0.417287  -0.254751  4
3200  75446  0.352458  0.0567521  0.460333  0.410964  -0.261487  4
3300  76374  0.344661  0.0558506  0.461054  0.408472  -0.260507  4
3400  77559  0.349587  0.0569751  0.460565  0.407838  -0.214028  4
3500  76346  0.348306  0.0572433  0.463612  0.410286  -0.240476  4
3600  76235  0.357208  0.0553086  0.457898  0.414328  -0.270552  4
3700  75812  0.351033  0.0547335  0.464013  0.419304  -0.309122  4
3800  76471  0.347528  0.0543855  0.46713  0.427053  -0.334961  4
3900  76892  0.356037  0.049121  0.462416  0.431179  -0.247651  4
4000  77079  0.351596  0.0478268  0.463486  0.434591  -0.235329  4
4100  76005  0.351127  0.046099  0.467097  0.439052  -0.205478  4
4200  77300  0.352429  0.0440349  0.465883  0.431309  -0.185366  4
4300  77565  0.357779  0.0548444  0.473195  0.449878  -0.257181  4
4400  77195  0.352459  0.0527578  0.47625  0.45442  -0.240881  4
4500  77478  0.350904  0.0490181  0.482461  0.472195  -0.199226  4
4600  76452  0.343319  0.043342  0.474442  0.46093  -0.149605  4
4700  76536  0.340212  0.0473697  0.470628  0.432557  -0.11536  4
4800  76562  0.343035  0.0516023  0.473136  0.432936  -0.117964  4
4900  76888  0.338114  0.051415  0.469503  0.415041  -0.144521  4
5000  77520  0.342712  0.0518102  0.468576  0.404193  -0.122578  4
5100  76142  0.341625  0.0541517  0.464122  0.390796  -0.154409  4
5200  77317  0.342788  0.0469846  0.458933  0.382657  -0.238194  4
5300  76648  0.339173  0.0386407  0.44947  0.355994  -0.206954  4
5400  76707  0.335105  0.042321  0.457639  0.389613  -0.266316  4
5500  76265  0.341713  0.0425143  0.45233  0.381818  -0.212797  4
5600  77322  0.34391  0.0442107  0.456991  0.394622  -0.224191  4
5700  75838  0.349801  0.0424143  0.456663  0.40461  -0.20433  4
5800  75875  0.350475  0.0409268  0.459898  0.424395  -0.25697  4
5900  76926  0.359018  0.0419378  0.4573  0.42598  -0.235971  4
6000  76849  0.349071  0.0416043  0.451237  0.398631  -0.235625  4
6100  76448  0.351884  0.0423075  0.453781  0.393958  -0.221704  4
6200  76153  0.347035  0.031674  0.449448  0.372129  -0.256494  4
6300  76886  0.350142  0.0292177  0.44379  0.358812  -0.228708  4
6400  76828  0.354918  0.0276239  0.440932  0.353702  -0.261307  4
6500  76814  0.349392  0.0349842  0.446663  0.360916  -0.298955  4
6600  77986  0.348638  0.0348948  0.449655  0.37131  -0.249578  4
6700  77453  0.349875  0.0316581  0.445385  0.362469  -0.199071  4
6800  77291  0.345401  0.0264597  0.436118  0.338317  -0.207107  4
6900  77633  0.354262  0.0243891  0.433603  0.324935  -0.223416  4
7000  76539  0.34933  0.0231982  0.431549  0.330108  -0.167633  4
7100  78092  0.350213  0.0196642  0.43005  0.313991  -0.123114  4
7200  77299  0.354675  0.0198981  0.430666  0.321627  -0.159828  4
7300  76475  0.349838  0.0230407  0.424001  0.300188  -0.0989264  4
7400  77628  0.356129  0.0247496  0.422202  0.308189  -0.066759  4
7500  77882  0.345236  0.0259165  0.421848  0.300216  -0.0905553  4
7600  77089  0.35068  0.0281884  0.423627  0.305216  -0.169188  4
7700  77822  0.351492  0.0272756  0.41992  0.286676  -0.214401  4
7800  76480  0.349415  0.0224805  0.417005  0.274634  -0.230214  4
7900  75731  0.342901  0.0232112  0.423538  0.288498  -0.238672  4
8000  76879  0.350226  0.0220209  0.414791  0.263356  -0.161068  4
8100  74854  0.344777  0.0216083  0.411913  0.256634  -0.209146  4
8200  77228  0.346395  0.0220689  0.411494  0.256367  -0.144275  4
8300  76579  0.342452  0.0223338  0.413996  0.270184  -0.145642  4
8400  78243  0.345225  0.0258372  0.422857  0.287977  -0.183376  4
8500  77556  0.342062  0.0280538  0.422314  0.280976  -0.190601  4
8600  76241  0.346364  0.0322396  0.424742  0.279282  -0.206857  4
8700  76929  0.343152  0.0419657  0.431759  0.296171  -0.260104  4
8800  77270  0.340075  0.03878  0.432721  0.295115  -0.262734  4
8900  76480  0.342796  0.0401519  0.434694  0.302291  -0.357587  4
9000  76824  0.339726  0.0305416  0.431944  0.295037  -0.308594  4
9100  77215  0.339959  0.0321239  0.434085  0.308689  -0.373411  4
9200  76670  0.34155  0.0303708  0.429523  0.288428  -0.371501  4
9300  76969  0.343808  0.0280119  0.429818  0.291583  -0.325082  4
9400  75851  0.342153  0.0287852  0.428895  0.291869  -0.324888  4
9500  76568  0.349037  0.0250726  0.430793  0.300885  -0.332056  4
9600  75217  0.345064  0.0267333  0.425904  0.29084  -0.334364  4
9700  77105  0.342841  0.0211266  0.42654  0.291381  -0.365172  4
9800  77267  0.343235  0.0218166  0.431849  0.303041  -0.375839  4
9900  76812  0.341318  0.0236156  0.42898  0.288028  -0.372417  4
