t meta_n emi  mean_info  tr1  tr2  tr3  strategy
0  104364  0.101136  0.497569  0.900088  0.000859263  3.12757e-05  4
100  78117  0.191895  0.668701  0.643434  0.0782441  0.00680773  4
200  78704  0.27735  0.66625  0.535625  0.133526  -0.00742755  4
300  77528  0.279262  0.627009  0.530805  0.170484  0.00114166  4
400  78587  0.282354  0.612637  0.535702  0.198693  -0.00718997  4
500  80131  0.282064  0.586849  0.544513  0.245065  -0.00911722  4
600  79261  0.291999  0.575802  0.544163  0.286048  -0.023607  4
700  78791  0.300598  0.563701  0.550098  0.329586  -0.0295523  4
800  78772  0.28955  0.552064  0.55892  0.366776  -0.0164545  4
900  77746  0.287209  0.531802  0.564337  0.400694  0.00676287  4
1000  78922  0.281596  0.515678  0.573138  0.426134  -0.0140331  4
1100  77841  0.285376  0.507951  0.576952  0.432183  0.0261133  4
1200  77639  0.283271  0.512546  0.579436  0.437584  0.0528888  4
1300  78343  0.280848  0.513974  0.590764  0.460402  0.0390423  4
1400  79249  0.277407  0.519597  0.596151  0.472997  0.077301  4
1500  79103  0.283864  0.511963  0.600888  0.507405  0.0620805  4
1600  79568  0.289906  0.502566  0.605566  0.512799  0.0355389  4
1700  79013  0.28479  0.501645  0.601976  0.50619  0.0251756  4
1800  78912  0.282977  0.509092  0.616864  0.544287  -0.00141278  4
1900  79681  0.286998  0.494207  0.619646  0.579548  -0.010286  4
2000  79010  0.277264  0.480135  0.620226  0.577591  -0.0101721  4
2100  80283  0.280294  0.479921  0.623384  0.590915  -0.0610054  4
2200  78667  0.284326  0.471491  0.628915  0.610248  -0.064411  4
2300  79551  0.289369  0.456447  0.627789  0.618174  -0.0168884  4
2400  78793  0.288342  0.456065  0.625605  0.63902  -0.0169589  4
2500  78744  0.284433  0.445626  0.638683  0.643599  0.000434675  4
2600  79075  0.275742  0.448217  0.644318  0.65944  -0.00686563  4
2700  78312  0.278098  0.459006  0.653298  0.67783  0.0137194  4
2800  79289  0.290766  0.45551  0.654925  0.694382  0.0115671  4
2900  79109  0.274836  0.456739  0.655456  0.682057  0.0194787  4
3000  79047  0.275066  0.465773  0.659594  0.697702  0.0218019  4
3100  78888  0.276262  0.460411  0.670387  0.710549  0.0498311  4
3200  79252  0.268241  0.452776  0.674769  0.736238  0.0911332  4
3300  77636  0.2739  0.449072  0.677613  0.747568  0.0559413  4
3400  79078  0.275512  0.446792  0.680212  0.757085  0.0810285  4
3500  80076  0.275459  0.434115  0.687575  0.777246  0.0638383  4
3600  79138  0.281541  0.429516  0.694342  0.786609  0.0743422  4
3700  78349  0.272562  0.429279  0.696845  0.795489  0.0842499  4
3800  79135  0.283005  0.420784  0.700466  0.801174  0.0280741  4
3900  79446  0.280003  0.410265  0.706271  0.809214  0.0505188  4
4000  79215  0.272541  0.409659  0.712963  0.82227  0.045268  4
4100  79781  0.270965  0.408516  0.711588  0.825919  0.108882  4
4200  79541  0.270206  0.399615  0.714028  0.830788  0.143003  4
4300  79112  0.267111  0.398651  0.71921  0.841022  0.108498  4
4400  79606  0.260919  0.399782  0.720874  0.849343  0.110591  4
4500  78646  0.256502  0.403508  0.717342  0.851775  0.143336  4
4600  79856  0.268358  0.40775  0.716835  0.853336  0.184906  4
4700  79972  0.270355  0.410152  0.718974  0.854757  0.244393  4
4800  79976  0.274319  0.410465  0.724107  0.867011  0.246177  4
4900  78855  0.256619  0.412112  0.719509  0.856759  0.221126  4
5000  78714  0.264119  0.408444  0.725134  0.865415  0.167442  4
5100  78771  0.270689  0.396664  0.731596  0.878638  0.201209  4
5200  78637  0.267987  0.389073  0.732579  0.882912  0.217374  4
5300  80370  0.278234  0.396517  0.729489  0.886738  0.246434  4
5400  79166  0.271053  0.388911  0.737275  0.895889  0.216654  4
5500  78593  0.262155  0.386435  0.732465  0.888108  0.168332  4
5600  79560  0.272608  0.38504  0.736357  0.895168  0.17374  4
5700  79695  0.276831  0.383  0.742655  0.904922  0.181912  4
5800  78502  0.271241  0.380588  0.740754  0.904492  0.171991  4
5900  79401  0.268524  0.379849  0.74555  0.915981  0.178203  4
6000  79456  0.272213  0.377113  0.743684  0.912077  0.193575  4
6100  78463  0.261281  0.381084  0.747029  0.917109  0.220649  4
6200  80455  0.267698  0.373806  0.749348  0.914663  0.183329  4
6300  79338  0.259379  0.382476  0.745679  0.913145  0.157216  4
6400  79588  0.260341  0.382882  0.749387  0.9194  0.153856  4
6500  79032  0.270248  0.382857  0.75197  0.92197  0.184249  4
6600  78918  0.267799  0.390385  0.751997  0.919909  0.243891  4
6700  79408  0.275393  0.390407  0.753532  0.91918  0.244798  4
6800  78274  0.255877  0.391602  0.75481  0.918877  0.22697  4
6900  78213  0.267055  0.395161  0.752602  0.911728  0.182145  4
7000  78959  0.262877  0.39749  0.752094  0.909009  0.163739  4
7100  79371  0.262044  0.396487  0.757216  0.921937  0.176699  4
7200  79384  0.266473  0.392694  0.75876  0.925242  0.199136  4
7300  79625  0.274907  0.395373  0.761198  0.926114  0.207165  4
7400  79115  0.261684  0.385029  0.765184  0.933041  0.235949  4
7500  78794  0.266106  0.381877  0.764508  0.927957  0.281576  4
7600  79291  0.266673  0.376312  0.765644  0.937198  0.307522  4
7700  80246  0.264054  0.380497  0.76728  0.938423  0.293573  4
7800  79498  0.270805  0.38015  0.765839  0.940244  0.340118  4
7900  78296  0.259341  0.382405  0.764745  0.936691  0.31166  4
8000  78105  0.261957  0.378339  0.771654  0.944021  0.375353  4
8100  79178  0.264146  0.375292  0.771188  0.946266  0.414583  4
8200  79959  0.265519  0.376001  0.770988  0.94477  0.407311  4
8300  79600  0.267298  0.367653  0.773571  0.953702  0.37187  4
8400  80105  0.272286  0.364166  0.776735  0.962822  0.326276  4
8500  79556  0.26758  0.359979  0.777635  0.965717  0.421553  4
8600  78657  0.263216  0.365358  0.777775  0.968056  0.516138  4
8700  79376  0.266955  0.358614  0.781813  0.971529  0.481742  4
8800  78903  0.260677  0.356454  0.784976  0.978041  0.426661  4
8900  80420  0.269623  0.355609  0.786826  0.980024  0.437215  4
9000  79130  0.270527  0.359175  0.785945  0.978862  0.366506  4
9100  80044  0.260307  0.359089  0.787762  0.979057  0.371483  4
9200  79818  0.264085  0.359855  0.789015  0.980599  0.376134  4
9300  79965  0.273678  0.357399  0.788556  0.980997  0.374655  4
9400  78856  0.259421  0.357741  0.789587  0.982735  0.399655  4
9500  79366  0.262983  0.355535  0.788445  0.982633  0.34508  4
9600  79238  0.264542  0.356327  0.791057  0.985285  0.411847  4
9700  80012  0.276657  0.356478  0.790447  0.986344  0.398604  4
9800  79160  0.259498  0.351891  0.791201  0.987422  0.398693  4
9900  79540  0.268078  0.350595  0.790127  0.986298  0.419537  4
