t meta_n emi  mean_info  tr1  tr2  tr3  strategy
0  103127  0.101736  0.495129  0.89989  0.000744644  -1.45139e-05  4
100  75710  0.182026  0.358196  0.613165  0.0758124  7.79683e-06  4
200  76224  0.273654  0.219338  0.4778  0.127821  -0.000986063  4
300  76311  0.313629  0.138526  0.444826  0.176509  -0.014684  4
400  75018  0.339039  0.116217  0.425584  0.207781  -0.0168271  4
500  75880  0.354378  0.105671  0.419258  0.239395  -0.0669391  4
600  75912  0.366166  0.087691  0.412382  0.243702  -0.0908547  4
700  77155  0.363388  0.0868087  0.415389  0.259441  -0.0708809  4
800  76880  0.356015  0.0850928  0.418852  0.264108  -0.153219  4
900  76613  0.354224  0.078379  0.421597  0.267307  -0.141076  4
1000  77108  0.354568  0.0783943  0.422825  0.286074  -0.168238  4
1100  77054  0.359599  0.0761854  0.42499  0.293063  -0.118569  4
1200  76501  0.351743  0.0750437  0.426137  0.289184  -0.164345  4
1300  76472  0.359389  0.0731275  0.426596  0.293744  -0.196166  4
1400  76779  0.361064  0.0698852  0.423296  0.292101  -0.246895  4
1500  76811  0.367013  0.0779785  0.423222  0.307781  -0.264916  4
1600  76934  0.367385  0.0745596  0.427736  0.326  -0.329033  4
1700  76005  0.353814  0.0731823  0.433892  0.333414  -0.345513  4
1800  76624  0.357192  0.0663912  0.438841  0.357145  -0.351993  4
1900  76841  0.354408  0.0658976  0.447362  0.366109  -0.433626  4
2000  76601  0.352415  0.0701017  0.451078  0.365817  -0.454813  4
2100  76244  0.358513  0.0739606  0.444704  0.365511  -0.39206  4
2200  77709  0.364428  0.0665201  0.442615  0.369925  -0.371761  4
2300  76540  0.363719  0.0625394  0.441749  0.371165  -0.351432  4
2400  77798  0.369386  0.0638477  0.442193  0.381955  -0.437483  4
2500  76664  0.368332  0.0566626  0.435951  0.372326  -0.413407  4
2600  76593  0.358345  0.0594967  0.440916  0.371422  -0.418613  4
2700  76666  0.359951  0.0579244  0.442094  0.373301  -0.45699  4
2800  76355  0.357047  0.0559558  0.444691  0.387066  -0.449544  4
2900  76758  0.354483  0.0620961  0.447586  0.394639  -0.427618  4
3000  76470  0.359102  0.0660026  0.455686  0.410702  -0.490968  4
3100  75532  0.361197  0.0653725  0.46129  0.43663  -0.455864  4
3200  76549  0.353283  0.0602858  0.464416  0.431907  -0.44611  4
3300  76456  0.354877  0.0558712  0.45705  0.411344  -0.450147  4
3400  77074  0.363406  0.0537557  0.452722  0.408005  -0.427264  4
3500  77016  0.354864  0.0515675  0.450067  0.395672  -0.43892  4
3600  76862  0.360015  0.0488333  0.445384  0.395016  -0.439871  4
3700  76538  0.355253  0.0492015  0.452941  0.410928  -0.407673  4
3800  76280  0.353463  0.0507912  0.455425  0.417708  -0.412839  4
3900  76950  0.348631  0.0522001  0.46473  0.42992  -0.385261  4
4000  77427  0.354964  0.0539267  0.462831  0.419301  -0.380959  4
4100  76868  0.346666  0.0551914  0.464596  0.417915  -0.353549  4
4200  77186  0.353954  0.046355  0.448267  0.376212  -0.335976  4
4300  76651  0.356721  0.0495094  0.447141  0.380911  -0.312412  4
4400  76662  0.353831  0.048884  0.447819  0.385687  -0.307091  4
4500  77450  0.354915  0.0544399  0.444204  0.36636  -0.288343  4
4600  78153  0.358694  0.0552059  0.441928  0.354956  -0.214989  4
4700  76584  0.358969  0.0546731  0.447011  0.377934  -0.189059  4
4800  76607  0.350263  0.0543272  0.46076  0.401026  -0.175765  4
4900  77412  0.348197  0.0536037  0.463772  0.417257  -0.178061  4
5000  77269  0.354631  0.0536412  0.4677  0.440732  -0.168215  4
5100  78356  0.346343  0.050634  0.470133  0.438475  -0.178754  4
5200  76561  0.345675  0.0555372  0.470823  0.434118  -0.220553  4
5300  76429  0.339597  0.0498548  0.465249  0.416613  -0.22523  4
5400  76206  0.342589  0.0494078  0.462113  0.409826  -0.225845  4
5500  76836  0.345553  0.0458418  0.461593  0.404461  -0.21336  4
5600  76795  0.350711  0.0437881  0.458058  0.396176  -0.201031  4
5700  75926  0.343759  0.0493211  0.465339  0.404706  -0.189897  4
5800  76423  0.339717  0.0476868  0.468635  0.399007  -0.179897  4
5900  77043  0.342496  0.042693  0.474677  0.414183  -0.171536  4
6000  76286  0.340017  0.0472991  0.481286  0.438351  -0.179952  4
6100  77834  0.338335  0.0468614  0.485694  0.449979  -0.148499  4
6200  76019  0.335583  0.043968  0.47841  0.433478  -0.146581  4
6300  76745  0.343754  0.0496765  0.481297  0.449187  -0.0979122  4
6400  78331  0.3434  0.0462485  0.480512  0.451172  -0.117491  4
6500  76312  0.338284  0.0464573  0.481513  0.45232  -0.111482  4
6600  76451  0.332721  0.0452065  0.478926  0.437121  -0.129004  4
6700  77369  0.339031  0.0505173  0.487726  0.458796  -0.119874  4
6800  76851  0.346009  0.0497463  0.478153  0.432234  -0.126969  4
6900  77043  0.346424  0.0405928  0.473339  0.436041  -0.176178  4
7000  76352  0.337869  0.0379511  0.468029  0.423062  -0.192104  4
7100  77434  0.344586  0.035773  0.463203  0.414913  -0.207574  4
7200  77464  0.344188  0.0312417  0.457272  0.410512  -0.203089  4
7300  77648  0.345583  0.0315525  0.457291  0.42066  -0.202973  4
7400  76940  0.350096  0.0353237  0.46038  0.419098  -0.203562  4
7500  76996  0.349672  0.0389041  0.456927  0.416107  -0.169053  4
7600  76368  0.342663  0.0376629  0.450964  0.398202  -0.208867  4
7700  76394  0.340696  0.0373557  0.45389  0.39982  -0.181285  4
7800  77204  0.344101  0.0358739  0.453388  0.395436  -0.186059  4
7900  77290  0.336112  0.0374608  0.451486  0.388897  -0.170469  4
8000  76819  0.337187  0.0359505  0.447738  0.371331  -0.196083  4
8100  77083  0.344498  0.0352531  0.446108  0.362852  -0.185316  4
8200  77699  0.346471  0.0404823  0.452631  0.371554  -0.183752  4
8300  76920  0.347292  0.0459249  0.454105  0.36968  -0.174068  4
8400  77791  0.345513  0.0437294  0.452461  0.362319  -0.157254  4
8500  77719  0.339188  0.0372617  0.452757  0.361653  -0.148969  4
8600  76384  0.334726  0.0370998  0.453755  0.36604  -0.11417  4
8700  77563  0.348861  0.0367586  0.459975  0.384081  -0.101987  4
8800  76577  0.337498  0.0424291  0.472635  0.42744  -0.13265  4
8900  76891  0.339462  0.0437833  0.476059  0.435065  -0.140604  4
9000  76942  0.344249  0.0441068  0.475736  0.43487  -0.113801  4
9100  76949  0.343725  0.0470281  0.475335  0.432422  -0.120839  4
9200  76889  0.347011  0.0455876  0.475288  0.4392  -0.123851  4
9300  77221  0.340771  0.0444913  0.474261  0.42492  -0.124331  4
9400  77000  0.339647  0.0499738  0.472115  0.425039  -0.10475  4
9500  77799  0.349663  0.0567338  0.481137  0.450653  -0.0992344  4
9600  78106  0.344591  0.0557841  0.479185  0.446397  -0.0576537  4
9700  76997  0.348542  0.0520582  0.476602  0.437848  -0.111281  4
9800  77024  0.344897  0.0523804  0.476653  0.429984  -0.126631  4
9900  77692  0.345581  0.0486624  0.468572  0.411191  -0.109818  4
