t meta_n emi  mean_info  tr1  tr2  tr3  strategy
0  103066  0.099448  0.489152  0.900054  0.000765519  6.48793e-06  4
100  74263  0.183568  0.29047  0.599232  0.082354  -0.00695844  4
200  74968  0.306626  0.140951  0.442526  0.139524  0.014553  4
300  76355  0.342679  0.0866505  0.416664  0.1761  0.0434315  4
400  76205  0.352872  0.0704844  0.412537  0.213898  0.0575442  4
500  76172  0.360627  0.0639444  0.409272  0.243005  0.0397601  4
600  76856  0.359748  0.0642599  0.415115  0.257011  0.0562711  4
700  76170  0.370932  0.0598718  0.409047  0.273758  0.0621527  4
800  75981  0.369804  0.0569293  0.420763  0.306286  0.0688205  4
900  76603  0.369254  0.0566656  0.419935  0.305956  0.0542258  4
1000  76730  0.371704  0.0516226  0.421152  0.316271  0.0202364  4
1100  77251  0.372649  0.0474123  0.419524  0.325752  0.0402564  4
1200  75627  0.370276  0.0469262  0.419045  0.320716  0.0525398  4
1300  77212  0.374356  0.04977  0.417908  0.312431  0.0591014  4
1400  75641  0.373764  0.0469944  0.41855  0.322088  0.0800084  4
1500  75757  0.36891  0.0478505  0.415391  0.299948  0.0823512  4
1600  75435  0.371746  0.0448813  0.412636  0.29765  0.142074  4
1700  76799  0.359814  0.0445606  0.418498  0.293886  0.118012  4
1800  76602  0.360983  0.0409887  0.425249  0.310067  0.0951419  4
1900  76209  0.350908  0.0361824  0.425836  0.319534  0.109316  4
2000  75723  0.366329  0.0439335  0.415156  0.306725  0.0139082  4
2100  76683  0.36064  0.0392979  0.419424  0.302603  0.0320345  4
2200  76511  0.368596  0.0351211  0.425344  0.347511  0.0166512  4
2300  76257  0.370541  0.034136  0.431372  0.368427  0.0187827  4
2400  75685  0.366563  0.032925  0.427916  0.359534  0.0340049  4
2500  76815  0.368089  0.0309519  0.417093  0.320573  0.0437682  4
2600  77752  0.369403  0.029977  0.41515  0.324242  0.0294154  4
2700  76116  0.359724  0.0276564  0.41483  0.317202  0.0897351  4
2800  76610  0.365586  0.0300886  0.410333  0.295738  0.0417429  4
2900  77371  0.362017  0.0310146  0.412923  0.295249  0.0711362  4
3000  76459  0.355945  0.0312531  0.410745  0.292324  0.130401  4
3100  77178  0.363072  0.0301104  0.404814  0.287007  0.128333  4
3200  76557  0.363174  0.0299688  0.400326  0.279638  0.175495  4
3300  76970  0.370336  0.0313307  0.399808  0.28476  0.174044  4
3400  76732  0.369144  0.029065  0.400493  0.284019  0.160127  4
3500  77118  0.363417  0.0272741  0.401648  0.277428  0.137283  4
3600  76104  0.360542  0.0279387  0.400162  0.280801  0.14038  4
3700  77845  0.365951  0.0241977  0.399778  0.277269  0.086491  4
3800  76894  0.365906  0.026066  0.404508  0.309478  0.0286956  4
3900  76890  0.36901  0.0211032  0.410611  0.33725  0.0177045  4
4000  76737  0.367889  0.0205018  0.41101  0.338263  -0.0066839  4
4100  77493  0.36311  0.0209114  0.418121  0.353264  -0.0213991  4
4200  75926  0.353846  0.02254  0.419539  0.348039  0.0314778  4
4300  76672  0.362224  0.0230468  0.415244  0.341758  0.0208451  4
4400  75806  0.365804  0.0239202  0.414483  0.337238  -0.050649  4
4500  76992  0.352527  0.0201115  0.41122  0.317533  -0.0499369  4
4600  75970  0.359557  0.0183817  0.406243  0.315762  -0.00355072  4
4700  76435  0.367533  0.0169093  0.407402  0.33026  -0.0576454  4
4800  76532  0.360113  0.0175075  0.408542  0.309137  -0.0568354  4
4900  75677  0.350653  0.0141208  0.409122  0.300428  -0.0609427  4
5000  77462  0.355499  0.0129688  0.407023  0.296042  -0.0468176  4
5100  77166  0.350145  0.0130151  0.411088  0.294697  -0.0370947  4
5200  76966  0.356438  0.0114735  0.408427  0.28286  -0.0270916  4
5300  76297  0.350384  0.0131187  0.407362  0.285198  -0.00758949  4
5400  77422  0.353931  0.0138275  0.408635  0.297822  -0.0962759  4
5500  77044  0.357778  0.0131557  0.410725  0.301923  -0.110414  4
5600  77787  0.354036  0.0145153  0.406458  0.28944  -0.0772322  4
5700  77001  0.355178  0.013087  0.40617  0.2943  -0.0778814  4
5800  76726  0.355005  0.0128965  0.404357  0.288933  -0.129042  4
5900  75972  0.351048  0.0105031  0.405177  0.286564  -0.0844259  4
6000  77502  0.359286  0.00777047  0.402226  0.275672  -0.12037  4
6100  77412  0.35082  0.0111234  0.403974  0.269063  -0.177058  4
6200  75891  0.350064  0.0100732  0.398577  0.258655  -0.198176  4
6300  76875  0.357173  0.00998952  0.394762  0.253729  -0.275915  4
6400  76741  0.353339  0.00902734  0.395015  0.254651  -0.229892  4
6500  78162  0.359461  0.00918168  0.397592  0.257909  -0.202836  4
6600  77649  0.358714  0.00820344  0.397186  0.255926  -0.241389  4
6700  76716  0.360534  0.0079341  0.39436  0.254638  -0.345867  4
6800  76633  0.356482  0.00830975  0.390971  0.23708  -0.372748  4
6900  76970  0.352462  0.0082447  0.389433  0.239727  -0.311972  4
7000  78091  0.360033  0.00877663  0.389347  0.236093  -0.332355  4
7100  76389  0.353132  0.00703271  0.391243  0.23833  -0.361177  4
7200  77293  0.355143  0.00877371  0.392579  0.25  -0.419146  4
7300  76982  0.356312  0.00748537  0.393922  0.250322  -0.43204  4
7400  76792  0.359684  0.00714577  0.392479  0.246746  -0.474965  4
7500  78239  0.353787  0.00474077  0.397355  0.260481  -0.46595  4
7600  77123  0.356666  0.00465409  0.393972  0.252209  -0.441126  4
7700  76025  0.359207  0.00580308  0.394052  0.262771  -0.43123  4
7800  76743  0.362478  0.00594871  0.390983  0.251917  -0.434069  4
7900  77715  0.358407  0.00591827  0.39055  0.24957  -0.417148  4
8000  76730  0.35766  0.00398281  0.390601  0.243399  -0.449836  4
8100  76328  0.361483  0.0041178  0.389022  0.241238  -0.456051  4
8200  76346  0.348252  0.00449937  0.389965  0.225953  -0.460388  4
8300  77253  0.358157  0.00487723  0.38917  0.215411  -0.494248  4
8400  76647  0.353814  0.00503203  0.385596  0.212045  -0.496867  4
8500  77324  0.358548  0.00487657  0.38538  0.215569  -0.484925  4
8600  77371  0.361316  0.00368816  0.382446  0.218366  -0.47642  4
8700  76146  0.362336  0.00432421  0.384155  0.221686  -0.468678  4
8800  77592  0.35949  0.00467873  0.38421  0.225416  -0.486418  4
8900  77299  0.361874  0.00447403  0.386517  0.233038  -0.430818  4
9000  76847  0.361336  0.00332882  0.388958  0.244421  -0.388964  4
9100  76409  0.362443  0.0045578  0.388862  0.24805  -0.406171  4
9200  74887  0.356273  0.00437288  0.391911  0.244358  -0.420232  4
9300  77496  0.351979  0.00515449  0.390434  0.236227  -0.357806  4
9400  77356  0.358286  0.00465144  0.392571  0.247889  -0.382875  4
9500  77337  0.356141  0.00440851  0.392798  0.246644  -0.410774  4
9600  75645  0.354741  0.00319556  0.393059  0.250837  -0.424256  4
9700  76296  0.347917  0.00296903  0.390865  0.248065  -0.414258  4
9800  76195  0.360938  0.00227604  0.388411  0.249099  -0.460599  4
9900  77829  0.365942  0.00201427  0.389122  0.244797  -0.478962  4
