t meta_n emi  mean_info  tr1  tr2  tr3  strategy
0  104655  0.09936  0.495681  0.90006  0.000813807  7.86738e-05  4
100  76707  0.167604  0.541385  0.645968  0.0783699  -0.00495373  4
200  76969  0.257491  0.492654  0.526549  0.147309  -0.0191214  4
300  76511  0.282786  0.395809  0.509862  0.202551  -0.0255418  4
400  77115  0.299854  0.348029  0.492885  0.234193  -0.0216235  4
500  78478  0.311026  0.328246  0.495523  0.277762  -0.0209274  4
600  77818  0.316425  0.296549  0.493786  0.310084  -0.00793846  4
700  78414  0.315858  0.292428  0.50185  0.344726  -0.000348452  4
800  76935  0.309654  0.287639  0.508336  0.362001  -0.0278292  4
900  77205  0.312718  0.297151  0.526109  0.414486  -0.00784598  4
1000  77020  0.317687  0.286802  0.530552  0.439314  0.000291104  4
1100  77497  0.32037  0.282148  0.539085  0.471552  -0.0282232  4
1200  78225  0.319171  0.280951  0.556325  0.53621  -0.0450754  4
1300  77738  0.314622  0.265343  0.572127  0.559373  -0.0714951  4
1400  77907  0.313076  0.281813  0.589519  0.606488  -0.099165  4
1500  78261  0.311211  0.279978  0.599206  0.62779  -0.150263  4
1600  77358  0.303922  0.281443  0.608979  0.644314  -0.123647  4
1700  77873  0.310797  0.291457  0.620324  0.681335  -0.12468  4
1800  77729  0.305834  0.27576  0.618899  0.691071  -0.133624  4
1900  78737  0.315063  0.262851  0.615213  0.696674  -0.122938  4
2000  78099  0.303334  0.265315  0.623384  0.704211  -0.130999  4
2100  78005  0.303725  0.270838  0.629839  0.716141  -0.194876  4
2200  77630  0.30357  0.285949  0.633631  0.726501  -0.159457  4
2300  77011  0.299932  0.2752  0.629994  0.714841  -0.175143  4
2400  77307  0.302795  0.265621  0.644665  0.752395  -0.208752  4
2500  77495  0.299924  0.271005  0.652984  0.769458  -0.196508  4
2600  78198  0.299151  0.266151  0.654538  0.771354  -0.201562  4
2700  78133  0.290484  0.269147  0.662093  0.78388  -0.222704  4
2800  78534  0.297831  0.268452  0.659955  0.780893  -0.233063  4
2900  78004  0.299552  0.274693  0.665044  0.796956  -0.247734  4
3000  77447  0.307048  0.2602  0.669086  0.812755  -0.249082  4
3100  77908  0.303193  0.27247  0.679048  0.832772  -0.234875  4
3200  79102  0.292684  0.271336  0.690019  0.856989  -0.236104  4
3300  78106  0.290531  0.275938  0.694819  0.854156  -0.225081  4
3400  78673  0.294177  0.283016  0.704165  0.870128  -0.218065  4
3500  78084  0.284615  0.289247  0.713681  0.882507  -0.187315  4
3600  78244  0.285405  0.289649  0.72255  0.900467  -0.240916  4
3700  78223  0.283036  0.296825  0.723275  0.892638  -0.254136  4
3800  77668  0.281559  0.282455  0.722362  0.888843  -0.290323  4
3900  77795  0.283024  0.286286  0.724642  0.899653  -0.319326  4
4000  79124  0.283784  0.280313  0.722079  0.896333  -0.296279  4
4100  78976  0.286957  0.279061  0.729596  0.908554  -0.311599  4
4200  78200  0.283588  0.286411  0.735649  0.915858  -0.299065  4
4300  77900  0.283863  0.281795  0.735754  0.91838  -0.251885  4
4400  78695  0.27985  0.272515  0.73826  0.921449  -0.222738  4
4500  78377  0.279104  0.281744  0.74327  0.934366  -0.27235  4
4600  78448  0.280497  0.287804  0.74224  0.930683  -0.27633  4
4700  79207  0.282223  0.281415  0.744443  0.938602  -0.326604  4
4800  77203  0.269421  0.28059  0.745197  0.936569  -0.360041  4
4900  78911  0.287914  0.272712  0.745891  0.943371  -0.340493  4
5000  79581  0.282195  0.283771  0.750933  0.954478  -0.351133  4
5100  78161  0.287612  0.270938  0.752662  0.959849  -0.34727  4
5200  78481  0.275724  0.271858  0.753997  0.955336  -0.384955  4
5300  78678  0.285314  0.275623  0.759291  0.964631  -0.378988  4
5400  78888  0.298088  0.278082  0.759085  0.970731  -0.366085  4
5500  78240  0.274007  0.262613  0.759365  0.963698  -0.320499  4
5600  78629  0.286994  0.254527  0.762029  0.974603  -0.344649  4
5700  77920  0.278965  0.260317  0.765242  0.977242  -0.335074  4
5800  78301  0.282603  0.264766  0.762889  0.973151  -0.309476  4
5900  78256  0.288142  0.270373  0.763827  0.971821  -0.30729  4
6000  79058  0.292787  0.278698  0.763285  0.973188  -0.359119  4
6100  77991  0.286184  0.281569  0.763652  0.974009  -0.417645  4
6200  77902  0.278314  0.277214  0.762227  0.973471  -0.452955  4
6300  78510  0.289365  0.268869  0.761363  0.972143  -0.524353  4
6400  78695  0.294289  0.276759  0.759437  0.973747  -0.55514  4
6500  79096  0.292224  0.277282  0.760463  0.976017  -0.510543  4
6600  78373  0.28965  0.279084  0.763218  0.978929  -0.517943  4
6700  77661  0.290614  0.278434  0.763769  0.981002  -0.495157  4
6800  79489  0.291945  0.282065  0.763431  0.981371  -0.499753  4
6900  78033  0.284672  0.281893  0.762365  0.980444  -0.431792  4
7000  78899  0.286623  0.28  0.761823  0.977694  -0.402389  4
7100  79147  0.281342  0.27848  0.759871  0.974407  -0.430346  4
7200  79271  0.295654  0.283189  0.760538  0.97833  -0.434764  4
7300  78186  0.281139  0.27902  0.763044  0.980061  -0.500356  4
7400  78245  0.288945  0.27752  0.763951  0.981864  -0.506223  4
7500  79732  0.297849  0.277652  0.764555  0.981026  -0.542853  4
7600  79871  0.297981  0.279467  0.764909  0.982294  -0.565667  4
7700  77775  0.268483  0.268702  0.766318  0.980849  -0.550291  4
7800  79825  0.280559  0.264124  0.766327  0.98221  -0.559291  4
7900  79471  0.281163  0.262033  0.764676  0.979564  -0.570089  4
8000  79644  0.291135  0.260784  0.764322  0.979831  -0.590083  4
8100  77937  0.278459  0.265084  0.764117  0.981292  -0.580662  4
8200  77977  0.286089  0.260823  0.765115  0.983391  -0.580575  4
8300  78111  0.280867  0.2643  0.766528  0.98515  -0.608411  4
8400  77278  0.272898  0.271334  0.767386  0.986231  -0.649637  4
8500  79103  0.291884  0.278154  0.766527  0.986965  -0.701582  4
8600  78807  0.281349  0.273793  0.767125  0.986251  -0.740074  4
8700  78189  0.283157  0.269519  0.766779  0.984594  -0.728527  4
8800  79442  0.279343  0.269498  0.766184  0.983506  -0.734491  4
8900  78228  0.277315  0.274146  0.766025  0.985592  -0.725848  4
9000  77959  0.275623  0.275692  0.766297  0.986598  -0.782768  4
9100  78770  0.293732  0.275491  0.767388  0.986801  -0.773943  4
9200  78698  0.282969  0.2738  0.768337  0.984963  -0.792385  4
9300  79216  0.291634  0.279613  0.769368  0.986918  -0.828986  4
9400  77190  0.277213  0.280892  0.769125  0.987049  -0.813483  4
9500  78803  0.280576  0.27407  0.769573  0.986581  -0.81283  4
9600  78310  0.28294  0.27851  0.768889  0.987404  -0.837593  4
9700  78950  0.271526  0.278404  0.77286  0.9907  -0.845192  4
9800  78519  0.274697  0.277007  0.772089  0.987998  -0.824674  4
9900  78647  0.272623  0.278251  0.773043  0.98912  -0.807374  4
