t meta_n emi  mean_info  tr1  tr2  tr3  strategy
0  102448  0.100312  0.493804  0.900028  0.000760904  6.11873e-07  4
100  75137  0.191755  0.370077  0.599923  0.0869449  0.00912131  4
200  76516  0.300342  0.212569  0.457761  0.149793  -0.0121897  4
300  75915  0.324123  0.153063  0.437147  0.187411  -0.0284648  4
400  76126  0.339625  0.121986  0.432383  0.240799  -0.0324141  4
500  76625  0.346691  0.111652  0.430919  0.274429  -0.0431064  4
600  76563  0.351352  0.10222  0.42939  0.291706  -0.0329127  4
700  76627  0.357332  0.095956  0.434211  0.316839  -0.0511764  4
800  77526  0.359834  0.0936512  0.435401  0.329557  -0.0707683  4
900  75638  0.352582  0.0986309  0.445496  0.351412  -0.0519919  4
1000  76587  0.363807  0.0874369  0.438469  0.357937  -0.0475651  4
1100  76414  0.367696  0.0832168  0.441281  0.364147  -0.0270936  4
1200  76813  0.355878  0.0892556  0.446958  0.364352  0.0130241  4
1300  75508  0.352126  0.0809958  0.448068  0.358804  0.0167677  4
1400  77075  0.361183  0.0813473  0.448915  0.383027  0.00352068  4
1500  75967  0.355361  0.0860326  0.451861  0.387931  -0.0065115  4
1600  77200  0.36476  0.0835154  0.454797  0.396162  0.0072434  4
1700  76711  0.361324  0.0722505  0.456876  0.405303  0.0717193  4
1800  76881  0.351227  0.0800624  0.46096  0.401208  0.123594  4
1900  76800  0.352538  0.0703287  0.454725  0.394471  0.074791  4
2000  76395  0.355459  0.0759998  0.456391  0.410791  0.0667392  4
2100  76970  0.353566  0.0720803  0.460428  0.414456  0.0614389  4
2200  76905  0.351861  0.070295  0.459899  0.421717  0.0927858  4
2300  76315  0.347587  0.0725282  0.462424  0.415422  0.0999088  4
2400  77421  0.354106  0.0681938  0.455598  0.398968  0.120326  4
2500  77790  0.352082  0.0741537  0.460289  0.412295  0.152985  4
2600  77128  0.346543  0.0740137  0.456716  0.402133  0.172341  4
2700  77944  0.354017  0.0747971  0.459631  0.394583  0.17313  4
2800  76952  0.349892  0.0673269  0.447965  0.365873  0.192801  4
2900  76647  0.35715  0.0672945  0.443766  0.367248  0.191746  4
3000  75713  0.347526  0.0669772  0.446067  0.382129  0.260531  4
3100  76432  0.347892  0.0639708  0.454889  0.400263  0.214981  4
3200  77322  0.344707  0.0628581  0.454729  0.370627  0.222125  4
3300  77683  0.336938  0.0611952  0.454689  0.374461  0.224595  4
3400  75830  0.340061  0.0645194  0.451604  0.37325  0.214685  4
3500  76211  0.345125  0.0579943  0.453145  0.390155  0.169188  4
3600  76867  0.351686  0.0555203  0.448406  0.399783  0.119815  4
3700  76803  0.352679  0.0521777  0.449645  0.398625  0.114617  4
3800  76342  0.358814  0.0538298  0.450049  0.399031  0.111335  4
3900  77343  0.35472  0.0512538  0.448048  0.390646  0.0913907  4
4000  77813  0.355163  0.0516913  0.438688  0.361254  0.155359  4
4100  76988  0.347428  0.0456921  0.435012  0.348361  0.189565  4
4200  77713  0.362626  0.0447443  0.435549  0.346639  0.184216  4
4300  77107  0.350913  0.0409041  0.438132  0.335912  0.26092  4
4400  76834  0.348297  0.0435016  0.435968  0.325203  0.24291  4
4500  76411  0.349864  0.0399532  0.423409  0.305333  0.216123  4
4600  76237  0.348385  0.0443943  0.425499  0.307425  0.243793  4
4700  76862  0.347296  0.041818  0.422994  0.297747  0.203506  4
4800  77121  0.357065  0.0374595  0.415652  0.297606  0.10924  4
4900  76319  0.351266  0.0331235  0.417113  0.298261  0.105917  4
5000  77225  0.35544  0.0315374  0.413804  0.286072  0.156988  4
5100  76684  0.358174  0.034643  0.414441  0.290174  0.118517  4
5200  76617  0.357362  0.0367335  0.413817  0.295396  0.112362  4
5300  76649  0.359208  0.0368199  0.422155  0.318802  0.0440591  4
5400  76792  0.364889  0.0347571  0.416211  0.299261  0.0534528  4
5500  77206  0.360633  0.036849  0.417861  0.305395  0.0686091  4
5600  76941  0.362762  0.0393321  0.415478  0.299795  0.0539592  4
5700  75415  0.356379  0.0447369  0.421741  0.313313  0.0387445  4
5800  76919  0.357113  0.0461329  0.427379  0.315731  0.028294  4
5900  76988  0.347947  0.0441846  0.433614  0.316595  0.0246217  4
6000  76522  0.349846  0.0487835  0.437918  0.319993  -0.0654473  4
6100  76796  0.345896  0.0500447  0.440903  0.327336  -0.0867944  4
6200  76665  0.342483  0.0513481  0.45124  0.3495  -0.12172  4
6300  77408  0.350298  0.0561614  0.456092  0.364947  -0.17339  4
6400  77447  0.344341  0.0527832  0.455486  0.354951  -0.187066  4
6500  77195  0.348795  0.0512112  0.451769  0.358083  -0.184265  4
6600  77456  0.349451  0.0562837  0.456589  0.374345  -0.148182  4
6700  77759  0.348603  0.0593197  0.465697  0.393594  -0.193784  4
6800  77278  0.349453  0.053505  0.469906  0.398108  -0.195101  4
6900  77017  0.341688  0.0514326  0.470124  0.407567  -0.169211  4
7000  76762  0.351824  0.0532265  0.468673  0.413051  -0.175162  4
7100  76399  0.346944  0.0507151  0.47226  0.419672  -0.162948  4
7200  77174  0.342433  0.053933  0.480865  0.438876  -0.172519  4
7300  76940  0.344994  0.0493013  0.476434  0.423365  -0.18847  4
7400  76894  0.345862  0.0452299  0.469728  0.407403  -0.207791  4
7500  76207  0.34349  0.0449643  0.471233  0.417115  -0.191965  4
7600  76822  0.348978  0.0485802  0.476242  0.433062  -0.174807  4
7700  77440  0.346261  0.048799  0.474817  0.425889  -0.172133  4
7800  76537  0.334735  0.0459342  0.476684  0.426628  -0.145846  4
7900  78105  0.342863  0.0504191  0.476969  0.429113  -0.157659  4
8000  76805  0.341834  0.0516146  0.48248  0.45009  -0.23755  4
8100  76483  0.334743  0.0494842  0.481487  0.433284  -0.245793  4
8200  76942  0.341368  0.055742  0.486779  0.438917  -0.27074  4
8300  76599  0.338323  0.0600447  0.489335  0.43843  -0.268559  4
8400  77090  0.346044  0.0646487  0.494187  0.457712  -0.254006  4
8500  76189  0.340748  0.0635828  0.492601  0.457607  -0.259783  4
8600  76881  0.340687  0.0622711  0.48658  0.448084  -0.283136  4
8700  76495  0.343943  0.070704  0.494856  0.468058  -0.277104  4
8800  77346  0.342289  0.0618615  0.495486  0.461456  -0.318064  4
8900  77403  0.34675  0.0626861  0.490099  0.453229  -0.300314  4
9000  76897  0.339935  0.0642149  0.495426  0.474561  -0.27569  4
9100  77189  0.340646  0.0648416  0.488041  0.451967  -0.266148  4
9200  77336  0.337525  0.0647483  0.484297  0.435945  -0.267314  4
9300  76629  0.338173  0.0603977  0.482507  0.432415  -0.286653  4
9400  76729  0.334355  0.0531999  0.478875  0.420301  -0.287441  4
9500  76809  0.341343  0.058308  0.475887  0.418183  -0.297037  4
9600  76915  0.339703  0.0637324  0.483377  0.432563  -0.324415  4
9700  77746  0.344224  0.0761025  0.493991  0.461386  -0.329284  4
9800  76688  0.341506  0.0699025  0.485831  0.443544  -0.357054  4
9900  77460  0.347403  0.069315  0.485681  0.436197  -0.341184  4
