t meta_n emi  mean_info  tr1  tr2  tr3  strategy
0  103964  0.100624  0.498849  0.900031  0.000750013  -8.19385e-05  4
100  76427  0.181192  0.613899  0.637257  0.085965  -0.00119913  4
200  77978  0.267698  0.585821  0.536912  0.163195  -0.00578951  4
300  78134  0.284317  0.537258  0.525874  0.207745  -0.0207095  4
400  78118  0.294612  0.48181  0.52053  0.249049  -0.022926  4
500  77224  0.290529  0.457579  0.525359  0.297913  -0.0125682  4
600  77122  0.28762  0.428898  0.53895  0.354312  -0.0114913  4
700  77858  0.299241  0.429384  0.54531  0.39489  -0.0211453  4
800  78608  0.299788  0.42284  0.555352  0.426503  -0.0470142  4
900  77798  0.300599  0.416774  0.560883  0.437521  -0.0305912  4
1000  78688  0.296149  0.405986  0.566011  0.454481  -0.0771746  4
1100  79196  0.293435  0.407368  0.581784  0.50097  -0.0687673  4
1200  79712  0.297986  0.393602  0.598327  0.550248  -0.00204405  4
1300  78348  0.286609  0.391227  0.613981  0.59237  0.012821  4
1400  78604  0.300413  0.37741  0.611819  0.614435  0.0170565  4
1500  77329  0.288386  0.379964  0.62383  0.632665  0.00335907  4
1600  79430  0.300841  0.383118  0.630307  0.65242  -0.0105877  4
1700  78332  0.288339  0.37214  0.641719  0.693629  -0.0259385  4
1800  78143  0.296882  0.365905  0.647846  0.703564  -0.0705656  4
1900  80058  0.305507  0.372797  0.653809  0.724928  -0.0899676  4
2000  78930  0.281123  0.364613  0.669749  0.754847  -0.096953  4
2100  77929  0.283505  0.364809  0.680191  0.792  -0.101335  4
2200  77987  0.285742  0.36364  0.690383  0.809276  -0.10349  4
2300  78104  0.278248  0.360728  0.699359  0.831738  -0.0872987  4
2400  78398  0.280479  0.346282  0.709873  0.841855  -0.082016  4
2500  78426  0.289131  0.359112  0.710929  0.849531  -0.0345038  4
2600  79036  0.27429  0.356276  0.717911  0.853363  -0.050218  4
2700  77463  0.278313  0.356244  0.721688  0.860923  -0.00722807  4
2800  79411  0.275812  0.347095  0.727355  0.880576  -0.0103847  4
2900  78365  0.276005  0.346503  0.725456  0.881278  -0.0125743  4
3000  80025  0.285183  0.348837  0.727594  0.896195  -0.0284618  4
3100  77981  0.285936  0.33447  0.721482  0.88635  -0.0166576  4
3200  77928  0.273608  0.342445  0.722867  0.880509  -0.0248324  4
3300  79105  0.28472  0.340969  0.724693  0.883725  -0.0534041  4
3400  79364  0.285468  0.347468  0.728493  0.890393  -0.0610009  4
3500  78550  0.286215  0.335379  0.728405  0.889597  -0.0558015  4
3600  78728  0.265951  0.335874  0.73212  0.903965  -0.00245503  4
3700  79018  0.284138  0.33713  0.72838  0.89659  -0.0407107  4
3800  79188  0.292936  0.334286  0.732155  0.899862  -0.0471878  4
3900  79537  0.275984  0.331427  0.739786  0.908342  -0.0380523  4
4000  77699  0.273144  0.326481  0.74327  0.919316  -0.0366495  4
4100  78721  0.274953  0.331469  0.744309  0.919669  -0.0153533  4
4200  78463  0.274692  0.332914  0.748314  0.927791  -0.00754274  4
4300  78087  0.277493  0.332408  0.748308  0.930949  0.0184658  4
4400  78486  0.287179  0.334031  0.746015  0.929943  0.0246178  4
4500  78090  0.274042  0.34213  0.752144  0.938619  0.0241976  4
4600  78580  0.281253  0.334641  0.754  0.941394  0.0180689  4
4700  79511  0.287669  0.328817  0.753667  0.940977  0.0069882  4
4800  79818  0.296824  0.32816  0.748771  0.939294  0.0532444  4
4900  79405  0.279662  0.323317  0.750836  0.940185  0.073279  4
5000  78513  0.273206  0.327309  0.755271  0.949574  0.0295308  4
5100  79542  0.285328  0.324023  0.756195  0.949949  0.073668  4
5200  79391  0.275559  0.325202  0.762057  0.956012  0.108834  4
5300  78595  0.267674  0.32705  0.764733  0.955577  0.141168  4
5400  79400  0.271438  0.322951  0.766694  0.956352  0.113886  4
5500  79191  0.274128  0.325824  0.769231  0.959309  0.106662  4
5600  78284  0.275472  0.333165  0.769309  0.963052  0.11284  4
5700  78235  0.272633  0.324955  0.773206  0.970991  0.169813  4
5800  79137  0.273092  0.329592  0.775434  0.972447  0.178011  4
5900  79155  0.276875  0.321433  0.776548  0.975909  0.180542  4
6000  79047  0.278151  0.319156  0.776075  0.975216  0.19825  4
6100  78268  0.275056  0.316891  0.776404  0.976485  0.213643  4
6200  78161  0.269124  0.316738  0.776116  0.980384  0.222762  4
6300  78656  0.271805  0.305633  0.777214  0.977543  0.248388  4
6400  78761  0.277451  0.310866  0.774577  0.980719  0.263707  4
6500  79239  0.287422  0.313444  0.77497  0.98199  0.291617  4
6600  79766  0.274232  0.312914  0.775051  0.980284  0.345074  4
6700  79023  0.27152  0.322915  0.778172  0.979623  0.352547  4
6800  79411  0.291961  0.323617  0.778431  0.981438  0.341544  4
6900  79048  0.271307  0.317917  0.775656  0.98089  0.324679  4
7000  78871  0.275318  0.323226  0.776306  0.98165  0.327531  4
7100  79110  0.273928  0.320732  0.779203  0.984605  0.325504  4
7200  80139  0.282001  0.311287  0.777831  0.983482  0.329641  4
7300  78787  0.27014  0.314794  0.779447  0.985476  0.310752  4
7400  79218  0.265115  0.313173  0.778787  0.984954  0.270271  4
7500  77494  0.269206  0.31173  0.777007  0.986238  0.258142  4
7600  79159  0.276192  0.3162  0.780044  0.988136  0.255058  4
7700  78969  0.283296  0.316026  0.780214  0.989347  0.282253  4
7800  77559  0.288239  0.315635  0.779231  0.989457  0.315927  4
7900  79457  0.280719  0.305708  0.781417  0.989651  0.307326  4
8000  79409  0.276526  0.306409  0.783353  0.990364  0.343563  4
8100  79325  0.284049  0.302127  0.781062  0.991337  0.339704  4
8200  79151  0.280844  0.307326  0.782971  0.989419  0.348023  4
8300  78867  0.277092  0.311572  0.785693  0.991696  0.322932  4
8400  78600  0.268408  0.312549  0.785038  0.991992  0.327024  4
8500  79066  0.277701  0.315555  0.783183  0.990934  0.330915  4
8600  79469  0.282207  0.317328  0.784324  0.992161  0.346006  4
8700  78980  0.261022  0.312645  0.785731  0.992936  0.358039  4
8800  78914  0.269743  0.311015  0.785518  0.992867  0.390257  4
8900  78828  0.266924  0.307432  0.785106  0.993601  0.411593  4
9000  79261  0.276727  0.30558  0.78458  0.993208  0.431999  4
9100  78595  0.279344  0.302487  0.784669  0.993816  0.447619  4
9200  79629  0.27702  0.299556  0.783264  0.994186  0.461734  4
9300  78525  0.276541  0.302139  0.784414  0.993663  0.48719  4
9400  77872  0.273672  0.303926  0.784865  0.996185  0.490726  4
9500  78820  0.275066  0.305559  0.785191  0.99508  0.482424  4
9600  79483  0.283274  0.298531  0.785427  0.994944  0.477803  4
9700  79151  0.27911  0.306009  0.786558  0.99635  0.443811  4
9800  80088  0.282553  0.31145  0.785829  0.99661  0.455963  4
9900  78225  0.275664  0.31206  0.786401  0.995717  0.434384  4
