t meta_n emi  mean_info  tr1  tr2  tr3  strategy
0  102927  0.099696  0.491455  0.899965  0.000769865  8.59654e-05  4
100  74710  0.165435  0.305205  0.622771  0.0780595  -0.00938012  4
200  76524  0.279912  0.163381  0.474824  0.141512  -0.00870787  4
300  77146  0.326701  0.108593  0.435703  0.194313  -0.00592261  4
400  77022  0.336833  0.0838569  0.428949  0.239529  -0.0477475  4
500  76386  0.351084  0.0765052  0.423528  0.266487  -0.0763168  4
600  76019  0.364136  0.069209  0.419901  0.287555  -0.0709603  4
700  76169  0.35479  0.0729264  0.429099  0.314194  -0.063978  4
800  75883  0.366703  0.0666191  0.422606  0.325469  -0.0405987  4
900  76461  0.36675  0.0631315  0.42828  0.341058  -0.0573429  4
1000  75826  0.371461  0.0578872  0.431733  0.360414  -0.0376734  4
1100  76851  0.364992  0.055242  0.427182  0.354569  -0.0229528  4
1200  75707  0.366906  0.0579308  0.432636  0.370585  -0.0357215  4
1300  76678  0.368092  0.0588362  0.433717  0.384479  0.00104113  4
1400  76242  0.375155  0.057615  0.428001  0.370113  -0.015044  4
1500  76735  0.373908  0.0557114  0.431264  0.370537  0.0349818  4
1600  75916  0.372575  0.0612423  0.428201  0.366011  0.0467209  4
1700  77224  0.367102  0.0570962  0.430737  0.3528  0.0114564  4
1800  76740  0.360889  0.0481877  0.426346  0.347525  -0.0242529  4
1900  76245  0.36883  0.0458391  0.424374  0.349621  0.0310905  4
2000  77115  0.365552  0.039793  0.431055  0.366469  0.0354838  4
2100  76961  0.356138  0.0437705  0.433717  0.351446  0.0466681  4
2200  76309  0.360259  0.0404107  0.428448  0.337707  0.0874392  4
2300  76410  0.35998  0.0423296  0.426372  0.332262  0.0807745  4
2400  76599  0.365335  0.0424389  0.42493  0.34621  0.0968185  4
2500  76370  0.363365  0.0388557  0.422488  0.336002  0.087357  4
2600  76773  0.374434  0.0388552  0.420191  0.342285  0.0584308  4
2700  75936  0.366033  0.0387013  0.419745  0.335876  0.0357863  4
2800  76284  0.358671  0.0354628  0.419639  0.326745  0.00737174  4
2900  76810  0.366529  0.0367385  0.419799  0.319378  0.0205927  4
3000  77231  0.363568  0.0341623  0.423106  0.331467  0.0326742  4
3100  76540  0.353519  0.0376135  0.41816  0.30666  0.0797956  4
3200  75445  0.352927  0.0368028  0.416618  0.307279  0.104797  4
3300  76357  0.358459  0.0366002  0.415175  0.306828  0.189229  4
3400  76803  0.357173  0.0352251  0.413195  0.296637  0.159805  4
3500  76659  0.366467  0.0310352  0.40876  0.29065  0.120157  4
3600  76047  0.357768  0.0280673  0.408707  0.290226  0.162229  4
3700  75345  0.359543  0.0309845  0.408589  0.292974  0.142797  4
3800  76759  0.355634  0.0326193  0.405057  0.290816  0.186044  4
3900  75864  0.358793  0.0308246  0.403504  0.291857  0.157175  4
4000  77477  0.358734  0.0299874  0.402017  0.281636  0.177171  4
4100  76655  0.362004  0.0280339  0.402471  0.276096  0.239988  4
4200  76944  0.362483  0.0305527  0.403829  0.277714  0.221299  4
4300  75791  0.344811  0.025783  0.405793  0.268416  0.202533  4
4400  76758  0.35742  0.0270429  0.402833  0.271353  0.15763  4
4500  76331  0.356151  0.0234936  0.405418  0.278176  0.19195  4
4600  75614  0.354229  0.0207351  0.403039  0.273087  0.144469  4
4700  75924  0.35898  0.0171824  0.403498  0.286608  0.136656  4
4800  77021  0.355973  0.0189926  0.403471  0.277173  0.13771  4
4900  75947  0.362073  0.0156989  0.398087  0.264873  0.116418  4
5000  77660  0.362273  0.0175215  0.398298  0.260538  0.113937  4
5100  76865  0.362721  0.0166409  0.400029  0.263206  0.0988528  4
5200  77879  0.360837  0.0168968  0.397973  0.261694  0.0688749  4
5300  77452  0.365774  0.0175195  0.393189  0.254995  0.160154  4
5400  76342  0.359127  0.0157955  0.393321  0.252121  0.183185  4
5500  75666  0.359588  0.0168613  0.396125  0.255696  0.133193  4
5600  76219  0.359813  0.0141213  0.389654  0.239497  0.150315  4
5700  76775  0.357949  0.0128426  0.389988  0.236784  0.129179  4
5800  76705  0.360177  0.0131368  0.389907  0.235403  0.130764  4
5900  76779  0.360687  0.0143092  0.388608  0.242248  0.103974  4
6000  77216  0.365429  0.0145315  0.389044  0.239345  0.116636  4
6100  77315  0.356449  0.0144715  0.387027  0.238811  0.108783  4
6200  76334  0.355414  0.0125607  0.388576  0.240346  0.11565  4
6300  76664  0.360313  0.0143735  0.38914  0.229998  0.119632  4
6400  75784  0.352733  0.0120669  0.392342  0.236172  0.0815163  4
6500  77062  0.350593  0.0103471  0.391525  0.226043  0.0909641  4
6600  76837  0.342918  0.00955805  0.393357  0.220689  0.0463862  4
6700  77150  0.353272  0.0101567  0.389411  0.215938  0.0676262  4
6800  76351  0.358862  0.0104322  0.388513  0.217577  0.0793548  4
6900  76512  0.351114  0.0092227  0.387381  0.200848  0.0763957  4
7000  76043  0.35498  0.0109961  0.383686  0.193476  0.0697892  4
7100  77572  0.346553  0.00930901  0.384515  0.195819  0.0397549  4
7200  76299  0.358241  0.00717448  0.38769  0.201625  0.0437616  4
7300  77136  0.344534  0.00635983  0.388183  0.202206  0.0405938  4
7400  77134  0.352722  0.00774669  0.388166  0.208629  0.0569875  4
7500  76619  0.345684  0.00632593  0.387399  0.206868  0.0280115  4
7600  75798  0.347089  0.00539439  0.386726  0.194594  -0.0143508  4
7700  76780  0.355507  0.00505238  0.383959  0.183556  -0.0129847  4
7800  76173  0.351797  0.00625468  0.382534  0.180577  0.0165276  4
7900  76799  0.35043  0.00675877  0.383121  0.178777  0.0354751  4
8000  77360  0.350898  0.0058356  0.381049  0.166126  0.0430488  4
8100  76373  0.345614  0.00571057  0.380366  0.170025  0.0210342  4
8200  77205  0.347921  0.00433577  0.379569  0.164254  0.0153802  4
8300  77136  0.348475  0.00638937  0.381874  0.169277  0.0493265  4
8400  77057  0.343754  0.00637305  0.382812  0.17239  0.0106139  4
8500  77901  0.357238  0.0054827  0.381534  0.16787  0.0138482  4
8600  77083  0.353394  0.00572261  0.379517  0.163678  0.0210961  4
8700  76186  0.355431  0.00432857  0.378362  0.154252  -0.0188902  4
8800  76667  0.349525  0.00407578  0.378782  0.161574  -0.0438949  4
8900  76223  0.347945  0.00442924  0.378891  0.159779  -0.00747785  4
9000  76696  0.343545  0.00307572  0.380203  0.15748  -0.034495  4
9100  77675  0.35348  0.00330658  0.380545  0.160601  0.00172869  4
9200  76693  0.347862  0.0035877  0.380405  0.150429  0.00841585  4
9300  76736  0.353047  0.00314224  0.375553  0.143519  0.0146137  4
9400  77034  0.353479  0.00417602  0.376415  0.150008  0.0158449  4
9500  76548  0.354439  0.00314726  0.377718  0.159722  0.0368109  4
9600  76928  0.344004  0.00269421  0.375746  0.145519  0.0255183  4
9700  76821  0.349551  0.00347037  0.376972  0.145125  0.0297697  4
9800  77585  0.351442  0.00359283  0.375932  0.14162  -0.0311088  4
9900  77599  0.353156  0.00354649  0.374651  0.133695  -0.0577567  4
