t meta_n emi  mean_info  tr1  tr2  tr3  strategy
0  101965  0.10072  0.492256  0.899961  0.000771619  1.843e-05  4
100  74456  0.179299  0.311301  0.600442  0.0848307  0.00798721  4
200  76272  0.284975  0.164816  0.468221  0.138909  0.0251185  4
300  76675  0.320007  0.107055  0.435647  0.181221  0.0362481  4
400  76228  0.344779  0.0829686  0.423111  0.209753  0.0528814  4
500  75586  0.347642  0.0749616  0.423686  0.254128  0.0250613  4
600  77022  0.36066  0.0727009  0.416556  0.256741  0.00619269  4
700  77031  0.363042  0.0688978  0.419317  0.274399  0.0225148  4
800  75696  0.358825  0.0698616  0.421474  0.297572  0.0414446  4
900  76630  0.354267  0.0631724  0.43047  0.315177  0.0505736  4
1000  76457  0.354428  0.0630081  0.427801  0.318575  0.0400308  4
1100  76170  0.364844  0.0634043  0.430696  0.33772  0.0224663  4
1200  76149  0.36213  0.0630191  0.429008  0.33244  0.0117404  4
1300  75206  0.361996  0.0604311  0.42792  0.332097  0.0222806  4
1400  75307  0.358155  0.062921  0.427647  0.320176  0.0134994  4
1500  75879  0.355794  0.0537627  0.428673  0.315403  0.0297628  4
1600  76752  0.35339  0.0509216  0.428252  0.316592  0.0444642  4
1700  77179  0.346792  0.0489878  0.434817  0.325977  0.0221453  4
1800  77227  0.363903  0.0542194  0.427197  0.322353  0.0135262  4
1900  77692  0.36503  0.0559546  0.427704  0.331403  -0.0187249  4
2000  77156  0.364972  0.0508064  0.424084  0.325176  0.0309057  4
2100  75862  0.359597  0.0485815  0.424038  0.327465  0.0287852  4
2200  76753  0.368174  0.0428632  0.421652  0.346101  0.00272995  4
2300  77084  0.360629  0.04367  0.434574  0.363379  0.0107434  4
2400  76059  0.367295  0.0469376  0.430782  0.365486  0.00133841  4
2500  75449  0.364494  0.0449615  0.427684  0.348316  -0.00631376  4
2600  76575  0.359816  0.0453844  0.429897  0.346649  0.0135689  4
2700  77060  0.355477  0.0406797  0.431477  0.344069  -0.0172664  4
2800  76010  0.355356  0.0454399  0.434132  0.34979  -0.0346752  4
2900  75900  0.3559  0.0415633  0.434532  0.355377  -0.0404691  4
3000  76851  0.359202  0.0400843  0.434719  0.364147  -0.0484253  4
3100  76992  0.355985  0.0401337  0.433423  0.366932  -0.0865311  4
3200  77231  0.358839  0.0408059  0.431182  0.351628  -0.0473548  4
3300  76525  0.36093  0.040227  0.430185  0.347006  -0.0731531  4
3400  76605  0.357222  0.0345024  0.424868  0.338525  -0.12265  4
3500  76033  0.372279  0.0309843  0.417244  0.334733  -0.0725475  4
3600  77224  0.36646  0.0285207  0.420255  0.333217  -0.0133838  4
3700  76228  0.366381  0.0272308  0.4189  0.329671  -0.0210971  4
3800  77176  0.364716  0.029507  0.419477  0.311754  -0.0232103  4
3900  76530  0.355051  0.0300932  0.417305  0.300108  -0.0270591  4
4000  75573  0.362099  0.0293186  0.417194  0.308315  -0.0134654  4
4100  77722  0.359215  0.0278677  0.415147  0.288994  -0.0432386  4
4200  76818  0.358979  0.0269659  0.410059  0.295545  -0.0622614  4
4300  77741  0.363794  0.0249683  0.412318  0.30885  -0.0701146  4
4400  77188  0.370981  0.0270727  0.406433  0.304239  -0.0596696  4
4500  76059  0.368726  0.02308  0.402588  0.292474  -0.00655542  4
4600  76358  0.366853  0.0214822  0.405887  0.288829  0.0107135  4
4700  77039  0.357499  0.0205731  0.412617  0.295258  0.0765159  4
4800  76861  0.357695  0.0214816  0.414663  0.304323  0.0784023  4
4900  75833  0.346885  0.0193115  0.415523  0.290131  0.0688441  4
5000  76679  0.358433  0.0189098  0.411195  0.296046  0.0180064  4
5100  77026  0.354679  0.0179427  0.410752  0.288813  0.0566086  4
5200  76394  0.35514  0.014932  0.414173  0.300225  0.0727337  4
5300  77599  0.353433  0.0148708  0.41138  0.299449  0.0191548  4
5400  76632  0.361839  0.0158322  0.409181  0.294151  -0.0591326  4
5500  76030  0.360067  0.0156319  0.407953  0.295433  -0.065792  4
5600  78031  0.354499  0.0160195  0.406717  0.293362  -0.0453961  4
5700  77175  0.354962  0.0153159  0.406626  0.29646  -0.120332  4
5800  76096  0.347622  0.0160726  0.408112  0.289353  -0.0939078  4
5900  77350  0.353253  0.0156212  0.404132  0.275536  -0.054467  4
6000  76657  0.356079  0.0175502  0.406012  0.284701  -0.0110029  4
6100  76146  0.358555  0.0192028  0.409178  0.293215  -0.00593261  4
6200  76224  0.346544  0.0183666  0.40769  0.289014  -0.00795669  4
6300  77070  0.354963  0.0134015  0.405781  0.283617  -0.0560741  4
6400  76434  0.353711  0.0128566  0.400164  0.268049  -0.000154251  4
6500  78169  0.351272  0.0118089  0.399158  0.264677  0.0134537  4
6600  77431  0.362924  0.0125502  0.400618  0.269813  -0.0403241  4
6700  77195  0.360585  0.012288  0.397935  0.268848  -0.0416778  4
6800  76632  0.3616  0.0110069  0.398664  0.264857  0.0169103  4
6900  77510  0.361201  0.0111196  0.394932  0.261734  0.0319394  4
7000  76162  0.358776  0.0116478  0.392973  0.253247  0.123853  4
7100  76597  0.349521  0.0114525  0.3928  0.244374  0.0850533  4
7200  76791  0.358569  0.0100892  0.393821  0.246726  0.00257774  4
7300  76978  0.353834  0.0105014  0.394808  0.243519  -0.000523771  4
7400  75988  0.352816  0.00943857  0.395105  0.252068  -0.0488858  4
7500  76000  0.349742  0.00875043  0.393615  0.232139  -0.0413509  4
7600  77303  0.353914  0.00851507  0.392236  0.228419  -0.0326728  4
7700  76812  0.357646  0.00636151  0.390598  0.230334  -0.066685  4
7800  76626  0.357015  0.00741788  0.388762  0.226679  -0.100884  4
7900  76836  0.351085  0.00623678  0.388085  0.21664  -0.127482  4
8000  76721  0.34922  0.00602191  0.387915  0.214589  -0.0873122  4
8100  76290  0.349993  0.00667361  0.386842  0.213604  -0.0967546  4
8200  76438  0.352002  0.00485887  0.385526  0.204301  -0.108533  4
8300  77394  0.354507  0.00375766  0.385508  0.215202  -0.133456  4
8400  77548  0.361319  0.00456091  0.385886  0.219637  -0.118282  4
8500  76309  0.356709  0.00439049  0.383609  0.209783  -0.0782932  4
8600  75933  0.356857  0.00284061  0.380981  0.20591  -0.0340527  4
8700  77268  0.366775  0.00369384  0.380357  0.2179  -0.137326  4
8800  76288  0.360286  0.00355249  0.37848  0.195714  -0.089076  4
8900  76655  0.35954  0.00429696  0.378521  0.196389  -0.0977637  4
9000  76613  0.353367  0.00323556  0.379227  0.194933  -0.140751  4
9100  77346  0.354524  0.00288886  0.379353  0.197604  -0.0824624  4
9200  77703  0.360975  0.00305584  0.380103  0.196966  -0.125702  4
9300  77277  0.362361  0.00296119  0.378032  0.188589  -0.130928  4
9400  76954  0.358408  0.0028037  0.376424  0.180623  -0.0948709  4
9500  77112  0.354516  0.00232769  0.378741  0.192763  -0.154012  4
9600  76467  0.358574  0.00279867  0.377615  0.186382  -0.111164  4
9700  76883  0.358421  0.00398072  0.374983  0.176297  -0.0751537  4
9800  76314  0.351619  0.00257884  0.376663  0.179656  -0.102968  4
9900  76631  0.354518  0.00351495  0.378973  0.18286  -0.06601  4
