t meta_n emi  mean_info  tr1  tr2  tr3  strategy
0  101631  0.099512  0.492468  0.899945  0.00075089  5.86999e-05  4
100  74236  0.191754  0.284008  0.581821  0.0884003  -0.0021482  4
200  76466  0.304067  0.146451  0.45422  0.151669  0.00234542  4
300  75854  0.332052  0.0960642  0.426843  0.188217  0.0123136  4
400  75328  0.347344  0.0738047  0.417544  0.221718  0.00398834  4
500  76892  0.358537  0.0628416  0.412716  0.239671  -0.00676132  4
600  76262  0.357125  0.0635662  0.42023  0.271163  -0.00246055  4
700  74892  0.360097  0.0629562  0.422307  0.296596  -0.00947497  4
800  76019  0.359042  0.0557879  0.425893  0.308723  0.0243648  4
900  76717  0.364815  0.0549983  0.422547  0.312838  0.0679045  4
1000  76918  0.363263  0.0519374  0.42672  0.318812  0.0629248  4
1100  76609  0.368247  0.0477848  0.421627  0.313978  0.0757386  4
1200  75366  0.36064  0.0494884  0.421811  0.304491  0.062291  4
1300  76984  0.361869  0.0523384  0.422302  0.310331  0.0533119  4
1400  75731  0.368253  0.0477977  0.425952  0.328467  0.0285188  4
1500  75491  0.364309  0.0466672  0.430948  0.345831  0.0350629  4
1600  75829  0.363552  0.0441525  0.432939  0.340315  0.0603391  4
1700  76965  0.358824  0.0466288  0.433296  0.34558  0.0887105  4
1800  76313  0.351678  0.0466904  0.438197  0.355187  0.0469808  4
1900  76065  0.356318  0.0432605  0.433433  0.342193  0.0166711  4
2000  77041  0.358078  0.0416379  0.432241  0.33894  0.0453571  4
2100  76041  0.352977  0.0408404  0.432514  0.330084  0.0051305  4
2200  76561  0.36451  0.0386218  0.424581  0.330235  -0.0503811  4
2300  76452  0.359062  0.0385903  0.428517  0.333497  -0.0549393  4
2400  75943  0.355395  0.0350723  0.430526  0.333476  -0.0121092  4
2500  77392  0.36239  0.0374492  0.430207  0.346233  -0.00860252  4
2600  76464  0.356961  0.0304637  0.427395  0.342483  0.0229339  4
2700  77546  0.358338  0.0354799  0.426696  0.332055  0.00174454  4
2800  76742  0.354807  0.0331278  0.425548  0.317706  -0.0486759  4
2900  77542  0.355236  0.0325918  0.419408  0.292148  -0.0837119  4
3000  76425  0.353703  0.0329953  0.419118  0.274519  -0.0612187  4
3100  76300  0.35439  0.0334842  0.419781  0.28571  -0.0743297  4
3200  76939  0.352943  0.0332589  0.416089  0.27758  -0.0464746  4
3300  76897  0.354849  0.0331392  0.416286  0.272998  -0.0481826  4
3400  75710  0.351677  0.0287655  0.416286  0.28184  0.00745097  4
3500  76089  0.3515  0.0236378  0.417388  0.294648  0.0473632  4
3600  76027  0.35344  0.024745  0.414243  0.286213  0.0422464  4
3700  76028  0.348768  0.023267  0.4189  0.296714  0.0523782  4
3800  76466  0.350707  0.0263708  0.417952  0.292552  0.0850252  4
3900  76728  0.350668  0.0240427  0.414265  0.284909  0.0344315  4
4000  76661  0.354075  0.0219614  0.412646  0.280344  0.0267572  4
4100  77112  0.362091  0.0223646  0.412864  0.295547  -0.0199961  4
4200  76954  0.352832  0.0202238  0.412966  0.290213  0.00479924  4
4300  76307  0.358454  0.0181285  0.407306  0.285689  -0.0416821  4
4400  77403  0.366844  0.0183691  0.404736  0.282728  -0.0702729  4
4500  77550  0.358867  0.0188553  0.405991  0.285489  -0.0257795  4
4600  76200  0.356571  0.0180202  0.407413  0.290858  -0.0996557  4
4700  76584  0.353971  0.0198777  0.40574  0.279419  -0.147386  4
4800  77146  0.362569  0.0176406  0.407847  0.276175  -0.233899  4
4900  76615  0.35855  0.0165579  0.40366  0.262187  -0.217062  4
5000  76963  0.356959  0.015552  0.403468  0.251592  -0.202344  4
5100  76441  0.349431  0.0145313  0.401901  0.254338  -0.281227  4
5200  77970  0.358436  0.0136336  0.404192  0.255673  -0.28587  4
5300  77320  0.348051  0.0150208  0.405114  0.255433  -0.28409  4
5400  77141  0.350636  0.0129491  0.402989  0.253995  -0.295525  4
5500  76396  0.345419  0.01244  0.400493  0.251718  -0.283051  4
5600  76795  0.348265  0.0109497  0.401644  0.250361  -0.250744  4
5700  76894  0.346486  0.0134202  0.403657  0.247791  -0.28656  4
5800  76463  0.347141  0.0117804  0.40251  0.240869  -0.282131  4
5900  76526  0.333592  0.0123797  0.40199  0.237918  -0.339045  4
6000  75652  0.34784  0.01177  0.40269  0.248369  -0.365255  4
6100  77264  0.34803  0.0101122  0.402732  0.242701  -0.266232  4
6200  77134  0.34586  0.0122134  0.400246  0.238503  -0.207675  4
6300  77221  0.351224  0.00981293  0.39714  0.236137  -0.180275  4
6400  78217  0.355324  0.0112103  0.395153  0.227144  -0.236531  4
6500  76383  0.35045  0.00896595  0.39618  0.236274  -0.235604  4
6600  77198  0.348779  0.00838765  0.392983  0.231807  -0.264787  4
6700  76584  0.356301  0.00793787  0.389271  0.23006  -0.339786  4
6800  75926  0.355547  0.00669325  0.391174  0.225523  -0.354528  4
6900  76972  0.354496  0.0076563  0.392442  0.241313  -0.422691  4
7000  77796  0.352583  0.00710045  0.393268  0.233698  -0.340937  4
7100  76030  0.341584  0.00915444  0.394101  0.237891  -0.351549  4
7200  77118  0.355191  0.00864755  0.393346  0.248753  -0.368535  4
7300  76144  0.353933  0.0091893  0.393052  0.244367  -0.358637  4
7400  77323  0.356201  0.00740708  0.390926  0.2427  -0.420829  4
7500  77225  0.353059  0.00462097  0.392259  0.251032  -0.396317  4
7600  76800  0.352953  0.00524783  0.391446  0.238722  -0.421115  4
7700  77753  0.357554  0.00540163  0.388258  0.239352  -0.412792  4
7800  76969  0.351469  0.00440918  0.389547  0.239412  -0.380555  4
7900  77420  0.361635  0.00426984  0.388304  0.24201  -0.360618  4
8000  77344  0.359047  0.00302583  0.386804  0.223572  -0.429375  4
8100  77913  0.359298  0.00377702  0.386437  0.216341  -0.428485  4
8200  77803  0.359071  0.00319439  0.384327  0.212591  -0.467351  4
8300  77321  0.363543  0.00385126  0.38426  0.21236  -0.510382  4
8400  76563  0.351969  0.00425223  0.382538  0.201726  -0.474887  4
8500  76466  0.350026  0.00581169  0.382524  0.198423  -0.538289  4
8600  76870  0.354372  0.00491393  0.381328  0.191587  -0.513991  4
8700  76659  0.357914  0.00486204  0.384233  0.200519  -0.511048  4
8800  77433  0.356727  0.00458891  0.383996  0.207613  -0.517955  4
8900  76893  0.353926  0.00464642  0.381202  0.185806  -0.511748  4
9000  77220  0.352568  0.00308901  0.380752  0.186498  -0.483759  4
9100  77125  0.353299  0.0031661  0.382742  0.195339  -0.468671  4
9200  75632  0.353852  0.00334179  0.383256  0.206115  -0.38538  4
9300  76128  0.359635  0.00340001  0.383556  0.220012  -0.302303  4
9400  76737  0.354278  0.00371589  0.382779  0.209619  -0.277584  4
9500  76502  0.356723  0.00354948  0.381265  0.213986  -0.213575  4
9600  77343  0.358802  0.00334302  0.382167  0.221535  -0.228878  4
9700  76678  0.356362  0.00379757  0.382422  0.22378  -0.245135  4
9800  76569  0.362132  0.00293226  0.384447  0.242562  -0.187844  4
9900  76169  0.356244  0.00379328  0.384005  0.226108  -0.256366  4
