t meta_n emi  mean_info  tr1  tr2  tr3  strategy
0  102330  0.099616  0.495238  0.900089  0.000840807  -2.9765e-05  4
100  75454  0.187396  0.439053  0.608823  0.0868412  0.00698855  4
200  77418  0.28765  0.299489  0.487315  0.157898  0.0211345  4
300  75779  0.304741  0.215144  0.471139  0.216415  0.0103764  4
400  76700  0.328126  0.173071  0.453828  0.258792  0.00349955  4
500  77409  0.335233  0.147433  0.453966  0.289067  -0.00693968  4
600  75947  0.338811  0.126649  0.451015  0.294016  -0.0380073  4
700  76177  0.335791  0.117502  0.448271  0.31733  -0.0312496  4
800  76584  0.340939  0.126928  0.457869  0.340453  -0.0656863  4
900  76997  0.348186  0.1265  0.457659  0.360713  -0.0475287  4
1000  77330  0.35261  0.128484  0.458336  0.364774  -0.0565975  4
1100  76616  0.358014  0.126168  0.463173  0.384499  -0.032469  4
1200  76962  0.349759  0.122981  0.469984  0.412682  -0.0368402  4
1300  77462  0.346877  0.118718  0.477765  0.427579  -0.0517759  4
1400  77347  0.343024  0.126198  0.488853  0.422851  -0.0318115  4
1500  77352  0.339299  0.132795  0.488279  0.426629  -0.0271769  4
1600  76956  0.349167  0.135297  0.494432  0.458419  -0.0291243  4
1700  75728  0.33989  0.12082  0.493979  0.456903  -0.00506074  4
1800  76453  0.349147  0.122375  0.491939  0.448383  -0.064863  4
1900  76824  0.344156  0.130336  0.496964  0.464148  -0.0804676  4
2000  77640  0.344699  0.117633  0.502059  0.481098  -0.0984186  4
2100  76889  0.331019  0.111064  0.49765  0.453363  -0.170964  4
2200  76959  0.33169  0.118497  0.501445  0.455779  -0.216513  4
2300  76574  0.342622  0.11569  0.492696  0.454707  -0.148338  4
2400  75697  0.336544  0.115572  0.505687  0.485152  -0.106399  4
2500  76961  0.336578  0.115054  0.506908  0.491284  -0.0874082  4
2600  76872  0.328956  0.111926  0.506759  0.474579  -0.0812887  4
2700  76419  0.334193  0.118983  0.517457  0.511676  -0.105881  4
2800  76316  0.333421  0.111228  0.519503  0.519738  -0.12292  4
2900  77042  0.328739  0.117089  0.521685  0.517069  -0.116052  4
3000  77277  0.337402  0.124266  0.528736  0.5343  -0.0678724  4
3100  77407  0.336018  0.125964  0.531845  0.541299  -0.108957  4
3200  76114  0.323771  0.132622  0.540659  0.560441  -0.110678  4
3300  77510  0.331957  0.13095  0.539243  0.563596  -0.0883014  4
3400  77741  0.336853  0.128133  0.543073  0.562413  -0.102041  4
3500  77834  0.339288  0.130223  0.549833  0.579969  -0.106726  4
3600  76932  0.331405  0.132095  0.55744  0.607358  -0.112177  4
3700  78092  0.325641  0.142812  0.569421  0.627375  -0.157316  4
3800  77725  0.332185  0.132702  0.568413  0.630569  -0.202304  4
3900  77176  0.329802  0.13208  0.560781  0.605395  -0.221934  4
4000  77152  0.326711  0.137088  0.571751  0.624341  -0.232542  4
4100  77733  0.318784  0.135138  0.571492  0.621927  -0.28285  4
4200  77278  0.31782  0.131179  0.570798  0.618702  -0.293621  4
4300  77314  0.328173  0.125199  0.567325  0.609613  -0.315298  4
4400  77825  0.320831  0.130339  0.570334  0.607288  -0.308605  4
4500  75896  0.318039  0.131591  0.570015  0.62043  -0.290138  4
4600  76385  0.315881  0.133114  0.571932  0.619578  -0.319091  4
4700  78120  0.324262  0.133596  0.576414  0.635657  -0.335703  4
4800  76760  0.322007  0.138105  0.580641  0.647013  -0.346369  4
4900  76637  0.324609  0.130361  0.576271  0.635066  -0.343424  4
5000  76381  0.321779  0.133927  0.581486  0.65459  -0.329361  4
5100  77286  0.328829  0.128514  0.583268  0.658457  -0.29994  4
5200  76693  0.315824  0.115202  0.584877  0.661546  -0.363416  4
5300  77944  0.32537  0.119528  0.596071  0.691251  -0.354847  4
5400  76311  0.327666  0.123503  0.591935  0.682463  -0.357296  4
5500  77460  0.33426  0.124037  0.600023  0.703033  -0.396844  4
5600  75940  0.319203  0.118936  0.594915  0.684883  -0.409085  4
5700  77144  0.317335  0.125512  0.598831  0.680438  -0.446951  4
5800  77088  0.322637  0.121399  0.597082  0.680528  -0.411028  4
5900  77679  0.328887  0.124237  0.601238  0.691082  -0.37249  4
6000  77654  0.329218  0.127195  0.598384  0.689453  -0.262983  4
6100  78487  0.333861  0.120485  0.596871  0.690483  -0.245226  4
6200  77345  0.317567  0.127971  0.604058  0.70154  -0.323873  4
6300  77784  0.323976  0.122951  0.599762  0.693567  -0.377192  4
6400  77448  0.325545  0.125423  0.601642  0.689874  -0.38966  4
6500  77510  0.317289  0.124251  0.600522  0.676687  -0.397963  4
6600  78439  0.32652  0.130861  0.602521  0.67539  -0.392654  4
6700  77153  0.315437  0.12483  0.591738  0.638069  -0.421021  4
6800  78070  0.329529  0.129287  0.590039  0.638903  -0.473703  4
6900  77556  0.307426  0.137335  0.60106  0.661933  -0.491198  4
7000  78341  0.325461  0.141086  0.605265  0.670087  -0.505807  4
7100  77390  0.324743  0.138131  0.601989  0.667109  -0.507981  4
7200  76302  0.319378  0.139542  0.605452  0.674275  -0.489354  4
7300  77745  0.321216  0.136435  0.602267  0.661318  -0.482788  4
7400  76768  0.316186  0.137822  0.609631  0.677772  -0.443702  4
7500  76782  0.317444  0.140333  0.622579  0.704668  -0.461907  4
7600  77753  0.313902  0.134168  0.624415  0.710619  -0.495855  4
7700  77801  0.30895  0.134068  0.628326  0.723308  -0.513835  4
7800  78243  0.312184  0.135998  0.624086  0.712342  -0.561961  4
7900  78586  0.323117  0.134145  0.629459  0.729463  -0.566989  4
8000  78008  0.321189  0.138251  0.625009  0.721115  -0.549516  4
8100  77879  0.32146  0.138506  0.62144  0.717239  -0.523562  4
8200  77240  0.311752  0.133778  0.622576  0.7218  -0.517181  4
8300  77502  0.320025  0.131525  0.618758  0.703463  -0.489049  4
8400  78174  0.312626  0.124768  0.612056  0.690346  -0.47328  4
8500  76969  0.309278  0.140638  0.624015  0.71848  -0.438556  4
8600  78368  0.325809  0.15386  0.637922  0.748382  -0.4251  4
8700  76956  0.317217  0.15202  0.639325  0.754557  -0.464832  4
8800  77178  0.323988  0.150866  0.643318  0.760211  -0.431643  4
8900  77896  0.304678  0.147751  0.645715  0.760408  -0.401137  4
9000  77671  0.310981  0.131525  0.630346  0.728385  -0.3093  4
9100  77441  0.313883  0.132951  0.628696  0.716023  -0.36127  4
9200  77763  0.314117  0.136779  0.639197  0.737989  -0.338876  4
9300  78118  0.312797  0.13292  0.637284  0.736615  -0.3229  4
9400  78377  0.310271  0.132069  0.633562  0.726138  -0.23218  4
9500  77999  0.311936  0.137996  0.640182  0.746683  -0.226804  4
9600  77137  0.314611  0.128544  0.642728  0.749787  -0.203461  4
9700  77459  0.314904  0.137756  0.654119  0.783023  -0.247967  4
9800  77658  0.323084  0.129264  0.652395  0.785024  -0.210012  4
9900  77066  0.315492  0.137503  0.657937  0.805134  -0.238962  4
