t meta_n emi  mean_info  tr1  tr2  tr3  strategy
0  103518  0.10192  0.500269  0.900042  0.00084548  7.07744e-06  4
100  76857  0.169877  0.581021  0.652318  0.0887394  -0.000743065  4
200  77887  0.269665  0.547957  0.525924  0.149695  -0.0168869  4
300  77661  0.292129  0.481677  0.509467  0.203484  -0.0263123  4
400  77901  0.302797  0.407808  0.503814  0.25227  -0.0282439  4
500  79286  0.304474  0.389414  0.50665  0.2879  -0.0505326  4
600  78193  0.311249  0.365934  0.511768  0.313719  -0.0606835  4
700  78103  0.318832  0.372186  0.510032  0.32563  -0.0607831  4
800  77259  0.303708  0.357821  0.522947  0.362481  -0.0595329  4
900  77436  0.296261  0.357485  0.530193  0.370465  -0.0620542  4
1000  78170  0.299356  0.362677  0.546151  0.428863  -0.0584204  4
1100  77397  0.300316  0.362166  0.563176  0.481154  -0.041355  4
1200  77219  0.287966  0.370642  0.573362  0.495221  -0.0219896  4
1300  77741  0.300122  0.346724  0.569878  0.521718  0.0343477  4
1400  77901  0.304441  0.338197  0.578912  0.556468  0.0491492  4
1500  78019  0.299232  0.338535  0.59858  0.588901  -0.00476297  4
1600  77258  0.295453  0.332553  0.606779  0.610882  -0.0241586  4
1700  79103  0.304557  0.33478  0.614157  0.637226  -0.047668  4
1800  78819  0.295669  0.33049  0.632524  0.678707  -0.0294368  4
1900  78362  0.302809  0.321456  0.633355  0.674003  -0.0216162  4
2000  78550  0.299755  0.325014  0.645609  0.710666  -0.0173091  4
2100  78295  0.294236  0.316916  0.646167  0.721869  -0.0544331  4
2200  78756  0.302283  0.314899  0.653482  0.744617  -0.07774  4
2300  78353  0.301595  0.335549  0.665136  0.76284  -0.0938113  4
2400  77073  0.302697  0.332547  0.672801  0.794147  -0.116252  4
2500  78257  0.295019  0.332604  0.682077  0.809223  -0.111064  4
2600  78114  0.291795  0.335121  0.689923  0.820569  -0.0866695  4
2700  79401  0.286405  0.323834  0.701787  0.838609  -0.0858989  4
2800  78046  0.287223  0.321885  0.700506  0.842491  -0.0618459  4
2900  79207  0.292905  0.334139  0.704653  0.855705  -0.0967678  4
3000  79354  0.285055  0.328182  0.710683  0.859567  -0.0931564  4
3100  79031  0.279426  0.32083  0.710615  0.864205  -0.0615855  4
3200  78854  0.287105  0.318932  0.720305  0.882879  -0.0737499  4
3300  78202  0.28548  0.312114  0.723383  0.897728  -0.101125  4
3400  77949  0.274662  0.309345  0.725777  0.90351  -0.121122  4
3500  77911  0.283756  0.312079  0.727824  0.907766  -0.151966  4
3600  78145  0.286333  0.31157  0.726123  0.906211  -0.16573  4
3700  78000  0.274192  0.311265  0.733576  0.919243  -0.156759  4
3800  78758  0.281866  0.308016  0.734808  0.928387  -0.206665  4
3900  78802  0.291651  0.303961  0.737394  0.93638  -0.261623  4
4000  78713  0.290934  0.310031  0.738576  0.935822  -0.317421  4
4100  78265  0.279688  0.310563  0.739429  0.937396  -0.343698  4
4200  77976  0.285311  0.307197  0.744251  0.93562  -0.374694  4
4300  78576  0.299566  0.311723  0.744023  0.936961  -0.38339  4
4400  77819  0.286  0.311847  0.741877  0.935982  -0.395647  4
4500  78037  0.285032  0.311359  0.745646  0.944403  -0.416225  4
4600  78150  0.292929  0.308009  0.744808  0.944725  -0.472146  4
4700  77800  0.27693  0.308843  0.749744  0.948027  -0.491077  4
4800  77795  0.2892  0.310718  0.749359  0.953503  -0.502605  4
4900  78802  0.294955  0.310966  0.751253  0.958216  -0.495353  4
5000  79286  0.28568  0.299439  0.75668  0.960129  -0.499801  4
5100  78596  0.294805  0.301508  0.757909  0.962263  -0.540424  4
5200  79313  0.283323  0.304397  0.75662  0.958465  -0.546078  4
5300  78929  0.281116  0.307656  0.760406  0.965846  -0.565826  4
5400  79690  0.288202  0.309965  0.765247  0.967668  -0.566944  4
5500  78643  0.280603  0.309265  0.763543  0.964506  -0.532223  4
5600  78970  0.275862  0.298276  0.761797  0.966425  -0.568614  4
5700  78296  0.286683  0.299662  0.76397  0.968876  -0.532575  4
5800  77966  0.276685  0.304304  0.764282  0.968786  -0.543379  4
5900  78559  0.284  0.305043  0.764271  0.971423  -0.562091  4
6000  77929  0.281777  0.307474  0.764856  0.969086  -0.576938  4
6100  77873  0.276825  0.30631  0.764509  0.967634  -0.558535  4
6200  78670  0.273308  0.312666  0.76755  0.969408  -0.586307  4
6300  79317  0.272055  0.312619  0.770325  0.974785  -0.678506  4
6400  77841  0.281798  0.306805  0.770752  0.97298  -0.709821  4
6500  78869  0.27743  0.305877  0.768198  0.971208  -0.74893  4
6600  78554  0.274805  0.3069  0.773592  0.977338  -0.744575  4
6700  78988  0.265642  0.304955  0.773289  0.975672  -0.765141  4
6800  77876  0.263167  0.29969  0.771588  0.973706  -0.76997  4
6900  78043  0.275438  0.308336  0.770579  0.976511  -0.77751  4
7000  77983  0.272608  0.296848  0.769257  0.973263  -0.715939  4
7100  78707  0.286577  0.303157  0.770117  0.976262  -0.755249  4
7200  79433  0.284513  0.304696  0.770373  0.975398  -0.789757  4
7300  77591  0.267141  0.292234  0.773334  0.979161  -0.790056  4
7400  78472  0.281661  0.293653  0.774409  0.98085  -0.815792  4
7500  78477  0.269876  0.298415  0.775135  0.9807  -0.82118  4
7600  79148  0.277594  0.298749  0.775721  0.983253  -0.853872  4
7700  78340  0.281878  0.301672  0.776598  0.983968  -0.888214  4
7800  78934  0.285948  0.303584  0.774826  0.984105  -0.869987  4
7900  79142  0.276323  0.301491  0.778487  0.986777  -0.878437  4
8000  78931  0.283525  0.304275  0.778837  0.988617  -0.873577  4
8100  77858  0.268519  0.301784  0.779862  0.991008  -0.878079  4
8200  78368  0.276584  0.305687  0.777848  0.99149  -0.873874  4
8300  78332  0.283469  0.302498  0.778742  0.99028  -0.870698  4
8400  78599  0.284016  0.29575  0.781518  0.992459  -0.855108  4
8500  79174  0.287912  0.294624  0.782044  0.994465  -0.861454  4
8600  78213  0.272429  0.298658  0.783146  0.994695  -0.875426  4
8700  78516  0.281581  0.290727  0.783244  0.995773  -0.908163  4
8800  78753  0.273632  0.291833  0.782014  0.995497  -0.925738  4
8900  78993  0.285358  0.290872  0.783897  0.995473  -0.956847  4
9000  79740  0.284792  0.293708  0.78503  0.995283  -0.947538  4
9100  79863  0.28187  0.288863  0.784987  0.996068  -0.949151  4
9200  78960  0.280448  0.291845  0.787019  0.996662  -0.984135  4
9300  79760  0.28939  0.295502  0.787388  0.996889  -0.966413  4
9400  79170  0.289936  0.298791  0.786737  0.996868  -0.936677  4
9500  79463  0.282458  0.297376  0.787001  0.997475  -0.927635  4
9600  79099  0.285901  0.304659  0.785634  0.996361  -0.939815  4
9700  78872  0.278772  0.298261  0.787332  0.997506  -0.901457  4
9800  78992  0.281774  0.300125  0.786303  0.996444  -0.879494  4
9900  78719  0.283736  0.292801  0.786737  0.996614  -0.856994  4
