t meta_n emi  mean_info  tr1  tr2  tr3  strategy
0  103104  0.100928  0.490659  0.899971  0.000830588  -0.000189882  4
100  74211  0.158966  0.294026  0.629519  0.0958156  0.00753477  4
200  76216  0.271935  0.165926  0.482842  0.164804  0.00278712  4
300  76136  0.317469  0.111648  0.44746  0.213135  0.0046563  4
400  75770  0.337457  0.0836266  0.430321  0.237744  -0.0173321  4
500  75811  0.351245  0.072239  0.426414  0.273416  -0.00490772  4
600  76518  0.356216  0.0722162  0.427714  0.30179  -0.0324029  4
700  77527  0.364683  0.0726367  0.438563  0.33954  -0.0606385  4
800  77314  0.375435  0.0658604  0.427929  0.326114  -0.0626036  4
900  76734  0.365179  0.063216  0.433365  0.34281  -0.0332694  4
1000  76865  0.36397  0.0630121  0.438307  0.364537  -0.0482543  4
1100  76921  0.370631  0.0582781  0.434472  0.351587  -0.0130728  4
1200  76529  0.375689  0.0562155  0.428249  0.34704  0.0129132  4
1300  75973  0.36759  0.0623476  0.429375  0.342603  0.0556376  4
1400  76612  0.369061  0.0552506  0.42929  0.34312  0.00951374  4
1500  77341  0.364564  0.0545454  0.434296  0.359114  -0.00502221  4
1600  76841  0.357423  0.0557342  0.438031  0.359009  0.0129457  4
1700  75970  0.352828  0.0530928  0.438008  0.357101  0.000424008  4
1800  76780  0.357269  0.0480232  0.443195  0.368824  -0.0171042  4
1900  77659  0.360782  0.0474464  0.442012  0.374809  -0.0373068  4
2000  75879  0.345152  0.0460248  0.446623  0.363819  -0.0335212  4
2100  76257  0.360836  0.0427587  0.443318  0.374657  -0.015306  4
2200  77559  0.359199  0.0451318  0.442102  0.383882  -0.07963  4
2300  76849  0.361412  0.0450726  0.438391  0.369222  -0.0847349  4
2400  76710  0.365642  0.0444085  0.442864  0.375354  -0.0660043  4
2500  76950  0.359762  0.0413258  0.437881  0.365628  -0.0940876  4
2600  76332  0.359932  0.0432953  0.438295  0.362877  -0.120077  4
2700  76817  0.367812  0.0419505  0.441053  0.382009  -0.103253  4
2800  76326  0.357628  0.0402494  0.439031  0.370344  -0.0790091  4
2900  76505  0.359515  0.0369382  0.438371  0.355371  -0.073979  4
3000  76309  0.366546  0.0342416  0.441428  0.377696  -0.0483217  4
3100  76960  0.362939  0.0346214  0.439846  0.37164  -0.123777  4
3200  76481  0.353467  0.0345124  0.439655  0.364321  -0.151575  4
3300  77491  0.359288  0.0329937  0.439886  0.365134  -0.16503  4
3400  76895  0.354427  0.0374821  0.442102  0.362694  -0.196606  4
3500  75151  0.355724  0.0340787  0.43598  0.353081  -0.192918  4
3600  76253  0.348449  0.0360642  0.438532  0.359393  -0.222816  4
3700  75384  0.345829  0.0316819  0.437676  0.352884  -0.275725  4
3800  76703  0.354987  0.0299799  0.435606  0.350289  -0.301972  4
3900  76166  0.345599  0.0240198  0.43023  0.324046  -0.311672  4
4000  76851  0.349506  0.0224996  0.42537  0.313007  -0.375722  4
4100  75955  0.351077  0.0247618  0.421779  0.317887  -0.346926  4
4200  76797  0.357555  0.0231651  0.421025  0.314017  -0.381669  4
4300  76187  0.350771  0.0239651  0.419381  0.312963  -0.377237  4
4400  76976  0.360006  0.022766  0.415191  0.3118  -0.410511  4
4500  76318  0.352897  0.0225085  0.426566  0.342571  -0.372004  4
4600  76708  0.359188  0.0208067  0.427974  0.366237  -0.412957  4
4700  76591  0.358039  0.0225272  0.434533  0.391924  -0.407395  4
4800  75931  0.359406  0.0196508  0.431241  0.385098  -0.43033  4
4900  77097  0.359728  0.0215093  0.434044  0.391957  -0.415653  4
5000  77269  0.353011  0.0207683  0.430981  0.387933  -0.422513  4
5100  76733  0.357851  0.0191351  0.422594  0.361905  -0.383507  4
5200  76649  0.351959  0.0192951  0.426956  0.372031  -0.366368  4
5300  76202  0.352322  0.0203959  0.427979  0.376968  -0.382222  4
5400  76681  0.352872  0.0177104  0.426031  0.37659  -0.356176  4
5500  77820  0.352665  0.0163035  0.424614  0.36983  -0.340896  4
5600  76695  0.358386  0.0140331  0.421151  0.358834  -0.329953  4
5700  77893  0.361933  0.0136596  0.418688  0.355223  -0.345644  4
5800  76281  0.357901  0.0112847  0.420938  0.372175  -0.350809  4
5900  76932  0.364929  0.0114266  0.422967  0.378528  -0.43954  4
6000  76483  0.362022  0.0106364  0.42385  0.384077  -0.450736  4
6100  76173  0.35999  0.0125996  0.424782  0.369993  -0.481106  4
6200  76793  0.358784  0.0117676  0.422018  0.375505  -0.475678  4
6300  76918  0.360008  0.00958321  0.422669  0.359107  -0.496991  4
6400  76953  0.358234  0.0100318  0.426954  0.366094  -0.425113  4
6500  75881  0.358746  0.0108142  0.430092  0.38584  -0.428484  4
6600  77523  0.359031  0.0106818  0.434304  0.404978  -0.430597  4
6700  77374  0.36042  0.0116838  0.439459  0.407831  -0.408637  4
6800  76511  0.361258  0.0105903  0.440621  0.409434  -0.381485  4
6900  77864  0.357698  0.0097449  0.438383  0.403809  -0.357171  4
7000  76373  0.351552  0.00965974  0.439293  0.398903  -0.396967  4
7100  76748  0.362506  0.0115594  0.446667  0.423804  -0.35679  4
7200  76462  0.353588  0.0109262  0.445858  0.404267  -0.410252  4
7300  76210  0.357731  0.0112182  0.441421  0.395966  -0.38644  4
7400  76593  0.360774  0.0101315  0.443834  0.408342  -0.361562  4
7500  76674  0.362737  0.00996129  0.441538  0.400226  -0.381432  4
7600  76496  0.362628  0.011302  0.451059  0.420434  -0.397072  4
7700  77503  0.351091  0.0120005  0.460991  0.44036  -0.423406  4
7800  77711  0.360493  0.0118223  0.458484  0.430681  -0.413904  4
7900  76333  0.349987  0.0122184  0.458724  0.427414  -0.409557  4
8000  77264  0.357107  0.0112815  0.46281  0.433814  -0.415792  4
8100  77150  0.346952  0.0112632  0.467748  0.445584  -0.3902  4
8200  76953  0.349964  0.00972435  0.470435  0.45631  -0.335385  4
8300  76280  0.347462  0.00865361  0.473613  0.47  -0.331566  4
8400  77103  0.35412  0.00801201  0.477027  0.474638  -0.34822  4
8500  76708  0.35558  0.0077075  0.478708  0.484515  -0.377071  4
8600  75336  0.350744  0.00715192  0.48512  0.501281  -0.442307  4
8700  77878  0.365159  0.00930333  0.491841  0.524891  -0.457799  4
8800  76459  0.351042  0.0088807  0.495987  0.533217  -0.470079  4
8900  76366  0.360547  0.0091381  0.504988  0.561858  -0.460475  4
9000  76891  0.356576  0.00882994  0.508265  0.574248  -0.473891  4
9100  77504  0.361385  0.00967083  0.519355  0.608191  -0.472459  4
9200  77203  0.375166  0.00967257  0.524952  0.637155  -0.496609  4
9300  76118  0.36902  0.00891739  0.544672  0.688529  -0.52467  4
9400  76901  0.37221  0.00936361  0.549729  0.703699  -0.524375  4
9500  77466  0.372607  0.00910033  0.555949  0.725501  -0.524796  4
9600  76745  0.36918  0.00932547  0.559037  0.73111  -0.534215  4
9700  77324  0.378841  0.0115473  0.568367  0.755275  -0.525315  4
9800  77472  0.375329  0.0133966  0.581618  0.798592  -0.525443  4
9900  77766  0.380495  0.0126976  0.583052  0.806918  -0.548625  4
