t meta_n emi  mean_info  tr1  tr2  tr3  strategy
0  101351  0.100376  0.489453  0.900067  0.000745943  -2.17575e-05  4
100  73527  0.153187  0.254787  0.638221  0.0891906  -0.00192998  4
200  75536  0.286696  0.139404  0.467502  0.164334  -0.00883193  4
300  76971  0.333329  0.0875318  0.436102  0.216241  -0.0377704  4
400  77604  0.353279  0.0715602  0.422418  0.254206  -0.0164233  4
500  75083  0.361803  0.0582352  0.418217  0.275967  -0.0446524  4
600  76624  0.359728  0.0536923  0.427593  0.313727  -0.0492539  4
700  76676  0.367766  0.0531369  0.422457  0.315255  -0.0552927  4
800  76524  0.36312  0.0535084  0.429135  0.329151  -0.0561368  4
900  76516  0.371528  0.0513058  0.430012  0.344057  -0.0851986  4
1000  76079  0.360835  0.0454173  0.430096  0.349939  -0.102241  4
1100  76621  0.366583  0.0529057  0.436167  0.357953  -0.0891905  4
1200  76248  0.357751  0.0495871  0.433955  0.343692  -0.0575566  4
1300  77163  0.364429  0.0489693  0.436109  0.364616  -0.070297  4
1400  75246  0.359072  0.0493217  0.439452  0.383333  -0.0970941  4
1500  76311  0.36668  0.0433166  0.439866  0.398011  -0.0925557  4
1600  75386  0.363844  0.0435825  0.441192  0.403856  -0.0499118  4
1700  75756  0.366569  0.0413258  0.445832  0.418111  -0.0532004  4
1800  76124  0.360938  0.0374699  0.451479  0.43412  -0.0749393  4
1900  76946  0.363117  0.0385684  0.454457  0.428005  -0.0776751  4
2000  76798  0.364302  0.0407956  0.454422  0.424834  -0.077768  4
2100  77146  0.367398  0.0361004  0.448285  0.417691  -0.0723696  4
2200  76956  0.350653  0.0357266  0.45851  0.42741  -0.095822  4
2300  76403  0.360336  0.0364412  0.455594  0.431382  -0.119027  4
2400  77130  0.355986  0.0363647  0.455488  0.416286  -0.070457  4
2500  76729  0.354964  0.040177  0.453806  0.402251  -0.0300277  4
2600  77467  0.355689  0.0377737  0.450403  0.403753  -0.0254564  4
2700  75925  0.356603  0.0342699  0.442207  0.396535  0.0610818  4
2800  75768  0.357559  0.0347801  0.441029  0.396195  0.0603988  4
2900  75931  0.357259  0.0312049  0.434933  0.379161  0.103809  4
3000  76881  0.366198  0.0318798  0.432676  0.379249  0.0961622  4
3100  77078  0.3776  0.0303524  0.426316  0.370694  0.104889  4
3200  75656  0.360061  0.0300668  0.42625  0.354317  0.0988998  4
3300  77105  0.35759  0.0353367  0.429089  0.35633  0.108489  4
3400  76564  0.357489  0.0300209  0.434783  0.360034  0.185741  4
3500  76784  0.354571  0.0252553  0.430614  0.353888  0.193985  4
3600  76624  0.365672  0.0224932  0.430856  0.354175  0.212633  4
3700  76985  0.365293  0.0211967  0.43043  0.359161  0.191297  4
3800  76208  0.361139  0.0208023  0.428858  0.345861  0.141128  4
3900  75814  0.364294  0.0210672  0.429142  0.359285  0.149692  4
4000  76998  0.371702  0.017937  0.423019  0.346566  0.172325  4
4100  77267  0.366975  0.0172159  0.421446  0.343076  0.193407  4
4200  77432  0.361191  0.0181368  0.41789  0.319909  0.191418  4
4300  76853  0.363635  0.0182763  0.414684  0.314516  0.198318  4
4400  77829  0.359441  0.017037  0.420997  0.329094  0.186974  4
4500  76423  0.363913  0.014167  0.411106  0.297477  0.18406  4
4600  76265  0.357555  0.013644  0.413777  0.299426  0.202458  4
4700  76166  0.361611  0.0125125  0.414648  0.315  0.188135  4
4800  76637  0.36501  0.0123303  0.407463  0.29415  0.193559  4
4900  76850  0.353919  0.0150849  0.41189  0.299159  0.197363  4
5000  77225  0.359153  0.0146491  0.411838  0.299744  0.199956  4
5100  76996  0.364391  0.0146625  0.410889  0.291907  0.234456  4
5200  76581  0.359677  0.0125924  0.407811  0.285898  0.238822  4
5300  77222  0.369014  0.0120758  0.406924  0.293299  0.211543  4
5400  75972  0.365984  0.0138713  0.403812  0.292325  0.215364  4
5500  76470  0.368348  0.0109946  0.399219  0.266023  0.224643  4
5600  76560  0.358642  0.0101561  0.399312  0.259326  0.238851  4
5700  76546  0.355926  0.0114779  0.398485  0.257051  0.246871  4
5800  76959  0.360018  0.0107021  0.396762  0.252364  0.27364  4
5900  76632  0.361118  0.00920406  0.394528  0.244737  0.305271  4
6000  76770  0.359169  0.00743265  0.392174  0.232767  0.301767  4
6100  76867  0.364559  0.00847213  0.392319  0.230902  0.303637  4
6200  75898  0.359672  0.00783065  0.388303  0.214926  0.341685  4
6300  76620  0.361523  0.00905921  0.388516  0.213474  0.330615  4
6400  76839  0.358194  0.00919496  0.383132  0.204013  0.367937  4
6500  76632  0.369471  0.00897488  0.381356  0.205587  0.341992  4
6600  77978  0.36669  0.00838127  0.376823  0.197725  0.303493  4
6700  77001  0.363493  0.00704863  0.37659  0.194003  0.252696  4
6800  77513  0.358357  0.00662796  0.386462  0.215547  0.108722  4
6900  76485  0.360097  0.00661903  0.381864  0.211201  0.111738  4
7000  76712  0.359963  0.00619918  0.382256  0.211886  0.107144  4
7100  75878  0.360365  0.00597201  0.381412  0.20465  0.0587721  4
7200  76251  0.361946  0.00476547  0.378908  0.193299  0.0794041  4
7300  77863  0.367137  0.00569168  0.380735  0.198018  0.0481977  4
7400  76346  0.355852  0.00646295  0.383016  0.200821  0.0424293  4
7500  76670  0.360938  0.00682959  0.382636  0.195913  0.0418629  4
7600  77044  0.35934  0.00583749  0.383212  0.208233  0.0473612  4
7700  76999  0.361238  0.00542966  0.383314  0.214219  0.0717951  4
7800  77201  0.358343  0.00534801  0.381714  0.211578  0.0915119  4
7900  76679  0.357932  0.00511017  0.386221  0.226305  0.0958418  4
8000  77338  0.362465  0.00417524  0.383584  0.225142  0.0966377  4
8100  77316  0.370727  0.00430937  0.38055  0.211419  0.14562  4
8200  77111  0.361595  0.00481379  0.380867  0.203694  0.169507  4
8300  76383  0.356916  0.0040817  0.379139  0.184162  0.168359  4
8400  75952  0.356885  0.00353676  0.380083  0.18782  0.203898  4
8500  77419  0.356409  0.00341179  0.37814  0.173296  0.24625  4
8600  76504  0.354331  0.0037672  0.377626  0.179793  0.255557  4
8700  76215  0.354851  0.00284185  0.376761  0.175559  0.246894  4
8800  76760  0.359877  0.00402802  0.375948  0.168765  0.27477  4
8900  77859  0.361332  0.0035145  0.375541  0.172734  0.210991  4
9000  77466  0.353157  0.00317498  0.37452  0.163353  0.250357  4
9100  77113  0.35501  0.00251977  0.372936  0.161146  0.230313  4
9200  76442  0.353817  0.00364734  0.373976  0.163663  0.226398  4
9300  77897  0.36356  0.00258576  0.371434  0.157242  0.260624  4
9400  76634  0.358029  0.00297061  0.371415  0.151055  0.263984  4
9500  77306  0.367462  0.00206887  0.37107  0.158454  0.285296  4
9600  76220  0.353748  0.0019337  0.3702  0.153157  0.310615  4
9700  76856  0.361129  0.00241319  0.369805  0.154827  0.262282  4
9800  76222  0.359566  0.00216714  0.368711  0.157577  0.258555  4
9900  76595  0.358506  0.00195029  0.369882  0.151011  0.238294  4
