t meta_n emi  mean_info  tr1  tr2  tr3  strategy
0  104703  0.099704  0.500709  0.900062  0.000765099  -3.5607e-05  4
100  79154  0.172375  0.71695  0.677826  0.0809583  0.00495516  4
200  80364  0.264036  0.763973  0.563843  0.141445  0.0120313  4
300  80521  0.264528  0.770792  0.571876  0.185615  0.00543701  4
400  79977  0.277523  0.767975  0.567779  0.228067  -0.00270894  4
500  80033  0.28096  0.767128  0.578536  0.261534  0.00349223  4
600  79877  0.28041  0.759179  0.58131  0.290133  0.000443812  4
700  80275  0.268194  0.754468  0.596844  0.326195  -0.00418134  4
800  80038  0.268559  0.761889  0.596861  0.317884  -0.0173776  4
900  79940  0.270835  0.764522  0.590665  0.31703  -0.0141783  4
1000  80448  0.276953  0.756602  0.591644  0.324258  -0.0469476  4
1100  80304  0.272991  0.756723  0.598449  0.341726  -0.117033  4
1200  79629  0.269772  0.762555  0.600716  0.336969  -0.123732  4
1300  80125  0.273171  0.748734  0.604073  0.352699  -0.088902  4
1400  80064  0.270101  0.751774  0.600984  0.361433  -0.0185639  4
1500  80293  0.267846  0.735257  0.601781  0.352559  -0.000862906  4
1600  80367  0.270534  0.750582  0.603325  0.350774  -0.00925209  4
1700  79914  0.264932  0.751179  0.603159  0.352993  -0.0149052  4
1800  79604  0.257829  0.742464  0.606632  0.356813  0.00636049  4
1900  80914  0.273787  0.743956  0.594894  0.347711  -0.072484  4
2000  80307  0.266046  0.740458  0.591408  0.326813  -0.0402884  4
2100  80244  0.274  0.747315  0.589075  0.327014  -0.0208263  4
2200  79214  0.26779  0.756065  0.591527  0.327422  -0.0194315  4
2300  79641  0.261846  0.75989  0.594714  0.333527  -0.0249707  4
2400  80131  0.269001  0.756896  0.594504  0.326553  -0.0242266  4
2500  80527  0.271192  0.747733  0.590698  0.326388  -0.0580932  4
2600  79762  0.268262  0.752482  0.595135  0.340664  -0.0508729  4
2700  80968  0.262041  0.751166  0.601525  0.358854  -0.012755  4
2800  79918  0.265377  0.737603  0.604822  0.373218  -0.0407764  4
2900  80265  0.260144  0.744331  0.604579  0.354984  0.00883008  4
3000  80098  0.255575  0.745216  0.600722  0.348238  -0.0135412  4
3100  80707  0.260701  0.73866  0.602089  0.339493  -0.0551527  4
3200  81269  0.26798  0.737448  0.595181  0.34316  -0.053686  4
3300  79613  0.255754  0.755861  0.599322  0.342484  -0.00295195  4
3400  79623  0.261165  0.746894  0.598415  0.324267  -0.00951122  4
3500  80122  0.260474  0.748043  0.600725  0.337372  -0.0142056  4
3600  81598  0.267672  0.751902  0.598148  0.330964  0.0305117  4
3700  80780  0.269234  0.753214  0.59741  0.325674  0.038258  4
3800  79833  0.259129  0.739836  0.597219  0.327245  0.0478091  4
3900  79610  0.250835  0.720416  0.594527  0.314471  0.00903649  4
4000  80911  0.265664  0.727353  0.594134  0.323053  0.0947733  4
4100  80721  0.264402  0.720912  0.595693  0.333699  0.0878019  4
4200  80667  0.256181  0.713968  0.59307  0.326803  0.0576199  4
4300  80118  0.255222  0.71111  0.594459  0.342987  0.0571546  4
4400  78976  0.249153  0.70937  0.597028  0.349129  0.0915275  4
4500  80573  0.254798  0.704033  0.591244  0.336343  0.0860439  4
4600  80968  0.262696  0.708573  0.592819  0.331334  0.110501  4
4700  80570  0.252559  0.715681  0.597102  0.341992  0.0700486  4
4800  80742  0.260861  0.722493  0.601279  0.352768  0.117242  4
4900  79811  0.2537  0.718266  0.601498  0.358822  0.0590862  4
5000  79992  0.2483  0.713835  0.60057  0.363645  0.0589338  4
5100  80173  0.254673  0.70564  0.599964  0.371409  0.0578314  4
5200  79856  0.255475  0.704851  0.603352  0.379333  -0.00758328  4
5300  80250  0.256996  0.703231  0.605127  0.387299  -0.0123007  4
5400  79643  0.25342  0.691414  0.605537  0.395841  0.0180283  4
5500  80188  0.253239  0.693001  0.604463  0.394055  0.0565424  4
5600  80763  0.260446  0.683312  0.609475  0.41129  0.0176361  4
5700  81313  0.256004  0.668956  0.609867  0.426133  0.0676099  4
5800  80568  0.256422  0.662883  0.606912  0.415078  0.0902614  4
5900  79278  0.255645  0.664779  0.608072  0.426981  0.147751  4
6000  80442  0.260086  0.655928  0.609075  0.433817  0.133402  4
6100  80110  0.255125  0.657587  0.608505  0.43204  0.149607  4
6200  80310  0.269012  0.657209  0.612027  0.455497  0.143611  4
6300  80841  0.256865  0.654447  0.614371  0.454789  0.210539  4
6400  79386  0.259757  0.659873  0.61454  0.453319  0.279079  4
6500  78717  0.249213  0.654964  0.616114  0.465861  0.251828  4
6600  80783  0.256747  0.65863  0.615716  0.457198  0.259867  4
6700  80633  0.251291  0.647908  0.616567  0.469157  0.289534  4
6800  79685  0.258557  0.652011  0.618629  0.481492  0.293296  4
6900  79490  0.250775  0.652505  0.624266  0.491452  0.32175  4
7000  79904  0.248465  0.65124  0.626931  0.493162  0.337712  4
7100  79963  0.23979  0.649586  0.627477  0.504812  0.322099  4
7200  80986  0.258465  0.64135  0.630707  0.509183  0.280316  4
7300  80510  0.246059  0.644189  0.635  0.523455  0.28278  4
7400  80220  0.252786  0.647744  0.636129  0.527064  0.233946  4
7500  81247  0.250481  0.644718  0.633621  0.52167  0.238161  4
7600  80047  0.24796  0.649637  0.630041  0.510501  0.243342  4
7700  81229  0.25126  0.646927  0.631122  0.51836  0.26963  4
7800  80207  0.247626  0.642096  0.633367  0.52637  0.295072  4
7900  81302  0.24947  0.640326  0.633666  0.526609  0.289757  4
8000  80010  0.24166  0.63554  0.634624  0.531175  0.27746  4
8100  81537  0.240908  0.632805  0.633977  0.545318  0.303732  4
8200  79384  0.242195  0.628719  0.639579  0.565345  0.342762  4
8300  80052  0.246256  0.62272  0.641494  0.569796  0.329962  4
8400  80331  0.248593  0.616174  0.639993  0.57053  0.314177  4
8500  80674  0.249156  0.616787  0.642143  0.588803  0.329145  4
8600  80080  0.246365  0.612492  0.645041  0.597362  0.28079  4
8700  80455  0.253369  0.609074  0.643247  0.599835  0.298765  4
8800  79833  0.254962  0.612082  0.644906  0.606423  0.272067  4
8900  81032  0.256655  0.611902  0.647677  0.611088  0.284861  4
9000  81286  0.264599  0.619757  0.645366  0.61013  0.302277  4
9100  80600  0.246143  0.614186  0.648642  0.61932  0.308794  4
9200  81001  0.252495  0.601938  0.651357  0.633701  0.29956  4
9300  80525  0.243981  0.600706  0.652863  0.641696  0.292756  4
9400  80570  0.25222  0.599561  0.651616  0.638743  0.301222  4
9500  79785  0.240848  0.601754  0.651254  0.628803  0.298707  4
9600  81937  0.255912  0.599659  0.651448  0.629128  0.323851  4
9700  80496  0.248297  0.604343  0.648224  0.622353  0.349545  4
9800  80789  0.2495  0.597357  0.649979  0.634159  0.327392  4
9900  80970  0.258968  0.596977  0.650838  0.633863  0.330532  4
