t meta_n emi  mean_info  tr1  tr2  tr3  strategy
0  102812  0.099264  0.490513  0.900035  0.0007239  3.32137e-05  4
100  75256  0.171581  0.250005  0.61926  0.0879834  0.00587662  4
200  76438  0.293599  0.130231  0.460907  0.171618  0.0184435  4
300  75439  0.325726  0.0795493  0.432698  0.212826  0.0320539  4
400  76363  0.34526  0.0657543  0.423934  0.237835  0.0403801  4
500  76682  0.359021  0.0528808  0.411871  0.251769  0.0652759  4
600  76741  0.362756  0.048841  0.415636  0.276212  0.0537152  4
700  75918  0.37151  0.0443751  0.418304  0.31675  0.0238365  4
800  76978  0.371343  0.0460289  0.414155  0.304541  0.0395257  4
900  76981  0.370604  0.0449029  0.417125  0.311188  0.0524649  4
1000  76015  0.367136  0.044849  0.420831  0.326011  0.0711141  4
1100  75961  0.368431  0.0459159  0.420209  0.330339  0.0853854  4
1200  76759  0.365738  0.0436183  0.42142  0.31446  0.092371  4
1300  75724  0.357293  0.0470006  0.427092  0.323346  0.0114282  4
1400  76811  0.364324  0.0431675  0.427173  0.340198  0.0422427  4
1500  77097  0.356152  0.0409502  0.434086  0.350843  0.0347204  4
1600  75546  0.353321  0.0378252  0.434391  0.341996  0.0679469  4
1700  75908  0.357118  0.0375569  0.432566  0.348198  0.0491871  4
1800  76565  0.36786  0.0382235  0.424233  0.338259  0.0437935  4
1900  76404  0.355421  0.0353299  0.425462  0.34959  0.0365688  4
2000  76084  0.361971  0.0370063  0.425367  0.363044  -6.76859e-05  4
2100  77526  0.371945  0.0361599  0.427741  0.371724  -0.0311475  4
2200  76710  0.360049  0.0334135  0.431622  0.384039  -0.0549341  4
2300  75896  0.362788  0.0325893  0.433925  0.388419  -0.0627103  4
2400  76017  0.361774  0.0308895  0.431865  0.388773  -0.0940535  4
2500  76390  0.370903  0.0290711  0.430174  0.382064  -0.0901233  4
2600  75926  0.359981  0.0317692  0.436824  0.385856  -0.0852582  4
2700  77755  0.354907  0.0336638  0.43585  0.3742  -0.0673403  4
2800  77024  0.35884  0.0322832  0.439634  0.39017  0.0202659  4
2900  75727  0.361113  0.0314708  0.439436  0.406474  0.0369067  4
3000  76492  0.367658  0.0292031  0.436077  0.415601  0.0227472  4
3100  77399  0.372347  0.0268872  0.429219  0.402793  0.00451858  4
3200  76357  0.363976  0.0262949  0.429703  0.386182  0.0240178  4
3300  76865  0.365758  0.0217533  0.427639  0.376861  0.0314654  4
3400  76992  0.366568  0.0244852  0.429558  0.385691  -0.0159493  4
3500  75943  0.361253  0.0212756  0.425492  0.37064  -0.0488467  4
3600  76812  0.364735  0.0189266  0.420394  0.369699  -0.00484466  4
3700  75979  0.370505  0.0234134  0.426656  0.389437  -0.114742  4
3800  76691  0.368941  0.0204536  0.420909  0.381809  -0.109192  4
3900  75688  0.361678  0.0182308  0.425155  0.379734  -0.142433  4
4000  77134  0.370253  0.0173695  0.419914  0.38059  -0.209646  4
4100  77155  0.376394  0.0177654  0.421816  0.398457  -0.257842  4
4200  76776  0.364931  0.0178569  0.42701  0.391633  -0.297369  4
4300  76893  0.359056  0.0197057  0.429207  0.393262  -0.286632  4
4400  76497  0.368815  0.0196876  0.430651  0.395272  -0.305866  4
4500  76147  0.365795  0.0179331  0.429485  0.390501  -0.296757  4
4600  77213  0.364777  0.0171272  0.424753  0.368817  -0.339015  4
4700  76117  0.359309  0.0182493  0.425599  0.353247  -0.365095  4
4800  76455  0.367881  0.0167955  0.414462  0.329028  -0.369451  4
4900  75870  0.353683  0.0147773  0.415452  0.32215  -0.402931  4
5000  76626  0.357707  0.0146804  0.414699  0.32117  -0.408316  4
5100  77313  0.35099  0.0153161  0.418585  0.320945  -0.382616  4
5200  76854  0.363072  0.0157427  0.415394  0.310371  -0.425477  4
5300  76300  0.355917  0.0128786  0.419079  0.326421  -0.46796  4
5400  76932  0.357483  0.0105048  0.423396  0.335322  -0.426282  4
5500  76451  0.347592  0.0100677  0.420765  0.329176  -0.480075  4
5600  76619  0.349993  0.0105146  0.423448  0.338391  -0.529137  4
5700  75380  0.344035  0.0111801  0.419664  0.326546  -0.476475  4
5800  76296  0.347802  0.0113884  0.425217  0.338654  -0.393291  4
5900  76355  0.34898  0.0109356  0.426719  0.342816  -0.381179  4
6000  76864  0.350643  0.0109391  0.42816  0.34994  -0.386757  4
6100  75649  0.354345  0.00990606  0.423453  0.340818  -0.396989  4
6200  75975  0.354745  0.00981526  0.423299  0.340744  -0.450577  4
6300  76845  0.349527  0.00625563  0.422483  0.324231  -0.485346  4
6400  76652  0.357033  0.00644325  0.423888  0.347229  -0.433385  4
6500  77058  0.354846  0.00759743  0.425571  0.347401  -0.473702  4
6600  76355  0.348979  0.0073176  0.421682  0.33039  -0.480202  4
6700  76413  0.355461  0.00645356  0.421092  0.338934  -0.511099  4
6800  76681  0.359267  0.00559652  0.418797  0.32983  -0.513164  4
6900  76110  0.353273  0.00638792  0.411316  0.304979  -0.534534  4
7000  75793  0.350729  0.00715356  0.408954  0.284256  -0.590269  4
7100  77609  0.355824  0.00599954  0.410028  0.285869  -0.571999  4
7200  76152  0.348918  0.00521109  0.415128  0.293657  -0.557395  4
7300  77118  0.358071  0.00547735  0.413354  0.300498  -0.572628  4
7400  76064  0.360882  0.00602179  0.415444  0.31113  -0.63199  4
7500  76739  0.353433  0.00586395  0.417078  0.306436  -0.721526  4
7600  77180  0.353196  0.00599096  0.413816  0.296826  -0.721672  4
7700  77333  0.351308  0.00560268  0.410858  0.295382  -0.751107  4
7800  75789  0.360476  0.00697659  0.411998  0.300438  -0.756338  4
7900  76447  0.362416  0.00538215  0.410338  0.300335  -0.762622  4
8000  77582  0.356927  0.00484984  0.411319  0.307084  -0.770226  4
8100  76831  0.354703  0.00392084  0.410164  0.298823  -0.807978  4
8200  76873  0.355068  0.00387145  0.410644  0.290737  -0.807061  4
8300  76757  0.360258  0.00352879  0.413894  0.302401  -0.808258  4
8400  76927  0.350744  0.00342147  0.411742  0.289423  -0.85842  4
8500  77095  0.354711  0.00351612  0.415137  0.310212  -0.884857  4
8600  76947  0.353046  0.00364034  0.415807  0.311254  -0.858057  4
8700  77505  0.355353  0.00364653  0.413755  0.308188  -0.919084  4
8800  77454  0.362296  0.00436817  0.417137  0.323657  -0.905793  4
8900  76180  0.352734  0.00431559  0.418278  0.323855  -0.906803  4
9000  77317  0.356958  0.00361234  0.419649  0.330132  -0.910425  4
9100  76830  0.354814  0.00276606  0.419292  0.319435  -0.9623  4
9200  77205  0.352222  0.00287146  0.42759  0.337302  -0.943261  4
9300  77226  0.355181  0.00380834  0.434962  0.361478  -0.914907  4
9400  76527  0.365373  0.00262847  0.439327  0.381758  -0.926783  4
9500  76698  0.364457  0.00383873  0.441226  0.394803  -0.936819  4
9600  75952  0.353734  0.00316684  0.454974  0.432633  -0.908887  4
9700  76815  0.362699  0.00284868  0.466174  0.47049  -0.824694  4
9800  75885  0.358467  0.00322462  0.47673  0.49306  -0.750121  4
9900  76872  0.35985  0.00425336  0.483578  0.519463  -0.764924  4
