t meta_n emi  mean_info  tr1  tr2  tr3  strategy
0  104079  0.098824  0.497958  0.899946  0.00080947  2.46024e-05  4
100  75975  0.17419  0.538837  0.641965  0.0887242  0.00154209  4
200  77494  0.281125  0.454777  0.504153  0.148386  0.00907275  4
300  78218  0.304341  0.371334  0.487189  0.201753  -0.00323033  4
400  76890  0.31368  0.302321  0.482849  0.261903  -0.0203665  4
500  77002  0.314789  0.269234  0.485104  0.29234  0.0157228  4
600  77228  0.316681  0.254125  0.490144  0.320737  0.033163  4
700  76931  0.316821  0.259599  0.503837  0.37058  0.0288286  4
800  77254  0.322885  0.263528  0.508151  0.389257  0.0116735  4
900  76868  0.310826  0.264535  0.52447  0.438722  -0.0370554  4
1000  78148  0.326525  0.261778  0.541294  0.494772  -0.0772359  4
1100  77383  0.32642  0.24814  0.539977  0.508859  -0.0752788  4
1200  77592  0.315332  0.253635  0.554798  0.526061  -0.0744444  4
1300  77281  0.318389  0.253203  0.570589  0.567948  -0.115403  4
1400  78065  0.315473  0.25108  0.583365  0.602837  -0.127571  4
1500  77285  0.303697  0.257442  0.601331  0.623523  -0.117673  4
1600  78340  0.302799  0.268057  0.617751  0.663488  -0.0903159  4
1700  77725  0.303455  0.265359  0.622749  0.678034  -0.108033  4
1800  78243  0.306083  0.265399  0.636681  0.707089  -0.0629287  4
1900  78070  0.293575  0.264959  0.652554  0.732947  -0.0304817  4
2000  78345  0.299514  0.26394  0.657431  0.758192  -0.0126734  4
2100  78061  0.302738  0.268277  0.660714  0.765604  0.0706713  4
2200  78512  0.304249  0.264132  0.66743  0.789391  0.0621722  4
2300  77228  0.299479  0.266354  0.672811  0.799933  0.114152  4
2400  77741  0.303949  0.259414  0.672754  0.799654  0.108834  4
2500  77658  0.302091  0.260834  0.679598  0.820951  0.17802  4
2600  78000  0.30517  0.261751  0.680505  0.820578  0.232894  4
2700  77497  0.291249  0.260005  0.687556  0.837026  0.219272  4
2800  78501  0.292617  0.259088  0.689423  0.841188  0.230689  4
2900  77270  0.292334  0.259752  0.697409  0.856032  0.250439  4
3000  78606  0.303607  0.259887  0.696817  0.858111  0.269054  4
3100  77374  0.294719  0.252513  0.703054  0.859077  0.279432  4
3200  78216  0.29189  0.246892  0.706624  0.87128  0.259392  4
3300  78028  0.304901  0.259824  0.707706  0.875684  0.240732  4
3400  77791  0.302652  0.261723  0.711452  0.878291  0.214785  4
3500  78465  0.293531  0.258822  0.718088  0.899221  0.230137  4
3600  77765  0.294025  0.257687  0.719375  0.898941  0.22467  4
3700  78539  0.290553  0.262705  0.719573  0.902533  0.241025  4
3800  77534  0.293194  0.263519  0.727301  0.92441  0.231058  4
3900  77415  0.290887  0.259298  0.72983  0.922608  0.215244  4
4000  78494  0.295321  0.262562  0.727469  0.922981  0.255986  4
4100  78000  0.287876  0.261534  0.725591  0.91599  0.318776  4
4200  78182  0.299092  0.25614  0.72741  0.931942  0.298656  4
4300  77834  0.294816  0.257568  0.733555  0.940635  0.241132  4
4400  79096  0.314093  0.25014  0.734362  0.93548  0.337961  4
4500  77385  0.287222  0.252274  0.730786  0.929562  0.290232  4
4600  78557  0.295747  0.254465  0.732159  0.936509  0.282748  4
4700  78462  0.301679  0.249538  0.729423  0.931169  0.276651  4
4800  78740  0.292632  0.246143  0.733293  0.940511  0.275481  4
4900  79358  0.295774  0.239796  0.733288  0.935909  0.205687  4
5000  78325  0.302654  0.245867  0.734088  0.940148  0.196105  4
5100  78873  0.311806  0.252633  0.73803  0.956871  0.149007  4
5200  79862  0.303867  0.252963  0.73795  0.957556  0.115712  4
5300  78190  0.295116  0.259301  0.739488  0.958308  0.143255  4
5400  79014  0.301829  0.254312  0.738635  0.961979  0.110284  4
5500  79353  0.307223  0.251273  0.742334  0.965267  0.179409  4
5600  78359  0.29019  0.250438  0.751795  0.973717  0.165007  4
5700  78889  0.302848  0.252036  0.755425  0.977738  0.18867  4
5800  77601  0.295143  0.256572  0.759454  0.980764  0.138512  4
5900  77247  0.290389  0.256137  0.758038  0.978158  0.0937488  4
6000  77828  0.283475  0.257832  0.758312  0.97676  0.103529  4
6100  77993  0.293526  0.25324  0.760626  0.981345  0.14303  4
6200  78295  0.287787  0.257692  0.762476  0.983292  0.153688  4
6300  78654  0.28994  0.256788  0.764436  0.985329  0.168686  4
6400  78408  0.299785  0.255821  0.763459  0.983827  0.175927  4
6500  78152  0.274788  0.254203  0.765075  0.984147  0.189289  4
6600  78001  0.282147  0.258096  0.766942  0.984965  0.152256  4
6700  78447  0.289952  0.261004  0.766652  0.986214  0.129982  4
6800  78247  0.291034  0.265952  0.76541  0.984556  0.136645  4
6900  78297  0.280934  0.254367  0.768832  0.98678  0.17198  4
7000  79098  0.28343  0.261498  0.768912  0.987721  0.181192  4
7100  78733  0.279153  0.262837  0.768379  0.987606  0.161818  4
7200  79124  0.278948  0.261023  0.769002  0.987925  0.174686  4
7300  79258  0.288684  0.260852  0.770175  0.98952  0.0873603  4
7400  78367  0.284602  0.263121  0.769857  0.989485  0.0989603  4
7500  78791  0.29258  0.261279  0.767409  0.989773  0.04578  4
7600  78814  0.291245  0.260113  0.768645  0.990376  0.0860899  4
7700  78936  0.285644  0.264962  0.768522  0.990458  0.0582757  4
7800  78710  0.299757  0.262685  0.769579  0.992402  0.0425855  4
7900  78500  0.298032  0.257688  0.769032  0.991816  0.0826626  4
8000  78407  0.291969  0.248666  0.766644  0.992765  0.0831635  4
8100  78216  0.293628  0.254729  0.766109  0.99385  0.162436  4
8200  78986  0.29826  0.251295  0.765777  0.995438  0.143559  4
8300  78380  0.300781  0.258154  0.76648  0.99438  0.174465  4
8400  79425  0.295778  0.249992  0.766641  0.995254  0.159553  4
8500  79010  0.301278  0.251793  0.767753  0.996436  0.1958  4
8600  77496  0.2869  0.248237  0.767232  0.996093  0.135284  4
8700  78349  0.296512  0.249141  0.767796  0.995438  0.201094  4
8800  78645  0.292081  0.243375  0.767633  0.995908  0.142768  4
8900  78519  0.293814  0.242169  0.767616  0.996557  0.115306  4
9000  78698  0.300949  0.239195  0.766942  0.996301  0.067429  4
9100  77527  0.28805  0.238447  0.767937  0.997248  0.0847666  4
9200  79017  0.291125  0.236298  0.768187  0.997432  0.123844  4
9300  77328  0.294742  0.246677  0.76773  0.997146  0.168204  4
9400  78717  0.296237  0.250437  0.767681  0.996963  0.192021  4
9500  78591  0.301884  0.250164  0.766694  0.995998  0.191007  4
9600  78792  0.305988  0.249059  0.768764  0.996767  0.261738  4
9700  78919  0.298333  0.247808  0.770193  0.997378  0.292803  4
9800  79103  0.292169  0.247587  0.77097  0.997485  0.283489  4
9900  78203  0.297498  0.245134  0.771661  0.997824  0.296361  4
