t meta_n emi  mean_info  tr1  tr2  tr3  strategy
0  104679  0.10048  0.500505  0.89998  0.000725743  -1.32845e-05  4
100  77897  0.176601  0.688722  0.667298  0.0813071  0.0154916  4
200  78748  0.261926  0.736025  0.565059  0.147014  0.0263821  4
300  80813  0.274065  0.719475  0.557683  0.1838  0.0167197  4
400  79097  0.278729  0.711373  0.559741  0.223782  -0.0198529  4
500  79609  0.280003  0.715838  0.559929  0.23676  -0.00682408  4
600  79344  0.272821  0.725127  0.567219  0.24342  0.00332463  4
700  80283  0.281207  0.721293  0.566802  0.266051  0.0385724  4
800  79380  0.280326  0.727484  0.569244  0.283108  0.035843  4
900  78871  0.271988  0.70293  0.574981  0.306451  0.0687377  4
1000  79750  0.283602  0.687952  0.582824  0.337444  0.103047  4
1100  79543  0.271085  0.671173  0.586056  0.343384  0.0831894  4
1200  79622  0.275939  0.654704  0.594114  0.38344  0.0880292  4
1300  79346  0.272907  0.642359  0.605515  0.416827  0.119028  4
1400  78679  0.269586  0.643489  0.612931  0.426562  0.0891164  4
1500  78920  0.26963  0.648771  0.605974  0.414363  0.130335  4
1600  79370  0.277978  0.641179  0.606535  0.428439  0.0944368  4
1700  80273  0.276248  0.617318  0.607878  0.443187  0.0422639  4
1800  80861  0.275922  0.623766  0.608956  0.443355  0.024036  4
1900  79616  0.275328  0.615967  0.60167  0.437029  -0.0278427  4
2000  79407  0.270654  0.602163  0.601428  0.432039  -0.0618475  4
2100  79755  0.276562  0.602337  0.598397  0.428159  -0.0683069  4
2200  78289  0.273234  0.604758  0.600005  0.435638  -0.0432134  4
2300  78885  0.271195  0.61463  0.602791  0.442051  -0.063342  4
2400  79491  0.269719  0.615909  0.604274  0.441635  -0.0662087  4
2500  80114  0.263432  0.613661  0.610909  0.451132  -0.0613239  4
2600  79420  0.273825  0.611173  0.604523  0.441478  -0.0402475  4
2700  80414  0.276202  0.609894  0.605565  0.456572  0.0179276  4
2800  80337  0.276689  0.60575  0.611559  0.467765  -0.00350214  4
2900  80281  0.270596  0.59562  0.613674  0.471709  -0.0440018  4
3000  79936  0.265935  0.599671  0.617016  0.469684  -0.0282611  4
3100  80056  0.268477  0.608823  0.619177  0.482761  -0.00681641  4
3200  80882  0.25268  0.618341  0.614633  0.46091  -0.0384159  4
3300  78705  0.258546  0.619441  0.614965  0.472743  -0.0508575  4
3400  79776  0.261985  0.623699  0.614856  0.471226  -0.0383755  4
3500  78917  0.256662  0.613546  0.612654  0.464436  -0.0531048  4
3600  79739  0.267471  0.600681  0.618594  0.477502  -0.0180143  4
3700  80050  0.257126  0.604493  0.612861  0.4686  -0.0018893  4
3800  79451  0.254777  0.604357  0.614328  0.476446  0.030707  4
3900  78491  0.255475  0.596055  0.618273  0.498242  0.113513  4
4000  80879  0.262994  0.592058  0.622024  0.500151  0.112255  4
4100  79921  0.26396  0.592592  0.620363  0.504448  0.0762929  4
4200  79057  0.257093  0.594191  0.6213  0.511104  0.109382  4
4300  79203  0.261247  0.596023  0.624314  0.514464  0.0885539  4
4400  80017  0.256255  0.591026  0.623839  0.506912  0.0557451  4
4500  79490  0.263905  0.588788  0.625755  0.519111  0.0337769  4
4600  80318  0.259617  0.574068  0.6233  0.513444  0.0236811  4
4700  79874  0.259489  0.563992  0.628055  0.534645  0.0410354  4
4800  80309  0.263139  0.56056  0.632139  0.547916  0.0605706  4
4900  79956  0.265468  0.563589  0.632696  0.553035  0.124801  4
5000  80013  0.260888  0.565804  0.628386  0.545817  0.0572565  4
5100  80681  0.272276  0.557502  0.631186  0.564502  0.0568529  4
5200  79649  0.25875  0.545418  0.630936  0.560054  0.0369293  4
5300  79305  0.260865  0.542938  0.636425  0.581945  0.0824874  4
5400  79331  0.267681  0.549004  0.635069  0.57612  0.107455  4
5500  79741  0.258329  0.546445  0.633394  0.568674  0.122031  4
5600  80924  0.267724  0.535425  0.636797  0.592914  0.127833  4
5700  79501  0.265118  0.524668  0.648271  0.620541  0.200962  4
5800  79423  0.263395  0.523395  0.655957  0.640047  0.173536  4
5900  79683  0.266741  0.521164  0.657522  0.644715  0.120164  4
6000  80609  0.255094  0.520634  0.657271  0.653552  0.0794957  4
6100  79865  0.262931  0.516233  0.656281  0.649091  0.104164  4
6200  80196  0.25973  0.514207  0.654075  0.643718  0.0435169  4
6300  79559  0.26078  0.511353  0.654669  0.649997  0.0727399  4
6400  78797  0.261254  0.512911  0.654637  0.660065  0.0567494  4
6500  80742  0.262565  0.500366  0.660614  0.681324  0.017739  4
6600  78878  0.25828  0.508017  0.660001  0.679655  0.059527  4
6700  80122  0.251392  0.506946  0.656775  0.667436  0.058726  4
6800  79501  0.259271  0.514025  0.657501  0.683489  0.0740858  4
6900  78969  0.257228  0.510775  0.655345  0.681005  0.0749627  4
7000  79629  0.263567  0.51071  0.662542  0.691109  0.0622584  4
7100  80456  0.265136  0.513493  0.657336  0.678703  -0.0163019  4
7200  80331  0.26291  0.516667  0.656074  0.682994  -0.0684253  4
7300  79992  0.270088  0.518487  0.656861  0.680568  -0.130134  4
7400  79257  0.252398  0.516283  0.654589  0.680487  -0.123782  4
7500  79770  0.266005  0.524677  0.651257  0.670569  -0.0907055  4
7600  78843  0.263763  0.529085  0.650875  0.665078  -0.0790459  4
7700  80945  0.274606  0.533913  0.65198  0.659503  -0.0857368  4
7800  79948  0.261629  0.526247  0.65237  0.657718  -0.0528088  4
7900  79827  0.25567  0.519271  0.652908  0.653381  -0.0300242  4
8000  78231  0.254459  0.520495  0.650799  0.652819  -0.0636862  4
8100  80268  0.266865  0.514418  0.657176  0.67165  -0.0456213  4
8200  78977  0.259406  0.506955  0.660607  0.683174  -0.0338074  4
8300  81086  0.273269  0.509396  0.660365  0.679153  0.00267763  4
8400  80133  0.262756  0.50549  0.663567  0.691804  0.077209  4
8500  80461  0.268769  0.508965  0.66307  0.693484  0.158222  4
8600  80783  0.269636  0.514787  0.661069  0.687361  0.132293  4
8700  80709  0.259326  0.513649  0.66527  0.698602  0.122251  4
8800  80123  0.26282  0.50108  0.67262  0.717392  0.0891074  4
8900  80476  0.265474  0.498573  0.674303  0.721764  0.100725  4
9000  79428  0.268747  0.500073  0.672806  0.719743  0.0976887  4
9100  80218  0.271047  0.500578  0.673881  0.723165  0.105459  4
9200  80269  0.261191  0.501643  0.676775  0.730456  0.149792  4
9300  80971  0.266705  0.496813  0.679424  0.7384  0.173965  4
9400  80048  0.260108  0.495451  0.684527  0.745162  0.130432  4
9500  80030  0.260673  0.489864  0.685113  0.74951  0.11438  4
9600  79583  0.263095  0.488467  0.68545  0.752693  0.15334  4
9700  80614  0.263326  0.488426  0.687571  0.753269  0.0269675  4
9800  80011  0.263555  0.48496  0.69562  0.772889  0.025756  4
9900  80062  0.261274  0.47654  0.700254  0.784727  0.0181225  4
