t meta_n emi  mean_info  tr1  tr2  tr3  strategy
0  101927  0.101088  0.493766  0.900016  0.000788457  -1.40839e-06  4
100  73919  0.169883  0.286025  0.621326  0.0834238  0.00742335  4
200  76231  0.291377  0.168264  0.464538  0.147917  -0.00544482  4
300  76091  0.319529  0.103829  0.434686  0.184255  0.000293318  4
400  76525  0.339048  0.0841624  0.429091  0.225425  -0.0157819  4
500  76032  0.348026  0.0755462  0.422181  0.259166  -0.0128911  4
600  75796  0.356539  0.0648255  0.421215  0.266702  -0.00498281  4
700  75146  0.36034  0.0668976  0.418172  0.279596  0.010845  4
800  76622  0.362654  0.0624971  0.430295  0.315213  0.0122019  4
900  76085  0.359317  0.0536399  0.427543  0.312317  0.0129174  4
1000  77228  0.366786  0.0545748  0.423143  0.332056  0.0558206  4
1100  76201  0.365336  0.0504671  0.430099  0.345147  0.105027  4
1200  75880  0.365689  0.0537878  0.430482  0.352324  0.109011  4
1300  77472  0.36779  0.0464002  0.430033  0.369153  0.138264  4
1400  76073  0.373499  0.0471156  0.434064  0.386045  0.137193  4
1500  76071  0.362801  0.0473973  0.435125  0.383537  0.10586  4
1600  76641  0.377475  0.049844  0.43554  0.381504  0.130445  4
1700  76410  0.367288  0.0481962  0.444372  0.392455  0.154451  4
1800  75537  0.354785  0.0475332  0.450521  0.405693  0.137144  4
1900  75952  0.367452  0.046204  0.445021  0.395841  0.125147  4
2000  77534  0.366192  0.0456144  0.443415  0.39935  0.0688774  4
2100  76991  0.368334  0.0466663  0.436316  0.381085  0.105732  4
2200  76334  0.362922  0.0421874  0.437402  0.38533  0.115927  4
2300  77064  0.362396  0.0442561  0.440937  0.377113  0.138218  4
2400  76197  0.353177  0.0439104  0.444272  0.372013  0.112672  4
2500  76985  0.357203  0.0429428  0.445584  0.378204  0.091712  4
2600  76478  0.363884  0.0381484  0.441001  0.381948  0.133183  4
2700  76392  0.357082  0.0384219  0.44965  0.402045  0.134835  4
2800  76076  0.355755  0.0356487  0.444517  0.385857  0.204435  4
2900  75700  0.353603  0.0354653  0.450053  0.407036  0.196269  4
3000  75895  0.351342  0.0328583  0.457448  0.428851  0.198235  4
3100  76020  0.362504  0.0335766  0.458906  0.442805  0.194058  4
3200  76890  0.362769  0.0380413  0.462699  0.45619  0.172628  4
3300  77066  0.355885  0.0359351  0.459708  0.451675  0.172485  4
3400  76060  0.356119  0.0329195  0.461332  0.455479  0.165391  4
3500  77000  0.35184  0.0305302  0.460133  0.447257  0.131886  4
3600  77301  0.357458  0.0300599  0.453237  0.433656  0.109493  4
3700  77111  0.35874  0.0299644  0.452205  0.415487  0.206137  4
3800  76187  0.356069  0.0332144  0.455809  0.414771  0.185766  4
3900  75799  0.350606  0.0295593  0.457183  0.422342  0.197821  4
4000  76350  0.356345  0.0276705  0.457934  0.420287  0.1811  4
4100  76841  0.355242  0.0274659  0.451453  0.397979  0.222219  4
4200  76378  0.355303  0.0281228  0.447095  0.389849  0.150655  4
4300  76349  0.350659  0.0272141  0.450793  0.382113  0.121556  4
4400  76452  0.341523  0.0277627  0.458388  0.383385  0.146452  4
4500  76496  0.342967  0.0287887  0.455856  0.372464  0.140844  4
4600  76715  0.346311  0.0275869  0.462762  0.401483  0.124717  4
4700  76947  0.342976  0.026647  0.456346  0.381385  0.0976869  4
4800  77516  0.34547  0.0242739  0.452442  0.371846  0.0910215  4
4900  77481  0.34805  0.0223614  0.450942  0.365905  0.0593558  4
5000  76153  0.34318  0.0234724  0.443253  0.348296  0.164179  4
5100  76007  0.348784  0.0246148  0.442469  0.344792  0.186835  4
5200  77250  0.347834  0.0251002  0.438948  0.327181  0.269694  4
5300  77746  0.349262  0.0184807  0.437664  0.339074  0.291028  4
5400  76950  0.343586  0.018078  0.434687  0.329353  0.336224  4
5500  75149  0.352771  0.0161832  0.424963  0.319772  0.300607  4
5600  76759  0.350562  0.0136294  0.423419  0.309469  0.358423  4
5700  77740  0.358159  0.0158411  0.429165  0.327696  0.382587  4
5800  76924  0.354095  0.014598  0.428614  0.323961  0.426065  4
5900  76183  0.3526  0.0142072  0.424815  0.311248  0.454275  4
6000  76673  0.347799  0.0146561  0.427992  0.319048  0.456629  4
6100  76697  0.347849  0.0142435  0.426594  0.307041  0.533309  4
6200  76994  0.352567  0.0151867  0.427105  0.317588  0.525139  4
6300  75754  0.350471  0.0170052  0.435076  0.340919  0.532008  4
6400  77132  0.354479  0.0148582  0.432502  0.327461  0.546768  4
6500  77128  0.34817  0.0119759  0.436036  0.330975  0.500087  4
6600  76675  0.35547  0.0122242  0.441867  0.356161  0.456736  4
6700  76839  0.354242  0.0120888  0.444201  0.366571  0.465235  4
6800  77767  0.360032  0.00972173  0.445132  0.366661  0.533128  4
6900  77771  0.363789  0.0108286  0.457832  0.403059  0.590974  4
7000  76723  0.354907  0.0117602  0.462461  0.408403  0.638666  4
7100  77226  0.360432  0.0119228  0.467697  0.43468  0.623529  4
7200  76943  0.361164  0.00956639  0.47424  0.458822  0.623504  4
7300  76924  0.363677  0.0122214  0.485077  0.492329  0.627024  4
7400  76908  0.365663  0.0115025  0.492  0.506985  0.696068  4
7500  76659  0.371431  0.0108295  0.500026  0.530104  0.714653  4
7600  77439  0.371415  0.0092561  0.507921  0.549833  0.727231  4
7700  76446  0.371167  0.0100883  0.513642  0.5742  0.675462  4
7800  77691  0.381284  0.00718571  0.519663  0.596866  0.685908  4
7900  76465  0.374734  0.00750886  0.524947  0.619573  0.735656  4
8000  77136  0.384777  0.00876858  0.540318  0.658488  0.781025  4
8100  76820  0.369616  0.00829122  0.530634  0.628855  0.790479  4
8200  77942  0.376296  0.0096575  0.535434  0.64368  0.800421  4
8300  76188  0.374836  0.00798694  0.545055  0.67425  0.76611  4
8400  76822  0.384119  0.00760045  0.548402  0.686461  0.806281  4
8500  77574  0.381672  0.00686486  0.557182  0.709022  0.786987  4
8600  77232  0.381857  0.0068043  0.560239  0.717141  0.7709  4
8700  76598  0.375598  0.00705543  0.573613  0.750925  0.800723  4
8800  76962  0.379424  0.0074791  0.585496  0.786859  0.80124  4
8900  78486  0.38381  0.00912597  0.595813  0.811356  0.792806  4
9000  76164  0.379158  0.00943851  0.599919  0.817872  0.768125  4
9100  76783  0.375679  0.00977734  0.608687  0.837107  0.796107  4
9200  77346  0.365641  0.0101058  0.603608  0.824708  0.811518  4
9300  76362  0.370118  0.00903258  0.615799  0.846555  0.821333  4
9400  76503  0.367503  0.00750596  0.617329  0.852968  0.861262  4
9500  77638  0.36811  0.00677215  0.618391  0.851965  0.825051  4
9600  77404  0.374274  0.00625994  0.627565  0.875562  0.848727  4
9700  77452  0.372213  0.00615486  0.627314  0.884454  0.853813  4
9800  77059  0.375442  0.00703365  0.627056  0.890823  0.87283  4
9900  76839  0.375531  0.00725155  0.63174  0.901453  0.880058  4
