t meta_n emi  mean_info  tr1  tr2  tr3  strategy
0  104303  0.099712  0.497408  0.900047  0.00080894  -2.51541e-05  4
100  76875  0.185207  0.641572  0.649868  0.0847493  0.00979144  4
200  78342  0.26764  0.63977  0.540327  0.140701  0.00807301  4
300  79824  0.279407  0.586306  0.537828  0.191826  0.0267642  4
400  79460  0.289158  0.55628  0.538354  0.247785  0.0411806  4
500  77839  0.276788  0.546733  0.544003  0.271926  0.0276097  4
600  77759  0.283041  0.548356  0.541065  0.290209  0.0484926  4
700  78639  0.296216  0.515594  0.536242  0.307576  0.0793103  4
800  78874  0.298458  0.519142  0.539987  0.334813  0.0812189  4
900  78513  0.290296  0.51933  0.54821  0.345138  0.100614  4
1000  79310  0.290354  0.515363  0.559275  0.379483  0.112343  4
1100  78004  0.289031  0.499611  0.555269  0.365099  0.118658  4
1200  79236  0.292212  0.493465  0.568913  0.41045  0.119717  4
1300  78887  0.288864  0.493708  0.566545  0.421513  0.151191  4
1400  77975  0.287796  0.477086  0.573785  0.463036  0.132527  4
1500  78087  0.28985  0.480482  0.582893  0.480749  0.145682  4
1600  79257  0.30402  0.469549  0.585414  0.501471  0.165902  4
1700  78703  0.290498  0.477184  0.597931  0.53554  0.181905  4
1800  78528  0.291149  0.453768  0.608853  0.579211  0.24684  4
1900  78364  0.275592  0.454064  0.620187  0.594671  0.255682  4
2000  78580  0.280694  0.450855  0.624749  0.620684  0.256611  4
2100  78866  0.277744  0.452787  0.633982  0.641749  0.260034  4
2200  78894  0.283385  0.4395  0.632758  0.636174  0.272483  4
2300  78976  0.280711  0.443308  0.646187  0.659676  0.336436  4
2400  79717  0.287087  0.439973  0.651847  0.677246  0.352843  4
2500  78980  0.272367  0.436313  0.65932  0.6958  0.309263  4
2600  80125  0.279547  0.439513  0.671076  0.726222  0.337852  4
2700  79112  0.278845  0.437904  0.667504  0.720077  0.323434  4
2800  79128  0.272854  0.416344  0.674286  0.736736  0.373084  4
2900  78738  0.280138  0.404975  0.669006  0.731248  0.33833  4
3000  77614  0.281364  0.408664  0.670921  0.734541  0.360057  4
3100  78482  0.280521  0.39885  0.675232  0.750052  0.357502  4
3200  79875  0.278858  0.40457  0.680249  0.760591  0.422255  4
3300  78385  0.277814  0.412073  0.683248  0.773187  0.458258  4
3400  79088  0.28294  0.411044  0.686124  0.776767  0.464506  4
3500  79196  0.269066  0.405878  0.692708  0.789271  0.465775  4
3600  79910  0.269728  0.406087  0.699825  0.805876  0.48755  4
3700  80501  0.274324  0.405374  0.714417  0.832573  0.53241  4
3800  79591  0.270824  0.397394  0.717235  0.840698  0.526889  4
3900  78881  0.261181  0.390966  0.722798  0.852199  0.546657  4
4000  79120  0.268885  0.38899  0.722904  0.858083  0.512983  4
4100  79546  0.276455  0.387327  0.733439  0.872293  0.4629  4
4200  79211  0.26178  0.385889  0.737412  0.872623  0.450524  4
4300  79593  0.264639  0.381538  0.740404  0.880186  0.462418  4
4400  79560  0.27988  0.385716  0.740552  0.882256  0.504089  4
4500  79698  0.279506  0.371634  0.745035  0.895907  0.542363  4
4600  80760  0.273105  0.373574  0.747791  0.897387  0.533623  4
4700  79307  0.275295  0.378965  0.746754  0.891474  0.525317  4
4800  79050  0.264357  0.376407  0.759737  0.917758  0.534553  4
4900  79490  0.267245  0.372196  0.758214  0.922552  0.571155  4
5000  78141  0.264393  0.363625  0.760922  0.922992  0.545256  4
5100  78524  0.266794  0.35587  0.761843  0.928026  0.545329  4
5200  78497  0.265749  0.357498  0.763513  0.929478  0.52527  4
5300  79437  0.26873  0.358086  0.763802  0.928263  0.533093  4
5400  79666  0.2733  0.351359  0.768417  0.940715  0.556835  4
5500  78774  0.269166  0.356221  0.773864  0.943547  0.556061  4
5600  79177  0.269232  0.356514  0.769649  0.939755  0.544223  4
5700  79588  0.272324  0.351971  0.779655  0.954941  0.601477  4
5800  78010  0.268451  0.35187  0.781195  0.962882  0.595384  4
5900  80181  0.271371  0.345876  0.780617  0.960605  0.596597  4
6000  78501  0.271912  0.341846  0.782606  0.96684  0.631621  4
6100  80741  0.283184  0.339927  0.78571  0.965439  0.635971  4
6200  78884  0.271092  0.344276  0.788727  0.974318  0.627628  4
6300  79456  0.272821  0.345583  0.789429  0.978512  0.593807  4
6400  80060  0.278671  0.340882  0.78799  0.979591  0.588634  4
6500  78832  0.273495  0.33917  0.785701  0.980084  0.539729  4
6600  78600  0.282755  0.337319  0.787361  0.982616  0.520994  4
6700  80163  0.274578  0.341882  0.78765  0.981606  0.512491  4
6800  78302  0.276665  0.339116  0.786625  0.985101  0.484087  4
6900  78786  0.267388  0.338977  0.789385  0.986429  0.451245  4
7000  79936  0.277793  0.341931  0.790805  0.989058  0.45107  4
7100  79360  0.268043  0.34225  0.793248  0.986518  0.442049  4
7200  78607  0.269373  0.344301  0.791163  0.986094  0.413217  4
7300  80271  0.273036  0.340652  0.789397  0.987229  0.448839  4
7400  79696  0.277497  0.33814  0.789233  0.9863  0.463044  4
7500  79223  0.270667  0.338284  0.79053  0.986108  0.429935  4
7600  79707  0.267709  0.338048  0.789284  0.986519  0.460605  4
7700  79178  0.267388  0.344987  0.789571  0.987577  0.426817  4
7800  79181  0.26347  0.34174  0.792225  0.988043  0.445169  4
7900  80702  0.277468  0.346279  0.789986  0.986953  0.479519  4
8000  78778  0.261895  0.34647  0.791489  0.986161  0.476399  4
8100  79512  0.267039  0.347347  0.790798  0.98805  0.45271  4
8200  78718  0.269115  0.344174  0.791314  0.98809  0.4504  4
8300  78761  0.269333  0.342476  0.79148  0.988344  0.420252  4
8400  79171  0.271584  0.342414  0.791094  0.989506  0.373615  4
8500  80532  0.276525  0.342594  0.791303  0.989981  0.389911  4
8600  79428  0.257459  0.33704  0.792473  0.990234  0.41732  4
8700  78939  0.267148  0.33741  0.791943  0.990932  0.400085  4
8800  79337  0.259697  0.334692  0.792664  0.992779  0.403236  4
8900  79827  0.280885  0.333954  0.791081  0.993401  0.40216  4
9000  78892  0.273945  0.332126  0.791337  0.993133  0.398096  4
9100  79907  0.271103  0.336029  0.791184  0.992803  0.391335  4
9200  79689  0.272274  0.337054  0.790353  0.992381  0.367861  4
9300  80071  0.274681  0.33453  0.788945  0.991741  0.365869  4
9400  78927  0.270284  0.333292  0.788469  0.991186  0.366263  4
9500  79706  0.283577  0.332372  0.788985  0.991934  0.387498  4
9600  80370  0.269357  0.331848  0.789537  0.99192  0.439413  4
9700  79383  0.268634  0.33314  0.791019  0.992723  0.467349  4
9800  79320  0.269456  0.33805  0.792347  0.992876  0.495539  4
9900  79621  0.266298  0.335475  0.792141  0.99422  0.528048  4
