t meta_n emi  mean_info  tr1  tr2  tr3  strategy
0  103366  0.100648  0.497693  0.899857  0.000775694  1.59769e-05  4
100  75741  0.17957  0.591572  0.635687  0.0889721  0.00467871  4
200  77117  0.278691  0.534823  0.518423  0.14793  0.0205907  4
300  78313  0.286688  0.462879  0.508458  0.192624  0.0091197  4
400  78512  0.294326  0.420501  0.515703  0.258805  0.0174264  4
500  76797  0.300239  0.400779  0.513975  0.298431  0.0238976  4
600  77509  0.310889  0.384107  0.513897  0.327144  0.02197  4
700  77965  0.312798  0.362617  0.524075  0.376755  0.0432146  4
800  77652  0.312942  0.351551  0.537014  0.428897  0.0140029  4
900  78489  0.30951  0.338944  0.548933  0.469064  0.0176292  4
1000  78330  0.314236  0.334652  0.561932  0.504498  0.0381074  4
1100  76709  0.307934  0.339263  0.565572  0.515461  0.0482144  4
1200  77204  0.295589  0.338496  0.579231  0.545204  0.0372487  4
1300  77621  0.305166  0.335121  0.587268  0.565839  0.0658494  4
1400  78326  0.301461  0.335834  0.589932  0.584436  0.0804285  4
1500  77653  0.301694  0.337319  0.603817  0.611574  0.100113  4
1600  78697  0.30419  0.331912  0.612351  0.640476  0.0889033  4
1700  78609  0.313068  0.327679  0.622942  0.671067  0.122714  4
1800  77511  0.303547  0.327981  0.630099  0.681525  0.135306  4
1900  78632  0.308117  0.325898  0.639265  0.700037  0.128826  4
2000  78210  0.294696  0.323786  0.651691  0.733251  0.0698774  4
2100  77721  0.293325  0.322243  0.661523  0.752383  -0.00442299  4
2200  78318  0.297359  0.326837  0.666514  0.752722  -0.0381856  4
2300  79085  0.288763  0.323896  0.668929  0.769828  -0.0886048  4
2400  79281  0.288791  0.320407  0.666688  0.774232  -0.122282  4
2500  77684  0.291513  0.321616  0.678835  0.807093  -0.117274  4
2600  78465  0.303711  0.32164  0.689097  0.833865  -0.112585  4
2700  79138  0.29614  0.307648  0.693608  0.836638  -0.150689  4
2800  78534  0.288306  0.301881  0.692667  0.837626  -0.199153  4
2900  77970  0.286351  0.309314  0.707221  0.861899  -0.221198  4
3000  79136  0.286451  0.305838  0.709347  0.862709  -0.231378  4
3100  77912  0.276387  0.30811  0.718518  0.877305  -0.231354  4
3200  77695  0.283209  0.316075  0.720717  0.884516  -0.203729  4
3300  78621  0.281859  0.309661  0.719499  0.88391  -0.198282  4
3400  78395  0.290427  0.318431  0.714953  0.867958  -0.18317  4
3500  78562  0.296529  0.313226  0.71653  0.878384  -0.166397  4
3600  78631  0.279076  0.315007  0.724276  0.889504  -0.165505  4
3700  79403  0.292646  0.320186  0.721002  0.888195  -0.132613  4
3800  78544  0.288231  0.30461  0.727746  0.894775  -0.198017  4
3900  78871  0.284481  0.307921  0.730061  0.90062  -0.165083  4
4000  78666  0.278812  0.301188  0.729973  0.899437  -0.148341  4
4100  78639  0.297237  0.299801  0.726959  0.902066  -0.146695  4
4200  77889  0.285692  0.306922  0.731222  0.911417  -0.108036  4
4300  78635  0.283433  0.298225  0.740248  0.928194  -0.155031  4
4400  78254  0.294269  0.290063  0.737615  0.931386  -0.164828  4
4500  78398  0.289775  0.289231  0.738548  0.929428  -0.174057  4
4600  78493  0.289018  0.291788  0.740912  0.936255  -0.176267  4
4700  78362  0.28442  0.298931  0.741471  0.939976  -0.178482  4
4800  78718  0.289517  0.301574  0.742211  0.931949  -0.157068  4
4900  78998  0.281486  0.303611  0.748673  0.943973  -0.168949  4
5000  78305  0.275852  0.300514  0.743177  0.937932  -0.125366  4
5100  77670  0.277849  0.296602  0.749171  0.944508  -0.116885  4
5200  77611  0.268164  0.297258  0.750698  0.949381  -0.135576  4
5300  79099  0.284959  0.296338  0.759173  0.956189  -0.117008  4
5400  79638  0.282319  0.296772  0.764386  0.964663  -0.123006  4
5500  78100  0.280305  0.307359  0.764764  0.969859  -0.100186  4
5600  78009  0.270456  0.303737  0.767741  0.969785  -0.0850224  4
5700  78410  0.27392  0.308301  0.767828  0.974088  -0.069923  4
5800  79050  0.280272  0.307194  0.766535  0.974666  -0.0648535  4
5900  77985  0.278651  0.300594  0.769086  0.977422  -0.0611021  4
6000  78456  0.281425  0.290024  0.76655  0.975796  -0.0688454  4
6100  78547  0.289534  0.291111  0.766255  0.978391  -0.0849265  4
6200  78680  0.27532  0.290151  0.768087  0.97978  -0.0991041  4
6300  78231  0.287322  0.294104  0.768906  0.98032  -0.088757  4
6400  77263  0.275695  0.289434  0.766295  0.978923  -0.123443  4
6500  78829  0.287738  0.293466  0.76724  0.979939  -0.135187  4
6600  78542  0.275958  0.292708  0.766031  0.97728  -0.162564  4
6700  79016  0.271998  0.287847  0.771113  0.981416  -0.140884  4
6800  79369  0.276596  0.287994  0.771799  0.980974  -0.171323  4
6900  79277  0.285176  0.290382  0.773374  0.982365  -0.200533  4
7000  79434  0.284239  0.294278  0.775711  0.986218  -0.192218  4
7100  78750  0.288676  0.28625  0.775731  0.986979  -0.175972  4
7200  80058  0.27773  0.287308  0.776481  0.986889  -0.156597  4
7300  78502  0.276065  0.293075  0.777105  0.987114  -0.158788  4
7400  79924  0.276646  0.289964  0.77672  0.986141  -0.156924  4
7500  79581  0.272631  0.300494  0.776542  0.987531  -0.129224  4
7600  78245  0.270473  0.291852  0.777169  0.987507  -0.140846  4
7700  78708  0.282284  0.299005  0.775623  0.987861  -0.144191  4
7800  78369  0.274833  0.300929  0.774595  0.988143  -0.154124  4
7900  80143  0.2872  0.299233  0.774812  0.987772  -0.153533  4
8000  79214  0.290451  0.298  0.775106  0.986963  -0.136854  4
8100  78234  0.275425  0.294996  0.779567  0.98929  -0.133528  4
8200  79895  0.287979  0.293166  0.778551  0.990625  -0.116651  4
8300  79096  0.269694  0.292982  0.780445  0.99021  -0.130543  4
8400  78410  0.272658  0.290637  0.780808  0.99218  -0.162326  4
8500  78895  0.267867  0.2843  0.781389  0.992689  -0.149005  4
8600  79687  0.270219  0.289499  0.781268  0.991119  -0.143578  4
8700  78173  0.268038  0.294032  0.782944  0.992285  -0.130613  4
8800  78644  0.272444  0.297548  0.783569  0.993865  -0.151545  4
8900  78000  0.270116  0.301778  0.784737  0.994197  -0.136625  4
9000  78840  0.279089  0.30135  0.784291  0.993989  -0.123479  4
9100  78418  0.270715  0.301221  0.785367  0.993813  -0.109231  4
9200  79764  0.276411  0.300909  0.785424  0.993939  -0.0572482  4
9300  78726  0.277224  0.294946  0.784957  0.994444  -0.0936136  4
9400  79456  0.265402  0.293137  0.784207  0.994152  -0.121158  4
9500  78900  0.277657  0.293933  0.784311  0.993673  -0.123327  4
9600  79393  0.277156  0.299159  0.784754  0.992747  -0.129475  4
9700  79627  0.285637  0.297311  0.784401  0.994819  -0.148437  4
9800  79012  0.276904  0.297028  0.784385  0.994657  -0.183914  4
9900  77848  0.270987  0.298625  0.784297  0.993252  -0.150009  4
