t meta_n emi  mean_info  tr1  tr2  tr3  strategy
0  103553  0.100688  0.498077  0.90003  0.000787209  -9.21403e-06  4
100  78681  0.188389  0.659599  0.649761  0.0945151  0.00708514  4
200  79613  0.278126  0.672218  0.544139  0.162567  0.01823  4
300  78278  0.284031  0.643421  0.540967  0.213431  0.0131195  4
400  78515  0.28017  0.61199  0.545931  0.262958  -0.0031074  4
500  77991  0.281951  0.592521  0.558373  0.316209  0.0229332  4
600  78927  0.286278  0.57664  0.56132  0.330142  -0.00497855  4
700  78619  0.296208  0.548249  0.555949  0.336951  -0.0457914  4
800  78720  0.284139  0.537245  0.560519  0.358457  -0.0500744  4
900  78811  0.292482  0.533104  0.566316  0.379073  -0.0147831  4
1000  79092  0.28706  0.529706  0.570273  0.406025  -0.0393488  4
1100  79147  0.289869  0.531898  0.580143  0.430255  -0.0574038  4
1200  78011  0.289635  0.526118  0.579128  0.444358  -0.0900071  4
1300  79319  0.288731  0.517644  0.593901  0.472998  -0.114136  4
1400  79175  0.285524  0.519659  0.587264  0.460929  -0.122464  4
1500  78825  0.279511  0.515648  0.599986  0.479  -0.130151  4
1600  78572  0.283898  0.501413  0.604585  0.509535  -0.15318  4
1700  79324  0.283753  0.476232  0.60969  0.542769  -0.121716  4
1800  79410  0.287879  0.467337  0.622887  0.577205  -0.116514  4
1900  78648  0.280041  0.462048  0.626264  0.592001  -0.104364  4
2000  77730  0.273703  0.454633  0.633953  0.600677  -0.134586  4
2100  78895  0.288994  0.452014  0.633329  0.625645  -0.0951704  4
2200  79254  0.283951  0.442174  0.644981  0.662491  -0.0973685  4
2300  78661  0.282645  0.44609  0.653584  0.689418  -0.0872011  4
2400  79591  0.287801  0.448313  0.657277  0.698601  -0.179859  4
2500  78555  0.273422  0.443845  0.667676  0.723537  -0.200182  4
2600  78952  0.283954  0.444152  0.670004  0.734897  -0.225022  4
2700  78799  0.273806  0.440325  0.677345  0.748579  -0.251727  4
2800  78288  0.277826  0.426199  0.679834  0.755599  -0.231629  4
2900  80111  0.275665  0.412769  0.692438  0.787169  -0.227769  4
3000  79332  0.274812  0.406879  0.694763  0.792632  -0.244868  4
3100  78742  0.277845  0.417068  0.690334  0.794779  -0.24105  4
3200  78984  0.28502  0.419371  0.696025  0.80338  -0.299814  4
3300  78784  0.275367  0.421217  0.712165  0.821072  -0.31502  4
3400  79474  0.266562  0.413698  0.709827  0.820353  -0.343157  4
3500  79561  0.2646  0.422076  0.716196  0.829347  -0.37026  4
3600  78109  0.268463  0.416575  0.721715  0.845374  -0.40865  4
3700  79321  0.268887  0.414387  0.729287  0.863025  -0.397181  4
3800  79052  0.275078  0.410116  0.733236  0.871042  -0.44464  4
3900  80661  0.278907  0.400503  0.731761  0.873118  -0.428974  4
4000  80111  0.271226  0.395255  0.731882  0.878085  -0.453892  4
4100  79385  0.284577  0.391498  0.725294  0.882001  -0.482862  4
4200  79085  0.280482  0.391375  0.727623  0.876561  -0.45113  4
4300  79791  0.266126  0.391876  0.739971  0.890333  -0.506731  4
4400  79237  0.271066  0.389758  0.748061  0.898284  -0.590154  4
4500  78177  0.263522  0.380772  0.752515  0.913203  -0.664742  4
4600  79858  0.268748  0.384036  0.753692  0.913785  -0.645672  4
4700  79976  0.27577  0.381218  0.758116  0.929391  -0.688084  4
4800  80075  0.268125  0.373107  0.761827  0.9357  -0.700369  4
4900  79350  0.273219  0.365146  0.764819  0.940014  -0.71839  4
5000  78682  0.279312  0.369646  0.765326  0.937891  -0.747022  4
5100  79615  0.266821  0.365202  0.771879  0.943699  -0.829551  4
5200  79293  0.2664  0.36945  0.771731  0.944725  -0.845354  4
5300  78709  0.264748  0.372816  0.774432  0.949025  -0.86177  4
5400  79393  0.262773  0.368377  0.770085  0.946209  -0.812593  4
5500  79862  0.276702  0.367124  0.771258  0.946481  -0.820186  4
5600  80352  0.272795  0.37081  0.77299  0.954156  -0.845899  4
5700  78585  0.264096  0.365962  0.771428  0.953376  -0.812731  4
5800  79046  0.278443  0.363433  0.773529  0.957312  -0.861048  4
5900  80204  0.266965  0.360016  0.769811  0.95506  -0.814121  4
6000  79322  0.270069  0.3572  0.769456  0.952346  -0.862242  4
6100  80064  0.274265  0.360179  0.767815  0.950639  -0.872105  4
6200  79191  0.265031  0.365333  0.768428  0.949955  -0.901543  4
6300  79894  0.272307  0.366499  0.768404  0.955153  -0.905872  4
6400  79480  0.274739  0.362869  0.768777  0.956286  -0.953577  4
6500  78426  0.270878  0.367408  0.769456  0.956369  -0.94021  4
6600  80163  0.281708  0.369459  0.766216  0.954472  -0.89318  4
6700  79777  0.275115  0.367755  0.767443  0.953374  -0.851934  4
6800  79438  0.275277  0.368991  0.768465  0.957663  -0.836036  4
6900  78973  0.279616  0.369263  0.767535  0.954013  -0.858818  4
7000  79804  0.269417  0.358077  0.766875  0.950548  -0.863161  4
7100  79867  0.267578  0.365883  0.767693  0.953813  -0.916063  4
7200  78715  0.265458  0.372834  0.767925  0.955615  -0.94632  4
7300  79182  0.275275  0.367554  0.766598  0.955288  -0.901761  4
7400  79234  0.277104  0.364827  0.764293  0.956387  -0.886576  4
7500  78490  0.274839  0.359832  0.770595  0.960438  -0.928729  4
7600  80484  0.269217  0.354149  0.770119  0.955331  -0.879908  4
7700  79454  0.266672  0.359428  0.77094  0.955007  -0.885753  4
7800  79455  0.266021  0.364182  0.774894  0.960845  -0.857031  4
7900  79104  0.256353  0.359266  0.776741  0.96126  -0.831774  4
8000  79026  0.260506  0.367952  0.776547  0.960651  -0.839255  4
8100  80160  0.269037  0.3655  0.780975  0.965277  -0.822743  4
8200  79333  0.267386  0.3585  0.781251  0.965077  -0.839023  4
8300  78683  0.26712  0.364084  0.780159  0.962568  -0.881868  4
8400  78714  0.267757  0.36667  0.780441  0.962321  -0.854128  4
8500  80267  0.271079  0.367806  0.779458  0.960864  -0.888852  4
8600  80489  0.270325  0.366477  0.779418  0.960817  -0.885608  4
8700  79234  0.259368  0.367505  0.777928  0.961474  -0.919789  4
8800  79260  0.266204  0.368447  0.776029  0.96192  -0.944959  4
8900  79164  0.265471  0.36171  0.78043  0.966026  -0.995946  4
9000  78836  0.266134  0.359169  0.779434  0.964508  -1.0425  4
9100  78884  0.268236  0.354784  0.77947  0.963756  -1.00986  4
9200  80256  0.274067  0.353871  0.780378  0.965693  -1.08045  4
9300  79447  0.273782  0.35582  0.780726  0.968346  -1.11184  4
9400  79675  0.276372  0.357296  0.781049  0.969803  -1.08918  4
9500  80147  0.264356  0.353622  0.780885  0.970356  -1.09254  4
9600  79312  0.254189  0.353911  0.783645  0.97371  -1.0927  4
9700  79617  0.27127  0.347838  0.781874  0.971431  -1.09624  4
9800  79755  0.270777  0.349504  0.780656  0.967504  -1.02838  4
9900  78797  0.267523  0.344236  0.78405  0.970397  -1.00933  4
