t meta_n emi  mean_info  tr1  tr2  tr3  strategy
0  104466  0.09844  0.495819  0.900031  0.000809217  -0.00012517  4
100  75158  0.183097  0.456662  0.621302  0.0832459  0.0024052  4
200  77069  0.280246  0.311909  0.485486  0.123768  0.0063201  4
300  76133  0.315099  0.228641  0.45724  0.166301  -0.00808984  4
400  76902  0.332533  0.193863  0.442939  0.198843  0.00476907  4
500  76657  0.336243  0.166076  0.441323  0.225504  -0.00701837  4
600  76272  0.334991  0.162507  0.445803  0.265532  -0.0180698  4
700  76967  0.342667  0.155866  0.444811  0.279653  -0.0479156  4
800  77235  0.344462  0.138284  0.445329  0.311323  -0.0236231  4
900  76981  0.354537  0.139832  0.448082  0.330361  0.00154868  4
1000  76532  0.350135  0.137695  0.448607  0.337762  0.00133374  4
1100  76970  0.354916  0.144298  0.454515  0.351164  0.0187112  4
1200  76091  0.348242  0.138316  0.450715  0.344344  0.0835303  4
1300  77675  0.35042  0.126268  0.454637  0.356414  0.0953866  4
1400  76635  0.345333  0.121675  0.458435  0.37464  0.111862  4
1500  77483  0.354123  0.134425  0.459615  0.370211  0.110627  4
1600  76657  0.339705  0.129735  0.470925  0.388438  0.148156  4
1700  77973  0.343093  0.133763  0.473818  0.404656  0.128955  4
1800  77123  0.349741  0.134735  0.482098  0.447997  0.0892942  4
1900  76141  0.338062  0.141514  0.494265  0.468887  0.0600806  4
2000  78074  0.33761  0.146811  0.505175  0.473166  0.0476463  4
2100  77308  0.335617  0.151247  0.51826  0.50885  0.050748  4
2200  77360  0.332164  0.15998  0.521154  0.498689  0.0301014  4
2300  77409  0.327472  0.167638  0.538116  0.52631  0.0282108  4
2400  77035  0.328804  0.168343  0.545882  0.544393  0.0756424  4
2500  78580  0.324826  0.172407  0.554887  0.56112  0.0719604  4
2600  77370  0.325202  0.183451  0.554392  0.562438  0.0910394  4
2700  77840  0.324517  0.173813  0.556694  0.560569  0.0990867  4
2800  77903  0.326312  0.169229  0.554374  0.565742  0.122936  4
2900  76836  0.318618  0.174784  0.559226  0.575574  0.0715498  4
3000  77606  0.326814  0.17532  0.568888  0.60858  0.124302  4
3100  76985  0.323244  0.173791  0.574771  0.608067  0.0797679  4
3200  76702  0.323306  0.173212  0.576417  0.619256  0.0872661  4
3300  77421  0.321782  0.16864  0.583648  0.62803  0.0983357  4
3400  77172  0.319682  0.170116  0.592895  0.650763  0.144284  4
3500  77855  0.326049  0.175867  0.601102  0.661782  0.145957  4
3600  78205  0.314786  0.173876  0.602566  0.67004  0.13249  4
3700  77011  0.322898  0.180843  0.600476  0.669275  0.142716  4
3800  78052  0.323598  0.185885  0.605328  0.683242  0.166719  4
3900  77858  0.317756  0.188456  0.604862  0.67819  0.151717  4
4000  77598  0.314448  0.184004  0.610576  0.693175  0.119289  4
4100  77618  0.32198  0.183333  0.612772  0.699171  0.161765  4
4200  78150  0.317488  0.177903  0.613758  0.702261  0.197945  4
4300  77206  0.320507  0.185324  0.624627  0.729732  0.260167  4
4400  77773  0.311064  0.18391  0.634194  0.746415  0.282901  4
4500  77495  0.316156  0.176994  0.639341  0.763075  0.316172  4
4600  79003  0.321935  0.173851  0.647405  0.777239  0.357875  4
4700  78256  0.306169  0.172441  0.646551  0.771833  0.330876  4
4800  77680  0.305776  0.182064  0.656344  0.794536  0.310026  4
4900  78322  0.323852  0.175687  0.642297  0.772659  0.330654  4
5000  78380  0.323541  0.167098  0.651168  0.795385  0.432908  4
5100  77124  0.335175  0.160974  0.654204  0.818348  0.382631  4
5200  77679  0.322999  0.163148  0.653945  0.813086  0.395644  4
5300  78728  0.320053  0.17273  0.653625  0.813165  0.446692  4
5400  79325  0.312391  0.168858  0.653567  0.805713  0.362226  4
5500  77206  0.311215  0.166532  0.662005  0.827035  0.386251  4
5600  77226  0.310581  0.16549  0.664619  0.826134  0.437049  4
5700  77802  0.320261  0.173921  0.663845  0.820726  0.418931  4
5800  78130  0.315167  0.175593  0.666173  0.835831  0.402239  4
5900  77850  0.317528  0.171078  0.668456  0.837349  0.392759  4
6000  77764  0.310918  0.17463  0.679659  0.857425  0.413934  4
6100  78154  0.315605  0.163929  0.679561  0.857548  0.470027  4
6200  76736  0.298041  0.166819  0.690065  0.879539  0.438368  4
6300  77828  0.30349  0.173559  0.691745  0.883471  0.429837  4
6400  77595  0.317315  0.176268  0.70023  0.907279  0.46413  4
6500  78326  0.325205  0.175794  0.698312  0.900727  0.426315  4
6600  77776  0.31075  0.187244  0.696164  0.885141  0.421508  4
6700  78644  0.325486  0.192567  0.697847  0.896354  0.396638  4
6800  78553  0.322165  0.179401  0.693538  0.88135  0.353667  4
6900  78595  0.323011  0.180522  0.686052  0.865778  0.395694  4
7000  77611  0.316724  0.178052  0.689502  0.868217  0.368473  4
7100  78571  0.328927  0.174246  0.687794  0.870197  0.349154  4
7200  78323  0.318282  0.17671  0.690182  0.874467  0.321918  4
7300  78337  0.31005  0.177099  0.689854  0.868656  0.28866  4
7400  78221  0.328054  0.178956  0.690965  0.868948  0.307583  4
7500  77797  0.314698  0.179778  0.688761  0.862642  0.314731  4
7600  78112  0.304262  0.17501  0.69034  0.864809  0.308499  4
7700  78888  0.320754  0.171681  0.683958  0.847038  0.327508  4
7800  77724  0.303887  0.179306  0.680242  0.843174  0.282314  4
7900  77789  0.315192  0.181712  0.687188  0.861507  0.232463  4
8000  78189  0.318503  0.181818  0.689189  0.866457  0.24603  4
8100  77828  0.313137  0.179665  0.6858  0.857841  0.221974  4
8200  77311  0.308452  0.172753  0.687783  0.867717  0.236277  4
8300  78105  0.312361  0.177106  0.69825  0.890082  0.15657  4
8400  78676  0.30365  0.17887  0.705139  0.906122  0.12635  4
8500  77340  0.322931  0.167316  0.70299  0.903962  0.108638  4
8600  77501  0.308456  0.167813  0.701582  0.89904  0.112846  4
8700  77781  0.314019  0.163172  0.701665  0.897621  0.117  4
8800  78062  0.31745  0.168314  0.700348  0.898498  0.110454  4
8900  77637  0.307175  0.177807  0.704278  0.905577  0.0655837  4
9000  77365  0.314977  0.179273  0.697933  0.889145  0.0612819  4
9100  77426  0.309127  0.181476  0.69909  0.889522  0.0860919  4
9200  78177  0.3174  0.179751  0.697418  0.889531  0.100108  4
9300  78740  0.317996  0.180783  0.693369  0.881241  0.126411  4
9400  78322  0.307567  0.178619  0.690757  0.874002  0.108359  4
9500  77595  0.317707  0.184781  0.689525  0.869204  0.114431  4
9600  78544  0.315637  0.18563  0.689857  0.869263  0.143365  4
9700  78192  0.311655  0.178  0.682433  0.846464  0.161498  4
9800  77656  0.313105  0.171889  0.680562  0.840943  0.177329  4
9900  77714  0.30313  0.17507  0.687068  0.858805  0.131401  4
