t meta_n emi  mean_info  tr1  tr2  tr3  strategy
0  102627  0.099952  0.495193  0.899993  0.000779155  -5.29054e-06  4
100  74696  0.179506  0.327149  0.60204  0.064631  -0.00341979  4
200  76440  0.291387  0.182685  0.461866  0.117961  0.00213979  4
300  76820  0.327345  0.128679  0.434041  0.167802  -0.00584761  4
400  76595  0.33201  0.0958852  0.427358  0.200058  0.00883421  4
500  76255  0.354062  0.0922279  0.417555  0.234982  0.00473193  4
600  76155  0.352846  0.0883075  0.419947  0.259947  0.0161165  4
700  76739  0.362174  0.0866121  0.422252  0.272083  0.0588807  4
800  76730  0.365972  0.083403  0.420644  0.290676  0.038737  4
900  76807  0.368407  0.0842392  0.424162  0.297387  0.00481166  4
1000  77364  0.355605  0.077655  0.434339  0.333025  0.0217822  4
1100  76139  0.34883  0.072849  0.439574  0.355396  0.0126867  4
1200  77043  0.355255  0.0644259  0.439535  0.363808  0.0727457  4
1300  77405  0.355324  0.0642151  0.446434  0.379956  0.0824314  4
1400  76438  0.354676  0.0628795  0.445657  0.389585  0.101869  4
1500  77032  0.353019  0.0622402  0.441841  0.381267  0.0388061  4
1600  76585  0.368504  0.0603269  0.443461  0.409101  0.028629  4
1700  76720  0.35766  0.0616481  0.450392  0.398758  0.0261457  4
1800  76836  0.358971  0.0631209  0.450015  0.400859  0.00846181  4
1900  76615  0.362271  0.0655714  0.442199  0.389394  -0.00208492  4
2000  77181  0.358022  0.0577908  0.450494  0.416486  0.00957399  4
2100  75681  0.355164  0.0574203  0.447172  0.41188  -0.0351045  4
2200  76469  0.354591  0.0608361  0.448272  0.407935  0.00631774  4
2300  75408  0.347009  0.05859  0.449568  0.397426  0.0223545  4
2400  77602  0.35287  0.0596258  0.456305  0.395093  0.0406412  4
2500  77000  0.354868  0.0570779  0.458207  0.401797  0.01328  4
2600  76930  0.35809  0.0575169  0.456753  0.417082  -0.0180498  4
2700  76867  0.354001  0.0580478  0.454706  0.418727  -0.0250537  4
2800  76431  0.355118  0.0520424  0.44982  0.410096  -0.0614989  4
2900  77468  0.357036  0.0497078  0.444852  0.386206  -0.069886  4
3000  77678  0.363144  0.0482912  0.447109  0.391691  -0.084563  4
3100  75905  0.354895  0.0471972  0.443275  0.376472  -0.122874  4
3200  76448  0.349459  0.0475977  0.440049  0.357323  -0.0873669  4
3300  77014  0.355169  0.0480926  0.44289  0.363492  -0.0889696  4
3400  77159  0.366505  0.0479338  0.437609  0.359698  -0.0654933  4
3500  77247  0.358575  0.0444791  0.441041  0.38326  -0.0891833  4
3600  77172  0.359744  0.0473539  0.438607  0.368773  -0.0945223  4
3700  76603  0.359568  0.0455633  0.441267  0.372499  -0.0868591  4
3800  76040  0.353443  0.0485296  0.44317  0.367879  -0.0919615  4
3900  77453  0.358424  0.0451677  0.439842  0.354641  -0.0945496  4
4000  76647  0.345194  0.044401  0.447368  0.36325  -0.0549252  4
4100  76476  0.342462  0.0478541  0.455489  0.384341  -0.0223742  4
4200  77405  0.354056  0.044101  0.448611  0.376973  -0.0173583  4
4300  77090  0.362902  0.0441541  0.442787  0.371062  -0.0369601  4
4400  77716  0.357111  0.0400875  0.442489  0.372992  -0.0801192  4
4500  77685  0.3616  0.0398886  0.44584  0.380482  -0.0584753  4
4600  77164  0.354721  0.035678  0.450286  0.38197  -0.0312117  4
4700  76750  0.34961  0.0361349  0.449156  0.369862  0.00217996  4
4800  76193  0.342171  0.0387367  0.450964  0.368909  0.0203343  4
4900  76622  0.348098  0.0427429  0.447157  0.360845  0.0258594  4
5000  77565  0.347379  0.0387944  0.447488  0.359502  -0.00265666  4
5100  77345  0.347341  0.0332988  0.440162  0.333076  -0.0228406  4
5200  77072  0.350731  0.0350597  0.445307  0.346588  0.0146846  4
5300  76956  0.355978  0.0338286  0.431796  0.3142  0.0469501  4
5400  76124  0.3518  0.0322084  0.430074  0.313982  0.0214543  4
5500  76627  0.362015  0.0330241  0.4274  0.317794  -0.00617697  4
5600  76551  0.355684  0.0321027  0.427442  0.309692  -0.0109129  4
5700  76265  0.354302  0.0287543  0.436701  0.326358  -0.0651238  4
5800  76574  0.3634  0.0247417  0.434678  0.319879  -0.112463  4
5900  77175  0.364211  0.023166  0.433512  0.330703  -0.0716995  4
6000  76820  0.36182  0.0233826  0.425014  0.304549  -0.143327  4
6100  76124  0.360867  0.024916  0.424689  0.307833  -0.183507  4
6200  76231  0.370613  0.0246206  0.426132  0.325881  -0.249808  4
6300  76306  0.364388  0.0230912  0.423682  0.309828  -0.24838  4
6400  77215  0.363967  0.0244095  0.428097  0.322295  -0.251558  4
6500  76577  0.358691  0.020815  0.423305  0.294695  -0.219597  4
6600  77299  0.354706  0.0200199  0.427687  0.304126  -0.170688  4
6700  77403  0.36045  0.0181079  0.427983  0.317332  -0.170402  4
6800  77563  0.357215  0.0180233  0.426598  0.314871  -0.136433  4
6900  76134  0.352214  0.0185646  0.436654  0.330408  -0.0931131  4
7000  76442  0.350452  0.0206793  0.434463  0.319092  -0.089932  4
7100  76206  0.340709  0.0176541  0.425575  0.292871  -0.0832822  4
7200  76420  0.355967  0.0161505  0.427558  0.300241  -0.02362  4
7300  76367  0.352314  0.015389  0.431051  0.31775  -0.0735166  4
7400  76182  0.352598  0.0180687  0.434089  0.317141  -0.113012  4
7500  76263  0.355493  0.0167106  0.434714  0.321148  -0.156165  4
7600  78410  0.35843  0.0172834  0.432785  0.301758  -0.145519  4
7700  75834  0.347899  0.0170359  0.437808  0.317918  -0.227487  4
7800  76139  0.355346  0.0185706  0.445512  0.343352  -0.333878  4
7900  77933  0.356328  0.0194782  0.449713  0.352007  -0.351547  4
8000  76410  0.353393  0.0214168  0.456271  0.365511  -0.294186  4
8100  76472  0.348688  0.0228732  0.459326  0.367168  -0.295467  4
8200  76739  0.35412  0.0205546  0.468195  0.394367  -0.324021  4
8300  76921  0.360795  0.0195962  0.477013  0.415764  -0.298388  4
8400  76316  0.356419  0.0207183  0.497018  0.474742  -0.426106  4
8500  77066  0.356077  0.0211766  0.4975  0.472114  -0.401768  4
8600  76871  0.355148  0.0226955  0.509253  0.505082  -0.44031  4
8700  76837  0.357281  0.0213682  0.515163  0.52141  -0.480241  4
8800  77193  0.357506  0.0197832  0.520514  0.535046  -0.453875  4
8900  76946  0.351304  0.0202425  0.532312  0.561268  -0.464556  4
9000  76251  0.353614  0.0219495  0.549326  0.611886  -0.469652  4
9100  77311  0.361204  0.022385  0.56241  0.649994  -0.480661  4
9200  77033  0.351567  0.0213472  0.572659  0.681266  -0.475834  4
9300  77713  0.362635  0.0207099  0.577733  0.701612  -0.520086  4
9400  78258  0.366732  0.0186768  0.591094  0.740186  -0.582648  4
9500  76908  0.357739  0.0179532  0.605021  0.774916  -0.609084  4
9600  77389  0.355635  0.0186038  0.615035  0.805973  -0.633991  4
9700  76551  0.362398  0.0174629  0.616636  0.812227  -0.625848  4
9800  77348  0.362382  0.0169675  0.632128  0.854508  -0.675553  4
9900  78203  0.361571  0.0170568  0.639704  0.879983  -0.662767  4
