t meta_n emi  mean_info  tr1  tr2  tr3  strategy
0  103244  0.100216  0.496093  0.900065  0.000812257  -7.75192e-05  4
100  75205  0.175725  0.448275  0.617376  0.0746588  -0.013548  4
200  76682  0.28296  0.323662  0.488072  0.129369  -0.00938014  4
300  78325  0.305371  0.226937  0.46151  0.175561  -0.023313  4
400  76521  0.316243  0.184499  0.457937  0.221652  -0.00634298  4
500  75490  0.324889  0.163076  0.459414  0.26746  -0.0188667  4
600  77420  0.335113  0.141484  0.450884  0.293207  -0.0624667  4
700  76338  0.34782  0.13539  0.444244  0.29121  -0.0722187  4
800  77423  0.346502  0.127079  0.44684  0.307497  -0.0761027  4
900  75870  0.343116  0.129896  0.452988  0.333934  -0.0644069  4
1000  76731  0.345236  0.135064  0.457512  0.354007  -0.116195  4
1100  76446  0.345084  0.128075  0.460972  0.373108  -0.132383  4
1200  75896  0.357489  0.13166  0.461115  0.391868  -0.17185  4
1300  76909  0.349756  0.1219  0.464719  0.395799  -0.126496  4
1400  76238  0.350293  0.125755  0.474359  0.413524  -0.119053  4
1500  76630  0.349562  0.123116  0.480099  0.421527  -0.120077  4
1600  77048  0.344584  0.127398  0.490455  0.454642  -0.131512  4
1700  77330  0.348182  0.13144  0.49687  0.471307  -0.108029  4
1800  76535  0.331103  0.131805  0.508611  0.484115  -0.101557  4
1900  76326  0.336909  0.136755  0.51915  0.518963  -0.078703  4
2000  77255  0.341854  0.137286  0.518797  0.51635  -0.0851813  4
2100  76085  0.336813  0.129948  0.521398  0.527449  -0.109176  4
2200  77751  0.335714  0.120694  0.512861  0.512268  -0.139898  4
2300  77004  0.340816  0.12699  0.515931  0.530588  -0.124105  4
2400  77091  0.335224  0.127313  0.527155  0.559514  -0.122252  4
2500  75999  0.335652  0.135411  0.529614  0.55506  -0.158688  4
2600  76957  0.346019  0.129109  0.531191  0.561095  -0.108749  4
2700  76676  0.338593  0.118789  0.53143  0.566513  -0.127852  4
2800  77525  0.33662  0.111734  0.527459  0.549729  -0.135329  4
2900  76665  0.336215  0.103753  0.529378  0.552978  -0.0721935  4
3000  76754  0.33472  0.111585  0.533838  0.562469  -0.0918465  4
3100  77320  0.33238  0.121127  0.542412  0.582567  -0.077199  4
3200  76685  0.333  0.11762  0.541859  0.572376  -0.0391497  4
3300  75779  0.333627  0.122898  0.553954  0.60243  0.00275961  4
3400  77207  0.33216  0.119229  0.554653  0.600272  0.0180057  4
3500  77517  0.335729  0.13115  0.561993  0.616533  0.0393885  4
3600  77274  0.330606  0.129425  0.560948  0.617505  0.0731961  4
3700  76813  0.340313  0.13048  0.567695  0.639642  0.128593  4
3800  77399  0.332105  0.131532  0.573279  0.652208  0.0984318  4
3900  77337  0.332989  0.1348  0.579754  0.663881  0.203615  4
4000  76185  0.338051  0.135767  0.579255  0.659974  0.23423  4
4100  77965  0.330442  0.131984  0.576416  0.632231  0.290818  4
4200  78346  0.333928  0.132599  0.580688  0.644493  0.263701  4
4300  77697  0.330806  0.129273  0.587589  0.673663  0.307036  4
4400  77967  0.326916  0.132885  0.587937  0.669282  0.254314  4
4500  76833  0.32648  0.140163  0.59127  0.679799  0.319005  4
4600  76928  0.324396  0.137562  0.591893  0.667043  0.300926  4
4700  77719  0.333748  0.135489  0.582665  0.643778  0.320394  4
4800  77751  0.32788  0.136033  0.592258  0.662022  0.399009  4
4900  78322  0.331749  0.128742  0.590522  0.65339  0.388553  4
5000  76577  0.326717  0.136585  0.601117  0.682946  0.362674  4
5100  77860  0.339168  0.146099  0.605718  0.698948  0.256429  4
5200  77993  0.332724  0.138131  0.606308  0.704145  0.326671  4
5300  76811  0.32877  0.136433  0.603483  0.702011  0.186856  4
5400  77491  0.337267  0.143812  0.605081  0.711679  0.166338  4
5500  78240  0.331206  0.138266  0.608898  0.702031  0.167274  4
5600  78124  0.32893  0.141048  0.608921  0.69078  0.124996  4
5700  77223  0.327032  0.138745  0.618787  0.719788  0.149987  4
5800  78096  0.327259  0.143489  0.610291  0.696694  0.117235  4
5900  78142  0.32869  0.152007  0.609123  0.695728  0.0416433  4
6000  78717  0.332832  0.150288  0.607822  0.683404  0.0651736  4
6100  76573  0.320512  0.148577  0.610672  0.689142  0.0247183  4
6200  78600  0.320306  0.148696  0.617075  0.704303  0.0458948  4
6300  77982  0.313852  0.143521  0.625821  0.717976  0.172987  4
6400  77879  0.306972  0.136397  0.62416  0.708921  0.187462  4
6500  77091  0.316946  0.143704  0.626385  0.711386  0.195875  4
6600  76574  0.322818  0.138313  0.620748  0.702574  0.175684  4
6700  76768  0.313616  0.141735  0.6261  0.713296  0.146572  4
6800  78305  0.317071  0.140986  0.619392  0.697465  0.129362  4
6900  76877  0.317751  0.139425  0.623139  0.704533  0.0691717  4
7000  78138  0.318728  0.140454  0.625923  0.716406  0.137465  4
7100  77397  0.31478  0.143453  0.631755  0.731883  0.0822848  4
7200  77867  0.318404  0.13761  0.642282  0.753862  0.136638  4
7300  77949  0.316381  0.133549  0.638739  0.742513  0.140799  4
7400  77725  0.312865  0.132211  0.633727  0.731823  0.120941  4
7500  77427  0.323897  0.137514  0.642692  0.766621  0.139858  4
7600  78176  0.319527  0.141092  0.641015  0.759917  0.196244  4
7700  77081  0.32763  0.144915  0.640531  0.761578  0.191493  4
7800  77649  0.325917  0.141493  0.643844  0.767787  0.195578  4
7900  78412  0.32452  0.142236  0.647367  0.769213  0.0529905  4
8000  77174  0.324172  0.136278  0.644897  0.7631  0.214395  4
8100  77235  0.312993  0.135191  0.649454  0.766723  0.132177  4
8200  76869  0.321772  0.136862  0.636001  0.742396  0.164393  4
8300  78461  0.331763  0.137689  0.634411  0.736525  0.165694  4
8400  77910  0.323781  0.134301  0.63047  0.727299  0.153199  4
8500  78096  0.32383  0.13403  0.641086  0.753284  0.144611  4
8600  78319  0.327446  0.132127  0.645114  0.76891  0.152288  4
8700  77371  0.324338  0.135317  0.644097  0.765736  0.140373  4
8800  77243  0.320348  0.130724  0.652877  0.786373  0.124879  4
8900  76809  0.316133  0.129858  0.643843  0.769452  0.163431  4
9000  77813  0.322416  0.131102  0.636278  0.756725  0.113043  4
9100  77011  0.326402  0.140803  0.640214  0.760052  0.0288195  4
9200  77569  0.316158  0.132172  0.627329  0.727719  0.144813  4
9300  78511  0.324206  0.137317  0.634664  0.739812  0.248709  4
9400  78924  0.327856  0.135273  0.633827  0.731878  0.212324  4
9500  78280  0.322862  0.145995  0.646631  0.761494  0.251535  4
9600  76887  0.309643  0.144992  0.639475  0.747069  0.298058  4
9700  77244  0.323308  0.146336  0.640839  0.749225  0.221639  4
9800  76986  0.322984  0.136904  0.632721  0.733031  0.157819  4
9900  78470  0.323055  0.128958  0.629755  0.723402  0.155838  4
