t meta_n emi  mean_info  tr1  tr2  tr3  strategy
0  101892  0.098488  0.49289  0.900044  0.000785414  -8.11387e-06  4
100  73437  0.187207  0.276375  0.58944  0.0822059  0.00416032  4
200  75412  0.295776  0.140751  0.450958  0.145475  0.00320599  4
300  76554  0.341669  0.0899018  0.424095  0.188311  0.0185292  4
400  75403  0.357042  0.0784152  0.413751  0.229192  0.0239238  4
500  77008  0.35913  0.0691015  0.414954  0.259164  0.00355355  4
600  76177  0.364643  0.0608428  0.413397  0.266468  -0.0116844  4
700  75955  0.367839  0.0639835  0.417441  0.288789  -0.000812092  4
800  76964  0.36683  0.058696  0.416713  0.294905  0.00726736  4
900  75776  0.365488  0.0514943  0.412634  0.281774  0.0205908  4
1000  76341  0.371611  0.0535493  0.414692  0.299668  0.00135458  4
1100  75091  0.36962  0.0581921  0.420387  0.317598  -0.0117906  4
1200  75855  0.361202  0.0519235  0.426172  0.322354  -0.0388155  4
1300  76969  0.374109  0.0550616  0.422468  0.318658  -0.063034  4
1400  76483  0.353281  0.0498792  0.432293  0.32211  -0.0663221  4
1500  76762  0.362125  0.0498929  0.426288  0.310849  -0.0884373  4
1600  76074  0.352249  0.0490254  0.427263  0.307026  -0.122544  4
1700  76544  0.359311  0.0491157  0.425839  0.32115  -0.112562  4
1800  77250  0.360588  0.0487553  0.428087  0.330476  -0.104725  4
1900  75588  0.362605  0.0471892  0.429668  0.350734  -0.131429  4
2000  75948  0.364782  0.0430516  0.432942  0.366862  -0.129671  4
2100  77368  0.354569  0.0442507  0.436861  0.36575  -0.0963953  4
2200  77860  0.356931  0.0406704  0.437473  0.37566  -0.0856995  4
2300  77130  0.3688  0.0439899  0.442423  0.392344  -0.112555  4
2400  76649  0.355386  0.041218  0.451039  0.399359  -0.117301  4
2500  77223  0.35628  0.038167  0.444919  0.38625  -0.0765637  4
2600  76387  0.353737  0.0363394  0.441659  0.37078  -0.0623239  4
2700  75986  0.348125  0.0395346  0.439513  0.36323  -0.0906974  4
2800  77167  0.353222  0.0372222  0.435561  0.349038  -0.175174  4
2900  76217  0.367784  0.0339242  0.427192  0.344016  -0.143968  4
3000  77046  0.360861  0.0353471  0.432266  0.343695  -0.142433  4
3100  76756  0.362783  0.0367517  0.429117  0.350569  -0.187501  4
3200  75901  0.35886  0.0310856  0.429391  0.354643  -0.160474  4
3300  76118  0.356808  0.0304401  0.43132  0.364052  -0.231118  4
3400  76164  0.363635  0.0290515  0.428818  0.361923  -0.188409  4
3500  77744  0.365601  0.0283067  0.424249  0.350943  -0.210117  4
3600  76479  0.363228  0.028409  0.426045  0.350305  -0.216921  4
3700  76943  0.36366  0.0263535  0.420702  0.336196  -0.196773  4
3800  76947  0.361811  0.0259029  0.422085  0.336436  -0.129844  4
3900  75745  0.362494  0.0270094  0.420012  0.329303  -0.168549  4
4000  75767  0.35798  0.0237748  0.414968  0.318769  -0.150063  4
4100  76858  0.369659  0.020516  0.412377  0.317865  -0.142705  4
4200  76802  0.360162  0.0221044  0.415318  0.313308  -0.127154  4
4300  77253  0.360853  0.0210112  0.42129  0.334812  -0.189137  4
4400  76091  0.359067  0.0186708  0.426355  0.346851  -0.210028  4
4500  75814  0.352268  0.0196195  0.428138  0.353593  -0.244334  4
4600  76931  0.362088  0.0185401  0.424713  0.346598  -0.216728  4
4700  76502  0.358871  0.0207166  0.42344  0.341346  -0.191559  4
4800  77756  0.368087  0.019754  0.418635  0.339147  -0.202829  4
4900  76761  0.359666  0.020086  0.42133  0.343626  -0.198919  4
5000  76194  0.358059  0.0186061  0.426777  0.352423  -0.216995  4
5100  76836  0.355273  0.0180016  0.428604  0.359484  -0.206469  4
5200  75321  0.356448  0.0145452  0.424521  0.353498  -0.173022  4
5300  75820  0.34957  0.0165824  0.424356  0.346216  -0.14097  4
5400  76694  0.35956  0.0140714  0.420359  0.343383  -0.140462  4
5500  77123  0.359637  0.0164087  0.424692  0.361071  -0.178372  4
5600  77044  0.361516  0.0183338  0.431433  0.387974  -0.112955  4
5700  76960  0.358352  0.0145689  0.430789  0.387768  -0.0782603  4
5800  76556  0.364125  0.0143374  0.430232  0.392421  -0.0294622  4
5900  76765  0.361128  0.0163711  0.428805  0.394123  -0.0607556  4
6000  76570  0.360252  0.0128693  0.430817  0.392541  -0.106646  4
6100  76505  0.353856  0.011337  0.433891  0.411748  -0.161167  4
6200  76580  0.363677  0.0116509  0.444271  0.4458  -0.188153  4
6300  77337  0.362954  0.0128231  0.437048  0.423533  -0.159322  4
6400  77786  0.370992  0.0115857  0.435429  0.416952  -0.121775  4
6500  77336  0.365216  0.0104137  0.432165  0.39944  -0.113399  4
6600  76777  0.355264  0.0122481  0.433394  0.392914  -0.104855  4
6700  76769  0.356065  0.0116088  0.435351  0.396211  -0.153158  4
6800  76316  0.35293  0.0105221  0.437017  0.393454  -0.12491  4
6900  76889  0.357621  0.0105257  0.433117  0.387416  -0.170568  4
7000  77468  0.359384  0.0119897  0.4313  0.383419  -0.175107  4
7100  77301  0.361986  0.0113967  0.426536  0.360553  -0.182514  4
7200  77606  0.353239  0.0109326  0.428461  0.350107  -0.212987  4
7300  76983  0.351866  0.00904079  0.425765  0.330694  -0.23593  4
7400  76822  0.355324  0.00920055  0.426433  0.333611  -0.225835  4
7500  77211  0.354997  0.0081127  0.427375  0.32642  -0.235262  4
7600  77757  0.359795  0.00924394  0.425494  0.327491  -0.254756  4
7700  77744  0.346721  0.00863212  0.42614  0.324433  -0.27691  4
7800  75855  0.345258  0.0102777  0.438704  0.36683  -0.272206  4
7900  76245  0.357098  0.0078207  0.429784  0.35671  -0.250271  4
8000  75746  0.351354  0.00761763  0.422536  0.340822  -0.200533  4
8100  77172  0.355914  0.00803079  0.418653  0.328501  -0.223635  4
8200  77349  0.366042  0.00544322  0.413648  0.322643  -0.253261  4
8300  77635  0.359394  0.00509948  0.423217  0.358464  -0.300976  4
8400  77328  0.357567  0.00649312  0.428135  0.371321  -0.332342  4
8500  76493  0.364706  0.00657448  0.429263  0.377177  -0.286031  4
8600  77376  0.364101  0.00649165  0.42765  0.3695  -0.213011  4
8700  76626  0.358469  0.00573743  0.428313  0.368334  -0.20215  4
8800  77320  0.363805  0.00718474  0.438862  0.389244  -0.229094  4
8900  77386  0.356981  0.00605466  0.431468  0.362404  -0.188293  4
9000  76189  0.35314  0.00607036  0.426896  0.341834  -0.17683  4
9100  76796  0.35285  0.00495294  0.43017  0.34882  -0.19322  4
9200  76824  0.355521  0.00447405  0.429244  0.348326  -0.107847  4
9300  76065  0.35428  0.00443131  0.43129  0.362761  -0.0947651  4
9400  76553  0.361938  0.00391713  0.43032  0.364481  -0.0795931  4
9500  76960  0.354693  0.00592431  0.437281  0.378456  -0.107426  4
9600  77330  0.353074  0.00550437  0.441872  0.391099  -0.0649483  4
9700  75685  0.349541  0.0057033  0.444292  0.392553  -0.0758444  4
9800  76930  0.350174  0.00485425  0.444985  0.389438  -0.0436084  4
9900  76969  0.354241  0.0042316  0.440991  0.369275  -0.138986  4
