t meta_n emi  mean_info  tr1  tr2  tr3  strategy
0  105409  0.09944  0.49791  0.900027  0.000783918  -9.53238e-05  4
100  77038  0.182289  0.614683  0.649272  0.0841514  0.0176048  4
200  78277  0.258015  0.61419  0.545139  0.152407  0.0119438  4
300  78412  0.276748  0.582837  0.531784  0.199137  0.00342537  4
400  77483  0.275667  0.550369  0.532803  0.23988  0.00736097  4
500  78351  0.284815  0.500183  0.533506  0.288304  0.0406712  4
600  78323  0.293027  0.467556  0.535115  0.328261  0.0709988  4
700  78289  0.297544  0.457862  0.540482  0.345801  0.0921117  4
800  78417  0.286425  0.451589  0.546355  0.363176  0.112034  4
900  79435  0.304868  0.430478  0.547743  0.390493  0.130219  4
1000  78366  0.298158  0.431658  0.559439  0.426163  0.185338  4
1100  77634  0.298842  0.430298  0.566221  0.4435  0.219083  4
1200  78742  0.307701  0.41499  0.56649  0.464673  0.219089  4
1300  79300  0.310362  0.422087  0.579161  0.504451  0.244973  4
1400  77936  0.294595  0.420227  0.583841  0.503307  0.24937  4
1500  77766  0.290891  0.402806  0.590798  0.532007  0.279132  4
1600  78390  0.290071  0.407495  0.59613  0.541177  0.276775  4
1700  78035  0.293148  0.404148  0.613336  0.572597  0.266727  4
1800  78459  0.294908  0.414824  0.617994  0.601219  0.288381  4
1900  78583  0.295098  0.401006  0.62305  0.618719  0.313264  4
2000  78446  0.293894  0.401431  0.638586  0.647314  0.301033  4
2100  77830  0.285716  0.393027  0.642477  0.667454  0.272259  4
2200  79034  0.2839  0.386271  0.646453  0.674328  0.182118  4
2300  78257  0.287539  0.386799  0.647716  0.686062  0.162768  4
2400  79216  0.285626  0.368223  0.649362  0.689136  0.153046  4
2500  78380  0.292877  0.370082  0.654544  0.723414  0.12325  4
2600  78834  0.285403  0.369741  0.664559  0.741748  0.112513  4
2700  78845  0.292449  0.365045  0.670412  0.766376  0.110434  4
2800  78097  0.284692  0.361974  0.679169  0.786192  0.136724  4
2900  78854  0.288577  0.362567  0.683289  0.803993  0.161793  4
3000  79194  0.290211  0.36911  0.694397  0.815712  0.153291  4
3100  79016  0.298986  0.374161  0.698658  0.826809  0.149001  4
3200  78962  0.273065  0.38354  0.706674  0.832872  0.175241  4
3300  78833  0.281861  0.377631  0.711851  0.836553  0.191166  4
3400  79191  0.286728  0.363544  0.72145  0.857271  0.184543  4
3500  78894  0.284352  0.361084  0.729623  0.881647  0.154148  4
3600  79352  0.276029  0.357999  0.73535  0.891623  0.197214  4
3700  79070  0.273043  0.355807  0.741076  0.901287  0.195286  4
3800  78601  0.281645  0.361596  0.743738  0.915934  0.248343  4
3900  79281  0.285853  0.34883  0.744748  0.918953  0.253468  4
4000  79652  0.282736  0.348993  0.752199  0.928211  0.266262  4
4100  80082  0.281988  0.349249  0.750973  0.930599  0.224088  4
4200  78627  0.27076  0.3572  0.75791  0.93881  0.254808  4
4300  78969  0.27974  0.349034  0.755461  0.936768  0.208869  4
4400  79033  0.27558  0.342806  0.760902  0.946539  0.233056  4
4500  79709  0.287605  0.342105  0.758874  0.943245  0.158345  4
4600  79532  0.28386  0.347476  0.760111  0.945254  0.140337  4
4700  79514  0.275227  0.347792  0.763584  0.9528  0.136131  4
4800  79329  0.270817  0.335138  0.763948  0.954129  0.125399  4
4900  78805  0.275101  0.328771  0.766395  0.955727  0.0993257  4
5000  79221  0.287084  0.324142  0.763615  0.956089  0.110936  4
5100  78431  0.274162  0.333568  0.764515  0.956116  0.0771551  4
5200  79343  0.281491  0.332629  0.759513  0.950973  0.0833698  4
5300  79582  0.284745  0.328119  0.762109  0.959965  0.175023  4
5400  78919  0.275537  0.320432  0.766868  0.967807  0.178543  4
5500  79671  0.284701  0.316193  0.768952  0.968146  0.228161  4
5600  79276  0.280285  0.327114  0.768451  0.966731  0.274171  4
5700  78602  0.274265  0.326737  0.767187  0.962956  0.295336  4
5800  78411  0.268544  0.336713  0.770094  0.967112  0.292893  4
5900  79619  0.28075  0.33678  0.770783  0.96875  0.343746  4
6000  80544  0.282655  0.330192  0.773954  0.973871  0.342548  4
6100  80331  0.278143  0.328355  0.772234  0.970532  0.379277  4
6200  78327  0.27089  0.327126  0.773751  0.973613  0.434117  4
6300  78593  0.274864  0.320376  0.772259  0.975393  0.491629  4
6400  79495  0.286713  0.322224  0.769011  0.973454  0.460076  4
6500  79342  0.277848  0.317474  0.770766  0.976425  0.472849  4
6600  78784  0.278701  0.317216  0.771216  0.975103  0.473033  4
6700  79265  0.286635  0.328096  0.765447  0.971932  0.412718  4
6800  78472  0.292982  0.327427  0.765652  0.970089  0.433407  4
6900  79243  0.282175  0.324336  0.765401  0.970413  0.359016  4
7000  79328  0.282705  0.324205  0.767427  0.973359  0.347868  4
7100  79525  0.285867  0.314742  0.766349  0.97561  0.264643  4
7200  78177  0.274757  0.318553  0.768399  0.976918  0.259164  4
7300  79675  0.287596  0.320417  0.766893  0.974521  0.287984  4
7400  79311  0.281857  0.322116  0.771731  0.978061  0.328949  4
7500  78652  0.284541  0.32075  0.769179  0.979778  0.35888  4
7600  78725  0.287827  0.325203  0.771034  0.981601  0.410382  4
7700  79124  0.282862  0.327162  0.774383  0.983707  0.364679  4
7800  79832  0.285686  0.325175  0.776003  0.983436  0.341442  4
7900  78527  0.284689  0.328684  0.773307  0.982392  0.320238  4
8000  79364  0.284299  0.33192  0.77366  0.983149  0.329022  4
8100  78694  0.270923  0.33  0.775731  0.982708  0.301374  4
8200  78329  0.284081  0.328784  0.776799  0.98388  0.258447  4
8300  79350  0.288486  0.330255  0.777212  0.984356  0.254592  4
8400  79360  0.286167  0.325587  0.777611  0.985295  0.308338  4
8500  79683  0.284268  0.323759  0.781155  0.987509  0.292977  4
8600  78920  0.274483  0.322831  0.780277  0.986643  0.239649  4
8700  79605  0.279519  0.328931  0.778138  0.98378  0.258005  4
8800  78946  0.283927  0.32979  0.778756  0.984892  0.190807  4
8900  79986  0.287977  0.324687  0.781773  0.987418  0.162526  4
9000  78464  0.281403  0.324543  0.780871  0.988061  0.11041  4
9100  79531  0.274817  0.322229  0.783683  0.988968  0.0512821  4
9200  78476  0.280535  0.32156  0.784457  0.99079  0.0733903  4
9300  80113  0.268965  0.319128  0.78483  0.989878  0.0524821  4
9400  79283  0.269374  0.320919  0.78433  0.990993  0.00196885  4
9500  79019  0.275666  0.316545  0.782283  0.989082  0.00876636  4
9600  79139  0.271711  0.317351  0.782783  0.988198  0.0406993  4
9700  80305  0.27782  0.31901  0.782729  0.988975  0.0961562  4
9800  80269  0.280163  0.317192  0.782541  0.98785  0.0755154  4
9900  78546  0.273277  0.31797  0.780621  0.985814  0.085872  4
