t meta_n emi  mean_info  tr1  tr2  tr3  strategy
0  104024  0.099648  0.495784  0.900117  0.000789515  5.43941e-05  4
100  77107  0.197021  0.557925  0.615636  0.0763852  0.00274265  4
200  76856  0.279914  0.460152  0.507513  0.134627  0.023234  4
300  77129  0.293469  0.378843  0.490541  0.18737  0.0272114  4
400  76940  0.301347  0.320846  0.488029  0.222272  0.00251597  4
500  77207  0.311284  0.294189  0.484385  0.277792  0.0292186  4
600  76850  0.316464  0.279511  0.492111  0.317783  0.0236789  4
700  77055  0.319219  0.278633  0.498589  0.347691  0.0262745  4
800  77971  0.325919  0.261228  0.500926  0.363474  -0.0155906  4
900  77832  0.320017  0.258958  0.509658  0.391775  -0.0383841  4
1000  78268  0.325578  0.249188  0.521941  0.447733  -0.051601  4
1100  77347  0.321338  0.25955  0.549414  0.513172  -0.0972542  4
1200  78030  0.314199  0.258825  0.569282  0.553011  -0.067481  4
1300  76932  0.316252  0.259315  0.573411  0.583444  -0.0946242  4
1400  77819  0.308396  0.248832  0.586372  0.606637  -0.11502  4
1500  77449  0.322082  0.253064  0.587643  0.620634  -0.140093  4
1600  78820  0.319813  0.254261  0.602579  0.645815  -0.164232  4
1700  78593  0.321514  0.254185  0.595655  0.650149  -0.167987  4
1800  78060  0.314879  0.265264  0.612868  0.677775  -0.135944  4
1900  78652  0.307182  0.259582  0.626103  0.70431  -0.111642  4
2000  77507  0.304701  0.262808  0.634602  0.727782  -0.115832  4
2100  77602  0.309264  0.261305  0.646524  0.753366  -0.0805875  4
2200  78056  0.295852  0.262563  0.64996  0.751287  -0.0857989  4
2300  78392  0.302823  0.275122  0.663934  0.777775  -0.0914724  4
2400  78276  0.295177  0.271925  0.665724  0.781325  -0.0705563  4
2500  78023  0.299686  0.269722  0.669544  0.788229  -0.0804832  4
2600  78390  0.301431  0.24728  0.658731  0.783942  -0.0177727  4
2700  78342  0.30744  0.250095  0.664282  0.805986  -0.0459355  4
2800  77417  0.30676  0.252658  0.663913  0.814849  -0.0144658  4
2900  77629  0.296578  0.255583  0.669443  0.80438  0.0254705  4
3000  78062  0.298632  0.25839  0.677031  0.825907  0.0260972  4
3100  78587  0.303301  0.25374  0.680507  0.836539  0.00770462  4
3200  76917  0.29439  0.256614  0.674454  0.822449  0.0224478  4
3300  78572  0.297171  0.259514  0.680355  0.834332  -0.00489694  4
3400  77343  0.300328  0.262253  0.689019  0.859875  -0.0201038  4
3500  78209  0.294861  0.257941  0.692204  0.868092  -0.0169557  4
3600  78942  0.303327  0.262132  0.697614  0.882721  -0.0341721  4
3700  79328  0.308355  0.26387  0.698957  0.892241  -0.0304817  4
3800  79403  0.30904  0.262602  0.700587  0.892077  -0.0536001  4
3900  78697  0.302423  0.253588  0.697758  0.883541  -0.0450514  4
4000  78912  0.29638  0.259285  0.703196  0.895821  -0.0263286  4
4100  77557  0.29965  0.260938  0.704846  0.907974  0.00495308  4
4200  77732  0.306253  0.254271  0.704119  0.913686  -0.0303064  4
4300  77701  0.306912  0.25493  0.707062  0.916634  0.0201285  4
4400  78094  0.299302  0.24901  0.706957  0.911174  0.0527353  4
4500  78372  0.304241  0.249344  0.71367  0.917148  0.0829204  4
4600  77692  0.306411  0.244013  0.716487  0.919324  0.121269  4
4700  77394  0.305484  0.244483  0.715705  0.916478  0.138862  4
4800  79011  0.302083  0.25849  0.721477  0.926433  0.146455  4
4900  77410  0.289908  0.248234  0.722472  0.926434  0.171512  4
5000  77974  0.298878  0.256307  0.725135  0.927465  0.187689  4
5100  78126  0.281145  0.259775  0.731218  0.932321  0.214702  4
5200  78051  0.292942  0.250848  0.731822  0.93707  0.203101  4
5300  78932  0.294074  0.261769  0.734021  0.94455  0.279232  4
5400  78406  0.281519  0.26198  0.735388  0.949728  0.264458  4
5500  79034  0.301953  0.265001  0.74286  0.961924  0.278768  4
5600  77947  0.302094  0.267772  0.750217  0.971482  0.28728  4
5700  78646  0.300229  0.259547  0.748471  0.972238  0.280753  4
5800  79584  0.308618  0.257433  0.746772  0.973115  0.310909  4
5900  78953  0.296287  0.246339  0.745794  0.972547  0.303722  4
6000  78955  0.302533  0.245116  0.745986  0.97338  0.320557  4
6100  77461  0.28774  0.245515  0.745815  0.972065  0.318296  4
6200  78800  0.294162  0.254383  0.744665  0.972462  0.294479  4
6300  78619  0.305869  0.253281  0.748026  0.97719  0.297074  4
6400  78847  0.304759  0.255255  0.747909  0.976689  0.304486  4
6500  77908  0.308505  0.245395  0.749313  0.978367  0.312563  4
6600  77697  0.297344  0.249149  0.749161  0.980005  0.310305  4
6700  79323  0.299262  0.249548  0.749415  0.979874  0.290427  4
6800  78808  0.294294  0.247961  0.750826  0.979918  0.291809  4
6900  78161  0.300035  0.253272  0.755101  0.981819  0.328359  4
7000  78673  0.294894  0.250452  0.753535  0.980237  0.335278  4
7100  78891  0.294398  0.250543  0.753323  0.982536  0.324207  4
7200  79269  0.301128  0.251895  0.754107  0.983645  0.311294  4
7300  78804  0.308143  0.257801  0.755401  0.985769  0.356808  4
7400  78329  0.303388  0.249774  0.756777  0.988264  0.380907  4
7500  77469  0.283144  0.25022  0.759483  0.987954  0.357639  4
7600  78184  0.280488  0.253146  0.761011  0.989714  0.335566  4
7700  78169  0.287096  0.254581  0.761185  0.990332  0.324663  4
7800  78721  0.288684  0.260081  0.762364  0.989674  0.321713  4
7900  78363  0.291828  0.246894  0.763838  0.98966  0.301786  4
8000  77795  0.289193  0.252867  0.761109  0.988786  0.315923  4
8100  79487  0.302374  0.250091  0.760635  0.988971  0.328376  4
8200  78749  0.289771  0.253799  0.760135  0.988106  0.315679  4
8300  77979  0.289237  0.250995  0.761803  0.990437  0.34888  4
8400  77644  0.289585  0.244917  0.760279  0.990425  0.315319  4
8500  78480  0.289535  0.251826  0.76027  0.991569  0.316971  4
8600  77993  0.289622  0.260617  0.762857  0.992717  0.33349  4
8700  78891  0.294109  0.25663  0.762802  0.993166  0.321961  4
8800  78707  0.299209  0.256811  0.762685  0.992191  0.325461  4
8900  78424  0.29227  0.24998  0.763074  0.992403  0.319101  4
9000  78202  0.298106  0.258886  0.764703  0.993686  0.299303  4
9100  79156  0.305547  0.256993  0.764469  0.993403  0.299847  4
9200  78519  0.297329  0.258595  0.765466  0.994118  0.287686  4
9300  78805  0.298244  0.2557  0.765282  0.993758  0.290748  4
9400  79212  0.292832  0.25207  0.765976  0.993935  0.283353  4
9500  77312  0.292645  0.251273  0.765273  0.995668  0.300648  4
9600  79718  0.302152  0.251044  0.766357  0.995652  0.278352  4
9700  78218  0.288243  0.251576  0.764907  0.996017  0.285897  4
9800  78555  0.298671  0.255924  0.764884  0.99543  0.316087  4
9900  78988  0.283544  0.25907  0.765714  0.994799  0.349077  4
