t meta_n emi  mean_info  tr1  tr2  tr3  strategy
0  103659  0.099952  0.49418  0.900014  0.000735719  4.58693e-05  4
100  75286  0.169037  0.333379  0.625956  0.090023  0.00171562  4
200  76578  0.287729  0.19599  0.473916  0.155259  0.0100009  4
300  76182  0.322838  0.126005  0.442179  0.203963  -0.000683567  4
400  75168  0.351472  0.0974691  0.429164  0.248221  0.0106885  4
500  76869  0.342086  0.0884451  0.432979  0.262855  0.00791086  4
600  76411  0.353491  0.0836647  0.426481  0.295603  -0.0164387  4
700  76455  0.361594  0.0823811  0.434441  0.330092  -0.0212388  4
800  76235  0.355741  0.0815358  0.438069  0.335232  -0.025845  4
900  76841  0.35785  0.0754405  0.434711  0.33645  -0.0782121  4
1000  76695  0.362917  0.0727192  0.43665  0.357846  -0.0793849  4
1100  75733  0.354675  0.0767376  0.4468  0.380114  -0.0853852  4
1200  77426  0.359888  0.0713872  0.4468  0.374904  -0.11324  4
1300  76681  0.352078  0.0675089  0.44797  0.3785  -0.102493  4
1400  76339  0.349566  0.064209  0.457177  0.383147  -0.0868927  4
1500  76305  0.347443  0.0686815  0.467638  0.402092  -0.0359931  4
1600  75813  0.345657  0.0668366  0.463925  0.41518  -0.0347753  4
1700  75956  0.352296  0.0719145  0.457248  0.410286  -0.0404455  4
1800  76239  0.355196  0.0772386  0.458914  0.416597  -0.069005  4
1900  76380  0.348664  0.0712307  0.458688  0.4263  -0.0473333  4
2000  75576  0.352618  0.0731218  0.459775  0.426394  -0.0359103  4
2100  76924  0.359966  0.0701513  0.455186  0.424596  -0.0208129  4
2200  76152  0.361028  0.0654238  0.45605  0.429878  -0.0181109  4
2300  77092  0.36718  0.0604788  0.452098  0.433253  -0.0280491  4
2400  76934  0.354537  0.0491845  0.448889  0.4104  -0.00904417  4
2500  76400  0.362259  0.0498993  0.451046  0.421219  -0.0014166  4
2600  76365  0.356141  0.0527661  0.450336  0.433664  -0.0305512  4
2700  77350  0.35333  0.0596126  0.456657  0.437768  -0.0109418  4
2800  75953  0.352741  0.054291  0.447266  0.421228  0.0236015  4
2900  76430  0.345877  0.056459  0.454572  0.414297  -0.0203932  4
3000  75366  0.348065  0.0577042  0.454596  0.409936  -0.000199303  4
3100  77688  0.346444  0.057988  0.453921  0.40342  0.0481114  4
3200  76331  0.350433  0.0554544  0.451555  0.408271  0.0562467  4
3300  77463  0.348824  0.0517732  0.451632  0.398553  0.0311749  4
3400  76915  0.353008  0.0513109  0.454828  0.414742  0.0206401  4
3500  76592  0.348745  0.0467201  0.446773  0.383314  0.0235779  4
3600  76748  0.352079  0.0408853  0.444808  0.394837  0.0305506  4
3700  77159  0.364034  0.0386514  0.434942  0.390474  0.111622  4
3800  75744  0.352361  0.0428698  0.439875  0.386146  0.115746  4
3900  77906  0.356964  0.0424889  0.438521  0.383219  0.0995312  4
4000  75597  0.35156  0.0381336  0.428062  0.355454  0.0945648  4
4100  77286  0.358943  0.0403387  0.429924  0.350336  0.106378  4
4200  77354  0.359452  0.0350944  0.43274  0.361274  0.11059  4
4300  77491  0.350928  0.0336213  0.434012  0.354735  0.125972  4
4400  76238  0.351877  0.0389988  0.431057  0.340537  0.0756148  4
4500  76624  0.352671  0.0367327  0.428565  0.337257  0.0572344  4
4600  76105  0.353463  0.0311107  0.424708  0.337534  0.0639708  4
4700  76407  0.352518  0.028596  0.429349  0.344638  0.0549348  4
4800  76850  0.349244  0.0350341  0.433552  0.343688  0.0719516  4
4900  76236  0.357551  0.0313264  0.43033  0.324465  0.0926615  4
5000  76146  0.350261  0.0279834  0.424535  0.312595  0.0985403  4
5100  77232  0.348042  0.0278518  0.42681  0.320477  0.0972698  4
5200  77321  0.349426  0.027411  0.428922  0.338982  0.150801  4
5300  76955  0.352482  0.0240183  0.425548  0.327029  0.119913  4
5400  77654  0.361706  0.0288477  0.426151  0.332128  0.0906376  4
5500  77409  0.3578  0.0311679  0.428736  0.329054  0.0578625  4
5600  75620  0.350975  0.0261269  0.426034  0.323394  0.0475217  4
5700  77759  0.348741  0.0235753  0.429453  0.322458  0.0222231  4
5800  76153  0.355583  0.0245787  0.426357  0.322776  0.0550011  4
5900  76695  0.358149  0.0247732  0.430365  0.341509  0.0507834  4
6000  76840  0.354539  0.0241087  0.435089  0.348297  0.0293077  4
6100  76826  0.343008  0.0227744  0.440277  0.35549  -0.0641065  4
6200  76540  0.354665  0.0221264  0.449752  0.381572  -0.0847912  4
6300  77408  0.352431  0.0231478  0.452892  0.390864  -0.063981  4
6400  76398  0.353711  0.0204158  0.455359  0.415229  -0.121072  4
6500  76297  0.356022  0.0179786  0.465357  0.447037  -0.126817  4
6600  76611  0.359278  0.0186085  0.475814  0.477503  -0.0834869  4
6700  75619  0.35518  0.020893  0.47804  0.474165  -0.105959  4
6800  77805  0.362458  0.0220768  0.496803  0.513323  -0.140557  4
6900  77880  0.366646  0.0194307  0.513838  0.564353  -0.156662  4
7000  76584  0.359985  0.0216728  0.525928  0.600219  -0.162229  4
7100  77791  0.366634  0.023348  0.536054  0.633912  -0.181081  4
7200  78043  0.372647  0.022905  0.560172  0.692714  -0.221027  4
7300  76573  0.364481  0.0196518  0.568774  0.713628  -0.185235  4
7400  77395  0.361931  0.0157064  0.586967  0.755741  -0.18424  4
7500  77070  0.367794  0.0138437  0.605434  0.801336  -0.185588  4
7600  76974  0.367308  0.0149974  0.617866  0.831843  -0.195783  4
7700  77449  0.358324  0.0150832  0.63049  0.864575  -0.194535  4
7800  76422  0.362228  0.0174879  0.632747  0.86929  -0.187415  4
7900  76429  0.366153  0.0150935  0.639149  0.886943  -0.189208  4
8000  76243  0.368879  0.0150405  0.642102  0.891582  -0.208828  4
8100  76776  0.364648  0.0130608  0.647264  0.907228  -0.20927  4
8200  77084  0.366938  0.0114816  0.65399  0.92232  -0.244471  4
8300  77451  0.36923  0.0118118  0.656437  0.934179  -0.227966  4
8400  76844  0.365689  0.0131998  0.663318  0.948825  -0.224366  4
8500  76931  0.358554  0.0120388  0.667168  0.956855  -0.261033  4
8600  77211  0.365137  0.0119025  0.674178  0.974736  -0.271986  4
8700  78128  0.368566  0.0112645  0.673682  0.978694  -0.278089  4
8800  76840  0.373397  0.0129601  0.673518  0.978379  -0.266462  4
8900  77302  0.373376  0.0148256  0.675413  0.982493  -0.278426  4
9000  78025  0.377461  0.0109792  0.675864  0.985297  -0.264769  4
9100  76712  0.375946  0.0107518  0.67406  0.984661  -0.266294  4
9200  77196  0.366135  0.0106891  0.676569  0.988648  -0.278653  4
9300  77133  0.374648  0.0106727  0.677883  0.992072  -0.292333  4
9400  76997  0.366493  0.0113808  0.677641  0.992305  -0.305478  4
9500  77394  0.37184  0.0107355  0.678996  0.994592  -0.312726  4
9600  77295  0.373519  0.00935615  0.681139  0.997396  -0.31007  4
9700  77731  0.374521  0.00985295  0.680422  0.997501  -0.305865  4
9800  77340  0.372706  0.00782554  0.680147  0.998752  -0.314837  4
9900  77115  0.37851  0.00849024  0.680631  0.998654  -0.309211  4
