t meta_n emi  mean_info  tr1  tr2  tr3  strategy
0  104437  0.098368  0.500942  0.899946  0.000821949  0.000116106  4
100  79550  0.190026  0.765122  0.670769  0.0857218  -0.002357  4
200  81160  0.267729  0.824729  0.575425  0.14586  -0.00818755  4
300  80182  0.272607  0.834313  0.576407  0.195386  -0.00619865  4
400  80976  0.269302  0.83472  0.582503  0.221817  0.00809488  4
500  79234  0.267045  0.839746  0.59298  0.237192  0.0143888  4
600  80480  0.270736  0.851558  0.596961  0.254734  1.55228e-05  4
700  81158  0.27173  0.855252  0.59531  0.247821  -0.00422234  4
800  81739  0.267759  0.855705  0.597381  0.25726  -0.0144921  4
900  81058  0.265691  0.856318  0.60341  0.27399  -0.0106657  4
1000  80900  0.263018  0.853809  0.604304  0.270271  -0.0306716  4
1100  81221  0.267492  0.856167  0.605327  0.281318  -0.0292258  4
1200  81315  0.255194  0.852071  0.608794  0.28163  -0.0452624  4
1300  80921  0.264752  0.860504  0.60535  0.283175  -0.0763407  4
1400  80850  0.274383  0.870851  0.594176  0.25328  -0.0697817  4
1500  81124  0.266378  0.85865  0.594753  0.261538  -0.0963088  4
1600  81231  0.271676  0.850634  0.596328  0.263588  -0.135105  4
1700  80015  0.267786  0.849923  0.596826  0.266924  -0.122986  4
1800  80951  0.269643  0.838676  0.597007  0.258201  -0.075655  4
1900  81221  0.259447  0.842236  0.595686  0.248623  -0.0814371  4
2000  80643  0.263354  0.843335  0.593381  0.247719  -0.112563  4
2100  81655  0.269204  0.846842  0.594237  0.248519  -0.123055  4
2200  80807  0.259163  0.86002  0.59557  0.249889  -0.0756756  4
2300  81679  0.271199  0.863399  0.595485  0.246489  -0.0558493  4
2400  81031  0.258594  0.86964  0.601244  0.254447  -0.0174568  4
2500  80157  0.263528  0.868886  0.601446  0.264356  -0.041455  4
2600  81245  0.257277  0.865866  0.606631  0.258681  0.0140904  4
2700  81187  0.256357  0.872954  0.603267  0.265577  -0.0197398  4
2800  81256  0.26082  0.88273  0.60539  0.2556  0.00238042  4
2900  81062  0.257723  0.874695  0.603349  0.249477  0.0856363  4
3000  81358  0.256742  0.878419  0.607068  0.246492  0.110951  4
3100  81570  0.262517  0.875884  0.60338  0.250894  0.118922  4
3200  80560  0.258816  0.876674  0.60163  0.261711  0.096993  4
3300  80625  0.250756  0.871314  0.60694  0.265425  0.12596  4
3400  80916  0.25429  0.874692  0.607522  0.2671  0.103946  4
3500  81309  0.256441  0.85989  0.606041  0.263766  0.103295  4
3600  81053  0.258263  0.870658  0.597177  0.255961  0.0852976  4
3700  80865  0.263138  0.882798  0.596535  0.256355  0.00729298  4
3800  81864  0.263863  0.873551  0.59715  0.254098  -0.00191491  4
3900  80800  0.255538  0.878814  0.595495  0.250064  -0.0126969  4
4000  80429  0.259478  0.878928  0.595602  0.230204  -0.0473643  4
4100  81418  0.25523  0.880092  0.59601  0.232464  -0.00993906  4
4200  81185  0.263024  0.886305  0.590696  0.225265  -0.00087216  4
4300  80594  0.257167  0.890837  0.587064  0.216164  0.0158622  4
4400  81578  0.258498  0.889571  0.588563  0.213574  0.0312258  4
4500  81025  0.252187  0.890104  0.593001  0.216597  0.0436015  4
4600  79773  0.254798  0.891821  0.596  0.227814  0.0429668  4
4700  80872  0.252231  0.886129  0.596208  0.221865  0.0499453  4
4800  80672  0.254927  0.894614  0.589705  0.205229  0.11642  4
4900  80590  0.256807  0.89746  0.590782  0.207513  0.063443  4
5000  81010  0.25299  0.894829  0.593264  0.203902  0.0854878  4
5100  81533  0.261569  0.899482  0.586915  0.187471  0.0977326  4
5200  82473  0.259281  0.904441  0.585308  0.175462  0.0640717  4
5300  80995  0.255061  0.899614  0.585067  0.166  0.044304  4
5400  80965  0.259181  0.904724  0.584943  0.167491  0.0364315  4
5500  80297  0.245333  0.91311  0.581345  0.156521  0.070125  4
5600  80614  0.252039  0.914783  0.584289  0.162341  0.129413  4
5700  81564  0.255334  0.909145  0.584347  0.161209  0.124891  4
5800  80547  0.253564  0.902641  0.58147  0.162175  0.0768269  4
5900  81059  0.261075  0.898944  0.581595  0.169871  0.0226574  4
6000  81287  0.256528  0.898896  0.58117  0.159483  -0.0468283  4
6100  81488  0.253741  0.899313  0.581988  0.165982  -0.0694254  4
6200  81242  0.255622  0.899678  0.578072  0.158193  -0.119793  4
6300  80923  0.256545  0.909788  0.582383  0.15877  -0.0522002  4
6400  80088  0.255515  0.91102  0.581294  0.153591  -0.00930718  4
6500  82349  0.260076  0.915536  0.580247  0.154822  0.0259266  4
6600  81718  0.252484  0.914408  0.578529  0.156233  -0.0394344  4
6700  81524  0.256992  0.914752  0.575947  0.142855  -0.0968901  4
6800  81531  0.254586  0.913548  0.57882  0.150273  -0.0347568  4
6900  80589  0.255951  0.911268  0.579  0.15233  -0.0888001  4
7000  81500  0.254898  0.908703  0.579293  0.155094  -0.100667  4
7100  81095  0.25345  0.913164  0.582787  0.156576  -0.0808178  4
7200  80614  0.250287  0.905966  0.580716  0.156275  -0.0843191  4
7300  81270  0.251936  0.910509  0.579011  0.14673  -0.0624125  4
7400  82107  0.253634  0.904774  0.581122  0.155759  -0.0587717  4
7500  81250  0.25307  0.90042  0.578836  0.146471  -0.000836717  4
7600  81495  0.251183  0.892904  0.577697  0.148193  -0.00980016  4
7700  81761  0.260457  0.895136  0.57333  0.141463  0.0153592  4
7800  81060  0.251053  0.90159  0.57144  0.129178  0.0297585  4
7900  81573  0.248228  0.903878  0.57544  0.126365  0.00206245  4
8000  80812  0.249889  0.903277  0.574657  0.126333  0.0186986  4
8100  80998  0.253668  0.906092  0.573642  0.131206  0.047563  4
8200  81087  0.253538  0.910783  0.574168  0.127625  0.059006  4
8300  81054  0.249354  0.912892  0.578757  0.134908  0.00138815  4
8400  81653  0.257051  0.914226  0.581814  0.141391  -0.0119704  4
8500  80676  0.245972  0.918934  0.580181  0.136798  -0.00183137  4
8600  81675  0.252444  0.918151  0.580585  0.138502  0.0539661  4
8700  80732  0.252691  0.918096  0.580008  0.131853  0.0460406  4
8800  81813  0.242643  0.917021  0.581968  0.1199  0.087135  4
8900  80524  0.243732  0.912341  0.583526  0.118586  0.0466959  4
9000  81523  0.243754  0.915118  0.581724  0.118358  0.0317651  4
9100  80838  0.239732  0.915558  0.57992  0.109537  0.0714408  4
9200  82258  0.247988  0.91039  0.582477  0.117496  0.0892701  4
9300  80568  0.245978  0.913177  0.580842  0.116312  0.0802212  4
9400  82061  0.25183  0.915667  0.580637  0.120131  0.159285  4
9500  80972  0.243524  0.914484  0.581358  0.129467  0.186995  4
9600  81466  0.248658  0.91977  0.580473  0.123347  0.126391  4
9700  81737  0.248395  0.916245  0.579714  0.125122  0.10332  4
9800  81264  0.242895  0.919381  0.581661  0.128393  0.101713  4
9900  81136  0.240686  0.921601  0.581817  0.125608  0.0688053  4
