t meta_n emi  mean_info  tr1  tr2  tr3  strategy
0  102201  0.099136  0.495391  0.900067  0.000772493  -1.12216e-05  4
100  74445  0.169009  0.360178  0.629325  0.085198  0.000578276  4
200  76207  0.290562  0.225795  0.47143  0.151684  0.00987225  4
300  76060  0.324899  0.160251  0.447612  0.209763  0.00938228  4
400  75768  0.331386  0.130454  0.443489  0.244226  0.0122507  4
500  76177  0.343111  0.105427  0.439736  0.273193  0.0378471  4
600  75941  0.346756  0.100934  0.433623  0.288171  0.0436008  4
700  76604  0.355968  0.0862327  0.432893  0.308466  0.0817552  4
800  75722  0.353869  0.0916236  0.437235  0.323675  0.0691542  4
900  76975  0.363653  0.0860944  0.435385  0.332064  0.0859356  4
1000  75665  0.35819  0.0847581  0.43721  0.335255  0.0979732  4
1100  77922  0.354818  0.0746359  0.439743  0.346372  0.0748791  4
1200  77457  0.352972  0.0822157  0.449183  0.369433  0.0659074  4
1300  77068  0.35319  0.0844063  0.456247  0.391385  0.0924102  4
1400  76594  0.348639  0.0858551  0.453496  0.378427  0.0987084  4
1500  75828  0.352048  0.0809172  0.451866  0.370609  0.0608904  4
1600  77025  0.347884  0.0785  0.453518  0.359193  0.0441921  4
1700  77484  0.337153  0.0730773  0.459307  0.365149  0.0285294  4
1800  76149  0.339679  0.0756136  0.461528  0.37746  0.00354746  4
1900  76432  0.344844  0.0776835  0.460914  0.376237  0.0753891  4
2000  76539  0.349218  0.0790539  0.459926  0.385283  0.0918179  4
2100  76737  0.34502  0.0804193  0.471108  0.418103  0.0469183  4
2200  76668  0.347639  0.079462  0.471546  0.425846  0.0351394  4
2300  76686  0.340874  0.0731686  0.479304  0.43857  0.0225697  4
2400  76810  0.340374  0.0689466  0.475805  0.43218  -0.0138792  4
2500  76592  0.350788  0.0690269  0.466477  0.416811  0.0261321  4
2600  75831  0.348793  0.0717514  0.466734  0.415148  0.0639001  4
2700  75402  0.357925  0.0686937  0.454419  0.399806  0.00349611  4
2800  76088  0.357428  0.0605748  0.451322  0.384451  0.00717637  4
2900  76818  0.361652  0.0631406  0.454602  0.39151  0.027272  4
3000  76446  0.344938  0.0632196  0.460307  0.40301  0.0254926  4
3100  75870  0.352261  0.0627096  0.453265  0.389157  0.00686109  4
3200  76416  0.344725  0.0594244  0.445844  0.378671  -0.0376721  4
3300  77375  0.348691  0.0579872  0.443413  0.360967  -0.039135  4
3400  76974  0.355148  0.051153  0.437509  0.355069  -0.0364778  4
3500  76833  0.358541  0.0442408  0.430656  0.356357  -0.0330405  4
3600  76377  0.362252  0.0449143  0.425603  0.338232  -0.00644224  4
3700  76894  0.36324  0.0421372  0.423333  0.336776  -0.0197705  4
3800  76261  0.363446  0.0407238  0.423445  0.333641  -0.00815968  4
3900  76859  0.369411  0.0434735  0.432592  0.354717  -0.0159228  4
4000  75571  0.356068  0.0392444  0.429632  0.343604  -0.0173358  4
4100  75416  0.355496  0.0343043  0.428224  0.349662  -0.0172897  4
4200  75829  0.347437  0.0384625  0.428064  0.327235  -0.0376941  4
4300  76783  0.351177  0.0396306  0.43628  0.348365  -0.0188643  4
4400  77545  0.356586  0.0343662  0.43742  0.365343  -0.0257786  4
4500  77042  0.357074  0.0342323  0.441458  0.38316  0.000824384  4
4600  77391  0.354651  0.039374  0.444027  0.377679  -0.0130697  4
4700  77297  0.35189  0.0367524  0.439453  0.372668  -0.00666979  4
4800  75958  0.348317  0.0370065  0.436972  0.365067  -0.00871251  4
4900  76323  0.351625  0.0387943  0.435982  0.3606  -0.0180892  4
5000  77169  0.356685  0.0388161  0.428219  0.343373  0.0206147  4
5100  76986  0.357546  0.0400821  0.429183  0.342063  0.00505527  4
5200  76433  0.351555  0.0352787  0.427984  0.348652  0.0648995  4
5300  76814  0.356633  0.0321312  0.421863  0.323431  0.13358  4
5400  77267  0.350702  0.0335372  0.422372  0.326623  0.127572  4
5500  77447  0.362315  0.0391765  0.420746  0.322603  0.142034  4
5600  76547  0.350094  0.0352572  0.421135  0.327607  0.139456  4
5700  77690  0.35925  0.0327612  0.419061  0.315814  0.156156  4
5800  77244  0.362444  0.0337004  0.420072  0.321704  0.190319  4
5900  76688  0.357355  0.0303766  0.421322  0.319995  0.200229  4
6000  76421  0.355607  0.0282706  0.424432  0.339368  0.178025  4
6100  76526  0.347479  0.0279512  0.425631  0.329198  0.169825  4
6200  76508  0.350754  0.0280765  0.424838  0.324898  0.200769  4
6300  76728  0.348491  0.0223363  0.41886  0.31469  0.241925  4
6400  77096  0.351656  0.0231241  0.417422  0.310173  0.233332  4
6500  77867  0.347975  0.0306184  0.417366  0.297922  0.23767  4
6600  77402  0.361062  0.0345578  0.418378  0.303014  0.208788  4
6700  76628  0.361131  0.0351603  0.417207  0.300272  0.200888  4
6800  77241  0.361051  0.0317926  0.411487  0.278573  0.226033  4
6900  77163  0.354836  0.0290773  0.408323  0.271686  0.213355  4
7000  76970  0.35198  0.0260555  0.406001  0.27047  0.287614  4
7100  77215  0.354699  0.0279072  0.405908  0.269134  0.276056  4
7200  76486  0.355507  0.0258763  0.405163  0.267148  0.302016  4
7300  76473  0.36018  0.0259728  0.401774  0.25722  0.266171  4
7400  76904  0.357996  0.0255908  0.400926  0.26167  0.268606  4
7500  76407  0.364695  0.0255254  0.401695  0.270393  0.248864  4
7600  77461  0.355293  0.024297  0.404648  0.278186  0.261609  4
7700  76721  0.361711  0.0213993  0.401504  0.275401  0.277273  4
7800  76430  0.357711  0.0200868  0.402139  0.272437  0.298839  4
7900  76602  0.355024  0.0179589  0.400263  0.268625  0.330507  4
8000  76779  0.356032  0.020361  0.403983  0.28541  0.344125  4
8100  77342  0.362995  0.020342  0.402472  0.272427  0.324984  4
8200  77025  0.354737  0.0235495  0.404205  0.272928  0.300505  4
8300  75988  0.352041  0.0200042  0.402109  0.270792  0.305128  4
8400  76362  0.351227  0.0167403  0.400822  0.265357  0.279343  4
8500  76541  0.35164  0.0179295  0.398713  0.25783  0.270759  4
8600  76730  0.354563  0.0164444  0.399619  0.26579  0.227373  4
8700  77282  0.359336  0.0185207  0.400692  0.267103  0.192933  4
8800  77304  0.36119  0.0169516  0.39868  0.255491  0.209963  4
8900  76133  0.353193  0.0160387  0.396273  0.246567  0.224425  4
9000  76197  0.354915  0.0159369  0.393657  0.236921  0.238136  4
9100  77408  0.351664  0.0128678  0.394588  0.235317  0.226947  4
9200  76242  0.347552  0.0128409  0.392332  0.223274  0.220781  4
9300  77177  0.352731  0.014542  0.389348  0.210918  0.187494  4
9400  77990  0.356005  0.0113377  0.389082  0.200811  0.194143  4
9500  77267  0.354118  0.0101017  0.389975  0.210394  0.172549  4
9600  76330  0.352399  0.0078898  0.386833  0.216164  0.145136  4
9700  77251  0.356332  0.00739008  0.387124  0.219975  0.147645  4
9800  77386  0.358266  0.00740878  0.385866  0.222573  0.113644  4
9900  76984  0.357355  0.0054965  0.384706  0.226796  0.124698  4
