t meta_n emi  mean_info  tr1  tr2  tr3  strategy
0  105309  0.100368  0.49877  0.899989  0.00079868  -1.45634e-06  4
100  78678  0.180372  0.709218  0.660977  0.0912015  0.0015426  4
200  80055  0.260264  0.73397  0.561237  0.14918  -0.00502078  4
300  79847  0.270813  0.738949  0.563104  0.194346  -0.00650686  4
400  80442  0.278097  0.720831  0.561772  0.243265  0.0205361  4
500  78402  0.27401  0.706252  0.576621  0.27925  0.0430843  4
600  78801  0.269202  0.693955  0.577045  0.303856  0.061072  4
700  78934  0.268273  0.681068  0.579149  0.322633  0.0582801  4
800  79417  0.282229  0.686562  0.581073  0.337974  0.0550112  4
900  79951  0.279174  0.666271  0.584983  0.348489  0.0780733  4
1000  79337  0.268898  0.671106  0.588348  0.354443  0.0952116  4
1100  80093  0.275952  0.673332  0.592217  0.373304  0.0594209  4
1200  79807  0.265111  0.674672  0.586591  0.35042  0.0725729  4
1300  78622  0.267741  0.659311  0.591798  0.356778  0.063431  4
1400  79734  0.274167  0.667076  0.588002  0.350359  0.108989  4
1500  78348  0.266389  0.66699  0.58704  0.351917  0.087421  4
1600  80478  0.271575  0.663816  0.588981  0.358146  0.111695  4
1700  80055  0.273709  0.661288  0.593431  0.371515  0.0987123  4
1800  80133  0.267968  0.65744  0.596167  0.364679  0.0538773  4
1900  77751  0.26179  0.659889  0.593968  0.37695  0.0557654  4
2000  79368  0.27527  0.645957  0.58867  0.384932  0.0633222  4
2100  80107  0.270917  0.642822  0.59793  0.40096  0.0710401  4
2200  80558  0.271259  0.647628  0.604135  0.409356  0.0997604  4
2300  79241  0.272373  0.636274  0.599617  0.42476  0.0606543  4
2400  79225  0.267425  0.628911  0.601388  0.430007  0.0553093  4
2500  80487  0.280707  0.61747  0.598408  0.443132  0.0379007  4
2600  79178  0.269859  0.618882  0.602609  0.441079  0.00155477  4
2700  79380  0.274376  0.607043  0.608144  0.457968  0.0120762  4
2800  79766  0.277744  0.605312  0.604472  0.466261  -0.0250724  4
2900  79415  0.274121  0.594823  0.611884  0.507608  -0.0674455  4
3000  79623  0.268059  0.588698  0.621628  0.522837  -0.0634139  4
3100  79533  0.269545  0.576759  0.623688  0.510318  -0.0669231  4
3200  80358  0.273715  0.571258  0.626339  0.508759  -0.0790026  4
3300  79542  0.271784  0.562612  0.632823  0.528346  -0.0827992  4
3400  79545  0.269166  0.571724  0.628459  0.528431  -0.0579971  4
3500  79755  0.267158  0.573926  0.633771  0.530057  -0.0921371  4
3600  79417  0.267904  0.568652  0.633644  0.538755  -0.0911535  4
3700  80311  0.282036  0.577633  0.629574  0.519808  -0.0331421  4
3800  79749  0.263846  0.580345  0.637672  0.538756  -0.0333857  4
3900  79360  0.268868  0.574621  0.636593  0.539986  -0.0279142  4
4000  80228  0.264983  0.562503  0.639098  0.557838  -0.0387792  4
4100  79717  0.261415  0.546665  0.650026  0.582657  -0.0587673  4
4200  79999  0.278544  0.533638  0.646569  0.57865  -0.0347361  4
4300  80072  0.263259  0.555065  0.649977  0.577218  0.00916855  4
4400  79613  0.257214  0.54606  0.645219  0.566351  0.0230063  4
4500  79390  0.261517  0.539131  0.642664  0.573047  -0.0121714  4
4600  79358  0.269687  0.555079  0.645984  0.57973  -0.00564843  4
4700  79270  0.270252  0.551341  0.642846  0.581287  -0.0113883  4
4800  79772  0.260496  0.545458  0.64716  0.591053  -0.0151834  4
4900  79649  0.258347  0.545313  0.652718  0.600581  -0.043106  4
5000  78342  0.259047  0.544933  0.652619  0.589419  -0.0248858  4
5100  79083  0.264172  0.540016  0.660805  0.614899  -0.0629104  4
5200  80666  0.267946  0.540739  0.657106  0.612716  -0.0830844  4
5300  80189  0.260792  0.54065  0.657776  0.615415  -0.0818654  4
5400  80214  0.260167  0.536544  0.657673  0.607605  -0.102654  4
5500  79786  0.253447  0.527314  0.653561  0.595994  -0.142782  4
5600  80411  0.265342  0.539974  0.650283  0.589636  -0.123903  4
5700  79709  0.262792  0.534218  0.65491  0.607759  -0.105314  4
5800  79862  0.262124  0.539328  0.655374  0.607436  -0.109451  4
5900  78716  0.258075  0.535239  0.658486  0.610687  -0.096347  4
6000  80678  0.267065  0.522911  0.651984  0.605885  -0.0941017  4
6100  79963  0.266506  0.514253  0.660499  0.630284  -0.0964907  4
6200  79655  0.259395  0.506697  0.664091  0.626259  -0.107709  4
6300  79833  0.256824  0.507517  0.664036  0.630201  -0.13083  4
6400  80914  0.265663  0.510415  0.672418  0.642581  -0.124026  4
6500  80183  0.261555  0.506312  0.676102  0.660667  -0.114636  4
6600  79964  0.253943  0.509307  0.676896  0.667389  -0.11587  4
6700  80222  0.260676  0.517926  0.674959  0.660208  -0.106122  4
6800  80776  0.260214  0.510601  0.67612  0.670746  -0.120707  4
6900  79828  0.261564  0.507617  0.678621  0.685437  -0.112412  4
7000  79428  0.259442  0.498116  0.685093  0.711568  -0.157027  4
7100  80939  0.264827  0.484971  0.684096  0.713977  -0.156158  4
7200  80229  0.256106  0.489196  0.679818  0.701988  -0.167318  4
7300  78573  0.252133  0.494405  0.675433  0.69607  -0.143747  4
7400  80327  0.274295  0.494439  0.674739  0.705906  -0.158324  4
7500  79739  0.263455  0.499597  0.666766  0.685087  -0.160017  4
7600  80553  0.265842  0.491393  0.67166  0.697238  -0.189046  4
7700  79863  0.264925  0.480794  0.677047  0.71179  -0.170359  4
7800  81067  0.271273  0.489817  0.677092  0.710312  -0.152533  4
7900  79346  0.254174  0.484407  0.68252  0.717377  -0.150666  4
8000  79388  0.264262  0.478452  0.690838  0.743357  -0.11746  4
8100  80516  0.266035  0.479332  0.689935  0.735536  -0.136322  4
8200  79681  0.255573  0.480458  0.69446  0.738482  -0.138141  4
8300  79991  0.259334  0.48466  0.697981  0.743596  -0.133055  4
8400  80015  0.271016  0.480544  0.701278  0.75121  -0.138701  4
8500  79224  0.25579  0.477807  0.704339  0.75865  -0.150307  4
8600  78726  0.259666  0.48449  0.700431  0.753101  -0.156953  4
8700  80456  0.270499  0.479136  0.698727  0.749966  -0.183124  4
8800  80187  0.260483  0.481349  0.697698  0.751105  -0.190746  4
8900  79649  0.264084  0.488907  0.69316  0.733803  -0.180305  4
9000  80110  0.262211  0.482309  0.698043  0.751526  -0.159988  4
9100  80050  0.258575  0.479164  0.695916  0.751137  -0.154022  4
9200  80499  0.26647  0.474152  0.702496  0.760606  -0.168941  4
9300  79259  0.261211  0.474152  0.702516  0.75448  -0.164203  4
9400  79203  0.25621  0.467764  0.706933  0.772266  -0.154678  4
9500  80051  0.260505  0.454664  0.714285  0.796284  -0.173768  4
9600  79512  0.255135  0.456588  0.716986  0.799857  -0.167236  4
9700  79039  0.26044  0.454434  0.719  0.801069  -0.16575  4
9800  79745  0.257727  0.448865  0.724549  0.816571  -0.187664  4
9900  79860  0.254957  0.450685  0.719995  0.81535  -0.197374  4
