t meta_n emi  mean_info  tr1  tr2  tr3  strategy
0  104683  0.100704  0.49857  0.899932  0.000741803  0.00010949  4
100  78585  0.187767  0.683716  0.654495  0.0865976  -0.00325255  4
200  79995  0.264381  0.732809  0.561709  0.143367  0.00209964  4
300  79164  0.281505  0.727789  0.549334  0.192524  0.00300557  4
400  79371  0.288631  0.730454  0.554286  0.22176  0.0317504  4
500  79952  0.285223  0.727329  0.560366  0.250572  0.0508057  4
600  78980  0.274074  0.725189  0.566803  0.269738  0.0575436  4
700  79899  0.281996  0.714222  0.571829  0.276428  0.0562321  4
800  79376  0.265657  0.723932  0.575203  0.268178  0.0207116  4
900  79112  0.276461  0.712824  0.57712  0.293831  0.0263143  4
1000  79433  0.274355  0.715562  0.581302  0.312227  0.00601082  4
1100  80486  0.268869  0.703443  0.585145  0.332216  -0.0058305  4
1200  79697  0.274026  0.701634  0.586336  0.339426  -0.00740121  4
1300  80308  0.274149  0.689911  0.585808  0.342745  0.0433696  4
1400  79823  0.270877  0.691569  0.594508  0.364082  0.0302601  4
1500  79528  0.271634  0.686212  0.59226  0.370939  0.0092384  4
1600  80013  0.276218  0.683376  0.593253  0.376683  -0.0234427  4
1700  80268  0.265271  0.677641  0.597481  0.38914  -0.00132035  4
1800  79080  0.273219  0.692132  0.600109  0.408267  -0.042705  4
1900  81098  0.278087  0.698224  0.602925  0.391415  -0.0609296  4
2000  79790  0.268967  0.69329  0.603206  0.398924  -0.0751312  4
2100  80183  0.271869  0.691501  0.605195  0.405626  -0.0581076  4
2200  79712  0.27252  0.684757  0.604925  0.407715  -0.103295  4
2300  79941  0.270933  0.66826  0.603414  0.406592  -0.124682  4
2400  80015  0.270256  0.674672  0.60755  0.412429  -0.0945565  4
2500  79784  0.27462  0.65812  0.607735  0.424553  -0.109274  4
2600  79592  0.271891  0.658033  0.602923  0.411089  -0.0912031  4
2700  80006  0.268793  0.663166  0.605572  0.406182  -0.119238  4
2800  80050  0.27375  0.665143  0.604665  0.429671  -0.107478  4
2900  79317  0.266153  0.666326  0.605552  0.423721  -0.0554483  4
3000  79581  0.260634  0.657621  0.610729  0.437145  -0.0348568  4
3100  79620  0.260767  0.642359  0.6102  0.447321  0.0367915  4
3200  79330  0.253097  0.634917  0.610219  0.450802  0.160039  4
3300  80009  0.259818  0.630116  0.613871  0.460779  0.264049  4
3400  79800  0.260244  0.626181  0.614373  0.450691  0.201681  4
3500  78431  0.254958  0.625725  0.614928  0.465104  0.157239  4
3600  80844  0.272059  0.636744  0.620186  0.482766  0.146226  4
3700  79956  0.272917  0.624003  0.621642  0.487104  0.146625  4
3800  79415  0.259498  0.636103  0.621805  0.475079  0.064338  4
3900  79814  0.258995  0.630918  0.61868  0.473041  0.0715068  4
4000  79671  0.259024  0.623053  0.620437  0.481847  0.0873027  4
4100  80476  0.256994  0.616716  0.621205  0.476386  0.106554  4
4200  79694  0.251322  0.62027  0.625002  0.498221  0.0734986  4
4300  80813  0.265789  0.616843  0.622469  0.492174  0.0140839  4
4400  80490  0.2637  0.62194  0.625452  0.504572  -0.0482147  4
4500  80418  0.258939  0.62921  0.628135  0.517448  -0.0242597  4
4600  79973  0.253262  0.632316  0.630426  0.517143  -0.0276411  4
4700  80306  0.258328  0.631697  0.630664  0.523496  -0.0567594  4
4800  80209  0.257079  0.62823  0.632975  0.530297  -0.116197  4
4900  78813  0.249052  0.617326  0.637743  0.542291  -0.108812  4
5000  79250  0.257716  0.613554  0.63543  0.541659  -0.0937623  4
5100  79994  0.261642  0.608912  0.633756  0.531293  -0.126011  4
5200  78561  0.245919  0.607952  0.63125  0.527969  -0.0776752  4
5300  79510  0.261213  0.611852  0.633918  0.541861  -0.052887  4
5400  80603  0.258789  0.614544  0.632102  0.537765  -0.0833198  4
5500  80166  0.25509  0.609061  0.632998  0.548231  -0.0522096  4
5600  80825  0.250625  0.602959  0.635974  0.566322  -0.058481  4
5700  80548  0.250167  0.602894  0.633292  0.559432  -0.0498701  4
5800  78461  0.264602  0.60207  0.628063  0.552215  -0.0403159  4
5900  80607  0.261906  0.595744  0.629094  0.557119  -0.00933418  4
6000  79463  0.251805  0.594302  0.628062  0.558672  0.00471899  4
6100  80685  0.255544  0.60084  0.626414  0.542511  0.0594459  4
6200  79919  0.252741  0.592297  0.626852  0.544905  0.117219  4
6300  79056  0.257591  0.584891  0.628136  0.558082  0.137929  4
6400  79027  0.250981  0.587595  0.630563  0.570552  0.0957849  4
6500  80647  0.252588  0.57298  0.636183  0.586724  0.0695474  4
6600  79983  0.252207  0.576955  0.637145  0.591705  0.108121  4
6700  80616  0.251145  0.57232  0.638705  0.602099  0.143485  4
6800  78260  0.253247  0.567333  0.638402  0.612407  0.135807  4
6900  78834  0.248325  0.568028  0.639126  0.607926  0.185399  4
7000  79705  0.25843  0.560886  0.6445  0.624253  0.215785  4
7100  79712  0.258871  0.554855  0.643271  0.624641  0.16995  4
7200  80509  0.255804  0.551143  0.646678  0.640721  0.259757  4
7300  80399  0.257024  0.557175  0.644468  0.63354  0.219075  4
7400  80224  0.260146  0.553524  0.648487  0.640589  0.291266  4
7500  79966  0.250553  0.560268  0.646636  0.638827  0.292028  4
7600  80610  0.265139  0.560502  0.645431  0.637044  0.355269  4
7700  79325  0.252376  0.562724  0.640177  0.621524  0.399968  4
7800  80538  0.258848  0.562606  0.640348  0.6272  0.491007  4
7900  80763  0.260013  0.561042  0.642919  0.627312  0.445444  4
8000  79402  0.250329  0.563844  0.640253  0.618895  0.515092  4
8100  80224  0.250827  0.567838  0.641996  0.618732  0.601619  4
8200  80998  0.257655  0.565077  0.643054  0.623704  0.526949  4
8300  80405  0.25259  0.55941  0.644455  0.629319  0.449781  4
8400  79792  0.247622  0.558666  0.643326  0.628431  0.457642  4
8500  79670  0.250898  0.559276  0.640999  0.615922  0.519398  4
8600  80094  0.248047  0.563928  0.641501  0.613009  0.57786  4
8700  80617  0.257277  0.573688  0.639074  0.604327  0.551076  4
8800  79404  0.253905  0.572539  0.6385  0.603026  0.41573  4
8900  79909  0.249006  0.566113  0.640053  0.615154  0.456829  4
9000  79721  0.248973  0.569256  0.64144  0.614599  0.435149  4
9100  79900  0.247687  0.571198  0.64048  0.611438  0.469896  4
9200  80963  0.249345  0.572346  0.639911  0.612297  0.46436  4
9300  79575  0.242837  0.569287  0.641148  0.615569  0.492339  4
9400  80611  0.246741  0.56598  0.643814  0.617485  0.510757  4
9500  79484  0.24341  0.561375  0.644735  0.616769  0.505125  4
9600  79736  0.246344  0.564249  0.644914  0.621835  0.512227  4
9700  80049  0.253243  0.567811  0.639614  0.618295  0.479566  4
9800  80000  0.243565  0.572202  0.640977  0.613482  0.430432  4
9900  79403  0.249431  0.574977  0.643014  0.618518  0.308276  4
