t meta_n emi  mean_info  tr1  tr2  tr3  strategy
0  103740  0.100392  0.494487  0.90002  0.000776074  -9.68013e-05  4
100  74765  0.181996  0.373293  0.610011  0.0783274  -0.00202458  4
200  77402  0.301422  0.222436  0.461614  0.145512  -0.0134829  4
300  76455  0.315614  0.148206  0.440253  0.193397  -0.0144614  4
400  76061  0.335779  0.127349  0.431531  0.222972  -0.000330892  4
500  75811  0.344932  0.112996  0.426863  0.23968  0.00703206  4
600  76110  0.347967  0.102944  0.425401  0.256371  -0.0077884  4
700  76588  0.361953  0.0996226  0.422502  0.268648  -0.00401997  4
800  76288  0.347048  0.097857  0.435633  0.307066  0.0137238  4
900  75700  0.357191  0.0990311  0.434587  0.33016  0.0133601  4
1000  76625  0.366104  0.0947675  0.439812  0.338453  0.0182077  4
1100  76320  0.356572  0.0844286  0.441678  0.337338  0.0296883  4
1200  77301  0.366163  0.0846282  0.436428  0.335169  0.033147  4
1300  76443  0.361776  0.089046  0.438976  0.342956  0.0366275  4
1400  76371  0.366443  0.0897096  0.446655  0.374627  0.0341649  4
1500  77589  0.362132  0.0874849  0.454307  0.383374  0.0152855  4
1600  75954  0.351227  0.0938729  0.457782  0.381555  0.0190821  4
1700  77356  0.354634  0.0880398  0.454978  0.366999  0.0222033  4
1800  76348  0.346516  0.0861472  0.457082  0.392478  0.0360064  4
1900  76560  0.347216  0.0843958  0.459885  0.391887  0.061587  4
2000  75857  0.364842  0.0925916  0.462931  0.433045  0.0698428  4
2100  76189  0.354619  0.0967756  0.471947  0.46072  0.0747524  4
2200  76415  0.35785  0.082599  0.471364  0.454773  0.115238  4
2300  76242  0.350116  0.0844138  0.480736  0.469188  0.118424  4
2400  77006  0.344027  0.0912187  0.485126  0.465405  0.115128  4
2500  76951  0.346147  0.102011  0.489376  0.469548  0.0708129  4
2600  76886  0.346864  0.0925357  0.489644  0.458993  0.0645255  4
2700  76936  0.351942  0.0923357  0.490277  0.470459  0.0586252  4
2800  76958  0.351693  0.0834498  0.482451  0.45862  0.149483  4
2900  78084  0.351953  0.0922024  0.482825  0.45868  0.214258  4
3000  77033  0.34647  0.0889656  0.488261  0.462362  0.143358  4
3100  77305  0.337049  0.0877114  0.489713  0.455866  0.186676  4
3200  76452  0.335264  0.0854358  0.493863  0.478377  0.193281  4
3300  76841  0.33598  0.084109  0.503167  0.50155  0.19819  4
3400  77607  0.345344  0.0913526  0.498912  0.515955  0.196907  4
3500  75589  0.34982  0.087341  0.49352  0.517783  0.229476  4
3600  76666  0.348702  0.0812075  0.498633  0.526929  0.21409  4
3700  77779  0.353219  0.07758  0.494628  0.513549  0.214852  4
3800  76803  0.347628  0.0764018  0.502724  0.536936  0.215645  4
3900  76217  0.339906  0.0833973  0.51471  0.563849  0.214194  4
4000  77369  0.350214  0.0887326  0.511761  0.563467  0.139922  4
4100  77113  0.330823  0.0853148  0.517352  0.572479  0.126141  4
4200  77063  0.34403  0.0900337  0.520094  0.573641  0.096558  4
4300  77099  0.334197  0.0892707  0.521771  0.563942  0.0790851  4
4400  76969  0.337273  0.0910834  0.521218  0.559483  0.0570396  4
4500  78039  0.341855  0.0911254  0.531311  0.573872  0.098053  4
4600  76701  0.338224  0.0872229  0.531876  0.575493  0.122275  4
4700  77125  0.335497  0.0979222  0.537116  0.588141  0.0682825  4
4800  77974  0.3341  0.0971802  0.539046  0.590425  0.0548868  4
4900  78938  0.337146  0.0934916  0.538096  0.585621  0.0648206  4
5000  77130  0.334374  0.0903903  0.53427  0.579333  0.0809283  4
5100  77843  0.33712  0.0939058  0.54156  0.598675  0.0700797  4
5200  77317  0.330015  0.0883387  0.535496  0.570812  0.137415  4
5300  77796  0.345362  0.0988311  0.541328  0.593744  0.0815092  4
5400  76871  0.331091  0.0921553  0.537759  0.582044  0.116212  4
5500  76347  0.325831  0.0844828  0.533914  0.563407  0.117986  4
5600  78041  0.338507  0.0849168  0.525182  0.531265  0.133753  4
5700  77227  0.331707  0.0936068  0.525026  0.533894  0.105259  4
5800  75984  0.327345  0.0888083  0.526898  0.538895  0.0952881  4
5900  78156  0.326442  0.0883238  0.529446  0.540865  0.105506  4
6000  76605  0.32508  0.0842454  0.52086  0.503729  0.0926399  4
6100  77135  0.321901  0.0881092  0.528477  0.523892  0.104575  4
6200  76807  0.327518  0.0977295  0.529911  0.529337  0.0439818  4
6300  76379  0.326242  0.0996988  0.527599  0.516018  -0.00911192  4
6400  75866  0.320446  0.102823  0.528009  0.512134  0.0122725  4
6500  78188  0.334088  0.102004  0.527337  0.518059  0.0303014  4
6600  78000  0.334267  0.104322  0.530082  0.517457  0.0176985  4
6700  77223  0.326775  0.101617  0.531724  0.517596  -0.0204989  4
6800  76780  0.332607  0.0982392  0.531439  0.523445  -0.0296035  4
6900  76557  0.329058  0.0869259  0.522216  0.494873  -0.00821284  4
7000  76446  0.326544  0.0842479  0.522632  0.498745  -0.0508888  4
7100  77331  0.336706  0.0930445  0.537321  0.546148  -0.0816413  4
7200  77816  0.333123  0.0976622  0.534421  0.534898  -0.121977  4
7300  77930  0.339757  0.0874703  0.524744  0.521546  -0.114429  4
7400  77096  0.340909  0.0909349  0.524409  0.508241  -0.121667  4
7500  78723  0.335209  0.101944  0.541498  0.549924  -0.16288  4
7600  77753  0.335082  0.0991951  0.53676  0.537393  -0.146087  4
7700  76940  0.327934  0.102578  0.551025  0.574334  -0.161782  4
7800  77930  0.33546  0.0945257  0.546656  0.570073  -0.117851  4
7900  77987  0.338914  0.088213  0.543256  0.557383  -0.0941118  4
8000  77945  0.336611  0.0838307  0.538855  0.542531  -0.0704047  4
8100  76827  0.32621  0.086306  0.53649  0.533457  -0.0617887  4
8200  77476  0.334871  0.0776686  0.53312  0.52774  -0.0166234  4
8300  77680  0.331257  0.0906106  0.550086  0.578327  0.0553409  4
8400  77175  0.330497  0.092341  0.552696  0.593804  0.044358  4
8500  77864  0.328085  0.0895776  0.555831  0.603596  0.0740063  4
8600  77233  0.3377  0.0984855  0.558543  0.615121  0.132987  4
8700  77672  0.346361  0.0976599  0.555638  0.612254  0.154872  4
8800  77291  0.337018  0.0936166  0.549325  0.601031  0.171569  4
8900  76377  0.328446  0.0891584  0.545237  0.591106  0.203508  4
9000  76950  0.336189  0.0849409  0.541482  0.584406  0.157164  4
9100  77258  0.335974  0.0867087  0.542084  0.588397  0.155945  4
9200  76092  0.328318  0.0900373  0.549994  0.596535  0.121719  4
9300  77119  0.331316  0.0848277  0.54076  0.572097  0.084759  4
9400  77983  0.335175  0.0789654  0.542552  0.586325  0.129638  4
9500  77960  0.338751  0.0850756  0.545715  0.59037  0.133761  4
9600  76844  0.326704  0.0874704  0.541098  0.570427  0.0952844  4
9700  77098  0.332646  0.0816348  0.545751  0.584369  0.130669  4
9800  78280  0.339046  0.091075  0.552493  0.605571  0.142752  4
9900  77677  0.333936  0.0884241  0.547932  0.590811  0.133643  4
