t meta_n emi  mean_info  tr1  tr2  tr3  strategy
0  103928  0.099792  0.497652  0.899958  0.000824701  0.000104623  4
100  77870  0.196722  0.567335  0.623481  0.0839486  -0.00266764  4
200  76772  0.27098  0.504519  0.515577  0.146336  -0.00850336  4
300  78476  0.296674  0.438274  0.49955  0.191187  -0.0317161  4
400  79061  0.305857  0.399957  0.4982  0.233217  -0.0601937  4
500  78412  0.312269  0.361388  0.494475  0.27022  -0.0714943  4
600  77404  0.314182  0.333004  0.505324  0.33587  -0.091643  4
700  77359  0.320957  0.314914  0.515383  0.367611  -0.107356  4
800  77964  0.318591  0.320057  0.524121  0.403561  -0.130246  4
900  76486  0.30865  0.335382  0.548661  0.459055  -0.150612  4
1000  77178  0.299479  0.333033  0.562022  0.484263  -0.175547  4
1100  77303  0.316654  0.326043  0.570781  0.533896  -0.205439  4
1200  78152  0.306764  0.31319  0.588764  0.576249  -0.246621  4
1300  78061  0.304217  0.31922  0.594666  0.590454  -0.246671  4
1400  77821  0.310868  0.310116  0.600037  0.611406  -0.239307  4
1500  77640  0.299101  0.307092  0.610661  0.645985  -0.242521  4
1600  78655  0.308758  0.315189  0.617402  0.667527  -0.250243  4
1700  78291  0.304572  0.308543  0.627375  0.697116  -0.239985  4
1800  79226  0.30868  0.315697  0.640504  0.71778  -0.237979  4
1900  78966  0.304475  0.307884  0.635051  0.712974  -0.163056  4
2000  78093  0.305378  0.306198  0.637713  0.720623  -0.145116  4
2100  77634  0.297284  0.306704  0.65219  0.747241  -0.142488  4
2200  77746  0.293719  0.308598  0.653665  0.752267  -0.102847  4
2300  77981  0.294469  0.308944  0.656269  0.754754  -0.0547194  4
2400  78144  0.302384  0.311347  0.658199  0.761861  -0.0615403  4
2500  78282  0.305591  0.304523  0.646612  0.743624  -0.0664549  4
2600  78765  0.293543  0.303883  0.661572  0.75979  -0.0849008  4
2700  78309  0.284853  0.29931  0.669272  0.776603  -0.0678631  4
2800  79318  0.285614  0.304542  0.674006  0.783374  -0.11671  4
2900  77390  0.28881  0.302997  0.669539  0.768497  -0.167158  4
3000  79222  0.277902  0.291228  0.673667  0.767728  -0.164484  4
3100  79129  0.295303  0.304514  0.671079  0.772998  -0.106794  4
3200  78289  0.290133  0.312607  0.671595  0.793664  -0.103968  4
3300  78778  0.299862  0.293003  0.67118  0.797563  -0.09517  4
3400  78715  0.294158  0.300907  0.68474  0.814532  -0.0993438  4
3500  78855  0.288117  0.300883  0.696477  0.827808  -0.182191  4
3600  78883  0.288741  0.305036  0.701178  0.844535  -0.230382  4
3700  78320  0.297753  0.314817  0.712555  0.866892  -0.276715  4
3800  79113  0.279941  0.305471  0.718763  0.874927  -0.266485  4
3900  77440  0.274105  0.302309  0.71849  0.873647  -0.251175  4
4000  78599  0.277104  0.306203  0.728884  0.887201  -0.27942  4
4100  78939  0.294154  0.306955  0.72466  0.889615  -0.31499  4
4200  78577  0.281933  0.310561  0.729015  0.898651  -0.354337  4
4300  77264  0.275472  0.302413  0.730028  0.894053  -0.376874  4
4400  78784  0.284705  0.300782  0.729592  0.900039  -0.347595  4
4500  77586  0.276691  0.309088  0.734062  0.91216  -0.379129  4
4600  79333  0.291752  0.299452  0.738382  0.922306  -0.347994  4
4700  77971  0.290306  0.295095  0.736756  0.91496  -0.31296  4
4800  78667  0.286189  0.28569  0.73722  0.92289  -0.263748  4
4900  78345  0.289993  0.288474  0.741518  0.936353  -0.273024  4
5000  78530  0.291561  0.285205  0.733325  0.920286  -0.312  4
5100  79032  0.300423  0.281737  0.735865  0.926095  -0.241257  4
5200  78740  0.285568  0.282943  0.732141  0.913711  -0.24404  4
5300  77906  0.288071  0.284551  0.738969  0.927039  -0.217272  4
5400  79015  0.289594  0.284236  0.738407  0.9327  -0.230863  4
5500  78890  0.292741  0.286135  0.734758  0.926403  -0.292953  4
5600  79047  0.288057  0.288965  0.731339  0.916634  -0.25202  4
5700  79624  0.297752  0.291037  0.727436  0.906378  -0.242942  4
5800  77984  0.288832  0.284313  0.725457  0.900795  -0.248623  4
5900  79223  0.298549  0.283778  0.72423  0.899865  -0.264642  4
6000  78355  0.291558  0.284802  0.72885  0.906222  -0.309407  4
6100  78365  0.291686  0.291934  0.731037  0.91385  -0.313541  4
6200  77758  0.276372  0.28862  0.734899  0.922909  -0.262967  4
6300  78301  0.290828  0.290013  0.736566  0.934451  -0.232137  4
6400  77605  0.290925  0.282034  0.73805  0.931067  -0.307453  4
6500  78418  0.300259  0.285004  0.736587  0.933377  -0.314067  4
6600  78718  0.300418  0.286266  0.73513  0.926442  -0.307594  4
6700  77810  0.28621  0.288119  0.739722  0.936694  -0.334868  4
6800  79189  0.297423  0.287229  0.741096  0.939906  -0.369406  4
6900  78882  0.298536  0.285944  0.740818  0.94507  -0.370347  4
7000  79062  0.291907  0.283652  0.743159  0.945727  -0.386592  4
7100  78817  0.290187  0.278785  0.748518  0.954656  -0.32898  4
7200  78527  0.295072  0.285852  0.746095  0.94746  -0.33061  4
7300  77644  0.283432  0.284423  0.746957  0.954807  -0.326042  4
7400  78080  0.286614  0.285598  0.742568  0.949444  -0.374313  4
7500  78657  0.29389  0.283343  0.748348  0.958681  -0.39482  4
7600  78504  0.301103  0.284011  0.750026  0.963205  -0.393287  4
7700  78862  0.288114  0.285225  0.74872  0.960418  -0.39023  4
7800  79136  0.303478  0.288391  0.752277  0.967975  -0.420889  4
7900  77884  0.283945  0.277954  0.753065  0.966488  -0.403867  4
8000  78555  0.296757  0.281314  0.75516  0.966963  -0.422401  4
8100  79289  0.284518  0.285162  0.760871  0.976374  -0.492063  4
8200  78359  0.28347  0.278272  0.762072  0.975316  -0.400202  4
8300  78765  0.28174  0.278092  0.76188  0.975875  -0.402683  4
8400  78256  0.288758  0.282938  0.763579  0.979926  -0.438695  4
8500  78923  0.289019  0.282746  0.763304  0.982053  -0.455737  4
8600  78579  0.284808  0.282901  0.764235  0.984101  -0.492946  4
8700  78689  0.293045  0.279395  0.764567  0.98451  -0.558196  4
8800  78220  0.282345  0.272407  0.767107  0.989298  -0.481035  4
8900  78064  0.289767  0.275407  0.766975  0.990529  -0.549685  4
9000  78985  0.299562  0.280222  0.766051  0.98992  -0.60377  4
9100  78151  0.292509  0.286046  0.765611  0.988999  -0.618258  4
9200  78041  0.283015  0.287526  0.767895  0.991268  -0.654022  4
9300  79090  0.289873  0.282893  0.76944  0.993846  -0.677796  4
9400  78802  0.301151  0.282023  0.768925  0.993235  -0.621121  4
9500  78990  0.303577  0.28134  0.767992  0.992769  -0.640814  4
9600  78709  0.301079  0.277968  0.769697  0.993988  -0.675244  4
9700  78274  0.287775  0.279568  0.769697  0.994445  -0.667784  4
9800  78833  0.290131  0.279071  0.768551  0.993923  -0.703133  4
9900  79268  0.299771  0.276324  0.76814  0.993624  -0.667663  4
