t meta_n emi  mean_info  tr1  tr2  tr3  strategy
0  102483  0.1  0.493661  0.899965  0.000818131  -2.76216e-05  4
100  77489  0.187484  0.547754  0.632547  0.0919849  0.00424887  4
200  77126  0.271947  0.491261  0.516329  0.142243  -0.00273457  4
300  77432  0.296214  0.406465  0.494192  0.191017  -0.0141145  4
400  77107  0.299963  0.364107  0.495565  0.235431  -0.0206811  4
500  77399  0.306346  0.337073  0.496851  0.278053  -0.00155243  4
600  77574  0.306593  0.330432  0.506446  0.319835  -0.0292534  4
700  76667  0.305478  0.306204  0.509114  0.343811  -0.0632564  4
800  77023  0.3106  0.293607  0.516965  0.379912  -0.123625  4
900  77700  0.303454  0.307787  0.533362  0.426449  -0.0975777  4
1000  77595  0.320937  0.30395  0.545439  0.47057  -0.0814019  4
1100  77502  0.31393  0.304458  0.557311  0.519373  -0.0929165  4
1200  78378  0.30908  0.302231  0.57057  0.533459  -0.0753005  4
1300  77829  0.315341  0.287983  0.569855  0.547556  -0.0746893  4
1400  78198  0.309875  0.286176  0.587953  0.581154  -0.152127  4
1500  78682  0.306172  0.286297  0.600697  0.614093  -0.108191  4
1600  77465  0.307256  0.2892  0.602312  0.622957  -0.0745309  4
1700  78139  0.313017  0.293206  0.609481  0.640554  -0.0750645  4
1800  77431  0.299732  0.297019  0.617149  0.659577  -0.0665627  4
1900  76907  0.300853  0.287678  0.613031  0.657004  -0.0576278  4
2000  77420  0.304082  0.299929  0.630881  0.691327  -0.0572993  4
2100  78586  0.295278  0.310182  0.6333  0.683309  -0.0532256  4
2200  78834  0.30709  0.307581  0.640806  0.69736  -0.0994882  4
2300  78472  0.296627  0.310272  0.648111  0.707229  -0.109521  4
2400  79275  0.292379  0.304602  0.658438  0.741054  -0.123249  4
2500  79336  0.303503  0.297173  0.663453  0.772837  -0.0885085  4
2600  78578  0.296743  0.290025  0.668487  0.783031  -0.0647924  4
2700  78026  0.289458  0.299988  0.677157  0.796386  -0.120651  4
2800  78403  0.283321  0.302499  0.687569  0.821514  -0.0955086  4
2900  77958  0.289382  0.299227  0.698384  0.839352  -0.0586129  4
3000  77760  0.280732  0.294732  0.706324  0.856121  -0.0036933  4
3100  77913  0.278964  0.303287  0.705745  0.856456  0.00498575  4
3200  78366  0.29352  0.298362  0.70693  0.864795  7.65597e-05  4
3300  78408  0.294223  0.300518  0.716739  0.883908  0.00898145  4
3400  78704  0.29176  0.296552  0.718954  0.886847  0.0297105  4
3500  78572  0.288836  0.297382  0.724579  0.889204  0.0771941  4
3600  78191  0.27418  0.29973  0.726465  0.896744  0.080742  4
3700  78376  0.284116  0.296498  0.722531  0.89216  0.0849986  4
3800  77945  0.291482  0.299813  0.72563  0.903107  0.12406  4
3900  78136  0.276182  0.289898  0.724568  0.901656  0.131747  4
4000  78950  0.283493  0.287493  0.728229  0.90142  0.170903  4
4100  77827  0.277585  0.290857  0.739244  0.913387  0.163888  4
4200  78072  0.275776  0.291385  0.734513  0.901331  0.157138  4
4300  77885  0.276007  0.28036  0.739542  0.919624  0.149103  4
4400  79519  0.284517  0.287793  0.742226  0.926244  0.123275  4
4500  78250  0.286885  0.287733  0.739789  0.918505  0.110986  4
4600  78389  0.28816  0.282064  0.740121  0.917205  0.0852409  4
4700  79022  0.289339  0.286236  0.74658  0.930806  0.0926129  4
4800  77401  0.280827  0.281092  0.74133  0.926013  0.0867889  4
4900  77859  0.280024  0.280985  0.748458  0.936238  0.12978  4
5000  77831  0.28652  0.285181  0.753039  0.948635  0.111003  4
5100  77765  0.282674  0.28019  0.759383  0.956812  0.155681  4
5200  78870  0.290374  0.283852  0.75907  0.958523  0.160759  4
5300  78824  0.279234  0.279908  0.760432  0.959123  0.150873  4
5400  79036  0.283594  0.280063  0.759756  0.959561  0.184452  4
5500  78593  0.284421  0.281747  0.763483  0.966018  0.190617  4
5600  78208  0.278895  0.282196  0.76489  0.964845  0.122908  4
5700  77978  0.277779  0.281614  0.767858  0.969136  0.121914  4
5800  79101  0.279566  0.282966  0.770225  0.97422  0.146345  4
5900  78144  0.269136  0.278616  0.771518  0.975548  0.144946  4
6000  78660  0.280014  0.277402  0.770382  0.977067  0.129215  4
6100  78046  0.278709  0.276844  0.773268  0.983566  0.157134  4
6200  78647  0.279256  0.280915  0.773867  0.983019  0.172674  4
6300  78978  0.275444  0.287016  0.771951  0.9793  0.1989  4
6400  78497  0.280946  0.293153  0.772898  0.983909  0.189757  4
6500  79090  0.277049  0.291143  0.7702  0.982075  0.179346  4
6600  79009  0.276057  0.287033  0.769866  0.981146  0.158295  4
6700  78401  0.286737  0.277757  0.770648  0.980374  0.146032  4
6800  78641  0.274526  0.276846  0.770613  0.982899  0.143207  4
6900  78442  0.28558  0.289067  0.772925  0.984725  0.132144  4
7000  78305  0.277704  0.290367  0.774651  0.985771  0.0901601  4
7100  80051  0.286814  0.288252  0.774752  0.987347  0.0565042  4
7200  79670  0.286949  0.285852  0.774631  0.986512  0.0921304  4
7300  78265  0.279423  0.294695  0.775686  0.987559  0.0439965  4
7400  79015  0.281122  0.279477  0.777307  0.989667  0.0754747  4
7500  78413  0.285734  0.289439  0.776098  0.99014  -0.0259706  4
7600  78337  0.284559  0.283787  0.777345  0.992519  -0.0765767  4
7700  79925  0.287835  0.290089  0.780718  0.993058  -0.0250128  4
7800  77938  0.277631  0.281487  0.779835  0.993117  -0.0281582  4
7900  78682  0.279262  0.272866  0.77933  0.993124  -0.0508131  4
8000  78605  0.266407  0.27503  0.780595  0.993438  -0.0778615  4
8100  78165  0.29018  0.282258  0.778828  0.994627  -0.116381  4
8200  78522  0.274929  0.285514  0.780679  0.995131  -0.108733  4
8300  79697  0.296605  0.288784  0.778409  0.994224  -0.0843938  4
8400  79437  0.298885  0.286907  0.777582  0.994516  -0.0775627  4
8500  78976  0.27931  0.284402  0.778153  0.994292  -0.0781589  4
8600  79135  0.283378  0.285533  0.778345  0.995222  -0.058996  4
8700  79346  0.281222  0.281879  0.777325  0.994428  -0.0850091  4
8800  78277  0.282518  0.279579  0.777042  0.996456  -0.0866456  4
8900  79008  0.286482  0.275438  0.777976  0.99744  -0.0946787  4
9000  78021  0.2846  0.273663  0.776843  0.998128  -0.0644715  4
9100  76871  0.283961  0.265956  0.777712  0.997586  -0.0532749  4
9200  77862  0.2763  0.273802  0.777583  0.997902  -0.0934895  4
9300  78929  0.289239  0.267602  0.777026  0.997538  -0.0899287  4
9400  78149  0.283221  0.270607  0.776826  0.997997  -0.0697439  4
9500  79763  0.290334  0.272851  0.778288  0.997485  -0.0731699  4
9600  78623  0.278948  0.273177  0.778502  0.99714  -0.0725217  4
9700  78730  0.286955  0.275062  0.778905  0.997319  -0.062895  4
9800  78348  0.284143  0.274967  0.778267  0.998112  -0.071701  4
9900  79528  0.284407  0.277176  0.77892  0.997897  -0.0397259  4
