t meta_n emi  mean_info  tr1  tr2  tr3  strategy
0  103514  0.098832  0.498323  0.900012  0.000832286  -1.31261e-05  4
100  76987  0.17209  0.559942  0.647967  0.0814511  0.00318738  4
200  77072  0.273662  0.481503  0.514107  0.137988  0.0143232  4
300  77409  0.28715  0.408639  0.500961  0.191663  0.0360226  4
400  76777  0.301852  0.355599  0.498151  0.25791  0.0715641  4
500  77527  0.312876  0.318871  0.495845  0.285302  0.0686622  4
600  77277  0.310331  0.301826  0.501385  0.311677  0.0688446  4
700  77485  0.311949  0.295742  0.51041  0.34871  0.0834407  4
800  76685  0.308212  0.281937  0.505866  0.354983  0.0779135  4
900  76600  0.317697  0.290571  0.514523  0.389531  0.0909936  4
1000  77675  0.318327  0.289826  0.529212  0.43486  0.0935939  4
1100  77150  0.320082  0.278588  0.537927  0.454042  0.107418  4
1200  76964  0.311734  0.283495  0.552155  0.506073  0.08418  4
1300  77861  0.323757  0.282992  0.564859  0.554762  0.0704644  4
1400  77784  0.313165  0.287893  0.569259  0.569069  0.116184  4
1500  77092  0.318364  0.279376  0.577357  0.594979  0.120252  4
1600  77704  0.319279  0.272414  0.58978  0.622858  0.0991351  4
1700  77869  0.314556  0.276992  0.592448  0.623257  0.0686851  4
1800  77447  0.303291  0.271305  0.607063  0.656983  0.0366987  4
1900  76944  0.307751  0.282833  0.60979  0.662349  -0.000917373  4
2000  79044  0.318136  0.272819  0.61652  0.677462  -0.0199334  4
2100  78785  0.304651  0.272019  0.622378  0.691393  -0.0335806  4
2200  77891  0.309112  0.274764  0.635767  0.715339  -0.051618  4
2300  78132  0.312939  0.28046  0.645669  0.736661  -0.0285383  4
2400  78344  0.312548  0.281108  0.647079  0.75014  -0.00734899  4
2500  78241  0.295346  0.284009  0.656182  0.760104  -0.0494236  4
2600  78772  0.30344  0.280066  0.656808  0.763185  -0.0489579  4
2700  78554  0.299441  0.277595  0.658724  0.760179  -0.0780612  4
2800  78904  0.297525  0.28062  0.649752  0.749672  -0.0912241  4
2900  78958  0.305367  0.277893  0.654191  0.749595  -0.105382  4
3000  77041  0.288608  0.269451  0.663862  0.767209  -0.113153  4
3100  78634  0.297691  0.272592  0.664407  0.776338  -0.0825783  4
3200  77131  0.282369  0.2737  0.673624  0.801441  -0.103701  4
3300  77369  0.296529  0.280158  0.68439  0.835026  -0.072391  4
3400  78019  0.31011  0.283695  0.691694  0.854588  -0.0892423  4
3500  77121  0.295144  0.277605  0.699283  0.873818  -0.0848704  4
3600  79189  0.306873  0.267643  0.701116  0.880809  -0.0953386  4
3700  77959  0.295209  0.262873  0.699439  0.871708  -0.137938  4
3800  78429  0.293028  0.269628  0.706301  0.886409  -0.193439  4
3900  78375  0.294822  0.26694  0.712518  0.896903  -0.188548  4
4000  77958  0.298342  0.267567  0.717139  0.908511  -0.201881  4
4100  79017  0.304551  0.266422  0.714755  0.909094  -0.185907  4
4200  77959  0.2985  0.261383  0.720689  0.915354  -0.220302  4
4300  77646  0.293011  0.268385  0.72577  0.930077  -0.170657  4
4400  77688  0.297562  0.270637  0.72791  0.934421  -0.136734  4
4500  77906  0.294837  0.265515  0.729674  0.936164  -0.118987  4
4600  79605  0.300187  0.265491  0.731801  0.943018  -0.154996  4
4700  78035  0.29095  0.259873  0.730865  0.941908  -0.110293  4
4800  79023  0.299553  0.27052  0.735945  0.949464  -0.0941796  4
4900  79139  0.302585  0.277347  0.736963  0.952638  -0.0633254  4
5000  78676  0.291578  0.277302  0.734382  0.948897  -0.0528294  4
5100  78034  0.290806  0.273567  0.735354  0.946973  -0.0366585  4
5200  78280  0.300277  0.265314  0.727076  0.939127  -0.0941762  4
5300  77971  0.296693  0.267323  0.727657  0.929309  -0.025138  4
5400  78578  0.303735  0.267373  0.727002  0.932682  -0.0205028  4
5500  78487  0.29227  0.252549  0.731303  0.935418  -0.019824  4
5600  78839  0.297847  0.264164  0.734431  0.94429  0.0486489  4
5700  79188  0.298282  0.265683  0.739529  0.953313  0.078882  4
5800  79298  0.305471  0.269574  0.740908  0.955037  0.122264  4
5900  78415  0.292209  0.266421  0.746132  0.965363  0.162946  4
6000  78267  0.30139  0.258954  0.746042  0.967718  0.195851  4
6100  79564  0.308819  0.257762  0.746113  0.973096  0.22721  4
6200  78353  0.309911  0.262851  0.746324  0.974101  0.238509  4
6300  77866  0.301328  0.248945  0.748726  0.979091  0.225968  4
6400  78637  0.300547  0.247594  0.750818  0.979015  0.187826  4
6500  78855  0.302036  0.251958  0.751879  0.982677  0.178794  4
6600  78584  0.283786  0.253765  0.753441  0.983705  0.222605  4
6700  79027  0.292637  0.256795  0.753373  0.98321  0.192621  4
6800  78530  0.297718  0.259232  0.753011  0.983261  0.230803  4
6900  78443  0.29563  0.266961  0.754603  0.982779  0.23569  4
7000  79049  0.2952  0.267247  0.7587  0.984989  0.246134  4
7100  79064  0.298498  0.269606  0.759254  0.985853  0.281333  4
7200  78038  0.288151  0.270176  0.758017  0.984021  0.229276  4
7300  78594  0.28919  0.269105  0.757036  0.983551  0.216443  4
7400  79493  0.291236  0.268046  0.757559  0.986348  0.173815  4
7500  78700  0.304544  0.256302  0.757245  0.988051  0.173595  4
7600  78224  0.289855  0.259734  0.758303  0.988861  0.180239  4
7700  78830  0.301825  0.259658  0.760164  0.99033  0.0983153  4
7800  79098  0.307314  0.264882  0.759715  0.989501  0.121163  4
7900  78127  0.29173  0.253809  0.760065  0.989465  0.167237  4
8000  78570  0.297976  0.256596  0.758914  0.987851  0.165858  4
8100  78119  0.295574  0.254464  0.759287  0.989003  0.173463  4
8200  78676  0.304251  0.257378  0.757474  0.986866  0.0763931  4
8300  79324  0.301322  0.260106  0.758401  0.987403  0.0860027  4
8400  79065  0.305649  0.261985  0.759091  0.985727  0.0460019  4
8500  79258  0.295827  0.258719  0.759568  0.986733  0.022875  4
8600  77844  0.294063  0.259294  0.759254  0.989017  0.00566749  4
8700  78788  0.302322  0.260718  0.760347  0.990541  0.0226728  4
8800  78479  0.29429  0.265955  0.760918  0.989554  0.00399365  4
8900  77972  0.298235  0.262329  0.763142  0.992839  0.0331537  4
9000  78774  0.306316  0.252991  0.760907  0.991452  0.0138791  4
9100  77840  0.295625  0.273936  0.760377  0.990545  -0.0100496  4
9200  78724  0.296743  0.271975  0.762505  0.992708  -0.035261  4
9300  78823  0.301733  0.273452  0.761854  0.993047  -0.0334085  4
9400  78675  0.29118  0.267521  0.762698  0.995374  -0.0507462  4
9500  77783  0.295267  0.266002  0.762521  0.992851  -0.0314759  4
9600  79461  0.30925  0.268671  0.763523  0.993064  -0.101185  4
9700  78896  0.299482  0.263328  0.763627  0.993065  -0.0832355  4
9800  78774  0.299337  0.263054  0.759586  0.991476  -0.0176774  4
9900  78480  0.294717  0.267168  0.759615  0.988688  -0.00497414  4
