-1.19294  1.57958  -0.156673
-1.36632  1.71039  0.644402
-0.953722  1.32096  -0.437544
-1.34817  1.71039  -0.185559
-1.43573  1.82343  0.455812
-1.43573  1.82343  0.455812
-1.3848  1.77137  -0.298824
-1.17285  1.50111  0.0108339
-1.3848  1.77137  -0.423705
-1.34817  1.71039  -0.185559
-1.34817  1.71039  -0.185559
-1.43573  1.82343  0.455812
-1.34817  1.71039  -0.185559
-1.43573  1.82343  0.455812
-1.3848  1.77137  -0.298824
-1.34817  1.71039  -0.185559
-1.30232  1.70799  0.396143
-1.43573  1.82343  0.455812
-1.3848  1.77137  -0.298824
-1.59017  1.96352  -0.0661855
-1.41464  1.81197  0.717279
-1.59017  1.96352  -0.0661855
-1.43573  1.82343  0.455812
-1.43573  1.82343  0.455812
-1.59017  1.96352  0.149942
-1.34817  1.71039  -0.214418
-1.59017  1.96352  -0.0661855
-1.59017  1.96352  0.149942
-1.30232  1.70799  0.396143
-1.43573  1.82343  0.455812
-1.43573  1.82343  0.455812
-1.29586  1.63513  0.164614
-1.29586  1.63513  0.164614
-1.43573  1.82343  0.455812
-1.43573  1.82343  0.455812
-1.29586  1.63513  0.164614
-1.29586  1.63513  -0.167821
-1.30232  1.70799  0.396143
-1.29586  1.63513  0.164614
-1.29586  1.63513  -0.167821
-1.43573  1.86627  0.455812
-1.29586  1.63513  0.164614
-1.43573  1.82343  0.455812
-1.29586  1.63513  0.164614
-1.59017  1.96352  -0.0661855
-1.34817  1.71039  -0.214418
-1.30232  1.70799  0.396143
-1.29586  1.63513  0.164614
-1.43573  1.82343  0.455812
-1.59017  1.96352  0.149942
-1.34817  1.71039  -0.214418
-1.34817  1.71039  -0.214418
-1.3848  1.77137  -0.423705
-1.29586  1.63513  -0.167821
-1.43573  1.82343  0.455812
-1.29586  1.63513  -0.100919
-1.34817  1.71039  -0.185559
-1.59017  1.96352  -0.0661855
-1.34817  1.71039  -0.214418
-1.30232  1.70799  0.745046
-1.34817  1.71039  -0.214418
-1.17285  1.50111  0.0108339
-1.43573  1.82343  0.455812
-1.43573  1.82343  0.455812
-1.59017  1.96352  -0.0661855
-1.59017  1.96352  -0.0661855
-1.19294  1.57958  -0.156673
-1.30232  1.70799  0.396143
-1.19294  1.57958  -0.156673
-1.43573  1.86627  0.455812
-1.3848  1.77137  -0.423705
-1.43573  1.82343  0.455812
-1.29543  1.68368  0.15274
-1.3848  1.77137  -0.298824
-1.13821  1.50111  0.0755318
-1.3848  1.77137  -0.298824
-1.41464  1.81197  0.717279
-1.29586  1.63513  0.164614
-1.3848  1.77137  -0.423705
-1.29586  1.63513  -0.100919
-1.43573  1.82343  0.455812
-1.29586  1.63513  -0.100919
-1.43573  1.82343  0.455812
-1.36632  1.71039  0.644402
-1.29586  1.63513  -0.100919
-1.30232  1.70799  0.396143
-1.59017  1.96352  0.149942
-1.43573  1.82343  0.455812
-1.29586  1.63513  -0.100919
-1.43573  1.82343  0.455812
-1.43573  1.82343  0.455812
-1.59017  1.96352  -0.0661855
-1.34817  1.71039  -0.214418
-1.34817  1.71039  -0.214418
-1.41464  1.81197  0.717279
-1.43573  1.82343  0.455812
-1.34817  1.71039  -0.185559
-1.29586  1.63513  -0.167821
-1.59017  1.9846  -0.00959013
-1.34817  1.71039  -0.214418
-1.34817  1.71039  -0.214418
-1.43573  1.82343  0.455812
-1.43573  1.82343  0.455812
-1.30232  1.70799  0.396143
-1.34817  1.71039  -0.214418
-1.43573  1.82343  0.455812
-1.30232  1.70799  0.745046
-1.4012  1.75047  -0.810039
-1.43573  1.86627  0.455812
-1.13821  1.50111  0.0755318
-1.17285  1.50111  0.0108339
-1.3848  1.77137  -0.298824
-1.43573  1.86627  0.455812
-1.43573  1.82343  0.455812
-1.34817  1.71039  -0.214418
-1.59017  1.96352  -0.0661855
-1.43573  1.82343  0.455812
-1.36632  1.71039  0.644402
-1.29586  1.63513  0.164614
-0.953722  1.32096  -0.437544
-1.29586  1.63513  -0.100919
-1.29586  1.63513  0.164614
-1.59017  1.96352  0.149942
-1.30232  1.70799  0.396143
-1.3848  1.77137  -0.423705
-1.43573  1.82343  0.455812
-1.36632  1.71039  0.644402
-1.43573  1.82343  0.455812
-1.41464  1.81197  0.717279
-1.43573  1.82343  0.455812
-1.43573  1.82343  0.455812
-1.34817  1.71039  -0.185559
-1.3848  1.77137  -0.298824
-1.43573  1.82343  0.455812
-1.43573  1.82343  0.455812
-1.43573  1.82343  0.455812
-1.29586  1.63513  0.164614
-1.34817  1.71039  -0.214418
-1.36632  1.71039  0.644402
-1.30232  1.70799  0.396143
-1.19294  1.57958  -0.156673
-1.29586  1.63513  0.164614
-1.59017  1.96352  -0.0661855
-1.34817  1.71039  -0.185559
-1.19294  1.57958  -0.156673
-1.19294  1.57958  -0.156673
-1.41464  1.81197  1.06464
-1.34817  1.71039  -0.214418
-1.59017  1.96352  -0.0661855
-1.34817  1.71039  -0.185559
-1.43573  1.82343  0.455812
-1.43573  1.82343  0.455812
-1.29586  1.63513  0.164614
-1.34817  1.71039  -0.185559
-1.34817  1.71039  -0.185559
-1.34817  1.71039  -0.214418
-1.43573  1.82343  0.455812
-1.34817  1.71039  -0.185559
-1.43573  1.82343  0.455812
-1.30232  1.70799  0.540218
-1.29586  1.63513  0.164614
-1.43573  1.82343  0.455812
-1.21923  1.71039  -0.214418
-1.43573  1.82343  0.455812
-1.29586  1.63513  -0.167821
-1.36632  1.71039  0.644402
-1.43573  1.82343  0.455812
-1.43573  1.82343  0.455812
-1.19294  1.57958  -0.156673
-1.29586  1.63513  0.164614
-1.34817  1.71039  -0.214418
-1.43573  1.82343  0.455812
-1.13821  1.50111  0.0755318
-1.29586  1.63513  0.164614
-1.59017  1.96352  -0.0661855
-1.3848  1.77137  -0.298824
-1.59017  1.96352  -0.0661855
-1.34817  1.71039  -0.214418
-1.43573  1.82343  0.455812
-1.36632  1.71039  0.644402
-1.34817  1.71039  -0.214418
-1.19294  1.57958  -0.156673
-1.43573  1.82343  0.455812
-1.30232  1.70799  0.396143
-1.34817  1.71039  -0.214418
-1.3848  1.77137  -0.423705
-1.59017  1.96352  -0.0661855
-1.19294  1.57958  -0.156673
-1.3848  1.77137  -0.423705
-1.43573  1.82343  0.455812
-1.59017  1.96352  -0.0661855
-1.34817  1.71039  -0.214418
-1.30232  1.70799  0.396143
-1.29586  1.63513  0.164614
-1.3848  1.77137  -0.423705
-1.43573  1.86627  0.455812
-1.59017  1.96352  -0.0661855
-1.29586  1.63513  -0.100919
-1.13821  1.50111  0.0755318
-1.34817  1.71039  -0.214418
-1.34817  1.71039  -0.185559
-1.59017  1.96352  -0.0661855
-1.34817  1.71039  -0.214418
-1.34817  1.71039  -0.185559
-1.34817  1.71039  -0.185559
-1.30232  1.70799  0.396143
-1.34817  1.71039  -0.185559
-1.34817  1.71039  -0.214418
-1.34817  1.71039  -0.214418
-1.3848  1.77137  -0.423705
-1.29586  1.63513  -0.100919
-1.29586  1.63513  0.164614
-1.43573  1.86627  0.455812
-1.41464  1.81197  1.06464
-1.59017  1.96352  -0.0661855
-1.30232  1.70799  0.396143
-1.3848  1.77137  -0.298824
-1.36632  1.71039  0.644402
-1.34817  1.71039  -0.214418
-1.43573  1.82343  0.455812
-1.43573  1.82343  0.455812
-1.34817  1.71039  -0.185559
-1.19294  1.57958  -0.156673
-1.43573  1.82343  0.455812
-1.59017  1.9846  -0.00959013
-1.34817  1.71039  -0.185559
-1.59017  1.96352  -0.0661855
-1.19294  1.57958  -0.156673
-1.30232  1.70799  0.745046
-1.29586  1.63513  -0.167821
-1.30232  1.70799  0.396143
-1.43573  1.82343  0.141765
-1.34817  1.71039  -0.214418
-1.43573  1.82343  0.455812
-1.59017  1.96352  -0.0661855
-1.34817  1.71039  -0.214418
-1.59017  1.96352  -0.0661855
-1.43573  1.82343  0.455812
-1.3848  1.77137  -0.423705
-1.30232  1.70799  0.745046
-1.13821  1.50111  0.0755318
-1.3848  1.77137  -0.298824
-1.43573  1.82343  0.455812
-1.43573  1.82343  0.455812
-1.34817  1.71039  -0.185559
-1.43573  1.82343  0.455812
-1.29586  1.63513  0.164614
-1.43573  1.82343  0.455812
-1.3848  1.77137  -0.423705
-1.43573  1.82343  0.455812
-1.19294  1.57958  -0.156673
-1.34817  1.71039  -0.185559
-1.59017  1.96352  -0.0661855
-1.59017  1.96352  -0.0661855
-1.34817  1.71039  -0.185559
-1.34817  1.71039  -0.185559
-1.59017  1.96352  -0.0661855
-1.34817  1.71039  -0.185559
-1.43573  1.82343  0.455812
-1.43573  1.82343  0.455812
-1.43573  1.82343  0.455812
-1.29586  1.63513  -0.100919
-1.43573  1.82343  0.455812
-1.19294  1.57958  -0.156673
-1.29586  1.63513  0.164614
-0.953722  1.32096  -0.437544
-1.34817  1.71039  -0.185559
-1.34817  1.71039  -0.214418
-1.30232  1.70799  0.396143
-1.3848  1.77137  -0.423705
-1.3848  1.77137  -0.298824
-1.43573  1.82343  0.455812
-1.43573  1.82343  0.455812
-1.34817  1.71039  -0.214418
-1.30232  1.70799  0.396143
-1.19294  1.57958  -0.156673
-1.34817  1.71039  -0.185559
-1.34817  1.71039  -0.185559
-1.43573  1.82343  0.455812
-1.17285  1.50111  0.0108339
-1.19294  1.57958  -0.156673
-1.59017  1.96352  -0.0661855
-1.43573  1.82343  0.455812
-1.59017  1.96352  -0.0661855
-0.953722  1.32096  -0.437544
-1.59017  1.96352  -0.0661855
-1.3848  1.77137  -0.298824
-1.43573  1.86627  0.455812
-1.41464  1.81197  0.717279
-1.30232  1.70799  0.396143
-1.43573  1.82343  0.455812
-1.13821  1.50111  0.0755318
-1.43573  1.82343  0.455812
-1.43573  1.82343  0.455812
-1.43573  1.82343  0.455812
-1.43573  1.82343  0.455812
-1.59017  1.96352  -0.0661855
-1.13821  1.50111  0.0755318
-1.34817  1.71039  -0.185559
-1.43573  1.82343  0.455812
-1.13821  1.50111  0.0755318
-1.19294  1.57958  -0.156673
-1.3848  1.77137  -0.298824
-1.30232  1.70799  0.745046
-1.34817  1.71039  -0.185559
-1.4012  1.75047  -0.810039
-1.30232  1.70799  0.396143
-1.17285  1.50111  0.0108339
-1.34817  1.71039  -0.214418
-1.3848  1.77137  -0.298824
-0.953722  1.32096  -0.437544
-1.29586  1.63513  -0.100919
-1.34817  1.71039  -0.185559
-1.34817  1.71039  -0.214418
-1.34817  1.71039  -0.214418
-1.34817  1.71039  -0.214418
-1.34817  1.71039  -0.214418
-1.34817  1.71039  -0.214418
-1.43573  1.82343  0.455812
-1.34817  1.71039  -0.214418
-1.59017  1.96352  -0.0661855
-1.41464  1.81197  0.787397
-1.43573  1.82343  0.455812
-1.34817  1.71039  -0.185559
-1.29586  1.63513  0.164614
-1.3848  1.77137  -0.298824
-1.30232  1.70799  0.396143
-1.43573  1.82343  0.455812
-1.43573  1.82343  0.455812
-1.3848  1.77137  -0.298824
-1.59017  1.96352  -0.0661855
-1.59017  1.96352  -0.0661855
-1.43573  1.82343  0.455812
-1.13821  1.50111  0.0755318
-1.29586  1.63513  0.164614
-1.34817  1.71039  -0.214418
-1.29586  1.63513  0.164614
-1.43573  1.82343  0.455812
-1.34817  1.71039  -0.185559
-1.3848  1.77137  -0.298824
-1.43573  1.82343  0.455812
-1.30232  1.70799  0.396143
-1.34817  1.71039  -0.214418
-1.34817  1.71039  -0.214418
-1.59017  1.96352  0.149942
-1.17285  1.50111  0.0108339
-1.3848  1.77137  -0.298824
-1.43573  1.82343  0.455812
-1.34817  1.71039  -0.185559
-1.43573  1.82343  0.455812
-1.59017  1.96352  0.149942
-1.3848  1.77137  -0.298824
-1.59017  1.96352  -0.0661855
-1.43573  1.82343  0.455812
-1.30232  1.70799  0.396143
-1.43573  1.82343  0.455812
-1.59017  1.96352  -0.0661855
-1.43573  1.82343  0.455812
-1.29586  1.63513  0.164614
-1.43573  1.82343  0.455812
-1.43573  1.82343  0.455812
-1.43573  1.82343  0.455812
-1.30232  1.70799  0.396143
-1.41464  1.81197  1.06464
-1.43573  1.82343  0.455812
-1.30232  1.70799  0.396143
-1.59017  1.96352  -0.0661855
-1.34817  1.71039  -0.185559
-1.3848  1.77137  -0.298824
-1.34817  1.71039  -0.185559
-1.19294  1.57958  -0.156673
-1.17285  1.50111  0.0108339
-1.3848  1.77137  -0.423705
-1.34817  1.71039  -0.214418
-1.29586  1.63513  0.164614
-1.3848  1.77137  -0.298824
-1.3848  1.77137  -0.423705
-1.34817  1.71039  -0.185559
-1.43573  1.82343  0.455812
-1.17285  1.50111  0.0108339
-1.41464  1.81197  0.717279
-1.59017  1.96352  -0.0661855
-1.34817  1.71039  -0.185559
-1.29586  1.63513  -0.100919
-1.30232  1.70799  0.396143
-1.30232  1.70799  0.396143
-1.3848  1.77137  -0.298824
-1.19294  1.57958  -0.156673
-1.30232  1.70799  0.396143
-1.43573  1.82343  0.455812
-1.34817  1.71039  -0.214418
-1.34817  1.71039  -0.214418
-1.3848  1.77137  -0.423705
-1.59017  1.96352  0.149942
-1.34817  1.71039  -0.214418
-1.34817  1.71039  -0.185559
-1.19294  1.57958  -0.156673
-1.34817  1.71039  -0.185559
-1.34817  1.71039  -0.185559
-0.953722  1.32096  -0.437544
-1.43573  1.82343  0.455812
-1.43573  1.82343  0.455812
-1.59017  1.96352  -0.0661855
-1.43573  1.82343  0.455812
-1.29586  1.63513  -0.100919
-1.59017  1.96352  -0.0661855
-1.43573  1.82343  0.455812
-1.34817  1.71039  -0.214418
-1.43573  1.82343  0.455812
-1.34817  1.71039  -0.185559
-1.43573  1.82343  0.455812
-1.59017  1.96352  -0.0661855
-1.34817  1.71039  -0.214418
-1.43573  1.82343  0.455812
-1.29586  1.63513  -0.100919
-1.19294  1.57958  -0.156673
-1.59017  1.9846  -0.00959013
-1.43573  1.82343  0.455812
-1.29586  1.63513  -0.100919
-1.59017  1.96352  -0.0661855
-1.34817  1.71039  -0.185559
-1.29586  1.63513  0.164614
-1.19294  1.57958  -0.156673
-1.36632  1.71039  0.644402
-1.59017  1.96352  -0.0661855
-1.43573  1.82343  0.455812
-1.43573  1.82343  0.455812
-1.3848  1.77137  -0.298824
-1.29586  1.63513  -0.100919
-1.43573  1.82343  0.455812
-1.59017  1.96352  -0.0661855
-1.3848  1.77137  -0.298824
-1.34817  1.71039  -0.185559
-1.30232  1.70799  0.396143
-1.43573  1.82343  0.455812
-1.36632  1.71039  0.644402
-1.13821  1.50111  0.0755318
-1.43573  1.82343  0.455812
-1.43573  1.82343  0.455812
-1.34817  1.71039  -0.185559
-1.41464  1.81197  0.717279
-1.34817  1.71039  -0.185559
-1.19294  1.57958  -0.156673
-1.30232  1.70799  0.396143
-0.953722  1.32096  -0.437544
-1.29586  1.63513  -0.167821
-1.34817  1.71039  -0.214418
-1.43573  1.82343  0.455812
-1.3848  1.77137  -0.423705
-1.30232  1.70799  0.396143
-1.43573  1.82343  0.455812
-1.3848  1.77137  -0.423705
-1.21923  1.71039  -0.214418
-1.43573  1.82343  0.455812
-1.29586  1.63513  0.164614
-1.43573  1.82343  0.455812
-1.34817  1.71039  -0.214418
-1.29586  1.63513  0.164614
-1.3848  1.77137  -0.298824
-1.34817  1.71039  -0.214418
-1.19294  1.57958  -0.156673
-1.43573  1.82343  0.455812
-1.41464  1.81197  0.787397
-1.59017  1.96352  -0.0661855
-1.43573  1.82343  0.455812
-1.59017  1.96352  -0.0661855
-1.43573  1.82343  0.455812
-1.43573  1.82343  0.455812
-1.34817  1.71039  -0.185559
-1.4012  1.75047  -0.810039
-1.41464  1.81197  1.06464
-1.43573  1.82343  0.455812
-1.59017  1.96352  -0.0661855
-1.29586  1.63513  -0.100919
-1.36632  1.71039  0.644402
-1.17285  1.50111  0.0108339
-1.29586  1.63513  -0.100919
-1.30232  1.70799  0.745046
-1.59017  1.96352  -0.0661855
-1.43573  1.82343  0.455812
-1.43573  1.82343  0.455812
-1.43573  1.82343  0.455812
-1.34817  1.71039  -0.185559
-1.43573  1.82343  0.455812
-1.4012  1.75047  -0.810039
-1.19294  1.57958  -0.156673
-0.953722  1.32096  -0.437544
-1.19294  1.57958  -0.156673
-1.3848  1.77137  -0.423705
-1.29586  1.63513  -0.100919
-1.59017  1.96352  -0.0661855
-1.19294  1.57958  -0.156673
-1.17285  1.50111  0.0108339
-1.34817  1.71039  -0.185559
-1.36632  1.71039  0.644402
-1.43573  1.82343  0.455812
-1.43573  1.82343  0.455812
-1.3848  1.77137  -0.298824
-1.59017  1.96352  0.149942
-1.34817  1.71039  -0.214418
-1.34817  1.71039  -0.185559
-1.34817  1.71039  -0.214418
-1.3848  1.77137  -0.298824
-1.43573  1.82343  0.455812
-1.3848  1.77137  -0.423705
-1.13821  1.50111  0.0755318
-1.34817  1.71039  -0.214418
-1.43573  1.82343  0.455812
-1.43573  1.82343  0.455812
-1.43573  1.82343  0.455812
-1.41464  1.81197  0.787397
-1.43573  1.82343  0.455812
-1.30232  1.70799  0.396143
-1.30232  1.70799  0.396143
-1.43573  1.82343  0.455812
-1.17285  1.50111  0.0108339
-1.59017  1.96352  -0.0661855
-1.34817  1.71039  -0.214418
-1.43573  1.82343  0.455812
-1.43573  1.82343  0.455812
-1.59017  1.96352  -0.0661855
-1.43573  1.82343  0.455812
-1.59017  1.96352  -0.0661855
-1.13821  1.50111  0.0755318
-1.30232  1.70799  0.396143
-1.59017  1.96352  -0.0661855
-1.19294  1.57958  -0.156673
-1.43573  1.82343  0.455812
-1.43573  1.82343  0.455812
-1.19294  1.57958  -0.156673
-1.19294  1.57958  -0.156673
-0.953722  1.32096  -0.437544
-1.30232  1.70799  0.396143
-1.59017  1.96352  -0.0661855
-1.30232  1.70799  0.396143
-1.59017  1.96352  -0.0661855
-1.30232  1.70799  0.396143
-1.19294  1.57958  -0.156673
-1.34817  1.71039  -0.185559
-1.41464  1.81197  1.06464
-1.34817  1.71039  -0.185559
-1.30232  1.70799  0.396143
-1.13821  1.50111  0.0755318
-1.29586  1.63513  0.164614
-1.19294  1.57958  -0.156673
-1.43573  1.82343  0.455812
-1.3848  1.77137  -0.298824
-1.43573  1.82343  0.455812
-1.43573  1.82343  0.455812
-1.41464  1.81197  0.717279
-1.34817  1.71039  -0.185559
-1.34817  1.71039  -0.185559
-1.43573  1.82343  0.455812
-1.29586  1.63513  0.164614
-1.3848  1.77137  -0.298824
-1.59017  1.96352  -0.0661855
-1.59017  1.96352  -0.0661855
-1.34817  1.71039  -0.214418
-1.3848  1.77137  -0.298824
-1.34817  1.71039  -0.185559
-1.29586  1.63513  0.164614
-1.3848  1.77137  -0.423705
-1.34817  1.71039  -0.214418
-1.59017  1.96352  -0.0661855
-1.13821  1.50111  0.0755318
-1.29586  1.63513  0.164614
-0.953722  1.32096  -0.437544
-1.34817  1.71039  -0.214418
-1.59017  1.96352  -0.0661855
-1.59017  1.96352  -0.0661855
-1.43573  1.82343  0.455812
-1.43573  1.82343  0.455812
-1.43573  1.82343  0.455812
-1.43573  1.82343  0.455812
-1.43573  1.82343  0.455812
-1.59017  1.96352  -0.0661855
-1.19294  1.57958  -0.156673
-1.43573  1.82343  0.455812
-1.43573  1.82343  0.455812
-1.59017  1.96352  -0.0661855
-1.4012  1.75047  -0.810039
-1.43573  1.82343  0.455812
-1.34817  1.71039  -0.185559
-1.3848  1.77137  -0.298824
-1.43573  1.82343  0.455812
-1.59017  1.96352  -0.0661855
-1.34817  1.71039  -0.185559
-1.34817  1.71039  -0.214418
-1.43573  1.82343  0.455812
-1.43573  1.82343  0.455812
-1.34817  1.71039  -0.214418
-1.19294  1.57958  -0.156673
-1.59017  1.9846  -0.00959013
-1.43573  1.86627  0.455812
-1.34817  1.71039  -0.185559
-1.19294  1.57958  -0.156673
-1.34817  1.71039  -0.214418
-1.34817  1.71039  -0.185559
-1.41464  1.81197  0.717279
-1.34817  1.71039  -0.214418
-1.43573  1.82343  0.455812
-1.30232  1.70799  0.396143
-1.41464  1.81197  1.06464
-1.34817  1.71039  -0.185559
-1.34817  1.71039  -0.185559
-1.41464  1.81197  0.717279
-1.4012  1.75047  -0.810039
-1.34817  1.71039  -0.185559
-1.34817  1.71039  -0.185559
-1.43573  1.82343  0.455812
-1.43573  1.82343  0.455812
-1.59017  1.96352  -0.0661855
-1.43573  1.82343  0.455812
-1.13821  1.50111  0.0755318
-1.59017  1.96352  -0.0661855
-1.59017  1.96352  -0.0661855
-1.34817  1.71039  -0.185559
-1.41464  1.81197  0.787397
-1.30232  1.70799  0.396143
-1.43573  1.82343  0.455812
-1.59017  1.96352  0.149942
-1.59017  1.96352  0.149942
-1.59017  1.96352  0.149942
-1.34817  1.71039  -0.185559
-1.59017  1.96352  -0.0661855
-1.29586  1.63513  0.164614
-1.43573  1.86627  0.455812
-1.29586  1.63513  0.164614
-1.21923  1.71039  -0.214418
-1.34817  1.71039  -0.185559
-1.29586  1.63513  0.164614
-1.19294  1.57958  -0.156673
-1.34817  1.71039  -0.185559
-1.34817  1.71039  -0.185559
-1.30232  1.70799  0.396143
-1.19294  1.57958  -0.156673
-1.30232  1.70799  0.396143
-1.34817  1.71039  -0.214418
-1.36632  1.71039  0.644402
-1.59017  1.96352  -0.0661855
-1.43573  1.82343  0.455812
-1.29543  1.68368  0.15274
-1.34817  1.71039  -0.214418
-1.34817  1.71039  -0.214418
-1.29586  1.63513  -0.167821
-1.43573  1.82343  0.455812
-1.3848  1.77137  -0.423705
-1.34817  1.71039  -0.185559
-1.59017  1.96352  -0.0661855
-1.43573  1.82343  0.455812
-1.59017  1.96352  0.149942
-1.43573  1.82343  0.455812
-1.43573  1.82343  0.455812
-1.34817  1.71039  -0.214418
-1.29586  1.63513  0.164614
-1.34817  1.71039  -0.214418
-1.59017  1.96352  -0.0661855
-1.30232  1.70799  0.396143
-1.17285  1.50111  0.0108339
-1.3848  1.77137  -0.423705
-1.59017  1.96352  0.149942
-1.43573  1.82343  0.455812
-1.19294  1.57958  -0.156673
-1.3848  1.77137  -0.423705
-1.43573  1.82343  0.455812
-1.34817  1.71039  -0.185559
-1.43573  1.82343  0.455812
-1.34817  1.71039  -0.185559
-1.13821  1.50111  0.0755318
-1.30232  1.70799  0.745046
-1.43573  1.82343  0.455812
-1.34817  1.71039  -0.185559
-1.34817  1.71039  -0.185559
-1.59017  1.96352  -0.0661855
-1.43573  1.82343  0.455812
-1.29586  1.63513  -0.100919
-1.43573  1.82343  0.455812
-1.43573  1.82343  0.455812
-1.59017  1.96352  -0.0661855
-1.43573  1.82343  0.455812
-1.43573  1.82343  0.455812
-1.43573  1.82343  0.455812
-1.43573  1.82343  0.455812
-1.41464  1.81197  0.717279
-1.43573  1.82343  0.455812
-1.43573  1.82343  0.141765
-1.59017  1.96352  -0.0661855
-1.43573  1.82343  0.455812
-1.34817  1.71039  -0.185559
-1.34817  1.71039  -0.185559
-1.30232  1.70799  0.396143
-1.59017  1.96352  -0.0661855
-1.59017  1.96352  -0.0661855
-1.29586  1.63513  -0.100919
-1.34817  1.71039  -0.214418
-1.29586  1.63513  -0.100919
-1.13821  1.50111  0.0755318
-1.43573  1.82343  0.455812
-1.34817  1.71039  -0.185559
-1.43573  1.82343  0.455812
-1.34817  1.71039  -0.185559
-1.34817  1.71039  -0.214418
-1.43573  1.82343  0.455812
-1.34817  1.71039  -0.185559
-1.43573  1.82343  0.455812
-1.34817  1.71039  -0.185559
-1.3848  1.77137  -0.298824
-1.59017  1.96352  0.149942
-1.43573  1.82343  0.455812
-1.59017  1.96352  -0.0661855
-1.43573  1.82343  0.455812
-1.43573  1.82343  0.455812
-1.43573  1.82343  0.455812
-1.34817  1.71039  -0.185559
-1.59017  1.96352  -0.0661855
-1.3848  1.77137  -0.333108
-1.43573  1.82343  0.455812
-1.59017  1.96352  -0.0661855
-1.29586  1.63513  -0.167821
-1.43573  1.82343  0.455812
-1.34817  1.71039  -0.185559
-1.43573  1.82343  0.455812
-1.34817  1.71039  -0.185559
-1.43573  1.82343  0.455812
-1.43573  1.82343  0.455812
-1.43573  1.82343  0.455812
-1.34817  1.71039  -0.214418
-1.30232  1.70799  0.745046
-1.43573  1.82343  0.455812
-1.30232  1.70799  0.396143
-1.41464  1.81197  0.717279
-1.34817  1.71039  -0.214418
-1.43573  1.82343  0.455812
-1.4012  1.75047  -0.810039
-1.43573  1.82343  0.455812
-1.59017  1.96352  -0.0661855
-1.34817  1.71039  -0.214418
-1.59017  1.96352  -0.0661855
-1.30232  1.70799  0.396143
-1.19294  1.57958  -0.156673
-1.43573  1.82343  0.455812
-1.43573  1.82343  0.455812
-1.43573  1.82343  0.455812
-1.43573  1.86627  0.455812
-1.59017  1.96352  -0.0661855
-1.43573  1.82343  0.455812
-1.43573  1.82343  0.455812
-1.43573  1.82343  0.455812
-1.13821  1.50111  0.0755318
-1.43573  1.82343  0.455812
-1.13821  1.50111  0.0755318
-1.41464  1.81197  0.717279
-1.4012  1.75047  -0.810039
-1.59017  1.96352  0.149942
-1.34817  1.71039  -0.185559
-1.19294  1.57958  -0.156673
-1.59017  1.96352  -0.0661855
-1.34817  1.71039  -0.185559
-1.13821  1.50111  0.0755318
-1.17285  1.50111  0.0108339
-1.43573  1.82343  0.455812
-1.30232  1.70799  0.396143
-1.43573  1.82343  0.455812
-1.3848  1.77137  -0.423705
-1.19294  1.57958  -0.156673
-1.3848  1.77137  -0.298824
-1.34817  1.71039  -0.185559
-1.43573  1.82343  0.455812
-1.34817  1.71039  -0.185559
-1.13821  1.50111  0.0755318
-1.13821  1.50111  0.0755318
-1.36632  1.71039  0.644402
-1.30232  1.70799  0.745046
-1.59017  1.96352  -0.0661855
-1.59017  1.96352  -0.0661855
-1.30232  1.70799  0.396143
-1.34817  1.71039  -0.185559
-1.3848  1.77137  -0.423705
-1.43573  1.82343  0.455812
-1.19294  1.57958  -0.156673
-1.4012  1.75047  -0.810039
-1.43573  1.82343  0.455812
-1.34817  1.71039  -0.214418
-1.43573  1.82343  0.455812
-1.34817  1.71039  -0.185559
-1.43573  1.82343  0.455812
-1.59017  1.96352  0.149942
-1.43573  1.82343  0.455812
-1.34817  1.71039  -0.185559
-1.29543  1.68368  0.15274
-1.59017  1.96352  -0.0661855
-1.34817  1.71039  -0.185559
-1.43573  1.82343  0.455812
-1.59017  1.96352  -0.0661855
-1.19294  1.57958  -0.156673
-1.43573  1.82343  0.455812
-1.19294  1.57958  -0.156673
-1.43573  1.82343  0.455812
-1.43573  1.82343  0.455812
-1.43573  1.82343  0.455812
-1.36632  1.71039  0.644402
-1.4012  1.75047  -0.810039
-1.34817  1.71039  -0.185559
-1.43573  1.82343  0.455812
-1.30232  1.70799  0.745046
-1.19294  1.57958  -0.156673
-1.34817  1.71039  -0.185559
-1.43573  1.82343  0.455812
-1.13821  1.50111  0.0755318
-0.953722  1.32096  -0.437544
-1.13821  1.50111  0.0755318
-1.43573  1.82343  0.455812
-1.4012  1.75047  -0.810039
-1.34817  1.71039  -0.185559
-1.30232  1.70799  0.396143
-1.30232  1.70799  0.396143
-1.43573  1.82343  0.455812
-1.29586  1.63513  -0.167821
-1.43573  1.82343  0.455812
-1.3848  1.77137  -0.298824
-1.59017  1.96352  -0.0661855
-1.29586  1.63513  0.164614
-1.36632  1.71039  0.644402
-1.34817  1.71039  -0.214418
-0.953722  1.32096  -0.437544
-1.34817  1.71039  -0.185559
-1.4012  1.75047  -0.810039
-1.59017  1.96352  -0.0661855
-1.43573  1.82343  0.455812
-1.34817  1.71039  -0.185559
-1.43573  1.82343  0.455812
-1.19294  1.57958  -0.156673
-1.41464  1.81197  0.717279
-1.34817  1.71039  -0.185559
-1.13821  1.50111  0.0755318
-1.43573  1.82343  0.455812
-1.43573  1.82343  0.455812
-1.34817  1.71039  -0.185559
-1.34817  1.71039  -0.185559
-1.41464  1.81197  0.717279
-1.41464  1.81197  0.717279
-1.43573  1.82343  0.455812
-1.3848  1.77137  -0.298824
-1.34817  1.71039  -0.185559
-1.34817  1.71039  -0.185559
-1.59017  1.96352  -0.0661855
-1.36632  1.71039  0.644402
-1.4012  1.75047  -0.810039
-1.34817  1.71039  -0.214418
-1.59017  1.96352  -0.0661855
-1.29586  1.63513  -0.100919
-1.59017  1.9846  -0.00959013
-1.34817  1.71039  -0.214418
-1.34817  1.71039  -0.185559
-1.19294  1.57958  -0.156673
-1.59017  1.96352  -0.0661855
-0.953722  1.32096  -0.437544
-1.34817  1.71039  -0.185559
-1.34817  1.71039  -0.185559
-1.3848  1.77137  -0.298824
-1.59017  1.96352  0.149942
-1.19294  1.57958  -0.156673
-1.36632  1.71039  0.644402
-1.59017  1.96352  -0.0661855
-1.29586  1.63513  0.164614
-1.41464  1.81197  0.717279
-1.29586  1.63513  -0.100919
-1.34817  1.71039  -0.214418
-1.43573  1.82343  0.455812
-1.34817  1.71039  -0.185559
-1.59017  1.96352  -0.0661855
-1.59017  1.96352  -0.0661855
-1.41464  1.81197  1.06464
-1.13821  1.50111  0.0755318
-1.34817  1.71039  -0.214418
-1.59017  1.96352  -0.0661855
-1.29586  1.63513  -0.100919
-1.13821  1.50111  0.0755318
-1.17285  1.50111  0.0108339
-1.19294  1.57958  -0.156673
-1.43573  1.82343  0.455812
-1.43573  1.82343  0.455812
-1.43573  1.82343  0.455812
-1.34817  1.71039  -0.214418
-1.13821  1.50111  0.0755318
-1.34817  1.71039  -0.214418
-1.34817  1.71039  -0.185559
-1.29586  1.63513  -0.100919
-1.3848  1.77137  -0.298824
-1.29586  1.63513  -0.100919
-1.59017  1.96352  -0.0661855
-1.41464  1.81197  1.06464
-1.43573  1.82343  0.455812
-1.30232  1.70799  0.396143
-1.3848  1.77137  -0.298824
-1.30232  1.70799  0.396143
-1.43573  1.82343  0.455812
-1.59017  1.96352  -0.0661855
-1.36632  1.71039  0.644402
-1.43573  1.82343  0.455812
-1.30232  1.70799  0.396143
-1.36632  1.71039  0.644402
-1.59017  1.96352  -0.0661855
-1.43573  1.82343  0.455812
-1.19294  1.57958  -0.156673
-1.29586  1.63513  -0.100919
-1.43573  1.82343  0.455812
-1.3848  1.77137  -0.298824
-1.34817  1.71039  -0.185559
-1.43573  1.82343  0.455812
-1.43573  1.82343  0.455812
-1.43573  1.82343  0.455812
-1.29586  1.63513  0.164614
-1.59017  1.96352  0.149942
-1.19294  1.57958  -0.156673
-1.36632  1.71039  0.644402
-1.59017  1.9846  -0.00959013
-1.43573  1.86627  0.455812
-1.43573  1.82343  0.455812
-1.34817  1.71039  -0.185559
-1.29586  1.63513  0.164614
-1.43573  1.82343  0.455812
-1.43573  1.82343  0.455812
-1.3848  1.77137  -0.423705
-1.3848  1.77137  -0.298824
-1.43573  1.82343  0.455812
-1.29586  1.63513  0.164614
-1.34817  1.71039  -0.214418
-1.41464  1.81197  0.717279
-1.43573  1.82343  0.455812
-1.3848  1.77137  -0.423705
-1.43573  1.82343  0.455812
-1.43573  1.82343  0.455812
-1.34817  1.71039  -0.214418
-1.43573  1.82343  0.455812
-1.29586  1.63513  -0.100919
-1.13821  1.50111  0.0755318
-1.30232  1.70799  0.396143
-1.3848  1.77137  -0.298824
-1.34817  1.71039  -0.185559
-1.36632  1.71039  0.644402
-1.17285  1.50111  0.0108339
-1.34817  1.71039  -0.185559
-1.19294  1.57958  -0.156673
-1.34817  1.71039  -0.214418
-1.34817  1.71039  -0.214418
-1.34817  1.71039  -0.214418
-1.34817  1.71039  -0.214418
-1.59017  1.96352  -0.0661855
-1.3848  1.77137  -0.423705
-1.43573  1.82343  0.455812
-1.30232  1.70799  0.396143
-1.29586  1.63513  -0.100919
-1.13821  1.50111  0.0755318
-1.17285  1.50111  0.0108339
-1.29586  1.63513  0.164614
-1.30232  1.70799  0.396143
-1.30232  1.70799  0.745046
-1.29586  1.63513  0.164614
-1.29586  1.63513  -0.167821
-1.59017  1.96352  -0.0661855
-1.29586  1.63513  -0.100919
-1.59017  1.96352  -0.0661855
-1.34817  1.71039  -0.214418
-0.953722  1.32096  -0.437544
-1.34817  1.71039  -0.185559
-1.3848  1.77137  -0.298824
-1.59017  1.96352  -0.0661855
-1.34817  1.71039  -0.214418
-1.29586  1.63513  0.164614
-1.59017  1.96352  -0.0661855
-1.3848  1.77137  -0.423705
-1.59017  1.96352  -0.0661855
-1.34817  1.71039  -0.185559
-1.34817  1.71039  -0.214418
-1.59017  1.96352  -0.0661855
-1.19294  1.57958  -0.156673
-1.29586  1.63513  0.164614
-1.43573  1.82343  0.455812
-1.29586  1.63513  -0.100919
-1.59017  1.96352  -0.0661855
-1.34817  1.71039  -0.185559
-1.59017  1.96352  -0.0661855
-1.17285  1.50111  0.0108339
-1.43573  1.82343  0.455812
-1.3848  1.77137  -0.423705
-1.43573  1.82343  0.455812
-1.43573  1.82343  0.455812
-1.13821  1.50111  0.0755318
-1.34817  1.71039  -0.185559
-1.17285  1.50111  0.0108339
-1.59017  1.96352  -0.0661855
-1.3848  1.77137  -0.298824
-1.43573  1.82343  0.455812
-1.43573  1.82343  0.455812
-1.59017  1.96352  -0.0661855
-1.34817  1.71039  -0.185559
-1.29586  1.63513  0.164614
-1.43573  1.82343  0.455812
-1.4012  1.75047  -0.810039
