0.67135  0.297576  0.0394044
0.683467  0.445593  -1.30465
0.672027  0.513107  -0.0261018
0.643066  0.0392797  0.764926
0.656352  -0.265805  0.351576
0.683467  -0.112471  -1.30465
0.694442  0.0550258  0.448601
0.67135  0.297576  0.115722
0.672027  0.513107  -0.0261018
0.659739  0.0392797  0.764926
0.672617  -0.218535  -0.0888105
0.659739  0.0392797  0.764926
0.683467  0.445593  -1.30465
0.659739  0.0392797  0.764926
0.682156  -0.140503  -0.69916
0.672617  -0.218535  -0.0888105
0.694442  0.0550258  0.448601
0.645918  -0.19155  0.632671
0.682156  -0.140503  -0.69916
0.684984  -1.1096  0.815614
0.672027  0.513107  -0.0261018
0.656352  -0.265805  0.351576
0.682156  -0.154492  -0.674072
0.645918  -0.19155  0.632671
0.645028  0.260343  -0.224067
0.683467  0.03786  -1.30465
0.652297  -0.124311  0.0390827
0.651103  0.0398451  1.36412
0.683467  0.445593  -1.30465
0.672617  -0.218535  -0.0888105
0.672617  -0.218535  -0.0888105
0.682156  -0.154492  -0.674072
0.683467  -0.112471  -1.30465
0.664066  -0.139497  0.280622
0.659739  0.0392797  0.764926
0.682156  -0.140503  -0.69916
0.683467  -0.112471  -1.30465
0.682156  -0.154492  -0.674072
0.683467  0.445593  -1.30465
0.674212  0.350879  -0.985225
0.683467  -0.112471  -1.30465
0.674212  0.350879  -0.985225
0.682156  -0.154492  -0.674072
0.67135  0.297576  0.0394044
0.664066  -0.426925  0.280622
0.652297  -0.124311  0.0390827
0.660799  0.223601  -0.496017
0.662869  0.17334  0.257274
0.694442  0.0550258  0.448601
0.660799  0.223601  -0.496017
0.656352  -0.265805  0.351576
0.682156  -0.154492  -0.674072
0.659739  0.0392797  0.764926
0.682156  -0.154492  -0.674072
0.672027  0.513107  -0.0261018
0.651103  0.0398451  1.36412
0.684984  -1.1096  0.815614
0.682156  -0.154492  -0.674072
0.656352  -0.265805  0.351576
0.651103  0.0398451  1.36412
0.659739  0.0392797  0.764926
0.656352  -0.265805  0.351576
0.67135  0.297576  0.115722
0.643066  0.0392797  0.764926
0.674212  0.350879  -0.985225
0.662869  0.17334  0.233542
0.683467  0.03786  -1.30465
0.664066  -0.426925  0.280622
0.645918  -0.19155  0.632671
0.656352  -0.265805  0.351576
0.684984  -1.1096  0.815614
0.672617  -0.218535  -0.0888105
0.682156  -0.154492  -0.674072
0.682156  -0.154492  -0.674072
0.656352  -0.265805  0.351576
0.672027  0.513107  -0.0261018
0.682156  -0.154492  -0.674072
0.656352  -0.265805  0.351576
0.645918  -0.19155  0.632671
0.651103  0.0398451  1.36412
0.651103  0.0398451  1.36412
0.682156  -0.154492  -0.674072
0.682156  -0.154492  -0.674072
0.682156  -0.154492  -0.674072
0.656352  -0.265805  0.351576
0.656352  -0.265805  0.351576
0.664066  -0.139497  0.280622
0.645918  -0.19155  0.632671
0.660799  0.223601  -0.496017
0.674212  0.350879  -0.985225
0.659739  0.0392797  0.764926
0.645918  -0.19155  0.632671
0.674212  0.350879  -0.985225
0.672617  -0.218535  -0.0888105
0.682156  -0.154492  -0.674072
0.684984  -1.1096  0.815614
0.660799  0.223601  -0.496017
0.684984  -1.1096  0.849734
0.672027  0.513107  -0.0261018
0.683467  0.445593  -1.30465
0.682156  -0.154492  -0.674072
0.643066  0.0392797  0.764926
0.682156  -0.154492  -0.674072
0.67135  0.297576  0.115722
0.660799  0.223601  -0.496017
0.659739  0.0392797  0.764926
0.682156  -0.154492  -0.674072
0.645028  0.260343  -0.224067
0.674212  0.350879  -0.985225
0.656352  -0.265805  0.351576
0.683467  0.03786  -1.30465
0.656352  -0.265805  0.351576
0.682156  -0.154492  -0.674072
0.651103  0.0398451  1.36412
0.660799  0.223601  -0.496017
0.651103  0.0398451  1.36412
0.683467  -0.112471  -1.30465
0.682156  -0.154492  -0.674072
0.651103  0.0398451  1.36412
0.652297  -0.124311  0.0390827
0.651103  0.0398451  1.36412
0.682156  -0.154492  -0.674072
0.656352  -0.265805  0.351576
0.682156  -0.140503  -0.181895
0.674212  0.350879  -0.985225
0.656352  -0.265805  0.351576
0.672027  0.513107  -0.0261018
0.664066  -0.426925  0.280622
0.651103  0.0398451  1.36412
0.682156  -0.154492  -0.674072
0.65252  0.115446  0.318826
0.67135  0.297576  0.115722
0.651103  0.0398451  1.36412
0.645028  0.260343  -0.224067
0.659739  0.0392797  0.764926
0.682156  -0.154492  -0.674072
0.643066  0.0392797  0.764926
0.664066  -0.426925  0.280622
0.651103  0.0398451  1.36412
0.682156  -0.154492  -0.674072
0.682156  -0.154492  -0.674072
0.682156  -0.154492  -0.674072
0.682156  -0.154492  -0.674072
0.656352  -0.265805  0.351576
0.652297  -0.124311  0.0390827
0.672617  -0.218535  -0.0888105
0.656352  -0.265805  0.351576
0.682156  -0.154492  -0.674072
0.683467  -0.112471  -1.30465
0.682156  -0.165312  -0.772874
0.656352  -0.265805  0.351576
0.656352  -0.265805  0.351576
0.652297  -0.124311  0.0390827
0.694442  0.0550258  0.448601
0.67135  0.297576  0.0394044
0.645918  -0.19155  0.632671
0.682156  -0.154492  -0.674072
0.65252  0.115446  0.318826
0.683467  -0.112471  -1.30465
0.683467  0.03786  -1.30465
0.662869  0.17334  0.233542
0.672617  -0.218535  -0.0888105
0.684984  -1.1096  0.815614
0.672617  -0.218535  -0.0888105
0.656352  -0.265805  0.351576
0.656352  -0.265805  0.351576
0.682156  -0.154492  -0.674072
0.684984  -1.1096  0.849734
0.645918  -0.19155  0.632671
0.656352  -0.265805  0.351576
0.656352  -0.265805  0.351576
0.682156  -0.140503  -0.69916
0.659739  0.0392797  0.764926
0.651103  0.0398451  1.36412
0.682156  -0.154492  -0.674072
0.656352  -0.265805  0.351576
0.660799  0.223601  -0.496017
0.645028  0.260343  -0.224067
0.656352  -0.265805  0.351576
0.664066  -0.139497  0.280622
0.683467  0.03786  -1.30465
0.683467  0.445593  -1.30465
0.659739  0.0392797  0.764926
0.652297  -0.124311  0.0390827
0.652297  -0.124311  0.0390827
0.684984  -1.1096  0.815614
0.682156  -0.140503  -0.69916
0.662869  0.17334  0.233542
0.651103  0.0398451  1.36412
0.69064  -0.17218  -0.957144
0.683467  -0.112471  -1.30465
0.69064  -0.17218  -0.957144
0.645918  -0.19155  0.632671
0.674212  0.350879  -0.985225
0.659739  0.0392797  0.764926
0.682156  -0.154492  -0.674072
0.662869  0.17334  0.233542
0.651103  0.0398451  1.36412
0.682156  -0.154492  -0.674072
0.672617  -0.218535  -0.0888105
0.672617  -0.218535  -0.0888105
0.694442  0.0550258  0.448601
0.652297  -0.124311  0.0390827
0.674212  0.350879  -0.985225
0.656352  -0.265805  0.351576
0.652297  -0.124311  0.0390827
0.660799  0.223601  -0.496017
0.683467  0.03786  -1.30465
0.659739  0.0392797  0.764926
0.682156  -0.154492  -0.674072
0.682156  -0.140503  -0.181895
0.684984  -1.1096  0.815614
0.636558  0.00500801  0.195266
0.664066  -0.426925  0.280622
0.672027  0.513107  -0.0261018
0.683467  -0.112471  -1.30465
0.672617  -0.218535  -0.0888105
0.624937  0.474934  1.62833
0.682156  -0.140503  -0.181895
0.652297  -0.124311  0.0390827
0.662869  0.17334  0.233542
0.659739  0.0392797  0.764926
0.674212  0.350879  -0.985225
0.656352  -0.265805  0.351576
0.656352  -0.265805  0.351576
0.67135  0.297576  0.115722
0.651103  0.0398451  1.36412
0.684984  -1.1096  0.815614
0.69064  -0.17218  -0.957144
0.656352  -0.265805  0.351576
0.643066  0.0392797  0.764926
0.682156  -0.154492  -0.674072
0.651103  0.0398451  1.36412
0.682156  -0.140503  -0.69916
0.660799  0.223601  -0.496017
0.682156  -0.154492  -0.674072
0.683467  -0.112471  -1.30465
0.682156  -0.154492  -0.674072
0.672617  -0.218535  -0.0888105
0.683467  0.445593  -1.30465
0.682156  -0.154492  -0.674072
0.651103  0.0398451  1.36412
0.67135  0.297576  0.115722
0.645918  -0.19155  0.632671
0.682156  -0.154492  -0.674072
0.659739  0.0392797  0.764926
0.682156  -0.154492  -0.674072
0.659739  0.0392797  0.764926
0.682156  -0.154492  -0.674072
0.660799  0.223601  -0.496017
0.660799  0.223601  -0.496017
0.656352  -0.265805  0.351576
0.65252  0.115446  0.318826
0.682156  -0.154492  -0.674072
0.682156  -0.154492  -0.674072
0.67135  0.297576  0.0394044
0.684984  -1.1096  0.815614
0.659739  0.0392797  0.764926
0.67135  0.297576  0.0394044
0.683467  -0.112471  -1.30465
0.645918  -0.19155  0.632671
0.664066  -0.426925  0.280622
0.633128  -0.184941  -0.775989
0.660799  0.223601  -0.496017
0.682156  -0.154492  -0.674072
0.651103  0.0398451  1.36412
0.659739  0.0392797  0.764926
0.656352  -0.265805  0.351576
0.67135  0.297576  0.0394044
0.624937  0.474934  1.62833
0.672027  0.513107  -0.0261018
0.672617  -0.218535  -0.0888105
0.659739  0.0392797  0.764926
0.674212  0.350879  -0.985225
0.67135  0.297576  0.115722
0.645028  0.260343  -0.224067
0.684984  -1.1096  0.815614
0.682156  -0.154492  -0.674072
0.659739  0.0392797  0.764926
0.674212  0.350879  -0.985225
0.664066  -0.426925  0.280622
0.683467  -0.112471  -1.30465
0.682156  -0.154492  -0.674072
0.656352  -0.265805  0.351576
0.659739  0.0392797  0.764926
0.633128  -0.184941  -0.775989
0.683467  0.445593  -1.30465
0.67135  0.297576  0.115722
0.664066  -0.426925  0.280622
0.656352  -0.265805  0.351576
0.656352  -0.265805  0.351576
0.683467  -0.112471  -1.30465
0.672027  0.513107  -0.0261018
0.672027  0.513107  -0.0261018
0.682156  -0.154492  -0.674072
0.672617  -0.218535  -0.0888105
0.656352  -0.265805  0.351576
0.672027  0.513107  -0.0261018
0.656352  -0.265805  0.351576
0.67135  0.297576  0.115722
0.682156  -0.154492  -0.674072
0.651103  0.0398451  1.36412
0.67135  0.297576  0.115722
0.643066  0.0392797  0.764926
0.682156  -0.154492  -0.674072
0.651103  0.0398451  1.36412
0.659739  0.0392797  0.764926
0.672027  0.513107  -0.0261018
0.69064  -0.17218  -0.957144
0.682156  -0.154492  -0.674072
0.660799  0.223601  -0.496017
0.682156  -0.154492  -0.674072
0.683467  -0.112471  -1.30465
0.660799  0.223601  -0.496017
0.651103  0.0398451  1.36412
0.672617  -0.218535  -0.0888105
0.645918  -0.19155  0.632671
0.659739  0.0392797  0.764926
0.682156  -0.140503  -0.69916
0.662869  0.17334  0.257274
0.645918  -0.19155  0.632671
0.672027  0.513107  -0.0261018
0.682156  -0.154492  -0.674072
0.682156  -0.140503  -0.69916
0.694442  0.0550258  0.448601
0.664066  -0.139497  0.280622
0.643066  0.0392797  0.764926
0.683467  -0.112471  -1.30465
0.656352  -0.265805  0.351576
0.682156  -0.140503  -0.69916
0.662869  0.17334  0.257274
0.67135  0.297576  0.115722
0.645918  -0.19155  0.632671
0.660799  0.223601  -0.496017
0.664066  -0.426925  0.280622
0.65252  0.115446  0.318826
0.652297  -0.124311  0.0390827
0.651103  0.0398451  1.36412
0.682156  -0.154492  -0.674072
0.683467  -0.112471  -1.30465
0.656352  -0.265805  0.351576
0.633128  -0.184941  -0.775989
0.682156  -0.154492  -0.674072
0.682156  -0.154492  -0.674072
0.643066  0.0392797  0.764926
0.659739  0.0392797  0.764926
0.67135  0.297576  0.0394044
0.684984  -1.1096  0.815614
0.682156  -0.154492  -0.674072
0.682156  -0.154492  -0.674072
0.682156  -0.154492  -0.674072
0.67135  0.297576  0.115722
0.672027  0.513107  -0.0261018
0.683467  -0.112471  -1.30465
0.672617  -0.218535  -0.0888105
0.672617  -0.218535  -0.0888105
0.656352  -0.265805  0.351576
0.672617  -0.218535  -0.0888105
0.659739  0.0392797  0.764926
0.645918  -0.19155  0.632671
0.682156  -0.154492  -0.674072
0.660799  0.223601  -0.496017
0.69064  -0.17218  -0.957144
0.651103  0.0398451  1.36412
0.682156  -0.154492  -0.674072
0.682156  -0.154492  -0.674072
0.664066  -0.426925  0.280622
0.651103  0.0398451  1.36412
0.656352  -0.265805  0.351576
0.652297  -0.124311  0.0390827
0.672617  -0.218535  -0.0888105
0.656352  -0.265805  0.351576
0.684984  -1.1096  0.849734
0.683467  -0.112471  -1.30465
0.664066  -0.426925  0.280622
0.684984  -1.1096  0.815614
0.682156  -0.154492  -0.674072
0.664066  -0.139497  0.280622
0.683467  -0.112471  -1.30465
0.682156  -0.140503  -0.69916
0.651103  0.0398451  1.36412
0.683467  0.03786  -1.30465
0.683467  -0.112471  -1.30465
0.656352  -0.265805  0.351576
0.684984  -1.1096  0.815614
0.633128  -0.184941  -0.775989
0.643066  0.0392797  0.764926
0.656352  -0.265805  0.351576
0.652297  -0.124311  0.0390827
0.651103  0.0398451  1.36412
0.672027  0.513107  -0.0261018
0.656352  -0.265805  0.351576
0.684984  -1.1096  0.815614
0.672617  -0.218535  -0.0888105
0.664066  -0.139497  0.280622
0.660799  0.223601  -0.496017
0.682156  -0.154492  -0.674072
0.682156  -0.154492  -0.674072
0.645918  -0.19155  0.632671
0.672617  -0.218535  -0.0888105
0.645028  0.260343  -0.224067
0.662869  0.17334  0.257274
0.684984  -1.1096  0.815614
0.682156  -0.154492  -0.674072
0.659739  0.0392797  0.764926
0.683467  0.445593  -1.30465
0.682156  -0.154492  -0.674072
0.651103  0.0398451  1.36412
0.684984  -1.1096  0.849734
0.656352  -0.265805  0.351576
0.672027  0.513107  -0.0261018
0.643066  0.0392797  0.764926
0.651103  0.0398451  1.36412
0.624937  0.474934  1.62833
0.656352  -0.265805  0.351576
0.656352  -0.265805  0.351576
0.659739  0.0392797  0.764926
0.656352  -0.265805  0.351576
0.652297  -0.124311  0.0390827
0.660799  0.223601  -0.496017
0.659739  0.0392797  0.764926
0.651103  0.0398451  1.36412
0.656352  -0.265805  0.351576
0.659739  0.0392797  0.764926
0.682156  -0.154492  -0.674072
0.645918  -0.19155  0.632671
0.65252  0.115446  0.318826
0.651103  0.0398451  1.36412
0.651103  0.0398451  1.36412
0.684984  -1.1096  0.815614
0.672027  0.513107  -0.0261018
0.643066  0.0392797  0.764926
0.682156  -0.154492  -0.674072
0.633128  -0.184941  -0.775989
0.664066  -0.139497  0.280622
0.683467  -0.112471  -1.30465
0.683467  0.445593  -1.30465
0.651103  0.0398451  1.36412
0.664066  -0.139497  0.280622
0.656352  -0.265805  0.351576
0.656352  -0.265805  0.351576
0.651103  0.0398451  1.36412
0.662869  0.17334  0.257274
0.645028  0.260343  -0.224067
0.645918  -0.19155  0.632671
0.660799  0.223601  -0.496017
0.633128  -0.184941  -0.775989
0.656352  -0.265805  0.351576
0.683467  0.03786  -1.30465
0.65252  0.115446  0.318826
0.683467  -0.112471  -1.30465
0.664066  -0.139497  0.280622
0.664066  -0.139497  0.280622
0.672617  -0.218535  -0.0888105
0.660799  0.223601  -0.496017
0.633128  -0.184941  -0.775989
0.683467  0.03786  -1.30465
0.672617  -0.218535  -0.0888105
0.645918  -0.19155  0.632671
0.645918  -0.19155  0.632671
0.656352  -0.265805  0.351576
0.672027  0.513107  -0.0261018
0.659739  0.0392797  0.764926
0.664066  -0.426925  0.280622
0.660799  0.223601  -0.496017
0.651103  0.0398451  1.36412
0.656352  -0.265805  0.351576
0.643066  0.0392797  0.764926
0.651103  0.0398451  1.36412
0.67135  0.297576  0.115722
0.662869  0.17334  0.257274
0.683467  -0.112471  -1.30465
0.65252  0.115446  0.318826
0.656352  -0.265805  0.351576
0.682156  -0.154492  -0.674072
0.672617  -0.218535  -0.0888105
0.682156  -0.154492  -0.674072
0.651103  0.0398451  1.36412
0.683467  -0.112471  -1.30465
0.672027  0.513107  -0.0261018
0.682156  -0.154492  -0.674072
0.656352  -0.265805  0.351576
0.659739  0.0392797  0.764926
0.645028  0.260343  -0.224067
0.656352  -0.265805  0.351576
0.651103  0.0398451  1.36412
0.694442  0.0550258  0.448601
0.660799  0.223601  -0.496017
0.682156  -0.154492  -0.674072
0.672027  0.513107  -0.0261018
0.664066  -0.139497  0.280622
0.651103  0.0398451  1.36412
0.656352  -0.265805  0.351576
0.656352  -0.265805  0.351576
0.682156  -0.154492  -0.674072
0.651103  0.0398451  1.36412
0.656352  -0.265805  0.351576
0.656352  -0.265805  0.351576
0.682156  -0.140503  -0.69916
0.645918  -0.19155  0.632671
0.674212  0.350879  -0.985225
0.67135  0.297576  0.0394044
0.659739  0.0392797  0.764926
0.656352  -0.265805  0.351576
0.645918  -0.19155  0.632671
0.682156  -0.154492  -0.674072
0.652297  -0.124311  0.0390827
0.682156  -0.154492  -0.674072
0.683467  -0.112471  -1.30465
0.672617  -0.218535  -0.0888105
0.682156  -0.165312  -0.772874
0.684984  -1.1096  0.815614
0.682156  -0.154492  -0.674072
0.656352  -0.265805  0.351576
0.682156  -0.154492  -0.674072
0.651103  0.0398451  1.36412
0.656352  -0.265805  0.351576
0.682156  -0.165312  -0.772874
0.683467  -0.112471  -1.30465
0.659739  0.0392797  0.764926
0.683467  0.03786  -1.30465
0.656352  -0.265805  0.351576
0.672027  0.513107  -0.0261018
0.645918  -0.19155  0.632671
0.67135  0.297576  0.115722
0.652297  -0.124311  0.0390827
0.694442  0.0550258  0.448601
0.682156  -0.154492  -0.674072
0.656352  -0.265805  0.351576
0.645918  -0.19155  0.632671
0.643066  0.0392797  0.764926
0.684984  -1.1096  0.815614
0.645918  -0.19155  0.632671
0.651103  0.0398451  1.36412
0.672617  -0.218535  -0.0888105
0.683467  -0.112471  -1.30465
0.624937  0.474934  1.62833
0.656352  -0.265805  0.351576
0.656352  -0.265805  0.351576
0.682156  -0.154492  -0.674072
0.659739  0.0392797  0.764926
0.652297  -0.124311  0.0390827
0.683467  0.445593  -1.30465
0.682156  -0.154492  -0.674072
0.651103  0.0398451  1.36412
0.652297  -0.124311  0.0390827
0.656352  -0.265805  0.351576
0.643066  0.0392797  0.764926
0.643066  0.0392797  0.764926
0.682156  -0.154492  -0.674072
0.684984  -1.1096  0.815614
0.672027  0.513107  -0.0261018
0.656352  -0.265805  0.351576
0.682156  -0.154492  -0.674072
0.683467  -0.112471  -1.30465
0.633128  -0.184941  -0.775989
0.682156  -0.154492  -0.674072
0.69064  -0.17218  -0.957144
0.624937  0.474934  1.62833
0.659739  0.0392797  0.764926
0.683467  0.445593  -1.30465
0.672617  -0.218535  -0.0888105
0.69064  -0.17218  -0.957144
0.651103  0.0398451  1.36412
0.656352  -0.265805  0.351576
0.656352  -0.265805  0.351576
0.656352  -0.265805  0.351576
0.682156  -0.154492  -0.674072
0.659739  0.0392797  0.764926
0.69064  -0.17218  -0.957144
0.651103  0.0398451  1.36412
0.672617  -0.218535  -0.0888105
0.672617  -0.218535  -0.0888105
0.682156  -0.154492  -0.674072
0.682156  -0.154492  -0.674072
0.672027  0.513107  -0.0261018
0.633128  -0.184941  -0.775989
0.683467  0.03786  -1.30465
0.664066  -0.426925  0.280622
0.651103  0.0398451  1.36412
0.651103  0.0398451  1.36412
0.684984  -1.1096  0.815614
0.674212  0.350879  -0.985225
0.682156  -0.140503  -0.181895
0.682156  -0.154492  -0.674072
0.672027  0.513107  -0.0261018
0.674212  0.350879  -0.985225
0.682156  -0.154492  -0.674072
0.683467  -0.112471  -1.30465
0.664066  -0.426925  0.280622
0.656352  -0.265805  0.351576
0.684984  -1.1096  0.815614
0.664066  -0.426925  0.280622
0.682156  -0.154492  -0.674072
0.67135  0.297576  0.0394044
0.656352  -0.265805  0.351576
0.660799  0.223601  -0.496017
0.659739  0.0392797  0.764926
0.664066  -0.139497  0.280622
0.662869  0.17334  0.233542
0.672617  -0.218535  -0.0888105
0.683467  0.445593  -1.30465
0.651103  0.0398451  1.36412
0.659739  0.0392797  0.764926
0.69064  -0.17218  -0.957144
0.660799  0.223601  -0.496017
0.672617  -0.218535  -0.0888105
0.660799  0.223601  -0.496017
0.660799  0.223601  -0.496017
0.624937  0.474934  1.62833
0.656352  -0.265805  0.351576
0.682156  -0.165312  -0.772874
0.624937  0.474934  1.62833
0.656352  -0.265805  0.351576
0.682156  -0.154492  -0.674072
0.672617  -0.218535  -0.0888105
0.662869  0.17334  0.257274
0.682156  -0.154492  -0.674072
0.684984  -1.1096  0.815614
0.682156  -0.140503  -0.69916
0.636558  0.00500801  0.195266
0.684984  -1.1096  0.815614
0.651103  0.0398451  1.36412
0.645918  -0.19155  0.632671
0.683467  -0.112471  -1.30465
0.651103  0.0398451  1.36412
0.656352  -0.265805  0.351576
0.660799  0.223601  -0.496017
0.682156  -0.154492  -0.674072
0.664066  -0.139497  0.280622
0.656352  -0.265805  0.351576
0.660799  0.223601  -0.496017
0.656352  -0.265805  0.351576
0.656352  -0.265805  0.351576
0.651103  0.0398451  1.36412
0.656352  -0.265805  0.351576
0.659739  0.0392797  0.764926
0.659739  0.0392797  0.764926
0.67135  0.297576  0.0394044
0.652297  -0.124311  0.0390827
0.67135  0.297576  0.115722
0.683467  -0.112471  -1.30465
0.645918  -0.19155  0.632671
0.67135  0.297576  0.115722
0.651103  0.0398451  1.36412
0.672027  0.513107  -0.0261018
0.656352  -0.265805  0.351576
0.656352  -0.265805  0.351576
0.656352  -0.265805  0.351576
0.651103  0.0398451  1.36412
0.684984  -1.1096  0.815614
0.645918  -0.19155  0.632671
0.672617  -0.218535  -0.0888105
0.683467  0.445593  -1.30465
0.645918  -0.19155  0.632671
0.656352  -0.265805  0.351576
0.683467  -0.112471  -1.30465
0.683467  0.03786  -1.30465
0.672617  -0.218535  -0.0888105
0.682156  -0.154492  -0.674072
0.624937  0.474934  1.62833
0.651103  0.0398451  1.36412
0.664066  -0.139497  0.280622
0.652297  -0.124311  0.0390827
0.67135  0.297576  0.0394044
0.682156  -0.154492  -0.674072
0.683467  0.445593  -1.30465
0.682156  -0.154492  -0.674072
0.683467  -0.112471  -1.30465
0.674212  0.350879  -0.985225
0.682156  -0.154492  -0.674072
0.672027  0.513107  -0.0261018
0.652297  -0.124311  0.0390827
0.682156  -0.154492  -0.674072
0.660799  0.223601  -0.496017
0.682156  -0.154492  -0.674072
0.682156  -0.154492  -0.674072
0.659739  0.0392797  0.764926
0.660799  0.223601  -0.496017
0.672617  -0.218535  -0.0888105
0.643066  0.0392797  0.764926
0.662869  0.17334  0.233542
0.683467  -0.112471  -1.30465
0.684984  -1.1096  0.815614
0.662869  0.17334  0.233542
0.684984  -1.1096  0.815614
0.659739  0.0392797  0.764926
0.659739  0.0392797  0.764926
0.67135  0.297576  0.115722
0.659739  0.0392797  0.764926
0.656352  -0.265805  0.351576
0.682156  -0.154492  -0.674072
0.674212  0.350879  -0.985225
0.656352  -0.265805  0.351576
0.684984  -1.1096  0.815614
0.656352  -0.265805  0.351576
0.672617  -0.218535  -0.0888105
0.643066  0.0392797  0.764926
0.684984  -1.1096  0.815614
0.656352  -0.265805  0.351576
0.660799  0.223601  -0.496017
0.664066  -0.139497  0.280622
0.645918  -0.19155  0.632671
0.683467  -0.112471  -1.30465
0.67135  0.297576  0.115722
0.660799  0.223601  -0.496017
0.659739  0.0392797  0.764926
0.683467  -0.112471  -1.30465
0.643066  0.0392797  0.764926
0.674212  0.350879  -0.985225
0.682156  -0.154492  -0.674072
0.683467  -0.112471  -1.30465
0.645918  -0.19155  0.632671
0.682156  -0.154492  -0.674072
0.683467  0.445593  -1.30465
0.67135  0.297576  0.0394044
0.672617  -0.218535  -0.0888105
0.651103  0.0398451  1.36412
0.656352  -0.265805  0.351576
0.674212  0.350879  -0.985225
0.682156  -0.154492  -0.674072
0.652297  -0.124311  0.0390827
0.684984  -1.1096  0.815614
0.682156  -0.154492  -0.674072
0.656352  -0.265805  0.351576
0.682156  -0.154492  -0.674072
0.656352  -0.265805  0.351576
0.682156  -0.140503  -0.69916
0.682156  -0.154492  -0.674072
0.651103  0.0398451  1.36412
0.682156  -0.154492  -0.674072
0.672027  0.513107  -0.0261018
0.684984  -1.1096  0.815614
0.674212  0.350879  -0.985225
0.682156  -0.154492  -0.674072
0.682156  -0.154492  -0.674072
0.643066  0.0392797  0.764926
0.69064  -0.17218  -0.957144
0.672617  -0.218535  -0.0888105
0.672027  0.513107  -0.0261018
0.624937  0.474934  1.62833
0.67135  0.297576  0.115722
0.662869  0.17334  0.233542
0.651103  0.0398451  1.36412
0.684984  -1.1096  0.849734
0.656352  -0.265805  0.351576
0.664066  -0.426925  0.280622
0.624937  0.474934  1.62833
0.674212  0.350879  -0.985225
0.643066  0.0392797  0.764926
0.656352  -0.265805  0.351576
0.643066  0.0392797  0.764926
0.672617  -0.218535  -0.0888105
0.664066  -0.139497  0.280622
0.683467  0.445593  -1.30465
0.651103  0.0398451  1.36412
0.683467  0.445593  -1.30465
0.664066  -0.426925  0.280622
0.656352  -0.265805  0.351576
0.682156  -0.154492  -0.674072
0.684984  -1.1096  0.815614
0.682156  -0.154492  -0.674072
0.659739  0.0392797  0.764926
0.633128  -0.184941  -0.775989
0.659739  0.0392797  0.764926
0.645918  -0.19155  0.632671
0.672617  -0.218535  -0.0888105
0.659739  0.0392797  0.764926
0.652297  -0.124311  0.0390827
0.660799  0.223601  -0.496017
0.651103  0.0398451  1.36412
0.682156  -0.154492  -0.674072
0.69064  -0.17218  -0.957144
0.643066  0.0392797  0.764926
0.656352  -0.265805  0.351576
0.672617  -0.218535  -0.0888105
0.660799  0.223601  -0.496017
0.659739  0.0392797  0.764926
0.659739  0.0392797  0.764926
0.660799  0.223601  -0.496017
0.65252  0.115446  0.318826
0.683467  -0.112471  -1.30465
0.682156  -0.154492  -0.674072
0.672027  0.513107  -0.0261018
0.672617  -0.218535  -0.0888105
0.683467  -0.112471  -1.30465
0.662869  0.17334  0.233542
0.682156  -0.154492  -0.674072
0.674212  0.350879  -0.985225
0.682156  -0.154492  -0.674072
0.67135  0.297576  0.115722
0.659739  0.0392797  0.764926
0.651103  0.0398451  1.36412
0.67135  0.297576  0.115722
0.682156  -0.154492  -0.674072
0.684984  -1.1096  0.815614
0.682156  -0.154492  -0.674072
0.672617  -0.218535  -0.0888105
0.633128  -0.184941  -0.775989
0.656352  -0.265805  0.351576
0.682156  -0.154492  -0.674072
0.656352  -0.265805  0.351576
0.672027  0.513107  -0.0261018
0.656352  -0.265805  0.351576
0.674212  0.350879  -0.985225
0.664066  -0.139497  0.280622
0.656352  -0.265805  0.351576
0.682156  -0.154492  -0.674072
0.659739  0.0392797  0.764926
0.674212  0.350879  -0.985225
0.651103  0.0398451  1.36412
0.633128  -0.184941  -0.775989
0.652297  -0.124311  0.0390827
0.651103  0.0398451  1.36412
0.682156  -0.154492  -0.674072
0.682156  -0.140503  -0.69916
0.645028  0.260343  -0.224067
0.682156  -0.154492  -0.674072
0.664066  -0.426925  0.280622
0.684984  -1.1096  0.815614
0.682156  -0.357528  -0.525827
0.672617  -0.218535  -0.0888105
0.674212  0.350879  -0.985225
0.682156  -0.154492  -0.674072
0.662869  0.17334  0.257274
0.683467  -0.112471  -1.30465
0.682156  -0.154492  -0.674072
0.684984  -1.1096  0.815614
0.683467  -0.112471  -1.30465
0.682156  -0.154492  -0.674072
0.682156  -0.154492  -0.674072
0.683467  -0.112471  -1.30465
0.664066  -0.426925  0.280622
0.624937  0.474934  1.62833
0.69064  -0.17218  -0.957144
0.656352  -0.265805  0.351576
0.652297  -0.124311  0.0390827
0.659739  0.0392797  0.764926
0.684984  -1.1096  0.815614
0.682156  -0.140503  -0.69916
0.660799  0.223601  -0.496017
0.682156  -0.154492  -0.674072
0.659739  0.0392797  0.764926
0.662869  0.17334  0.257274
0.672617  -0.218535  -0.0888105
0.682156  -0.154492  -0.674072
0.659739  0.0392797  0.764926
0.656352  -0.265805  0.351576
0.664066  -0.426925  0.280622
0.651103  0.0398451  1.36412
0.67135  0.297576  0.115722
0.662869  0.17334  0.233542
0.682156  -0.154492  -0.674072
0.656352  -0.265805  0.351576
0.672617  -0.218535  -0.0888105
0.684984  -1.1096  0.815614
0.672617  -0.218535  -0.0888105
0.683467  -0.112471  -1.30465
0.660799  0.223601  -0.496017
0.682156  -0.154492  -0.674072
0.651103  0.0398451  1.36412
0.67135  0.297576  0.115722
0.656352  -0.265805  0.351576
0.659739  0.0392797  0.764926
0.69064  -0.17218  -0.957144
0.682156  -0.140503  -0.69916
0.682156  -0.140503  -0.69916
0.674212  0.350879  -0.985225
0.659739  0.0392797  0.764926
0.682156  -0.140503  -0.181895
0.662869  0.17334  0.233542
0.682156  -0.154492  -0.674072
0.682156  -0.154492  -0.674072
0.682156  -0.154492  -0.674072
0.645918  -0.19155  0.632671
0.645918  -0.19155  0.632671
0.656352  -0.265805  0.351576
0.672617  -0.218535  -0.0888105
0.683467  0.445593  -1.30465
0.652297  -0.124311  0.0390827
0.682156  -0.140503  -0.69916
0.656352  -0.265805  0.351576
0.659739  0.0392797  0.764926
0.69064  -0.17218  -0.957144
0.662869  0.17334  0.257274
0.645918  -0.19155  0.632671
0.682156  -0.140503  -0.69916
0.682156  -0.154492  -0.674072
0.682156  -0.140503  -0.69916
0.682156  -0.154492  -0.674072
0.652297  -0.124311  0.0390827
0.643066  0.0392797  0.764926
0.682156  -0.154492  -0.674072
0.67135  0.297576  0.115722
0.67135  0.297576  0.0394044
0.652297  -0.124311  0.0390827
0.659739  0.0392797  0.764926
0.682156  -0.165312  -0.772874
0.672617  -0.218535  -0.0888105
0.683467  0.445593  -1.30465
0.656352  -0.265805  0.351576
0.656352  -0.265805  0.351576
0.683467  -0.112471  -1.30465
0.656352  -0.265805  0.351576
0.67135  0.297576  0.0394044
0.645028  0.260343  -0.224067
0.683467  -0.112471  -1.30465
0.683467  -0.112471  -1.30465
0.694442  0.0550258  0.448601
0.672617  -0.218535  -0.0888105
0.664066  -0.139497  0.280622
0.67135  0.297576  0.115722
0.659739  0.0392797  0.764926
0.672617  -0.218535  -0.0888105
0.672617  -0.218535  -0.0888105
0.652297  -0.124311  0.0390827
0.651103  0.0398451  1.36412
0.682156  -0.154492  -0.674072
0.660799  0.223601  -0.496017
0.682156  -0.154492  -0.674072
0.69064  -0.17218  -0.957144
0.659739  0.0392797  0.764926
0.682156  -0.357528  -0.525827
0.652297  -0.124311  0.0390827
0.652297  -0.124311  0.0390827
0.69064  -0.17218  -0.957144
0.69064  -0.17218  -0.957144
0.652297  -0.124311  0.0390827
0.683467  -0.112471  -1.30465
0.672617  -0.218535  -0.0888105
0.682156  -0.154492  -0.674072
0.682156  -0.154492  -0.674072
0.682156  -0.154492  -0.674072
0.65252  0.115446  0.318826
0.651103  0.0398451  1.36412
0.683467  -0.112471  -1.30465
0.664066  -0.426925  0.280622
0.659739  0.0392797  0.764926
0.67135  0.297576  0.115722
0.682156  -0.154492  -0.674072
0.656352  -0.265805  0.351576
0.645918  -0.19155  0.632671
0.651103  0.0398451  1.36412
0.684984  -1.1096  0.815614
0.651103  0.0398451  1.36412
0.682156  -0.154492  -0.674072
0.651103  0.0398451  1.36412
0.684984  -1.1096  0.815614
0.645918  -0.19155  0.632671
0.651103  0.0398451  1.36412
0.683467  0.445593  -1.30465
0.672617  -0.218535  -0.0888105
0.652297  -0.124311  0.0390827
0.682156  -0.154492  -0.674072
0.656352  -0.265805  0.351576
0.672027  0.513107  -0.0261018
0.656352  -0.265805  0.351576
0.684984  -1.1096  0.815614
0.645918  -0.19155  0.632671
0.656352  -0.265805  0.351576
0.656352  -0.265805  0.351576
0.682156  -0.154492  -0.674072
0.643066  0.0392797  0.764926
0.683467  -0.112471  -1.30465
0.682156  -0.140503  -0.181895
0.643066  0.0392797  0.764926
0.652297  -0.124311  0.0390827
0.69064  -0.17218  -0.957144
0.645028  0.260343  -0.224067
0.672617  -0.218535  -0.0888105
0.694442  0.0550258  0.448601
0.659739  0.0392797  0.764926
0.682156  -0.154492  -0.674072
0.633128  -0.184941  -0.775989
0.645918  -0.19155  0.632671
0.624937  0.474934  1.62833
0.683467  -0.112471  -1.30465
0.651103  0.0398451  1.36412
0.664066  -0.139497  0.280622
0.651103  0.0398451  1.36412
0.659739  0.0392797  0.764926
0.651103  0.0398451  1.36412
0.682156  -0.154492  -0.674072
0.682156  -0.154492  -0.674072
0.684984  -1.1096  0.815614
0.660799  0.223601  -0.496017
0.660799  0.223601  -0.496017
0.672027  0.513107  -0.0261018
0.683467  -0.112471  -1.30465
0.672617  -0.218535  -0.0888105
0.684984  -1.1096  0.815614
0.651103  0.0398451  1.36412
0.656352  -0.265805  0.351576
0.624937  0.474934  1.62833
0.651103  0.0398451  1.36412
0.656352  -0.265805  0.351576
0.664066  -0.139497  0.280622
0.684984  -1.1096  0.815614
0.682156  -0.357528  -0.525827
0.682156  -0.154492  -0.674072
