0.925216  1.11218  -1.08335
0.84464  1.24358  -0.848675
0.73197  1.41585  -1.21282
0.796009  1.29712  -0.512919
0.984201  1.05228  1.26863
0.925216  1.11218  -1.08335
0.73197  1.37665  -1.34397
0.852206  1.22003  0.674865
0.925216  1.11218  -1.08335
0.984201  0.986577  1.70433
0.984201  0.986577  1.33699
0.925216  1.11218  -1.08335
0.763042  1.34843  -1.22887
0.763042  1.34843  -1.22887
0.984201  0.986577  1.70433
0.938581  1.07449  -0.66974
0.73197  1.41585  -1.21282
0.84182  1.22003  1.02149
0.933735  1.08434  -0.613678
0.984201  0.986577  1.70433
0.925216  1.11218  -1.08335
0.925216  1.11218  -1.08335
0.933735  1.08434  -0.613678
0.796009  1.24358  -0.88142
0.852206  1.22003  0.674865
0.984201  0.986577  1.70433
0.925216  1.11218  -1.08335
0.984201  0.986577  1.70433
0.73197  1.37665  -1.34397
0.763042  1.34843  -1.22243
0.84182  1.22003  1.02149
0.763042  1.34843  -1.22887
0.984201  1.05228  1.26863
0.796009  1.29712  -0.512919
0.984201  1.05228  1.26863
0.938581  1.07449  -0.66974
0.984201  0.986577  1.70433
0.984201  1.05228  1.26863
0.852206  1.22003  0.674865
0.763042  1.34843  -1.00842
0.84464  1.24358  -0.848675
0.933735  1.08434  -0.613678
0.763042  1.34843  -1.00842
0.993234  0.996436  -0.55744
0.984201  1.05228  1.26863
0.905956  1.11221  0.496162
0.938581  1.07449  -0.66974
0.763042  1.34843  -1.22887
0.984201  1.05228  1.26863
0.988535  0.996436  -0.0980905
0.84182  1.22003  1.02149
0.84182  1.22003  1.02149
0.925216  1.11218  -1.08335
0.984201  1.05228  1.26863
0.984201  0.986577  1.70433
0.84182  1.22003  1.02149
0.73197  1.37665  -1.34397
0.84182  1.22003  1.02149
0.905956  1.11221  0.159544
0.905956  1.11221  0.496162
0.763042  1.34843  -1.22887
0.984201  1.05228  1.26863
0.73197  1.41585  -1.21282
0.938581  1.07449  -0.66974
0.763042  1.34843  -1.22243
0.796009  1.29712  -0.512919
0.933735  1.08434  -0.613678
0.984201  1.05228  1.26863
0.73197  1.41585  -1.21282
0.925216  1.11218  -1.08335
0.933735  1.08434  -0.613678
0.938581  1.07449  -0.66974
0.938581  1.07449  -0.66974
0.73197  1.37665  -1.34397
0.796009  1.29712  -0.512919
0.984201  0.986577  1.70433
0.84182  1.22003  1.02149
0.73197  1.41585  -1.21282
0.993234  0.996436  -0.55744
0.73197  1.37665  -1.34397
0.933735  1.08434  -0.613678
0.763042  1.34843  -1.00842
0.763042  1.34843  -1.22887
0.984201  1.05228  1.26863
0.796009  1.29712  -0.512919
0.763042  1.34843  -1.22243
0.984201  0.986577  1.70433
0.84182  1.22003  1.02149
0.984201  1.05228  1.26863
0.763042  1.34843  -1.22243
0.925216  1.11218  -1.08335
0.796009  1.29712  -0.512919
0.925216  1.11218  -1.08335
0.84464  1.24358  -0.848675
0.763042  1.34843  -1.22243
0.993234  0.982  -0.240731
0.984201  1.05228  1.26863
0.796009  1.29712  -0.512919
0.933735  1.08434  -0.613678
0.73197  1.37665  -1.34397
0.984201  1.05228  1.26863
0.984201  1.05228  1.26863
0.905956  1.11221  0.159544
0.763042  1.34843  -1.22887
0.925216  1.11218  -1.08335
0.984201  1.05228  1.26863
0.73197  1.41585  -1.21282
0.763042  1.34843  -1.22887
0.984201  1.05228  1.26863
0.852206  1.22003  0.674865
0.796009  1.29712  -0.512919
0.84464  1.24358  -0.848675
0.925216  1.11218  -1.08335
0.925216  1.11218  -1.08335
0.763042  1.34843  -1.22887
0.763042  1.34843  -1.22243
0.73197  1.37665  -1.34397
0.902149  0.916881  0.413049
0.84464  1.24358  -0.848675
0.984201  1.05228  1.26863
0.984201  1.05228  1.26863
0.993234  0.996436  -0.55744
0.984201  0.986577  1.33699
0.984201  0.986577  1.70433
0.796009  1.29712  -0.512919
0.763042  1.34843  -1.22243
0.796009  1.29712  -0.512919
0.933735  1.08434  -0.609728
0.925216  1.11218  -1.08335
0.73197  1.37665  -1.34397
0.84182  1.22003  1.02149
0.933735  1.08434  -0.609728
0.925216  1.11218  -1.08335
0.73197  1.41585  -1.21282
0.84182  1.22003  1.02149
0.984201  0.986577  1.70433
0.852206  1.22003  0.674865
0.796009  1.29712  -0.512919
0.852206  1.22003  0.674865
0.925216  1.08649  -1.08335
0.925216  1.11218  -1.08335
0.933735  1.08434  -0.613678
0.796009  1.29712  -0.512919
0.763042  1.34843  -1.22887
0.933735  1.08434  -0.613678
0.938581  1.07449  -0.66974
0.925216  1.11218  -1.08335
0.763042  1.34843  -1.22887
0.933735  1.08434  -0.613678
0.763042  1.34843  -1.22243
0.73197  1.41585  -1.21282
0.993234  0.996436  -0.55744
0.852206  1.22003  0.674865
0.73197  1.41585  -1.21282
0.763042  1.34843  -1.22887
0.993234  0.996436  -0.55744
0.73197  1.41585  -1.21282
0.938581  1.07449  -0.66974
0.984201  1.05228  1.26863
0.938581  1.07449  -0.66974
0.796009  1.24358  -1.05372
0.984201  1.05228  1.26863
0.73197  1.41585  -1.21282
0.796009  1.29712  -0.512919
0.933735  1.08434  -0.613678
0.905956  1.11221  0.496162
0.984201  1.05228  1.26863
0.763042  1.34843  -1.22243
0.984201  1.05228  1.26863
0.763042  1.34843  -1.22887
0.905956  1.11221  0.159544
0.984201  1.05228  1.26863
0.933735  1.08434  -0.613678
0.763042  1.34843  -1.22243
0.796009  1.24358  -0.88142
0.852206  1.22003  0.674865
0.984201  1.05228  1.26863
0.84464  1.24358  -0.848675
0.763042  1.34843  -1.22887
0.993234  0.996436  -0.55744
0.73197  1.41585  -1.21282
0.984201  1.05228  1.26863
0.938581  1.07449  -0.66974
0.993234  0.996436  -0.55744
0.984201  1.05228  1.26863
0.73197  1.41585  -1.21282
0.925216  1.11218  -1.08335
0.763042  1.34843  -1.22887
0.925216  1.11218  -1.08335
0.984201  1.05228  1.26863
0.984201  1.05228  1.26863
0.763042  1.34843  -1.22887
0.73197  1.37665  -1.34397
0.73197  1.37665  -1.34397
0.796009  1.29712  -0.512919
0.984201  1.05228  1.26863
0.84182  1.22003  1.02149
0.933735  1.08434  -0.609728
0.84182  1.22003  1.02149
0.796009  1.29712  -0.512919
0.933735  1.08434  -0.613678
0.796009  1.29712  -0.512919
0.938581  1.07449  -0.66974
0.84464  1.24358  -0.848675
0.984201  0.986577  1.70433
0.905956  1.11221  0.496162
0.763042  1.34843  -1.22243
0.925216  1.11218  -1.08335
0.73197  1.41585  -1.21282
0.984201  0.986577  1.70433
0.984201  1.05228  1.26863
0.925216  1.11218  -1.08335
0.984201  0.986577  1.33699
0.993234  0.996436  -0.55744
0.938581  1.07449  -0.66974
0.73197  1.41489  -1.07508
0.984201  1.05228  1.26863
0.763042  1.34843  -1.22243
0.933735  1.08434  -0.613678
0.984201  0.986577  1.70433
0.984201  1.05228  1.26863
0.852206  1.22003  0.674865
0.73197  1.41585  -1.21282
0.984201  1.05228  1.26863
0.796009  1.29712  -0.512919
0.796009  1.29712  -0.512919
0.763042  1.34843  -1.22243
0.925216  1.11218  -1.08335
0.796009  1.29712  -0.512919
0.925216  1.11218  -1.08335
0.925216  1.11218  -1.08335
0.763042  1.34843  -1.22887
0.993234  0.982  -0.240731
0.984201  1.05228  1.26863
0.984201  1.05228  1.26863
0.938581  1.07449  -0.66974
0.84182  1.22003  1.02149
0.933735  1.08434  -0.613678
0.925216  1.11218  -1.08335
0.905956  1.11221  0.496162
0.984201  1.05228  1.26863
0.763042  1.34843  -1.22887
0.984201  0.986577  1.70433
0.984201  1.05228  1.26863
0.984201  1.05228  1.26863
0.984201  1.05228  1.26863
0.984201  1.05228  1.26863
0.933735  1.08434  -0.613678
0.796009  1.29712  -0.512919
0.984201  1.05228  1.26863
0.84464  1.24358  -0.848675
0.933735  1.08434  -0.613678
0.938581  1.07449  -0.66974
0.925216  1.11218  -1.08335
0.984201  0.986577  1.70433
0.984201  0.986577  1.70433
0.933735  1.08434  -0.609728
0.925216  1.11218  -1.08335
0.933735  1.08434  -0.613678
0.73197  1.37665  -1.34397
0.933735  1.08434  -0.613678
0.84182  1.22003  1.02149
0.925216  1.11218  -1.08335
0.905956  1.11221  0.496162
0.763042  1.34843  -1.22887
0.933735  1.08434  -0.613678
0.73197  1.41585  -1.21282
0.763042  1.34843  -1.00842
0.984201  1.05228  1.26863
0.984201  1.05228  1.26863
0.763042  1.34843  -1.22243
0.984201  1.05228  1.26863
0.925216  1.11218  -1.08335
0.933735  1.08434  -0.613678
0.984201  1.05228  1.26863
0.925216  1.11218  -1.08335
0.925216  1.11218  -1.08335
0.73197  1.41585  -1.21282
0.984201  0.986577  1.70433
0.984201  1.05228  1.26863
0.925216  1.11218  -1.08335
0.925216  1.11218  -1.08335
0.925216  1.11218  -1.08335
0.984201  0.986577  1.70433
0.984201  1.05228  1.26863
0.905956  1.11221  0.159544
0.763042  1.34843  -1.22887
0.993234  0.996436  -0.55744
0.763042  1.34843  -1.22243
0.984201  0.986577  1.70433
0.905956  1.11221  0.159544
0.984201  1.05228  1.26863
0.796009  1.29712  -0.512919
0.984201  0.986577  1.33699
0.970199  0.964815  -0.656327
0.73197  1.37665  -1.34397
0.73197  1.41585  -1.21282
0.984201  1.05228  1.26863
0.905956  1.11221  0.159544
0.925216  1.11218  -1.08335
0.938581  1.07449  -0.66974
0.763042  1.34843  -1.00842
0.933735  1.08434  -0.633404
0.984201  1.05228  1.26863
0.763042  1.34843  -1.22887
0.993234  0.996436  -0.55744
0.984201  1.05228  1.26863
0.933735  1.08434  -0.613678
0.984201  0.986577  1.70433
0.763042  1.34843  -1.22243
0.925216  1.11218  -1.08335
0.984201  0.986577  1.70433
0.984201  0.986577  1.33699
0.84464  1.24358  -0.848675
0.938581  1.07449  -0.66974
0.763042  1.34843  -1.22887
0.73197  1.37665  -1.34397
0.763042  1.34843  -1.22887
0.763042  1.34843  -1.22887
0.933735  1.08434  -0.613678
0.763042  1.34843  -1.22887
0.84464  1.24358  -0.848675
0.73197  1.41585  -1.21282
0.763042  1.34843  -1.22243
0.933735  1.08434  -0.613678
0.925216  1.11218  -1.08335
0.73197  1.37665  -1.34397
0.970199  0.964815  -0.656327
0.984201  0.986577  1.70433
0.763042  1.34843  -1.22243
0.925216  1.11218  -1.08335
0.984201  1.05228  1.26863
0.84182  1.22003  1.02149
0.73197  1.41585  -1.21282
0.73197  1.41585  -1.21282
0.984201  0.986577  1.70433
0.73197  1.41585  -1.21282
0.933735  1.08434  -0.613678
0.938581  1.07449  -0.620259
0.905956  1.11221  0.496162
0.73197  1.41585  -1.21282
0.925216  1.11218  -1.08335
0.73197  1.37665  -1.34397
0.984201  0.986577  1.33699
0.938581  1.07449  -0.66974
0.763042  1.34843  -1.22243
0.905956  1.11221  0.496162
0.984201  1.05228  1.26863
0.925216  1.11218  -1.08335
0.73197  1.37665  -1.34397
0.993234  0.996436  -0.55744
0.933735  1.08434  -0.613678
0.933735  1.08434  -0.613678
0.84182  1.22003  1.02149
0.925216  1.11218  -1.08335
0.763042  1.34843  -1.22243
0.984201  1.05228  1.26863
0.763042  1.34843  -1.22887
0.905956  1.11221  0.496162
0.763042  1.34843  -1.22887
0.984201  1.05228  1.26863
0.938581  1.07449  -0.66974
0.993234  0.996436  -0.55744
0.925216  1.11218  -1.08335
0.984201  0.986577  1.70433
0.905956  1.11221  0.496162
0.984201  0.986577  1.70433
0.905956  1.11221  0.496162
0.73197  1.37665  -1.34397
0.763042  1.34843  -1.22243
0.905956  1.11221  0.305156
0.984201  0.986577  1.70433
0.984201  1.05228  1.26863
0.984201  1.05228  1.26863
0.933735  1.08434  -0.609728
0.933735  1.08434  -0.613678
0.984201  1.05228  1.26863
0.73197  1.41585  -1.21282
0.984201  1.05228  1.26863
0.984201  1.05228  1.26863
0.73197  1.37665  -1.34397
0.984201  1.05228  1.26863
0.933735  1.08434  -0.609728
0.984201  1.05228  1.26863
0.905956  1.11221  0.159544
0.73197  1.41585  -1.21282
0.984201  0.986577  1.70433
0.905956  1.11221  0.305156
0.984201  1.05228  1.26863
0.73197  1.41585  -1.21282
0.796009  1.29712  -0.512919
0.984201  1.05228  1.26863
0.84464  1.24358  -0.848675
0.852206  1.22003  0.674865
0.73197  1.37665  -1.34397
0.984201  0.986577  1.70433
0.84464  1.24358  -0.848675
0.933735  1.08434  -0.613678
0.925216  1.11218  -1.08335
0.852206  1.22003  0.674865
0.852206  1.22003  0.674865
0.938581  1.07449  -0.66974
0.84464  1.24358  -0.848675
0.938581  1.07449  -0.66974
0.763042  1.34843  -1.22243
0.763042  1.34843  -1.22887
0.984201  1.05228  1.26863
0.938581  1.07449  -0.66974
0.925216  1.11218  -1.08335
0.925216  1.11218  -1.08335
0.984201  1.05228  1.26863
0.925216  1.11218  -1.08335
0.984201  0.986577  1.33699
0.984201  1.05228  1.26863
0.763042  1.34843  -1.22887
0.73197  1.41585  -1.21282
0.984201  1.05228  1.26863
0.73197  1.41585  -1.21282
0.852206  1.22003  0.674865
0.938581  1.07449  -0.66974
0.925216  1.11218  -1.08335
0.933735  1.08434  -0.613678
0.984201  1.05228  1.26863
0.938581  1.07449  -0.620259
0.933735  1.08434  -0.613678
0.763042  1.34843  -1.22887
0.905956  1.11221  0.496162
0.970199  0.964815  -0.656327
0.73197  1.37665  -1.34397
0.984201  0.986577  1.33699
0.984201  0.986577  1.70433
0.925216  1.11218  -1.08335
0.905956  1.11221  0.496162
0.984201  0.986577  1.70433
0.763042  1.34843  -1.22243
0.925216  1.11218  -1.08335
0.84182  1.22003  1.02149
0.984201  0.986577  1.70433
0.984201  1.05228  1.26863
0.763042  1.34843  -1.22243
0.938581  1.07449  -0.66974
0.993234  0.996436  -0.55744
0.984201  1.05228  1.26863
0.938581  1.07449  -0.66974
0.763042  1.34843  -1.22243
0.852206  1.22003  0.674865
0.925216  1.11218  -1.08335
0.763042  1.34843  -1.22887
0.933735  1.08434  -0.613678
0.84464  1.24358  -0.848675
0.905956  1.11221  0.496162
0.73197  1.41585  -1.21282
0.938581  1.07449  -0.620259
0.984201  1.05228  1.26863
0.796009  1.29712  -0.512919
0.933735  1.08434  -0.609728
0.984201  0.986577  1.70433
0.984201  0.986577  1.70433
0.73197  1.37665  -1.34397
0.73197  1.37665  -1.34397
0.796009  1.29712  -0.512919
0.796009  1.29712  -0.512919
0.763042  1.34843  -1.22887
0.73197  1.41585  -1.21282
0.984201  1.05228  1.26863
0.984201  1.05228  1.26863
0.84464  1.24358  -0.848675
0.984201  0.986577  1.70433
0.796009  1.29712  -0.512919
0.938581  1.07449  -0.66974
0.905956  1.11221  0.305156
0.984201  1.05228  1.26863
0.984201  0.986577  1.70433
0.938581  1.07449  -0.66974
0.763042  1.34843  -1.00842
0.905956  1.11221  0.496162
0.84182  1.22003  1.02149
0.905956  1.11221  0.496162
0.763042  1.34843  -1.22243
0.984201  0.986577  1.70433
0.852206  1.22003  0.674865
0.73197  1.41585  -1.21282
0.905956  1.11221  0.159544
0.763042  1.34843  -1.22243
0.984201  0.986577  1.33699
0.763042  1.34843  -1.22887
0.984201  0.986577  1.70433
0.984201  1.05228  1.26863
0.984201  0.986577  1.70433
0.763042  1.34843  -1.22243
0.905956  1.11221  0.159544
0.763042  1.34843  -1.22243
0.73197  1.37665  -1.34397
0.984201  1.05228  1.26863
0.796009  1.29712  -0.512919
0.938581  1.07449  -0.66974
0.763042  1.34843  -1.22887
0.902149  0.916881  0.413049
0.905956  1.11221  0.159544
0.984201  1.05228  1.26863
0.763042  1.34843  -1.00842
0.763042  1.34843  -1.22243
0.925216  1.11218  -1.08335
0.763042  1.34843  -1.00842
0.933735  1.08434  -0.609728
0.984201  0.986577  1.70433
0.938581  1.07449  -0.620259
0.73197  1.37665  -1.34397
0.993234  0.996436  -0.55744
0.984201  1.05228  1.26863
0.984201  0.986577  1.70433
0.763042  1.34843  -1.22887
0.73197  1.41585  -1.21282
0.73197  1.41585  -1.21282
0.73197  1.37665  -1.34397
0.763042  1.34843  -1.00842
0.763042  1.34843  -1.22887
0.84464  1.24358  -0.848675
0.925216  1.11218  -1.08335
0.933735  1.08434  -0.613678
0.84464  1.24358  -0.848675
0.905956  1.11221  0.159544
0.984201  0.986577  1.70433
0.925216  1.11218  -1.08335
0.84464  1.24358  -0.848675
0.984201  1.05228  1.26863
0.933735  1.08434  -0.609728
0.984201  1.05228  1.26863
0.984201  1.05228  1.26863
0.73197  1.37665  -1.34397
0.763042  1.34843  -1.22243
0.84464  1.24358  -0.848675
0.763042  1.34843  -1.22887
0.933735  1.08434  -0.613678
0.852206  1.22003  0.674865
0.763042  1.34843  -1.22243
0.925216  1.11218  -1.08335
0.763042  1.34843  -1.22243
0.905956  1.11221  0.159544
0.984201  1.05228  1.26863
0.73197  1.37665  -1.34397
0.938581  1.07449  -0.66974
0.852206  1.22003  0.674865
0.796009  1.29712  -0.512919
0.84464  1.24358  -0.848675
0.73197  1.37665  -1.34397
0.925216  1.11218  -1.08335
0.73197  1.41585  -1.21282
0.763042  1.34843  -1.22887
0.763042  1.34843  -1.22243
0.925216  1.11218  -1.08335
0.938581  1.07449  -0.66974
0.73197  1.41489  -1.07508
0.938581  1.07449  -0.66974
0.852206  1.22003  0.674865
0.73197  1.41585  -1.21282
0.763042  1.34843  -1.22243
0.925216  1.11218  -1.08335
0.984201  0.986577  1.70433
0.763042  1.34843  -1.22243
0.763042  1.34843  -1.22243
0.763042  1.34843  -1.22243
0.925216  1.11218  -1.08335
0.933735  1.08434  -0.613678
0.984201  1.05228  1.26863
0.984201  0.986577  1.70433
0.993234  0.996436  -0.55744
0.852206  1.22003  0.674865
0.796009  1.29712  -0.512919
0.73197  1.41585  -1.21282
0.984201  1.05228  1.26863
0.796009  1.29712  -0.512919
0.984201  0.986577  1.70433
0.905956  1.11221  0.496162
0.763042  1.34843  -1.22887
0.84464  1.24358  -0.848675
0.73197  1.37665  -1.34397
0.905956  1.11221  0.305156
0.73197  1.37665  -1.34397
0.984201  1.05228  1.26863
0.984201  1.05228  1.26863
0.984201  1.05228  1.26863
0.984201  1.05228  1.26863
0.933735  1.08434  -0.613678
0.73197  1.37665  -1.34397
0.796009  1.29712  -0.512919
0.984201  1.05228  1.26863
0.984201  1.05228  1.26863
0.925216  1.08649  -1.08335
0.938581  1.07449  -0.66974
0.73197  1.41585  -1.21282
0.763042  1.34843  -1.00842
0.763042  1.34843  -1.22243
0.796009  1.29712  -0.512919
0.925216  1.11218  -1.08335
0.73197  1.41585  -1.21282
0.73197  1.41585  -1.21282
0.763042  1.34843  -1.22243
0.73197  1.41585  -1.21282
0.763042  1.34843  -1.22887
0.905956  1.11221  0.305156
0.984201  1.05228  1.26863
0.970199  0.964815  -0.656327
0.938581  1.07449  -0.66974
0.925216  1.11218  -1.08335
0.984201  1.05228  1.26863
0.796009  1.29712  -0.512919
0.984201  1.05228  1.26863
0.938581  1.07449  -0.66974
0.925216  1.11218  -1.08335
0.73197  1.41585  -1.21282
0.84464  1.24358  -0.848675
0.993234  0.996436  -0.55744
0.925216  1.11218  -1.08335
0.73197  1.41489  -1.07508
0.905956  1.11221  0.496162
0.938581  1.07449  -0.66974
0.73197  1.41585  -1.21282
0.984201  0.986577  1.70433
0.852206  1.22003  0.674865
0.925216  1.11218  -1.08335
0.763042  1.34843  -1.22243
0.938581  1.07449  -0.66974
0.73197  1.41585  -1.21282
0.905956  1.11221  0.305156
0.84464  1.24358  -0.848675
0.73197  1.41585  -1.21282
0.984201  1.05228  1.26863
0.984201  1.05228  1.26863
0.984201  1.05228  1.26863
0.933735  1.08434  -0.609728
0.73197  1.41585  -1.21282
0.938581  1.07449  -0.66974
0.905956  1.11221  0.496162
0.73197  1.37665  -1.34397
0.84464  1.24358  -0.848675
0.73197  1.41585  -1.21282
0.925216  1.11218  -1.08335
0.796009  1.29712  -0.512919
0.73197  1.37665  -1.34397
0.852206  1.22003  0.674865
0.933735  1.08434  -0.613678
0.763042  1.34843  -1.22887
0.763042  1.34843  -1.22887
0.984201  1.05228  1.26863
0.905956  1.11221  0.305156
0.796009  1.24358  -0.88142
0.852206  1.22003  0.674865
0.796009  1.24358  -0.88142
0.763042  1.34843  -1.22243
0.933735  1.08434  -0.609728
0.84182  1.22003  1.02149
0.938581  1.07449  -0.66974
0.925216  1.11218  -1.08335
0.763042  1.34843  -1.22887
0.933735  1.08434  -0.613678
0.73197  1.37665  -1.34397
0.933735  1.08434  -0.613678
0.796009  1.29712  -0.512919
0.763042  1.34843  -1.00842
0.84182  1.22003  1.02149
0.763042  1.34843  -1.22243
0.925216  1.11218  -1.08335
0.73197  1.41585  -1.21282
0.852206  1.22003  0.674865
0.984201  0.986577  1.70433
0.905956  1.11221  0.159544
0.84464  1.24358  -0.848675
0.984201  0.986577  1.70433
0.905956  1.11221  0.496162
0.925216  1.11218  -1.08335
0.905956  1.11221  0.159544
0.933735  1.08434  -0.633404
0.938581  1.07449  -0.620259
0.763042  1.34843  -1.22887
0.796009  1.29712  -0.512919
0.993234  0.996436  -0.55744
0.925216  1.11218  -1.08335
0.993234  0.996436  -0.55744
0.796009  1.29712  -0.512919
0.905956  1.11221  0.159544
0.73197  1.37665  -1.34397
0.933735  1.08434  -0.609728
0.73197  1.41585  -1.21282
0.905956  1.11221  0.305156
0.925216  1.11218  -1.08335
0.852206  1.22003  0.674865
0.84464  1.24358  -0.848675
0.984201  0.986577  1.70433
0.984201  1.05228  1.26863
0.984201  0.986577  1.70433
0.796009  1.24358  -0.88142
0.84464  1.24358  -0.848675
0.984201  1.05228  1.26863
0.763042  1.34843  -1.22243
0.925216  1.11218  -1.08335
0.984201  1.05228  1.26863
0.73197  1.41585  -1.21282
0.993234  0.996436  -0.55744
0.925216  1.11218  -1.08335
0.984201  1.05228  1.26863
0.984201  0.986577  1.33699
0.763042  1.34843  -1.22887
0.984201  1.05228  1.26863
0.984201  1.05228  1.26863
0.933735  1.08434  -0.613678
0.796009  1.29712  -0.512919
0.84182  1.22003  1.02149
0.796009  1.24358  -0.88142
0.763042  1.34843  -1.22243
0.925216  1.11218  -1.08335
0.970199  0.964815  -0.656327
0.73197  1.41585  -1.21282
0.763042  1.34843  -1.22243
0.993234  0.996436  -0.55744
0.763042  1.34843  -1.22887
0.984201  1.05228  1.26863
0.925216  1.11218  -1.08335
0.763042  1.34843  -1.22243
0.984201  1.05228  1.26863
0.925216  1.11218  -1.08335
0.984201  0.986577  1.70433
0.763042  1.34843  -1.22243
0.763042  1.34843  -1.22887
0.938581  1.07449  -0.66974
0.763042  1.34843  -1.22243
0.763042  1.34843  -1.00842
0.938581  1.07449  -0.66974
0.984201  1.05228  1.26863
0.925216  1.11218  -1.08335
0.984201  1.05228  1.26863
0.84464  1.24358  -0.848675
0.73197  1.41585  -1.21282
0.73197  1.37665  -1.34397
0.73197  1.41585  -1.21282
0.763042  1.34843  -1.22887
0.933735  1.08434  -0.613678
0.984201  0.986577  1.70433
0.73197  1.41585  -1.21282
0.933735  1.08434  -0.613678
0.84182  1.22003  1.02149
0.73197  1.41585  -1.21282
0.984201  0.986577  1.33699
0.73197  1.37665  -1.34397
0.938581  1.07449  -0.66974
0.905956  1.11221  0.496162
0.73197  1.41585  -1.21282
0.763042  1.34843  -1.22243
0.73197  1.37665  -1.34397
0.73197  1.37665  -1.34397
0.984201  1.05228  1.26863
0.905956  1.11221  0.496162
0.763042  1.34843  -1.22243
0.73197  1.37665  -1.34397
0.84464  1.24358  -0.848675
0.933735  1.08434  -0.613678
0.905956  1.11221  0.159544
0.852206  1.22003  0.674865
0.993234  0.996436  -0.55744
0.852206  1.22003  0.674865
0.984201  0.986577  1.70433
0.984201  0.986577  1.70433
0.763042  1.34843  -1.22243
0.984201  1.05228  1.26863
0.905956  1.11221  0.159544
0.933735  1.08434  -0.613678
0.933735  1.08434  -0.613678
0.984201  1.05228  1.26863
0.933735  1.08434  -0.609728
0.984201  1.05228  1.26863
0.796009  1.24358  -0.88142
0.984201  1.05228  1.26863
0.984201  1.05228  1.26863
0.938581  1.07449  -0.66974
0.84464  1.24358  -0.848675
0.938581  1.07449  -0.66974
0.796009  1.29712  -0.512919
0.984201  1.05228  1.26863
0.925216  1.11218  -1.08335
0.905956  1.11221  0.496162
0.763042  1.34843  -1.00842
0.938581  1.07449  -0.66974
0.902149  0.916881  0.413049
0.984201  0.986577  1.70433
0.925216  1.11218  -1.08335
0.73197  1.41585  -1.21282
0.73197  1.41585  -1.21282
0.796009  1.29712  -0.512919
0.933735  1.08434  -0.613678
0.73197  1.41585  -1.21282
0.84182  1.22003  1.02149
0.763042  1.34843  -1.22243
0.925216  1.11218  -1.08335
0.763042  1.34843  -1.22887
0.763042  1.34843  -1.22243
0.933735  1.08434  -0.613678
0.984201  1.05228  1.26863
0.984201  1.05228  1.26863
0.763042  1.34843  -1.00842
0.796009  1.29712  -0.512919
0.73197  1.37665  -1.34397
0.796009  1.29712  -0.512919
0.73197  1.37665  -1.34397
0.905956  1.11221  0.305156
0.984201  1.05228  1.26863
0.84182  1.22003  1.02149
0.852206  1.22003  0.674865
0.763042  1.34843  -1.00842
0.938581  1.07449  -0.66974
0.925216  1.11218  -1.08335
0.763042  1.34843  -1.00842
0.905956  1.11221  0.159544
0.933735  1.08434  -0.609728
0.938581  1.07449  -0.66974
0.984201  0.986577  1.70433
0.73197  1.41585  -1.21282
0.763042  1.34843  -1.22243
0.984201  1.05228  1.26863
0.938581  1.07449  -0.66974
0.984201  1.05228  1.26863
0.984201  1.05228  1.26863
0.984201  1.05228  1.26863
0.763042  1.34843  -1.22887
0.984201  1.05228  1.26863
0.984201  0.986577  1.33699
0.763042  1.34843  -1.22887
0.84182  1.22003  1.02149
0.763042  1.34843  -1.22887
0.925216  1.11218  -1.08335
0.763042  1.34843  -1.22243
0.73197  1.41585  -1.21282
0.938581  1.07449  -0.66974
0.763042  1.34843  -1.22243
0.763042  1.34843  -1.22887
0.73197  1.41585  -1.21282
0.933735  1.08434  -0.609728
0.993234  0.996436  -0.55744
0.763042  1.34843  -1.22887
0.763042  1.34843  -1.22887
0.84182  1.22003  1.02149
0.905956  1.11221  0.159544
0.73197  1.37665  -1.34397
0.905956  1.11221  0.496162
0.796009  1.24358  -0.88142
0.763042  1.34843  -1.00842
0.73197  1.41585  -1.21282
0.984201  1.05228  1.26863
0.925216  1.11218  -1.08335
0.984201  1.05228  1.26863
0.73197  1.37665  -1.34397
0.73197  1.41585  -1.21282
0.984201  0.986577  1.70433
0.933735  1.08434  -0.613678
0.763042  1.34843  -1.22887
0.73197  1.41585  -1.21282
0.84464  1.24358  -0.848675
0.796009  1.29712  -0.512919
0.796009  1.29712  -0.512919
0.905956  1.11221  0.305156
0.938581  1.07449  -0.66974
0.938581  1.07449  -0.66974
0.984201  1.05228  1.26863
0.763042  1.34843  -1.22887
0.852206  1.22003  0.674865
0.905956  1.11221  0.159544
0.925216  1.11218  -1.08335
0.73197  1.41585  -1.21282
0.984201  1.05228  1.26863
0.73197  1.41585  -1.21282
0.984201  1.05228  1.26863
0.925216  1.11218  -1.08335
0.73197  1.41585  -1.21282
0.763042  1.34843  -1.22243
0.938581  1.07449  -0.66974
0.938581  1.07449  -0.620259
0.984201  1.05228  1.26863
0.938581  1.07449  -0.66974
0.763042  1.34843  -1.22887
0.984201  1.05228  1.26863
0.84464  1.24358  -0.848675
0.984201  1.05228  1.26863
0.763042  1.34843  -1.22887
0.796009  1.24358  -0.88142
0.796009  1.29712  -0.512919
0.984201  1.05228  1.26863
0.984201  0.986577  1.70433
0.925216  1.11218  -1.08335
0.763042  1.34843  -1.22887
0.73197  1.41585  -1.21282
0.73197  1.41585  -1.21282
0.925216  1.11218  -1.08335
0.984201  1.05228  1.26863
0.84182  1.22003  1.02149
0.925216  1.11218  -1.08335
0.993234  0.996436  -0.55744
0.938581  1.07449  -0.66974
0.763042  1.34843  -1.22243
0.84464  1.24358  -0.848675
0.763042  1.34843  -1.22887
0.984201  1.05228  1.26863
0.905956  1.11221  0.159544
0.925216  1.11218  -1.08335
0.84182  1.22003  1.02149
0.984201  1.05228  1.26863
0.993234  0.996436  -0.55744
0.763042  1.34843  -1.22887
0.933735  1.08434  -0.613678
0.984201  1.05228  1.26863
0.970199  0.964815  -0.656327
0.984201  0.986577  1.33699
0.73197  1.41585  -1.21282
0.984201  0.986577  1.70433
0.925216  1.11218  -1.08335
0.84464  1.24358  -0.848675
0.984201  1.05228  1.26863
0.763042  1.34843  -1.22243
0.763042  1.34843  -1.22243
0.73197  1.41585  -1.21282
0.984201  1.05228  1.26863
0.984201  1.05228  1.26863
0.925216  1.11218  -1.08335
0.984201  1.05228  1.26863
0.763042  1.34843  -1.22887
0.84464  1.24358  -0.848675
0.73197  1.41585  -1.21282
0.796009  1.29712  -0.512919
0.984201  0.986577  1.33699
0.984201  1.05228  1.26863
0.84464  1.24358  -0.848675
0.993234  0.996436  -0.55744
0.993234  0.996436  -0.55744
0.796009  1.29712  -0.512919
0.73197  1.41585  -1.21282
0.984201  1.05228  1.26863
0.763042  1.34843  -1.22887
0.796009  1.24358  -0.88142
0.984201  1.05228  1.26863
0.763042  1.34843  -1.22887
0.984201  1.05228  1.26863
0.73197  1.37665  -1.34397
0.84464  1.24358  -0.848675
0.73197  1.37665  -1.34397
0.984201  1.05228  1.26863
0.984201  0.986577  1.70433
0.905956  1.11221  0.496162
0.905956  1.11221  0.496162
0.925216  1.11218  -1.08335
0.73197  1.41585  -1.21282
0.84464  1.24358  -0.848675
0.763042  1.34843  -1.22887
0.73197  1.41489  -1.07508
0.933735  1.08434  -0.613678
0.73197  1.41585  -1.21282
0.933735  1.08434  -0.613678
0.905956  1.11221  0.305156
0.984201  0.986577  1.33699
0.763042  1.34843  -1.22887
0.763042  1.34843  -1.22887
0.984201  1.05228  1.26863
0.796009  1.24358  -0.88142
0.938581  1.07449  -0.66974
0.993234  0.996436  -0.55744
0.925216  1.11218  -1.08335
0.984201  1.05228  1.26863
0.905956  1.11221  0.159544
0.925216  1.08649  -1.08335
0.984201  1.05228  1.26863
0.796009  1.29712  -0.512919
0.763042  1.34843  -1.22887
0.933735  1.08434  -0.609728
0.984201  1.05228  1.26863
0.73197  1.41585  -1.21282
0.933735  1.08434  -0.609728
0.993234  0.996436  -0.55744
0.763042  1.34843  -1.00842
0.763042  1.34843  -1.22243
0.73197  1.41585  -1.21282
0.763042  1.34843  -1.22243
0.925216  1.11218  -1.08335
0.984201  1.05228  1.26863
0.73197  1.41585  -1.21282
0.984201  1.05228  1.26863
0.984201  1.05228  1.26863
0.73197  1.37665  -1.34397
0.925216  1.11218  -1.08335
0.73197  1.37665  -1.34397
0.763042  1.34843  -1.00842
0.905956  1.11221  0.496162
0.796009  1.29712  -0.512919
0.73197  1.37665  -1.34397
0.796009  1.24358  -0.88142
0.925216  1.11218  -1.08335
0.796009  1.29712  -0.512919
0.925216  1.08649  -1.08335
0.852206  1.22003  0.674865
0.984201  1.05228  1.26863
0.763042  1.34843  -1.00842
0.796009  1.24358  -0.88142
0.984201  1.05228  1.26863
0.984201  1.05228  1.26863
