1.03661  -0.468464  -0.102456
1.0226  -0.587552  -0.721133
1.02461  0.383131  -0.00372921
1.03358  -0.457503  -0.209993
1.01953  -0.287425  -0.12275
1.03358  -0.516783  -0.574695
1.03358  -0.516783  -0.574695
1.03358  -0.457503  0.0807853
1.03456  -0.247464  0.958614
1.0467  -1.21075  0.372141
1.0467  -1.21075  0.372141
1.02362  0.10915  -0.228183
1.02362  0.10915  -0.228183
1.00853  0.37472  0.0454135
1.00853  0.37472  0.0454135
1.03661  -0.468464  -0.102456
1.00853  0.37472  0.0454135
1.02362  0.10915  -0.228183
1.03661  -0.468464  -0.102456
1.03576  -0.20599  -0.0381272
1.03358  -0.516783  -0.574695
1.03279  0.929663  0.240398
1.03928  -0.355489  -0.0896196
1.0467  -1.21075  0.372141
1.03576  -0.20599  -0.0381272
1.0226  -0.587552  -0.721133
1.01707  -0.0611314  1.1149
1.00853  0.37472  0.0454135
1.03661  -0.468464  -0.102456
1.04048  0.259372  -0.118172
1.02362  0.10915  -0.228183
1.03358  -0.457503  0.0807853
1.01953  -0.287425  -0.12275
1.0226  -0.708892  -0.745516
1.03358  -0.502838  -0.500459
1.02461  0.383131  -0.00372921
1.02461  0.383131  -0.00372921
1.02362  0.10915  -0.228183
1.01953  -0.287425  -0.12275
1.01953  -0.287425  -0.12275
1.03661  -0.468464  -0.102456
1.0226  -0.708892  -0.305502
1.02461  0.383131  -0.00372921
1.04048  0.259372  -0.118172
1.02461  0.459777  -0.00372921
1.04048  0.259372  -0.118172
1.03324  -1.16052  0.436784
1.03358  -0.457503  -0.0109791
1.03358  -0.457503  0.0807853
1.051  1.32035  0.163159
1.02461  0.459777  -0.00372921
1.03576  -0.20599  -0.0381272
1.03661  0.632389  -0.0963504
1.00853  0.37472  0.0454135
1.00853  0.37472  0.0454135
1.04052  0.827906  -1.2472
1.0207  0.742308  -0.0698942
1.02461  0.383131  -0.00372921
1.00853  0.37472  0.0454135
1.02461  0.383131  -0.00372921
1.03928  -0.355489  -0.0896196
1.01953  -0.287425  -0.12275
1.03576  -0.20599  -0.0381272
1.03576  0.223964  -0.45896
1.03928  -0.355489  -0.0896196
1.0226  -0.743365  -0.745516
1.04052  0.827906  -1.2472
1.0226  -0.587552  -0.721133
1.00853  0.37472  0.0454135
1.03576  -0.20599  -0.0381272
1.0226  -0.708892  -0.305502
1.02461  0.383131  -0.00372921
1.02461  0.459777  -0.00372921
1.03279  0.800686  0.240398
1.04052  0.827906  -1.2472
1.03661  -0.468464  -0.102456
1.03358  -0.516783  -0.574695
1.01953  -0.287425  -0.12275
1.03358  -0.457503  0.0807853
1.03661  -0.468464  -0.102456
1.0207  0.438574  0.00928776
1.0207  0.742308  -0.0698942
1.02461  0.383131  -0.00372921
1.02461  0.459777  -0.00372921
1.03358  -0.457503  0.0807853
1.02461  0.459777  -0.00372921
1.03576  -0.20599  -0.0381272
1.01953  -0.287425  -0.12275
1.01953  -0.287425  -0.12275
1.02461  0.383131  -0.00372921
1.00853  0.37472  0.0746463
1.02461  0.383131  -0.00372921
1.02362  0.266654  -0.312033
1.02736  -0.2923  0.852382
1.01953  -0.287425  -0.12275
1.02461  0.383131  -0.00372921
1.03358  -0.457503  0.0807853
1.0207  0.742308  -0.0698942
1.00853  0.37472  0.0454135
1.0226  -0.708892  -0.745516
1.0467  -1.21075  0.372141
1.0467  -1.21075  0.372141
1.04956  0.10915  -0.228183
1.02461  0.459777  -0.00372921
1.02461  0.383131  -0.00372921
1.03358  -0.516783  -0.574695
1.02362  0.10915  -0.228183
1.03358  -0.516783  -0.574695
1.04048  0.259372  -0.118172
1.00853  0.37472  0.0454135
1.00853  0.37472  0.0454135
1.02461  0.383131  -0.00372921
1.02461  0.383131  -0.00372921
1.0467  -1.21075  0.372141
1.01707  -0.0611314  1.1149
1.05656  -0.542266  -0.935672
1.02461  0.459777  -0.00372921
1.0226  -0.759482  -0.878661
1.02362  0.10915  -0.228183
1.01707  -0.0611314  1.1149
1.03358  -0.516783  -0.574695
1.00853  0.37472  0.0454135
1.00853  0.279069  0.0454135
1.02461  0.459777  -0.00372921
1.03576  -0.20599  -0.0381272
1.04048  0.14035  -0.118172
1.03358  -0.502838  -0.500459
1.01953  -0.287425  -0.12275
1.01953  -0.287425  -0.12275
1.05464  0.268768  -0.62173
1.03928  -0.355489  -0.0896196
1.02362  0.10915  -0.228183
1.01953  -0.287425  -0.12275
1.00853  0.37472  0.0454135
1.02461  0.459777  -0.00372921
1.02461  0.383131  -0.00372921
1.02461  0.383131  -0.00372921
1.02461  0.459777  -0.00372921
1.0226  -0.759482  -0.878661
1.01953  -0.287425  -0.12275
1.02461  0.383131  -0.00372921
1.03358  -0.457503  -0.0109791
1.03358  -0.516783  -0.574695
1.03661  -0.468464  -0.102456
1.051  1.32035  0.163159
1.02461  0.383131  -0.00372921
1.0207  0.742308  -0.0698942
1.04048  0.259372  -0.118172
1.03358  -0.457503  0.0807853
1.03661  -0.468464  -0.102456
1.01953  -0.287425  -0.12275
1.01707  -0.0611314  1.1149
1.0226  -0.708892  -0.745516
1.0226  -0.708892  -0.305502
1.03576  -0.20599  -0.0381272
1.00853  0.37472  0.0454135
1.03358  -0.516783  -0.574695
1.05464  0.268768  -0.62173
1.04048  0.259372  -0.118172
1.04048  0.14035  -0.118172
1.04048  0.14035  -0.118172
1.04052  0.827906  -1.2472
1.00853  0.37472  0.0454135
1.01707  -0.0611314  1.1149
1.01707  -0.0611314  1.1149
1.02461  0.383131  -0.00372921
1.0467  -1.21075  0.372141
1.03576  -0.20599  -0.0381272
1.01953  -0.287425  -0.12275
1.02461  0.459777  -0.00372921
1.03324  -1.16052  0.436784
1.0207  0.742308  -0.0698942
1.03576  0.223964  -0.45896
1.02362  0.10915  -0.228183
1.03279  0.929663  0.240398
1.03358  -0.502838  -0.500459
1.01953  -0.287425  -0.12275
1.02327  -0.881191  0.812358
1.0226  -0.759482  -0.878661
1.04048  0.14035  -0.118172
1.03358  -0.457503  0.0807853
1.04052  0.827906  -1.2472
1.04052  0.827906  -1.2472
1.03358  -0.457503  0.0807853
1.03576  -0.20599  -0.0381272
1.01953  -0.287425  -0.12275
1.03279  0.929663  0.240398
1.01953  -0.287425  -0.12275
1.0467  -1.21075  0.372141
1.04048  0.259372  -0.118172
1.03928  -0.355489  -0.0896196
1.01593  0.279988  -1.19052
1.04569  -0.562688  0.515983
1.04052  0.827906  -1.2472
1.03279  0.929663  0.240398
1.04052  0.827906  -1.2472
1.00853  0.37472  0.0454135
1.02362  0.10915  -0.228183
1.02461  0.383131  -0.00372921
1.01953  -0.287425  -0.12275
1.04048  0.259372  -0.118172
1.0207  0.742308  -0.0698942
1.0226  -0.708892  -0.745516
1.02461  0.383131  -0.00372921
1.03358  -0.457503  0.0807853
1.01953  -0.287425  -0.12275
1.00853  0.37472  0.0454135
1.01953  -0.287425  -0.12275
1.03279  0.929663  0.240398
1.02736  -0.2923  0.852382
1.03324  -1.16052  0.436784
1.00853  0.37472  0.0454135
1.0226  -0.639986  -0.801745
1.00853  0.37472  0.0454135
1.03576  0.223964  -0.45896
1.0467  -1.21075  0.372141
1.03279  0.929663  0.240398
1.01953  -0.287425  -0.12275
1.01953  -0.287425  -0.12275
1.02362  0.10915  -0.228183
1.03358  -0.502838  -0.500459
1.03358  -0.516783  -0.574695
1.03358  -0.457503  0.0807853
1.03576  0.223964  -0.45896
1.02461  0.383131  -0.00372921
1.01953  -0.287425  -0.12275
1.03576  0.223964  -0.45896
1.02461  0.383131  -0.00372921
1.03576  -0.20599  -0.0381272
1.04052  0.827906  -1.2472
1.01953  -0.287425  -0.12275
1.03928  -0.355489  -0.0896196
1.02461  0.459777  -0.00372921
1.02461  0.383131  -0.00372921
1.03661  0.632389  -0.0963504
1.04048  0.14035  -0.118172
1.04048  0.259372  -0.118172
1.03324  -1.16052  0.436784
1.04048  0.259372  -0.118172
1.02461  0.459777  -0.00372921
1.03576  -0.20599  -0.0381272
1.03661  -0.468464  -0.102456
1.0207  0.31826  0.00928776
1.00853  0.37472  0.0454135
1.0226  -0.708892  -0.305502
1.03279  0.929663  0.240398
1.01953  -0.287425  -0.12275
1.03279  0.929663  0.240398
1.0207  0.742308  -0.0698942
1.03576  0.223964  -0.45896
1.03324  -1.16052  0.436784
1.02461  0.383131  -0.00372921
1.02461  0.459777  -0.00372921
1.03358  -0.516783  -0.574695
1.05464  0.268768  -0.62173
1.03928  -0.355489  -0.0896196
1.00853  0.37472  0.0454135
1.0207  0.742308  -0.0698942
1.03279  0.929663  0.240398
1.02461  0.383131  -0.00372921
1.0226  -0.587552  -0.721133
1.01589  0.145959  -1.11651
1.02362  0.10915  -0.228183
1.03358  -0.516783  -0.574695
1.00853  0.37472  0.0454135
1.00853  0.37472  0.0454135
1.02461  0.383131  -0.00372921
1.01953  -0.287425  -0.12275
1.02461  0.383131  -0.00372921
1.01953  -0.287425  -0.12275
1.02461  0.459777  -0.00372921
1.0207  0.742308  -0.0698942
1.03279  0.929663  0.240398
1.03456  -0.247464  1.28883
1.03358  -0.457503  0.0807853
1.03358  -0.457503  0.0807853
1.00853  0.37472  0.0454135
1.01953  -0.287425  -0.12275
1.01953  -0.287425  -0.12275
1.03358  -0.457503  -0.0109791
1.03358  -0.457503  -0.0109791
1.05464  0.268768  -0.62173
1.03358  -0.457503  0.0807853
1.03928  -0.355489  -0.0896196
1.03358  -0.457503  0.0807853
1.02461  0.383131  -0.00372921
1.02362  0.10915  -0.228183
1.03358  -0.502838  -0.500459
1.03358  -0.457503  0.0807853
1.05656  -0.542266  -0.935672
1.00853  0.37472  0.0454135
1.03576  -0.20599  -0.0381272
1.0207  0.438574  0.00928776
1.0467  -1.21075  0.372141
1.03358  -0.457503  0.0807853
1.02362  0.10915  -0.228183
1.04956  0.10915  -0.228183
1.05464  0.268768  -0.62173
1.03456  -0.247464  1.28883
1.03661  0.632389  -0.0963504
1.03324  -1.16052  0.436784
1.03456  -0.247464  1.28883
1.02461  0.383131  -0.00372921
1.01953  -0.287425  -0.12275
1.04048  0.259372  -0.118172
1.02461  0.383131  -0.00372921
1.04048  0.259372  -0.118172
1.0226  -0.743365  -0.745516
1.02461  0.459777  -0.00372921
1.02461  0.383131  -0.00372921
1.00853  0.37472  0.0454135
1.02461  0.459777  -0.00372921
1.03279  0.929663  0.240398
1.02736  -0.2923  0.852382
1.03279  0.800686  0.240398
1.02461  0.383131  -0.00372921
1.01953  -0.287425  -0.12275
1.0207  0.742308  -0.0698942
1.03358  -0.457503  0.0807853
1.03358  -0.457503  0.0807853
1.02461  0.383131  -0.00372921
1.00853  0.37472  0.0454135
1.0226  -0.708892  -0.745516
1.02362  0.10915  -0.228183
1.01707  -0.0611314  1.1149
1.04052  0.827906  -1.2472
1.03279  0.800686  0.240398
1.0226  -0.708892  -0.745516
1.03279  0.800686  0.240398
1.04052  0.827906  -1.2472
1.03279  0.929663  0.240398
1.02461  0.383131  -0.00372921
1.01953  -0.287425  -0.12275
1.04052  0.827906  -1.2472
1.03661  -0.468464  -0.102456
1.0467  -1.21075  0.372141
1.03279  0.929663  0.240398
1.03279  0.929663  0.240398
1.0226  -0.759482  -0.878661
1.03661  -0.468464  -0.102456
1.0207  0.438574  0.00928776
1.04956  0.10915  -0.228183
1.00853  0.37472  0.0454135
1.04569  -0.562688  0.515983
1.03279  0.929663  0.240398
1.01953  -0.287425  -0.12275
1.03279  0.929663  0.240398
1.04048  0.259372  -0.118172
1.05464  0.268768  -0.62173
1.04956  0.10915  -0.228183
1.02461  0.383131  -0.00372921
1.03358  -0.516783  -0.574695
1.04956  0.10915  -0.228183
1.0207  0.438574  0.00928776
1.03358  -0.516783  -0.574695
1.02362  0.10915  -0.228183
1.03358  -0.516783  -0.574695
1.05464  0.268768  -0.62173
1.04052  0.827906  -1.2472
1.00853  0.37472  0.0454135
1.03576  -0.20599  -0.0381272
1.03661  -0.468464  -0.102456
1.03576  0.223964  -0.45896
1.02362  0.10915  -0.228183
1.0226  -0.759482  -0.878661
1.05464  0.268768  -0.62173
1.05656  -0.542266  -0.935672
1.03928  -0.355489  -0.0896196
1.03279  0.800686  0.240398
1.03324  -1.16052  0.436784
1.02362  0.10915  -0.228183
1.02461  0.459777  -0.00372921
1.0207  0.742308  -0.0698942
1.03576  -0.20599  -0.0381272
1.03576  0.223964  -0.45896
1.03576  0.223964  -0.45896
1.04956  0.10915  -0.228183
1.01953  -0.287425  -0.12275
1.03358  -0.516783  -0.574695
1.04048  0.259372  -0.118172
1.00853  0.37472  0.0454135
1.01953  -0.287425  -0.12275
1.03358  -0.457503  -0.0109791
1.05464  0.268768  -0.62173
1.02461  0.383131  -0.00372921
1.02461  0.383131  -0.00372921
1.01589  0.145959  -1.11651
1.02362  0.10915  -0.228183
1.03661  0.632389  -0.0963504
1.03279  0.800686  0.240398
1.00853  0.37472  0.0454135
1.02461  0.383131  -0.00372921
1.03358  -0.457503  0.0807853
1.03576  0.223964  -0.45896
1.03324  -1.16052  0.436784
1.02461  0.383131  -0.00372921
1.00853  0.37472  0.0454135
1.05464  0.268768  -0.62173
1.01953  -0.287425  -0.12275
1.03661  -0.468464  -0.102456
1.02461  0.383131  -0.00372921
1.03358  -0.516783  -0.574695
1.03358  -0.457503  -0.0109791
1.02362  0.10915  -0.228183
1.05656  -0.542266  -0.935672
1.0226  -0.587552  -0.721133
1.02461  0.383131  -0.00372921
1.03279  0.929663  0.240398
1.01953  -0.287425  -0.12275
1.05656  -0.542266  -0.935672
1.03456  -0.247464  1.28883
1.0226  -0.587552  -0.721133
1.02327  -0.881191  0.812358
1.02362  0.10915  -0.228183
1.03279  0.929663  0.240398
1.02736  -0.2923  0.852382
1.0207  0.742308  -0.0698942
1.01953  -0.287425  -0.12275
1.0226  -0.759482  -0.878661
1.00853  0.37472  0.0454135
1.03661  -0.468464  -0.102456
1.03358  -0.457503  -0.209993
1.04052  0.827906  -1.2472
1.0226  -0.759482  -0.878661
1.03576  -0.20599  -0.0381272
1.01953  -0.287425  -0.12275
1.02736  -0.2923  0.852382
1.03358  -0.457503  0.0807853
1.02362  0.10915  -0.228183
1.03358  -0.457503  0.0807853
1.03358  -0.516783  -0.574695
1.01953  -0.287425  -0.12275
1.02362  0.10915  -0.228183
1.0207  0.438574  0.00928776
1.02461  0.383131  -0.00372921
1.03576  0.223964  -0.45896
1.03358  -0.516783  -0.574695
1.03661  0.632389  -0.0963504
1.03279  0.929663  0.240398
1.03358  -0.502838  -0.500459
1.03576  -0.20599  -0.0442102
1.04206  -0.10371  -0.270755
1.03279  0.800686  0.240398
1.01837  -0.380365  0.741996
1.03358  -0.516783  -0.574695
1.0226  -0.743365  -0.745516
1.02461  0.383131  -0.00372921
1.03324  -1.16052  0.436784
1.02461  0.383131  -0.00372921
1.03661  -0.468464  -0.102456
1.05464  0.268768  -0.62173
1.02461  0.383131  -0.00372921
1.03576  -0.20599  -0.0381272
1.01953  -0.287425  -0.12275
1.03576  -0.20599  -0.0381272
1.03661  -0.468464  -0.102456
1.03661  0.632389  -0.0963504
1.02461  0.383131  -0.00372921
1.04048  0.259372  -0.118172
1.01589  0.145959  -1.11651
1.00853  0.37472  0.0746463
1.04206  -0.10371  -0.270755
1.02461  0.459777  -0.00372921
1.0226  -0.743365  -0.745516
1.03358  -0.502838  -0.500459
1.03928  -0.355489  -0.0896196
1.02461  0.459777  -0.00372921
1.01953  -0.287425  -0.12275
1.03358  -0.457503  0.0807853
1.0226  -0.759482  -0.878661
1.04048  0.14035  -0.118172
1.0207  0.742308  -0.0698942
1.03358  -0.502838  -0.500459
1.02327  -0.881191  0.812358
1.04052  0.827906  -1.2472
1.00853  0.37472  0.0454135
1.03324  -1.16052  0.436784
1.03358  -0.457503  0.0807853
1.01953  -0.287425  -0.12275
1.02461  0.383131  -0.00372921
1.0226  -0.759482  -0.878661
1.01953  -0.287425  -0.12275
1.01953  -0.287425  -0.12275
1.0207  0.438574  0.00928776
1.03358  -0.516783  -0.574695
1.0226  -0.759482  -0.878661
1.0207  0.742308  -0.0698942
1.03358  -0.457503  -0.209993
1.01953  -0.287425  -0.12275
1.04052  0.827906  -1.2472
1.02461  0.383131  -0.00372921
1.02461  0.383131  -0.00372921
1.03358  -0.516783  -0.574695
1.051  1.32035  0.163159
1.03279  0.800686  0.240398
1.03324  -1.16052  0.436784
1.03576  -0.20599  -0.0381272
1.03358  -0.516783  -0.574695
1.02362  0.10915  -0.228183
1.0226  -0.708892  -0.305502
1.0467  -1.21075  0.372141
1.02362  0.10915  -0.228183
1.0226  -0.759482  -0.878661
1.01593  0.279988  -1.48648
1.02461  0.459777  -0.00372921
1.03279  0.929663  0.240398
1.03358  -0.516783  -0.574695
1.03358  -0.457503  0.0807853
1.03928  -0.355489  -0.0896196
1.03358  -0.457503  0.0807853
1.03279  0.929663  0.240398
1.01953  -0.287425  -0.12275
1.03358  -0.516783  -0.574695
1.03358  -0.457503  0.0807853
1.02461  0.383131  -0.00372921
1.03358  -0.457503  -0.0109791
1.0226  -0.708892  -0.305502
1.02461  0.383131  -0.00372921
1.01593  0.279988  -1.19052
1.01953  -0.287425  -0.12275
1.04052  0.827906  -1.2472
1.00853  0.37472  0.0454135
1.00853  0.37472  0.0454135
1.04048  0.259372  -0.118172
1.04048  0.259372  -0.118172
1.02461  0.383131  -0.00372921
1.03358  -0.516783  -0.574695
1.01707  -0.0611314  1.1149
1.02461  0.383131  -0.00372921
1.03279  0.929663  0.240398
1.03576  -0.20599  -0.0381272
1.03279  0.929663  0.240398
1.0226  -0.708892  -0.745516
1.0226  -0.708892  -0.745516
1.0226  -0.708892  -0.305502
1.01953  -0.287425  -0.12275
1.04052  0.827906  -1.2472
1.03576  -0.20599  -0.0381272
1.02362  0.10915  -0.228183
1.03928  -0.355489  -0.0896196
1.02024  0.628473  -1.44911
1.03279  0.929663  0.240398
1.02461  0.383131  -0.00372921
1.02327  -0.881191  0.812358
1.04052  0.827906  -1.2472
1.02461  0.383131  -0.00372921
1.03279  0.929663  0.240398
1.0207  0.742308  -0.0698942
1.02327  -0.881191  0.812358
1.01593  0.279988  -1.48648
1.01707  -0.0611314  1.1149
1.01707  -0.0611314  1.1149
1.03279  0.929663  0.240398
1.03661  -0.468464  -0.102456
1.03279  0.929663  0.240398
1.03358  -0.502838  -0.500459
1.03358  -0.516783  -0.574695
1.03279  0.929663  0.240398
1.03279  0.929663  0.240398
1.02461  0.459777  -0.00372921
1.03358  -0.457503  0.0807853
1.0226  -0.708892  -0.305502
1.00853  0.37472  0.0454135
1.0207  0.742308  -0.0698942
1.0207  0.742308  -0.0698942
1.0226  -0.743365  -0.745516
1.03279  0.929663  0.240398
1.02362  0.10915  -0.228183
1.04048  0.259372  -0.118172
1.00853  0.37472  0.0454135
1.04048  0.14035  -0.118172
1.03661  -0.468464  -0.102456
1.00853  0.37472  0.0454135
1.03576  0.223964  -0.45896
1.03358  -0.516783  -0.574695
1.03358  -0.457503  0.0807853
1.02461  0.383131  -0.00372921
1.02362  0.10915  -0.228183
1.04048  0.14035  -0.118172
1.03324  -1.16052  0.436784
1.02461  0.383131  -0.00372921
1.04048  0.259372  -0.118172
1.04048  0.259372  -0.118172
1.03358  -0.516783  -0.574695
1.02362  0.10915  -0.228183
1.03358  -0.457503  0.0807853
1.02461  0.383131  -0.00372921
1.01953  -0.287425  -0.12275
1.03661  -0.468464  -0.102456
1.03279  0.929663  0.240398
1.01953  -0.287425  -0.12275
1.02461  0.459777  -0.00372921
1.02362  0.10915  -0.228183
1.02362  0.10915  -0.228183
1.03661  -0.468464  -0.102456
1.0226  -0.639986  -0.801745
1.03279  0.929663  0.240398
1.03358  -0.516783  -0.574695
1.03661  -0.468464  -0.102456
1.00853  0.37472  0.0454135
1.02461  0.459777  -0.00372921
1.03576  -0.20599  -0.0381272
1.01953  -0.287425  -0.12275
1.03576  -0.20599  -0.0381272
1.03661  -0.468464  -0.102456
1.01953  -0.287425  -0.12275
1.01953  -0.287425  -0.12275
1.02362  0.10915  -0.228183
1.03576  0.223964  -0.45896
1.01953  -0.287425  -0.12275
1.00853  0.37472  0.0454135
1.01953  -0.287425  -0.12275
1.0207  0.742308  -0.0698942
1.02461  0.383131  -0.00372921
1.00853  0.37472  0.0454135
1.03358  -0.457503  0.0807853
1.02362  0.10915  -0.228183
1.00853  0.37472  0.0454135
1.02362  0.10915  -0.228183
1.03358  -0.457503  0.0807853
1.03358  -0.516783  -0.574695
1.03576  -0.20599  -0.0381272
1.03661  -0.468464  -0.102456
1.04048  0.14035  -0.118172
1.02461  0.383131  -0.00372921
1.04048  0.259372  -0.118172
1.02461  0.459777  -0.00372921
1.02461  0.383131  -0.00372921
1.03358  -0.457503  0.0807853
1.02461  0.383131  -0.00372921
1.01953  -0.287425  -0.12275
1.02461  0.459777  -0.00372921
1.0226  -0.708892  -0.305502
1.04052  0.827906  -1.2472
1.01953  -0.287425  -0.12275
1.03279  0.929663  0.240398
1.02461  0.459777  -0.00372921
1.02461  0.383131  -0.00372921
1.03358  -0.502838  -0.500459
1.03661  0.632389  -0.0963504
1.0207  0.742308  -0.0698942
1.03576  0.223964  -0.45896
1.03576  -0.20599  -0.0381272
1.01953  -0.287425  -0.12275
1.0207  0.438574  0.00928776
1.03661  -0.468464  -0.102456
1.03661  0.632389  -0.0963504
1.04206  -0.10371  -0.270755
1.04052  0.827906  -1.2472
1.02461  0.383131  -0.00372921
1.03358  -0.457503  0.0807853
1.00853  0.37472  0.0454135
1.02461  0.383131  -0.00372921
1.04048  0.259372  -0.118172
1.00853  0.37472  0.0454135
1.03358  -0.457503  0.0807853
1.03358  -0.457503  0.0807853
1.01953  -0.287425  -0.12275
1.01593  0.279988  -1.48648
1.03358  -0.457503  0.0807853
1.03279  0.917498  0.240398
1.0207  0.742308  -0.0698942
1.04956  0.10915  -0.228183
1.03279  0.929663  0.240398
1.03358  -0.457503  0.0807853
1.02461  0.383131  -0.00372921
1.01593  0.279988  -1.19052
1.0226  -0.759482  -0.878661
1.03358  -0.502838  -0.500459
1.03661  -0.468464  -0.102456
1.02461  0.459777  -0.00372921
1.03358  -0.516783  -0.574695
1.00853  0.37472  0.0454135
1.03928  -0.355489  -0.0896196
1.0226  -0.708892  -0.745516
1.02461  0.383131  -0.00372921
1.04048  0.259372  -0.118172
1.03358  -0.457503  -0.209993
1.02461  0.459777  -0.00372921
1.00853  0.37472  0.0454135
1.03279  0.800686  0.240398
1.00853  0.37472  0.0454135
1.04048  0.259372  -0.118172
1.03358  -0.457503  0.0807853
1.03358  -0.457503  0.0807853
1.0226  -0.708892  -0.305502
1.00853  0.37472  0.0454135
1.04206  -0.10371  -0.270755
1.00853  0.37472  0.0454135
1.03576  -0.20599  -0.0381272
1.02461  0.459777  -0.00372921
1.02461  0.383131  -0.00372921
1.03661  -0.468464  -0.102456
1.04569  -0.562688  0.515983
1.02461  0.383131  -0.00372921
1.03358  -0.457503  0.0807853
1.02461  0.459777  -0.00372921
1.01953  -0.287425  -0.12275
1.02461  0.383131  -0.00372921
1.02736  -0.2923  0.852382
1.01953  -0.287425  -0.12275
1.03279  0.800686  0.240398
1.02327  -0.881191  0.812358
1.0226  -0.587552  -0.721133
1.04048  0.259372  -0.118172
1.0207  0.742308  -0.0698942
1.03279  0.800686  0.240398
1.01707  -0.0611314  1.1149
1.0467  -1.21075  0.372141
1.0207  0.742308  -0.0698942
1.03279  0.800686  0.240398
1.02461  0.459777  -0.00372921
1.02461  0.459777  -0.00372921
1.03358  -0.516783  -0.574695
1.03576  -0.20599  -0.0381272
1.01953  -0.287425  -0.12275
1.03279  0.929663  0.240398
1.03661  -0.468464  -0.102456
1.02327  -0.881191  0.812358
1.01707  -0.0611314  1.1149
1.01707  -0.0611314  1.1149
1.04052  0.827906  -1.2472
1.05656  -0.542266  -0.935672
1.0226  -0.587552  -0.721133
1.0207  0.742308  -0.0698942
1.02736  -0.2923  0.852382
1.0226  -0.708892  -0.745516
1.01953  -0.287425  -0.12275
1.0207  0.742308  -0.0698942
1.02461  0.459777  -0.00372921
1.03279  0.929663  0.240398
1.02327  -0.881191  0.812358
1.03358  -0.457503  0.0807853
1.04052  0.827906  -1.2472
1.01707  -0.0611314  1.1149
1.03279  0.800686  0.240398
1.01953  -0.287425  -0.12275
1.02461  0.383131  -0.00372921
1.02362  0.10915  -0.228183
1.04048  0.259372  -0.118172
1.0226  -0.708892  -0.305502
1.03279  0.929663  0.240398
1.01953  -0.287425  -0.12275
1.03576  -0.20599  -0.0381272
1.03279  0.929663  0.240398
1.0207  0.438574  0.00928776
1.03661  -0.468464  -0.102456
1.02024  0.628473  -1.44911
1.0207  0.742308  -0.0698942
1.0467  -1.21075  0.372141
1.03358  -0.457503  0.0807853
1.03456  -0.247464  1.28883
1.04052  0.827906  -1.2472
1.00853  0.37472  0.0454135
1.04956  0.10915  -0.228183
1.03576  -0.20599  -0.0381272
1.02461  0.459777  -0.00372921
1.00853  0.37472  0.0454135
1.04048  0.259372  -0.118172
1.03358  -0.502838  -0.500459
1.02736  -0.2923  0.852382
1.02362  0.10915  -0.228183
1.04048  0.14035  -0.118172
1.0207  0.438574  0.00928776
1.01707  -0.0611314  1.1149
1.03358  -0.457503  0.0807853
1.0467  -1.21075  0.372141
1.0207  0.742308  -0.0698942
1.03358  -0.516783  -0.574695
1.02461  0.383131  -0.00372921
1.03576  -0.20599  -0.0381272
1.00853  0.37472  0.0454135
1.02461  0.383131  -0.00372921
1.00853  0.37472  0.0454135
1.01707  -0.0611314  1.1149
1.00853  0.37472  0.0454135
1.04048  0.259372  -0.118172
1.04052  0.827906  -1.2472
1.00853  0.37472  0.0454135
1.02461  0.383131  -0.00372921
1.01953  -0.287425  -0.12275
1.02461  0.459777  -0.00372921
1.02362  0.10915  -0.228183
1.02461  0.383131  -0.00372921
1.03324  -1.16052  0.436784
1.02461  0.383131  -0.00372921
1.02461  0.383131  -0.00372921
1.02461  0.383131  -0.00372921
1.03576  -0.20599  -0.0381272
1.01953  -0.287425  -0.12275
1.00853  0.279069  0.0454135
1.03661  0.632389  -0.0963504
1.01707  -0.0611314  1.1149
1.03358  -0.502838  -0.500459
1.05464  0.268768  -0.62173
1.01707  -0.0611314  1.1149
1.02461  0.383131  -0.00372921
1.03279  0.800686  0.240398
1.00853  0.37472  0.0454135
1.03358  -0.457503  0.0807853
1.03279  0.929663  0.240398
1.0207  0.742308  -0.0698942
1.00853  0.37472  0.0454135
1.01953  -0.287425  -0.12275
1.02461  0.383131  -0.00372921
1.0207  0.31826  0.00928776
1.0226  -0.708892  -0.745516
1.0226  -0.743365  -0.745516
1.02461  0.459777  -0.00372921
1.02362  0.266654  -0.312033
1.02461  0.383131  -0.00372921
1.02327  -0.881191  0.812358
1.03576  -0.20599  -0.0381272
1.05464  0.268768  -0.62173
1.00853  0.37472  0.0454135
1.03576  -0.20599  -0.0381272
1.02362  0.10915  -0.228183
1.03358  -0.516783  -0.574695
1.02461  0.459777  -0.00372921
1.03358  -0.516783  -0.574695
1.00853  0.37472  0.0454135
1.02362  0.10915  -0.228183
1.05464  0.268768  -0.62173
1.0226  -0.587552  -0.721133
1.03928  -0.355489  -0.0896196
1.00853  0.37472  0.0454135
1.0207  0.742308  -0.0698942
1.00853  0.37472  0.0454135
1.04048  0.259372  -0.118172
1.02461  0.383131  -0.00372921
1.03279  0.929663  0.240398
1.04052  0.827906  -1.2472
1.0226  -0.708892  -0.745516
1.03358  -0.457503  0.0807853
1.03358  -0.516783  -0.574695
1.02461  0.383131  -0.00372921
1.01837  -0.380365  0.741996
1.00853  0.37472  0.0454135
1.01707  -0.0611314  1.1149
1.0226  -0.708892  -0.305502
1.00853  0.37472  0.0454135
1.03358  -0.457503  -0.0109791
1.02461  0.383131  -0.00372921
1.02461  0.459777  -0.00372921
1.02362  0.10915  -0.228183
1.02362  0.10915  -0.228183
1.03576  0.223964  -0.45896
1.00853  0.37472  0.0454135
1.03358  -0.457503  0.0807853
1.0226  -0.587552  -0.721133
1.04048  0.259372  -0.118172
1.03661  -0.468464  -0.102456
1.02461  0.383131  -0.00372921
1.03358  -0.457503  0.0807853
1.02362  0.10915  -0.228183
1.03358  -0.457503  0.0807853
1.03279  0.800686  0.240398
1.03358  -0.457503  0.0807853
1.03358  -0.516783  -0.574695
1.03279  0.929663  0.240398
1.01953  -0.287425  -0.12275
1.03661  -0.468464  -0.102456
1.0467  -1.21075  0.372141
1.03576  0.223964  -0.45896
1.01953  -0.287425  -0.12275
1.02362  0.10915  -0.228183
1.04048  0.14035  -0.118172
1.03358  -0.457503  0.0807853
1.0467  -1.21075  0.372141
1.03576  0.223964  -0.45896
1.03358  -0.516783  -0.574695
1.02362  0.10915  -0.228183
1.02461  0.459777  -0.00372921
1.01953  -0.287425  -0.12275
1.03279  0.800686  0.240398
1.02461  0.383131  -0.00372921
1.04048  0.259372  -0.118172
1.01953  -0.287425  -0.12275
1.03358  -0.457503  0.0807853
1.0467  -1.21075  0.372141
1.03576  0.223964  -0.45896
1.04048  0.259372  -0.118172
1.03279  0.929663  0.240398
1.02461  0.383131  -0.00372921
1.00853  0.37472  0.0454135
1.03358  -0.516783  -0.574695
1.00853  0.37472  0.0454135
1.03358  -0.457503  -0.209993
1.03661  -0.468464  -0.102456
1.02362  0.10915  -0.228183
1.00853  0.37472  0.0454135
1.03358  -0.457503  0.0807853
1.03661  -0.468464  -0.102456
1.03928  -0.355489  -0.0896196
1.00853  0.37472  0.0454135
1.01953  -0.287425  -0.12275
1.01953  -0.287425  -0.12275
1.0226  -0.708892  -0.745516
1.01707  -0.0611314  1.1149
1.05464  0.268768  -0.62173
1.03358  -0.457503  -0.209993
1.03661  0.632389  -0.0963504
1.01953  -0.287425  -0.12275
1.02362  0.10915  -0.228183
1.01589  0.145959  -1.11651
1.03661  -0.468464  -0.102456
1.0467  -1.21075  0.372141
1.03576  -0.20599  -0.0381272
1.0207  0.438574  0.00928776
1.02461  0.459777  -0.00372921
1.03279  0.929663  0.240398
1.01589  0.145959  -1.11651
1.00853  0.37472  0.0454135
1.03279  0.800686  0.240398
1.02461  0.383131  -0.00372921
1.03661  -0.468464  -0.102456
1.04052  0.827906  -1.2472
1.03358  -0.516783  -0.574695
1.0207  0.438574  0.00928776
1.03358  -0.516783  -0.574695
1.02461  0.383131  -0.00372921
1.03358  -0.516783  -0.574695
1.03358  -0.457503  0.0807853
1.03358  -0.457503  0.0807853
1.00853  0.37472  0.0454135
1.04048  0.259372  -0.118172
1.01953  -0.287425  -0.12275
1.01707  -0.0611314  1.1149
1.03279  0.929663  0.240398
1.02362  0.266654  -0.312033
1.03576  -0.20599  -0.0381272
1.0467  -1.21075  0.372141
1.03576  0.223964  -0.45896
1.00853  0.37472  0.0454135
1.00853  0.37472  0.0454135
1.02362  0.266654  -0.312033
1.03928  -0.355489  -0.0896196
1.0207  0.31826  0.00928776
1.051  1.32035  0.163159
1.01953  -0.287425  -0.12275
1.03358  -0.516783  -0.574695
1.0226  -0.759482  -0.878661
1.02362  0.10915  -0.228183
1.01953  -0.287425  -0.12275
1.02461  0.459777  -0.00372921
1.02461  0.459777  -0.00372921
1.02461  0.459777  -0.00372921
1.0226  -0.639986  -0.801745
1.03279  0.800686  0.240398
1.03358  -0.516783  -0.574695
1.02362  0.266654  -0.312033
1.03358  -0.516783  -0.574695
1.03358  -0.457503  0.0807853
1.03576  -0.20599  -0.0381272
1.02461  0.383131  -0.00372921
1.03324  -1.16052  0.436784
1.03358  -0.457503  0.0807853
1.03576  -0.20599  -0.0381272
1.03358  -0.516783  -0.574695
1.0207  0.742308  -0.0698942
1.04048  0.259372  -0.118172
1.0226  -0.708892  -0.745516
1.01953  -0.287425  -0.12275
1.0226  -0.639986  -0.801745
1.0207  0.742308  -0.0698942
1.0226  -0.708892  -0.305502
1.00853  0.37472  0.0454135
1.02362  0.10915  -0.228183
1.04048  0.259372  -0.118172
1.0226  -0.708892  -0.745516
1.03576  -0.20599  -0.0442102
1.03358  -0.516783  -0.574695
1.03576  0.223964  -0.45896
1.02461  0.459777  -0.00372921
1.04048  0.14035  -0.118172
1.0226  -0.759482  -0.878661
1.03279  0.929663  0.240398
1.05464  0.268768  -0.62173
1.0207  0.742308  -0.0698942
1.03661  -0.468464  -0.102456
1.0207  0.742308  -0.0698942
1.03661  0.632389  -0.0963504
1.01593  0.279988  -1.48648
1.0207  0.742308  -0.0698942
1.0207  0.742308  -0.0698942
1.03358  -0.516783  -0.574695
1.03576  -0.20599  -0.0381272
1.0467  -1.21075  0.372141
1.01953  -0.287425  -0.12275
1.01707  -0.0611314  1.1149
1.02461  0.459777  -0.00372921
1.03324  -1.16052  0.436784
1.04052  0.827906  -1.2472
1.02461  0.383131  -0.00372921
1.03456  -0.247464  1.28883
1.03928  -0.355489  -0.0896196
1.00853  0.37472  0.0454135
1.04206  -0.10371  -0.270755
1.00853  0.279069  0.0454135
1.0226  -0.759482  -0.878661
