0.819224  0.431835  -0.183354
0.823027  -0.408863  -0.208468
0.82753  0.877089  0.100365
0.821504  -1.11853  -0.162976
0.829303  0.569523  -0.564793
0.836711  -0.397793  -0.639749
0.821504  -1.11853  -0.162976
0.822802  -0.757941  -0.142527
0.821504  -1.07498  -0.260289
0.849911  -0.127699  0.310433
0.829303  0.569523  -0.564793
0.82753  0.877089  0.100365
0.819224  0.825852  -0.536552
0.829303  0.569523  -0.564793
0.831919  0.835816  -0.411724
0.834807  -0.085633  1.12158
0.821504  -1.07449  -0.514938
0.821504  -1.07498  -0.260289
0.82753  0.877089  0.100365
0.813103  0.394631  0.0543898
0.822802  -0.418498  -0.142527
0.835601  0.512173  -0.665038
0.855331  0.360433  -0.790685
0.82753  0.877089  0.100365
0.821258  0.54923  -0.703049
0.821504  -1.11853  -0.162976
0.821504  -1.11853  -0.162976
0.813103  0.394631  0.0543898
0.821504  -1.11853  -0.162976
0.821504  -1.07449  -0.514938
0.847437  -0.0870016  -0.64763
0.823027  0.0764091  -0.133159
0.821504  -1.11853  -0.162976
0.834807  -0.085633  1.12158
0.821504  -1.07498  -0.260289
0.831919  0.835816  -0.411724
0.835601  0.512173  -0.665038
0.82753  0.877089  0.100365
0.821504  -1.07498  -0.260289
0.855785  1.38033  0.512742
0.822802  -0.436635  -0.560885
0.824781  -0.297855  0.411129
0.826246  0.451745  1.08556
0.824781  -0.297855  0.411129
0.845424  0.0331002  -0.067864
0.834807  -0.085633  1.11252
0.822802  -0.757941  -0.142527
0.82753  0.877089  0.100365
0.821504  -1.11853  -0.162976
0.847437  -0.0870016  -0.64763
0.855785  1.38033  0.512742
0.855785  0.752203  0.281945
0.824781  -0.297855  0.411129
0.82753  0.877089  0.100365
0.821504  -1.11853  -0.162976
0.82753  0.877089  0.100365
0.821504  -0.726973  -0.501128
0.821504  -1.11853  -0.162976
0.822833  -0.229321  -0.777921
0.821504  -1.11853  -0.162976
0.849911  -0.127699  0.310433
0.821504  -1.11853  -0.162976
0.835601  0.512173  -0.665038
0.831919  0.835816  -0.411724
0.822802  -0.757941  -0.142527
0.819224  0.431835  -0.183354
0.822802  -0.757941  -0.142527
0.821504  -1.11853  -0.162976
0.847437  -0.0870016  -0.64763
0.812306  0.82127  -0.588458
0.831919  0.606479  -0.364819
0.849911  -0.127699  0.310433
0.831919  0.835816  -0.411724
0.847437  -0.0870016  -0.64763
0.834807  -0.085633  1.12158
0.821504  -1.07498  -0.260289
0.821504  -1.11853  -0.162976
0.812306  0.82127  -0.588458
0.822802  -0.757941  -0.142527
0.855785  1.38033  0.512742
0.822802  -0.796902  -0.142527
0.822802  -0.757941  -0.142527
0.821504  -1.07498  -0.260289
0.829303  0.569523  -0.564793
0.812306  0.82127  -0.588458
0.847437  -0.0870016  -0.64763
0.821258  0.588833  -0.410037
0.844988  -0.307645  -0.461462
0.822802  -0.757941  -0.142527
0.844988  -0.307645  -0.461462
0.819224  0.825852  -0.536552
0.835552  0.0980109  -0.307739
0.821504  -1.11853  -0.162976
0.821504  -1.07498  -0.260289
0.821504  -1.11853  -0.162976
0.847437  -0.0870016  -0.64763
0.82753  0.877089  0.100365
0.836711  -0.332413  -0.639749
0.82753  0.877089  0.100365
0.834807  -0.085633  1.12158
0.847437  -0.0870016  -0.64763
0.831919  1.23549  -0.411724
0.826246  0.451745  1.08556
0.813103  0.394631  0.0543898
0.821504  -1.07498  -0.260289
0.821504  -1.07498  -0.260289
0.836711  -0.397793  -0.639749
0.813103  0.394631  0.0543898
0.831919  0.835816  -0.411724
0.847437  -0.0870016  -0.64763
0.821504  -1.07498  -0.260289
0.82753  0.877089  0.100365
0.821504  -1.11853  -0.162976
0.821504  -1.11853  -0.162976
0.813103  0.394631  0.0543898
0.821504  -1.07498  -0.260289
0.812306  0.82127  -0.588458
0.855785  0.752203  0.281945
0.836711  -0.397793  -0.639749
0.850883  -0.0962978  -0.595498
0.855785  1.38033  0.512742
0.822802  -0.418498  -0.142527
0.855785  0.752203  0.281945
0.855785  1.38033  0.512742
0.821504  -1.07498  -0.260289
0.855785  0.752203  0.281945
0.821504  -1.07449  -0.514938
0.855331  0.360433  -0.790685
0.822802  -0.436635  -0.560885
0.821504  -0.726973  -0.501128
0.821504  -1.11853  -0.162976
0.849911  -0.127699  0.310433
0.855785  1.38033  0.512742
0.82753  0.877089  0.100365
0.831919  0.835816  -0.411724
0.831919  1.23549  -0.411724
0.821504  -1.07498  -0.260289
0.822802  -0.796902  -0.142527
0.821504  -1.11853  -0.162976
0.847437  -0.0870016  -0.64763
0.831919  1.23549  -0.411724
0.822802  -0.757941  -0.142527
0.836711  -0.397793  -0.639749
0.821504  -1.11853  -0.162976
0.821504  -1.11853  -0.162976
0.823027  -0.408863  -0.208468
0.82753  0.877089  0.100365
0.824781  -0.297855  0.411129
0.831919  0.835816  -0.411724
0.849911  -0.127699  0.310433
0.82753  0.877089  0.100365
0.821504  -1.11853  -0.162976
0.831919  0.835816  -0.411724
0.836711  -0.397793  -0.639749
0.822802  -0.436635  -0.560885
0.831919  0.835816  -0.411724
0.829303  0.569523  -0.564793
0.831919  1.23549  -0.411724
0.821504  -1.11853  -0.162976
0.821504  -1.11853  -0.162976
0.82753  0.877089  0.100365
0.813103  0.394631  0.0543898
0.821504  -1.07498  -0.260289
0.822802  -0.418498  -0.142527
0.821504  -1.11853  -0.162976
0.855331  0.360433  -0.790685
0.823027  -0.408863  -0.208468
0.855785  0.752203  0.281945
0.847437  -0.0870016  -0.64763
0.831919  1.23549  -0.411724
0.829303  0.569523  -0.564793
0.847437  -0.0870016  -0.64763
0.855785  0.752203  0.281945
0.82753  0.877089  0.100365
0.821504  -1.11853  -0.162976
0.821504  -1.11853  -0.162976
0.821504  -1.07449  -0.514938
0.823027  0.0764091  -0.133159
0.834807  -0.085633  1.12158
0.847437  -0.0870016  -0.64763
0.855785  1.38033  0.512742
0.847437  -0.0870016  -0.64763
0.855785  1.38033  0.512742
0.812306  0.82127  -0.588458
0.847437  -0.0870016  -0.64763
0.821504  -1.11853  -0.162976
0.82753  0.877089  0.100365
0.824781  -0.297855  0.411129
0.82753  0.877089  0.100365
0.845424  0.0331002  -0.067864
0.822802  -0.757941  -0.142527
0.834807  -0.085633  1.12158
0.82753  0.877089  0.100365
0.821258  -0.525463  -0.874506
0.819224  0.825852  -0.536552
0.829303  0.569523  -0.564793
0.847437  -0.0870016  -0.64763
0.855331  0.360433  -0.790685
0.821504  -1.07498  -0.260289
0.822802  -0.796902  -0.142527
0.821504  -1.07449  -0.514938
0.813103  0.394631  0.0543898
0.821504  -1.07498  -0.260289
0.821504  -1.11853  -0.162976
0.821504  -1.07498  -0.260289
0.831919  1.23549  -0.411724
0.821504  -1.11853  -0.162976
0.822802  -0.796902  -0.142527
0.821504  -1.11853  -0.162976
0.835601  0.512173  -0.665038
0.831919  0.835816  -0.411724
0.835601  0.512173  -0.665038
0.822802  -0.757941  -0.142527
0.835601  0.512173  -0.665038
0.82753  0.877089  0.100365
0.821504  -1.07449  -0.514938
0.822802  -0.796902  -0.142527
0.822802  -0.757941  -0.142527
0.829303  0.569523  -0.564793
0.855785  1.38033  0.512742
0.821504  -1.11853  -0.162976
0.822802  -0.796902  -0.142527
0.831919  0.835816  -0.411724
0.831919  1.23549  -0.411724
0.855785  1.38033  0.512742
0.823027  -0.408863  -0.208468
0.835601  0.512173  -0.665038
0.831919  0.835816  -0.411724
0.813103  0.394631  0.0543898
0.831919  1.23549  -0.411724
0.836711  -0.332413  -0.639749
0.836711  -0.397793  -0.639749
0.821504  -1.07449  -0.514938
0.819224  0.825852  -0.536552
0.824781  -0.297855  0.411129
0.821258  0.588833  -0.410037
0.821504  -1.07498  -0.260289
0.835601  0.512173  -0.665038
0.824781  -0.297855  0.411129
0.821504  -1.11853  -0.162976
0.824781  -0.297855  0.411129
0.82753  0.877089  0.100365
0.82753  0.877089  0.100365
0.847437  -0.0870016  -0.64763
0.821258  0.54923  -0.703049
0.847437  -0.0870016  -0.64763
0.821504  -0.760427  -0.539297
0.847437  -0.0870016  -0.64763
0.812306  0.82127  -0.588458
0.831919  1.23549  -0.411724
0.819224  0.825852  -0.536552
0.819224  0.825852  -0.536552
0.822802  -0.418498  -0.142527
0.821504  -1.07449  -0.514938
0.823027  -0.408863  -0.208468
0.82753  0.877089  0.100365
0.813103  0.394631  0.0543898
0.821504  -1.07498  -0.260289
0.821504  -1.11853  -0.162976
0.831919  1.23549  -0.411724
0.821504  -1.11853  -0.162976
0.813103  0.394631  0.0543898
0.821504  -1.11853  -0.162976
0.821258  0.54923  -0.703049
0.831919  1.23549  -0.411724
0.834807  -0.085633  1.12158
0.821258  -0.525463  -0.874506
0.819224  0.825852  -0.536552
0.855785  1.38033  0.512742
0.849911  -0.127699  0.310433
0.821504  -1.07498  -0.260289
0.82753  0.877089  0.100365
0.821504  -1.11853  -0.162976
0.821504  -1.11853  -0.162976
0.819224  0.825852  -0.536552
0.821504  -1.11853  -0.162976
0.813103  0.394631  0.0543898
0.82753  0.877089  0.100365
0.821504  -1.11853  -0.162976
0.821504  -1.07449  -0.514938
0.821504  -1.07498  -0.260289
0.821504  -1.11853  -0.162976
0.864898  -1.1966  0.357487
0.82753  0.877089  0.100365
0.822802  -0.796902  -0.142527
0.821504  -1.11853  -0.162976
0.821504  -0.760427  -0.539297
0.821504  -1.11853  -0.162976
0.821504  -1.11853  -0.162976
0.829303  0.569523  -0.564793
0.855785  0.752203  0.281945
0.855331  0.360433  -0.790685
0.821504  -1.07498  -0.260289
0.812306  0.82127  -0.588458
0.822802  -0.757941  -0.142527
0.822802  -0.757941  -0.142527
0.813103  0.394631  0.0543898
0.823027  0.0764091  -0.133159
0.831919  1.23549  -0.411724
0.844988  -0.307645  -0.461462
0.824781  -0.297855  0.411129
0.821504  -1.11853  -0.162976
0.822802  -0.757941  -0.142527
0.821504  -1.11853  -0.162976
0.82753  0.877089  0.100365
0.822802  -0.757941  -0.142527
0.855785  0.752203  0.281945
0.855785  0.752203  0.281945
0.824781  -0.297855  0.411129
0.82753  0.877089  0.100365
0.822802  -0.418498  -0.142527
0.813103  0.394631  0.0543898
0.819224  0.825852  -0.536552
0.820756  -0.639102  0.82679
0.821504  -1.07498  -0.260289
0.821504  -1.11853  -0.162976
0.847437  -0.0870016  -0.64763
0.821504  -1.11853  -0.162976
0.82753  0.877089  0.100365
0.847437  -0.0870016  -0.64763
0.821504  -0.726973  -0.501128
0.847437  0.0411827  -0.807996
0.835601  0.512173  -0.665038
0.821504  -1.07498  -0.260289
0.813103  0.394631  0.0543898
0.822802  -0.796902  -0.142527
0.831919  1.23549  -0.411724
0.835601  0.512173  -0.665038
0.812306  0.82127  -0.588458
0.835601  0.512173  -0.665038
0.821258  -0.525463  -0.874506
0.812306  0.82127  -0.588458
0.821504  -1.07449  -0.514938
0.821504  -1.07498  -0.260289
0.819224  0.825852  -0.536552
0.821258  -0.525463  -0.874506
0.831919  1.23549  -0.411724
0.821504  -1.11853  -0.162976
0.813103  0.394631  0.0543898
0.82753  0.877089  0.100365
0.821504  -1.11853  -0.162976
0.821504  -1.07449  -0.514938
0.823027  -0.408863  -0.208468
0.82753  0.877089  0.100365
0.822802  -0.436635  -0.560885
0.831919  0.835816  -0.411724
0.823027  0.0764091  -0.133159
0.819224  0.825852  -0.536552
0.821504  -1.11853  -0.162976
0.821504  -1.07498  -0.260289
0.823027  0.0764091  -0.133159
0.821504  -1.11853  -0.162976
0.821504  -1.11853  -0.162976
0.834807  -0.085633  1.12158
0.821504  -1.07498  -0.260289
0.821504  -0.726973  -0.501128
0.831919  1.23549  -0.411724
0.835601  0.512173  -0.665038
0.821504  -1.11853  -0.162976
0.822802  -0.757941  -0.142527
0.847437  -0.0870016  -0.64763
0.835601  0.512173  -0.665038
0.821504  -1.11853  -0.162976
0.821504  -1.11853  -0.162976
0.849911  -0.127699  0.310433
0.819224  0.825852  -0.536552
0.821504  -1.07498  -0.260289
0.847437  -0.0870016  -0.64763
0.831919  1.23549  -0.411724
0.835601  0.512173  -0.665038
0.847437  -0.0870016  -0.64763
0.82753  0.877089  0.100365
0.823027  -0.408863  -0.208468
0.822802  -0.796902  -0.142527
0.813103  0.394631  0.0543898
0.831919  0.835816  -0.411724
0.821504  -1.07498  -0.260289
0.82753  0.877089  0.100365
0.831919  0.835816  -0.411724
0.821258  -0.525463  -0.874506
0.812306  0.82127  -0.588458
0.812306  0.82127  -0.588458
0.845424  0.0331002  -0.067864
0.813103  0.394631  0.0543898
0.845424  0.0331002  -0.067864
0.835601  0.512173  -0.665038
0.823027  0.0764091  -0.133159
0.824781  -0.297855  0.411129
0.820756  -0.639102  0.82679
0.831919  0.835816  -0.411724
0.813103  0.394631  0.0543898
0.826246  0.451745  1.08556
0.824781  -0.297855  0.411129
0.82753  0.877089  0.100365
0.835552  0.0980109  -0.307739
0.819224  0.825852  -0.536552
0.819224  0.431835  -0.183354
0.821258  -0.525463  -0.874506
0.822802  -0.436635  -0.560885
0.812306  0.82127  -0.588458
0.821504  -1.11853  -0.162976
0.819224  0.825852  -0.536552
0.844988  -0.307645  -0.461462
0.821504  -1.07498  -0.260289
0.826246  0.451745  1.08556
0.821258  0.54923  -0.703049
0.855785  1.38033  0.512742
0.822802  -0.436635  -0.560885
0.831919  1.23549  -0.411724
0.822802  -0.436635  -0.560885
0.835601  0.512173  -0.665038
0.849911  -0.127699  0.310433
0.812306  0.82127  -0.588458
0.821504  -1.07498  -0.260289
0.822802  -0.436635  -0.560885
0.855785  0.752203  0.281945
0.819224  0.825852  -0.536552
0.835601  0.512173  -0.665038
0.821504  -1.07449  -0.514938
0.855785  0.752203  0.281945
0.821504  -1.07498  -0.260289
0.855785  0.752203  0.281945
0.826246  0.451745  1.08556
0.821504  -1.07449  -0.514938
0.819224  0.825852  -0.536552
0.821504  -1.07498  -0.260289
0.835601  0.512173  -0.665038
0.836711  -0.397793  -0.639749
0.82753  0.877089  0.100365
0.821504  -1.11853  -0.162976
0.845424  0.0331002  -0.067864
0.813103  0.394631  0.0543898
0.822802  -0.436635  -0.560885
0.823027  -0.408863  -0.208468
0.819224  0.431835  -0.183354
0.821504  -1.07498  -0.260289
0.836711  -0.397793  -0.639749
0.82753  0.877089  0.100365
0.821504  -1.11853  -0.162976
0.831919  0.835816  -0.411724
0.812306  0.82127  -0.588458
0.82753  0.877089  0.100365
0.855785  0.752203  0.281945
0.844988  -0.307645  -0.461462
0.82753  0.877089  0.100365
0.855785  0.752203  0.281945
0.822802  -0.757941  -0.142527
0.82753  0.877089  0.100365
0.812306  0.82127  -0.588458
0.855331  0.360433  -0.790685
0.821504  -1.11853  -0.162976
0.82753  0.877089  0.100365
0.821504  -1.11853  -0.162976
0.822802  -0.796902  -0.142527
0.82753  0.877089  0.100365
0.821504  -1.07498  -0.260289
0.836711  -0.397793  -0.639749
0.835601  0.512173  -0.665038
0.845424  0.0331002  -0.067864
0.821504  -1.11853  -0.162976
0.812306  0.82127  -0.588458
0.821504  -1.11853  -0.162976
0.844988  -0.307645  -0.461462
0.821504  -1.07449  -0.514938
0.813103  0.394631  0.0543898
0.82753  0.877089  0.100365
0.831919  1.23549  -0.411724
0.821504  -1.11853  -0.162976
0.831919  0.835816  -0.411724
0.836711  -0.397793  -0.639749
0.812306  0.82127  -0.588458
0.813103  0.394631  0.0543898
0.847437  -0.0870016  -0.64763
0.847437  -0.0870016  -0.64763
0.82753  0.877089  0.100365
0.821258  0.54923  -0.703049
0.829303  0.569523  -0.564793
0.821504  -1.11853  -0.162976
0.821504  -1.11853  -0.162976
0.821504  -1.11853  -0.162976
0.835601  0.512173  -0.665038
0.821504  -1.11853  -0.162976
0.821504  -1.11853  -0.162976
0.821504  -0.726973  -0.501128
0.835552  0.0980109  -0.307739
0.821504  -0.760427  -0.539297
0.834807  -0.085633  1.12158
0.847437  -0.0870016  -0.64763
0.831919  0.835816  -0.411724
0.820756  -0.639102  0.82679
0.835601  0.512173  -0.665038
0.826246  0.451745  1.08556
0.812306  0.82127  -0.588458
0.821504  -0.760427  -0.539297
0.845424  0.0331002  -0.067864
0.822802  -0.418498  -0.142527
0.822802  -0.796902  -0.142527
0.831919  1.23549  -0.411724
0.835601  0.512173  -0.665038
0.835601  0.512173  -0.665038
0.821504  -1.11853  -0.162976
0.855785  0.752203  0.281945
0.831919  0.835816  -0.411724
0.821504  -1.07449  -0.514938
0.822802  -0.436635  -0.560885
0.821504  -1.11853  -0.162976
0.813103  0.394631  0.0543898
0.834807  -0.085633  1.12158
0.813103  0.394631  0.0543898
0.813103  0.394631  0.0543898
0.812306  0.82127  -0.588458
0.821504  -1.07498  -0.260289
0.826246  0.451745  1.08556
0.826246  0.451745  1.08556
0.823027  -0.408863  -0.208468
0.819224  0.431835  -0.183354
0.855785  1.38033  0.512742
0.821504  -1.07498  -0.260289
0.834807  -0.085633  1.12158
0.821258  0.54923  -0.703049
0.824781  -0.297855  0.411129
0.821504  -1.11853  -0.162976
0.82753  0.877089  0.100365
0.82753  0.877089  0.100365
0.855785  0.752203  0.281945
0.82753  0.877089  0.100365
0.821504  -1.11853  -0.162976
0.821504  -1.11853  -0.162976
0.835601  0.512173  -0.665038
0.836711  -0.397793  -0.639749
0.821504  -1.11853  -0.162976
0.821504  -1.11853  -0.162976
0.82753  0.877089  0.100365
0.821504  -1.11853  -0.162976
0.821504  -1.07498  -0.260289
0.855785  0.752203  0.281945
0.812306  0.82127  -0.588458
0.821504  -0.760427  -0.539297
0.822802  -0.436635  -0.560885
0.855785  0.752203  0.281945
0.821504  -1.11853  -0.162976
0.821504  -1.11853  -0.162976
0.835601  0.512173  -0.665038
0.847437  -0.0870016  -0.64763
0.823027  0.0764091  -0.133159
0.823027  -0.408863  -0.208468
0.82753  0.877089  0.100365
0.821504  -1.11853  -0.162976
0.834807  -0.085633  1.11252
0.855785  0.752203  0.281945
0.821504  -1.07498  -0.260289
0.819224  0.825852  -0.536552
0.847437  -0.0870016  -0.64763
0.835601  0.512173  -0.665038
0.823027  0.0764091  -0.133159
0.821504  -1.11853  -0.162976
0.821504  -1.07498  -0.260289
0.831919  1.23549  -0.411724
0.812306  0.82127  -0.588458
0.831919  0.835816  -0.411724
0.826246  0.451745  1.08556
0.819224  0.431835  -0.183354
0.821504  -1.11853  -0.162976
0.823027  -0.408863  -0.208468
0.821504  -1.07449  -0.514938
0.847437  -0.0870016  -0.64763
0.821504  -1.11853  -0.162976
0.812306  0.82127  -0.588458
0.855785  0.752203  0.281945
0.831919  1.23549  -0.411724
0.847437  -0.0870016  -0.64763
0.821504  -1.11853  -0.162976
0.824781  -0.297855  0.411129
0.835601  0.512173  -0.665038
0.82753  0.877089  0.100365
0.821504  -1.11853  -0.162976
0.855785  0.752203  0.281945
0.831919  0.835816  -0.411724
0.821504  -1.11853  -0.162976
0.813103  0.394631  0.0543898
0.829303  0.569523  -0.564793
0.821504  -1.11853  -0.162976
0.822802  -0.796902  -0.142527
0.813103  0.394631  0.0543898
0.821504  -0.726973  -0.501128
0.821504  -1.11853  -0.162976
0.812306  0.82127  -0.588458
0.831919  1.23549  -0.411724
0.821504  -1.11853  -0.162976
0.821504  -1.11853  -0.162976
0.82753  0.877089  0.100365
0.855785  0.752203  0.281945
0.831919  1.23549  -0.411724
0.813103  0.394631  0.0543898
0.819224  0.825852  -0.536552
0.821504  -1.07498  -0.260289
0.82753  0.877089  0.100365
0.822802  -0.796902  -0.142527
0.821504  -0.726973  -0.501128
0.850883  -0.0962978  -0.595498
0.850883  -0.0962978  -0.595498
0.821504  -1.11853  -0.162976
0.821504  -1.11853  -0.162976
0.826246  0.451745  1.08556
0.821258  -0.525463  -0.874506
0.845424  0.0331002  -0.067864
0.847437  -0.0870016  -0.64763
0.821504  -1.07449  -0.514938
0.819224  0.825852  -0.536552
0.847437  -0.0870016  -0.64763
0.822802  -0.796902  -0.142527
0.847437  -0.0870016  -0.64763
0.829303  0.569523  -0.564793
0.821258  0.54923  -0.703049
0.831919  0.606479  -0.364819
0.821504  -1.11853  -0.162976
0.850883  -0.0962978  -0.595498
0.812306  0.82127  -0.588458
0.812306  0.82127  -0.588458
0.823027  0.0764091  -0.133159
0.821504  -1.11853  -0.162976
0.864898  -1.1966  0.357487
0.822802  -0.757941  -0.142527
0.847437  -0.0870016  -0.64763
0.847437  -0.0870016  -0.64763
0.821258  -0.525463  -0.874506
0.821504  -1.07449  -0.514938
0.855785  1.38033  0.641344
0.836711  -0.332413  -0.639749
0.82753  0.877089  0.100365
0.82753  0.877089  0.100365
0.829303  0.569523  -0.564793
0.819224  0.825852  -0.536552
0.822802  -0.796902  -0.142527
0.823027  0.0764091  -0.133159
0.813103  0.394631  0.0543898
0.847437  -0.0870016  -0.64763
0.821504  -1.11853  -0.162976
0.821504  -1.11853  -0.162976
0.823027  -0.408863  -0.208468
0.822802  -0.418498  -0.142527
0.835601  0.512173  -0.665038
0.836711  -0.397793  -0.639749
0.821504  -1.11853  -0.162976
0.850883  -0.0962978  -0.595498
0.821504  -1.07449  -0.514938
0.82753  0.877089  0.100365
0.847437  0.0411827  -0.807996
0.855785  1.38033  0.512742
0.847437  -0.0870016  -0.64763
0.834807  -0.085633  1.11252
0.847437  -0.0870016  -0.64763
0.821504  -0.760427  -0.539297
0.82753  0.877089  0.100365
0.822802  -0.796902  -0.142527
0.835601  0.512173  -0.665038
0.834807  -0.085633  1.12158
0.822802  -0.796902  -0.142527
0.829303  0.569523  -0.564793
0.855331  0.360433  -0.790685
0.847437  -0.0870016  -0.64763
0.855785  0.752203  0.281945
0.812306  0.82127  -0.588458
0.847437  -0.0870016  -0.64763
0.819224  0.825852  -0.536552
0.835601  0.512173  -0.665038
0.844988  -0.307645  -0.461462
0.849911  -0.127699  0.310433
0.821504  -1.07498  -0.260289
0.824781  -0.297855  0.411129
0.831919  1.23549  -0.411724
0.821258  0.54923  -0.703049
0.823027  0.0764091  -0.133159
0.821258  -0.525463  -0.874506
0.835601  0.512173  -0.665038
0.821504  -1.11853  -0.162976
0.829303  0.569523  -0.564793
0.821504  -1.11853  -0.162976
0.821504  -1.07498  -0.260289
0.821504  -1.07498  -0.260289
0.822802  -0.436635  -0.560885
0.812306  0.82127  -0.588458
0.813103  0.394631  0.0543898
0.821504  -1.11853  -0.162976
0.821504  -1.11853  -0.162976
0.822802  -0.757941  -0.142527
0.819224  0.825852  -0.536552
0.819224  0.431835  -0.183354
0.824781  -0.297855  0.411129
0.826246  0.451745  1.08556
0.855331  0.360433  -0.790685
0.82753  0.877089  0.100365
0.82753  0.877089  0.100365
0.82753  0.877089  0.100365
0.835601  0.512173  -0.665038
0.824781  -0.297855  0.411129
0.821504  -1.11853  -0.162976
0.82753  0.877089  0.100365
0.831919  1.23549  -0.411724
0.812306  0.82127  -0.588458
0.822802  -0.757941  -0.142527
0.821504  -1.11853  -0.162976
0.822802  -0.796902  -0.142527
0.855785  0.752203  0.281945
0.823027  -0.408863  -0.208468
0.831919  1.23549  -0.411724
0.82753  0.877089  0.100365
0.82753  0.877089  0.100365
0.821258  -0.525463  -0.874506
0.834807  -0.085633  1.12158
0.844988  -0.307645  -0.461462
0.821504  -1.11853  -0.162976
0.831919  0.606479  -0.364819
0.821504  -1.07449  -0.514938
0.812306  0.82127  -0.588458
0.821258  0.588833  -0.410037
0.822802  -0.757941  -0.142527
0.835601  0.512173  -0.665038
0.822802  -0.796902  -0.142527
0.821504  -1.07449  -0.514938
0.822802  -0.436635  -0.560885
0.813103  0.394631  0.0543898
0.82753  0.877089  0.100365
0.821504  -1.11853  -0.162976
0.822802  -0.757941  -0.142527
0.821504  -0.726973  -0.501128
0.835601  0.512173  -0.665038
0.836711  -0.397793  -0.639749
0.812306  0.82127  -0.588458
0.823027  0.0764091  -0.133159
0.829303  0.569523  -0.564793
0.813103  0.394631  0.0543898
0.835601  0.512173  -0.665038
0.836711  -0.397793  -0.639749
0.813103  0.394631  0.0543898
0.847437  -0.0870016  -0.64763
0.847437  -0.0870016  -0.64763
0.819224  0.431835  -0.183354
0.831919  0.606479  -0.364819
0.835601  0.512173  -0.665038
0.813103  0.394631  0.0543898
0.855785  0.752203  0.281945
0.821504  -1.11853  -0.162976
0.82753  0.877089  0.100365
0.82753  0.877089  0.100365
0.826246  0.451745  1.08556
0.82753  0.877089  0.100365
0.835601  0.512173  -0.665038
0.824781  -0.297855  0.411129
0.821504  -1.11853  -0.162976
0.823027  0.0764091  -0.133159
0.812306  0.82127  -0.588458
0.834807  -0.085633  1.12158
0.831919  1.23549  -0.411724
0.849911  -0.127699  0.310433
0.836711  -0.397793  -0.639749
0.813103  0.394631  0.0543898
0.829303  0.569523  -0.564793
0.821504  -1.11853  -0.162976
0.835601  0.512173  -0.665038
0.823027  -0.408863  -0.208468
0.821258  -0.525463  -0.874506
0.821504  -1.11853  -0.162976
0.819224  0.825852  -0.536552
0.855785  0.752203  0.281945
0.855785  1.38033  0.512742
0.821504  -1.07449  -0.514938
0.82753  0.877089  0.100365
0.821504  -1.11853  -0.162976
0.813103  0.394631  0.0543898
0.822802  -0.436635  -0.560885
0.821504  -1.11853  -0.162976
0.835601  0.512173  -0.665038
0.821504  -1.07449  -0.514938
0.819224  0.825852  -0.536552
0.821504  -1.07498  -0.260289
0.823027  0.0764091  -0.133159
0.813103  0.394631  0.0543898
0.821504  -1.11853  -0.162976
0.812306  0.82127  -0.588458
0.835552  0.0980109  -0.307739
0.823027  0.0764091  -0.133159
0.821258  0.54923  -0.703049
0.819224  0.431835  -0.183354
0.822802  -0.757941  -0.142527
0.821504  -1.11853  -0.162976
0.82753  0.877089  0.100365
0.821504  -1.11853  -0.162976
0.822802  -0.796902  -0.142527
0.821258  0.588833  -0.410037
0.835601  0.512173  -0.665038
0.822833  -0.229321  -0.777921
0.855785  0.752203  0.281945
0.835601  0.512173  -0.665038
0.831919  0.835816  -0.411724
0.850883  -0.0962978  -0.595498
0.821504  -1.07498  -0.260289
0.82753  0.877089  0.100365
0.821258  1.11663  -0.410037
0.821504  -1.11853  -0.162976
0.821258  0.54923  -0.703049
0.844988  -0.307645  -0.461462
0.831919  1.23549  -0.411724
0.82753  0.877089  0.100365
0.821504  -1.11853  -0.162976
0.844988  -0.307645  -0.461462
0.820756  -0.639102  0.82679
0.821504  -1.07498  -0.260289
0.813103  0.394631  0.0543898
0.831919  1.23549  -0.411724
0.812306  0.82127  -0.588458
0.822802  -0.796902  -0.142527
0.829303  0.569523  -0.564793
0.813103  0.394631  0.0543898
0.855785  1.38033  0.512742
0.821258  0.54923  -0.703049
0.829303  0.569523  -0.564793
0.821504  -1.11853  -0.162976
0.847437  -0.0870016  -0.64763
0.821504  -1.07498  -0.260289
0.835601  0.512173  -0.665038
0.822802  -0.418498  -0.142527
0.82753  0.877089  0.100365
0.821504  -1.07449  -0.514938
0.819224  0.825852  -0.536552
0.821504  -1.07498  -0.260289
0.821504  -1.11853  -0.162976
0.821504  -1.11853  -0.162976
0.821504  -1.11853  -0.162976
0.821504  -1.07449  -0.514938
0.821504  -1.07498  -0.260289
0.855331  0.360433  -0.790685
0.82753  0.877089  0.100365
0.831919  0.835816  -0.411724
0.82753  0.877089  0.100365
0.835601  0.512173  -0.665038
0.847437  0.0411827  -0.807996
0.821504  -1.11853  -0.162976
0.821258  -0.525463  -0.874506
0.821504  -1.07449  -0.514938
0.821504  -1.11853  -0.162976
0.822802  -0.418498  -0.142527
0.813103  0.394631  0.0543898
0.823027  0.0764091  -0.133159
0.831919  1.23549  -0.411724
0.821504  -1.11853  -0.162976
0.821504  -1.07498  -0.260289
0.847437  -0.0870016  -0.64763
0.823027  0.0764091  -0.133159
0.855785  1.38033  0.512742
0.847437  -0.0870016  -0.64763
0.821504  -1.11853  -0.162976
0.823027  -0.408863  -0.208468
0.821504  -1.11853  -0.162976
0.849911  -0.127699  0.310433
0.855785  1.38033  0.512742
0.82753  0.877089  0.100365
0.829303  0.569523  -0.564793
0.821504  -1.11853  -0.162976
0.821504  -1.11853  -0.162976
0.819224  0.825852  -0.536552
0.82753  0.877089  0.100365
0.821504  -1.11853  -0.162976
0.823027  0.0764091  -0.133159
0.821504  -1.07498  -0.260289
0.855785  0.752203  0.281945
0.82753  0.877089  0.100365
0.821504  -1.11853  -0.162976
0.812306  0.82127  -0.588458
0.824781  -0.297855  0.411129
0.855331  0.360433  -0.790685
0.820756  -0.639102  0.82679
0.82753  0.877089  0.100365
0.834807  -0.085633  1.11252
0.819224  0.825852  -0.536552
0.847437  -0.0870016  -0.64763
0.819224  0.825852  -0.536552
0.829303  0.569523  -0.564793
0.82753  0.877089  0.100365
0.834807  -0.085633  1.11252
0.831919  0.835816  -0.411724
0.821504  -1.11853  -0.162976
0.82753  0.877089  0.100365
0.847437  -0.0870016  -0.64763
0.821504  -1.11853  -0.162976
0.821258  0.588833  -0.410037
0.826246  0.451745  1.08556
0.82753  0.877089  0.100365
0.821504  -1.07498  -0.260289
0.831919  1.23549  -0.411724
0.829303  0.569523  -0.564793
0.835601  0.512173  -0.665038
0.821504  -1.11853  -0.162976
0.82753  0.877089  0.100365
0.835601  0.512173  -0.665038
0.82753  0.877089  0.100365
0.812306  0.82127  -0.588458
0.821504  -1.07449  -0.514938
0.821504  -1.11853  -0.162976
0.847437  -0.0870016  -0.64763
0.831919  1.23549  -0.411724
0.831919  0.835816  -0.411724
0.845424  0.0331002  -0.067864
0.821504  -1.11853  -0.162976
0.855785  1.38033  0.512742
0.847437  -0.0870016  -0.64763
0.821504  -1.11853  -0.162976
0.821504  -1.11853  -0.162976
0.831919  0.835816  -0.411724
0.836711  -0.397793  -0.639749
0.855785  1.38033  0.512742
0.822802  -0.418498  -0.142527
0.821504  -1.11853  -0.162976
0.823027  0.0764091  -0.133159
0.821504  -1.11853  -0.162976
0.824781  -0.297855  0.411129
0.82753  0.877089  0.100365
0.812306  0.82127  -0.588458
0.82753  0.877089  0.100365
0.821504  -0.760427  -0.539297
0.826246  0.451745  1.08556
0.822802  -0.796902  -0.142527
0.813103  0.394631  0.0543898
0.829303  0.569523  -0.564793
0.821504  -1.07498  -0.260289
0.812306  0.82127  -0.588458
0.822802  -0.757941  -0.142527
0.813103  0.394631  0.0543898
0.82753  0.877089  0.100365
0.812306  0.82127  -0.588458
0.834807  -0.085633  1.12158
0.821504  -1.07498  -0.260289
0.855331  0.360433  -0.790685
0.847437  -0.0870016  -0.64763
0.826246  0.451745  1.08556
0.821504  -1.11853  -0.162976
0.822802  -0.757941  -0.142527
0.836711  -0.397793  -0.639749
0.821504  -1.11853  -0.162976
0.855785  1.38033  0.512742
0.835601  0.512173  -0.665038
0.821258  0.54923  -0.703049
0.850883  -0.0962978  -0.595498
0.822802  -0.796902  -0.142527
0.812306  0.82127  -0.588458
0.855331  0.360433  -0.790685
0.835552  0.0980109  -0.307739
0.82753  0.877089  0.100365
0.822802  -0.757941  -0.142527
0.829303  0.569523  -0.564793
0.821504  -1.11853  -0.162976
0.821504  -1.11853  -0.162976
0.821504  -1.07498  -0.260289
0.821258  0.588833  -0.410037
0.835601  0.512173  -0.665038
0.821258  0.54923  -0.703049
0.822802  -0.796902  -0.142527
0.821504  -1.07498  -0.260289
0.834807  -0.085633  1.12158
0.821504  -1.07449  -0.514938
0.836711  -0.397793  -0.639749
0.826246  0.451745  1.08556
0.826246  0.451745  1.08556
0.823027  0.0764091  -0.133159
0.821504  -1.07498  -0.260289
0.834807  -0.085633  1.11252
0.821504  -1.07498  -0.260289
0.822802  -0.796902  -0.142527
0.834807  -0.085633  1.12158
0.819224  0.431835  -0.183354
0.847437  -0.0870016  -0.64763
0.835552  0.0980109  -0.307739
0.821504  -1.11853  -0.162976
0.826246  0.451745  1.08556
0.821504  -1.07498  -0.260289
0.821504  -1.07498  -0.260289
0.820756  -0.639102  0.82679
0.821504  -1.11853  -0.162976
0.855785  1.38033  0.512742
0.822802  -0.796902  -0.142527
0.831919  1.23549  -0.411724
0.813103  0.394631  0.0543898
0.821504  -1.11853  -0.162976
0.823027  -0.408863  -0.208468
0.855785  1.38033  0.512742
0.82753  0.877089  0.100365
0.821504  -0.726973  -0.501128
0.82753  0.877089  0.100365
0.819224  0.431835  -0.183354
0.821504  -0.726973  -0.501128
0.829303  0.569523  -0.564793
0.821504  -0.760427  -0.539297
0.821504  -1.11853  -0.162976
0.819224  0.825852  -0.536552
0.821504  -1.07498  -0.260289
0.821504  -1.11853  -0.162976
0.855785  0.752203  0.281945
0.821504  -1.11853  -0.162976
0.821504  -1.07449  -0.514938
0.821504  -1.11853  -0.162976
