t meta_n emi  mean_info  tr1  tr2  tr3  strategy
0  121302  0.100032  0.493829  0.900069  0.000806234  -7.03581e-05  4
100  118663  0.107783  0.186757  0.898034  0.0683493  0.00140785  4
200  118506  0.128225  0.103552  0.889344  0.123065  -0.000637845  4
300  118597  0.135205  0.0766411  0.880462  0.148714  0.0112308  4
400  118714  0.144671  0.0665905  0.869688  0.177561  0.0166096  4
500  118582  0.149712  0.0594567  0.868491  0.192111  0.0191065  4
600  118645  0.154337  0.056667  0.869098  0.213382  0.0255381  4
700  118962  0.152455  0.0555428  0.871511  0.239906  0.015861  4
800  118826  0.155355  0.0546283  0.871158  0.252962  0.0192908  4
900  119537  0.162182  0.0514673  0.870546  0.257571  0.0310957  4
1000  117947  0.160824  0.0507798  0.866626  0.260411  0.0435059  4
1100  118269  0.160053  0.0486959  0.868648  0.265112  0.024276  4
1200  118146  0.154653  0.0452611  0.872231  0.274431  0.0156501  4
1300  118951  0.15777  0.0463  0.870025  0.275694  0.0183278  4
1400  118648  0.16105  0.0433157  0.868385  0.281849  0.00982445  4
1500  118681  0.159135  0.0422181  0.87131  0.279965  0.0302507  4
1600  118556  0.158803  0.0417122  0.870633  0.276267  0.058238  4
1700  118427  0.154779  0.0451535  0.867662  0.269305  0.0326325  4
1800  118959  0.153764  0.0422042  0.868788  0.2662  0.0161281  4
1900  118709  0.154837  0.0373643  0.87419  0.279319  0.0364994  4
2000  119260  0.153525  0.0370016  0.873423  0.269406  0.0195367  4
2100  119210  0.153457  0.0360597  0.874158  0.271159  -3.86838e-05  4
2200  119000  0.149831  0.036613  0.87291  0.26211  0.0147887  4
2300  118843  0.153723  0.0346835  0.869247  0.262367  0.0173826  4
2400  118853  0.154646  0.0329859  0.871592  0.271867  0.043467  4
2500  118990  0.151286  0.0288989  0.870889  0.270302  0.0638207  4
2600  118678  0.152816  0.0294359  0.864425  0.256305  0.0659734  4
2700  118922  0.155737  0.028846  0.863549  0.253117  0.014005  4
2800  119030  0.152138  0.0284737  0.863338  0.248444  -0.0258059  4
2900  117991  0.149951  0.0270523  0.863242  0.235279  -0.0178024  4
3000  119062  0.153151  0.0269131  0.863516  0.242428  -0.0160968  4
3100  118692  0.154904  0.0266771  0.861942  0.237451  0.00573813  4
3200  119614  0.154439  0.0246285  0.8612  0.244836  0.00199394  4
3300  118655  0.152721  0.0245893  0.863187  0.25559  -0.00267026  4
3400  118738  0.156634  0.0248436  0.859013  0.243854  -0.0325682  4
3500  119196  0.15364  0.0232514  0.861415  0.249248  -0.0308042  4
3600  118860  0.155925  0.023513  0.85416  0.235327  0.00669827  4
3700  118777  0.152967  0.0207374  0.857011  0.235157  -0.00501351  4
3800  119045  0.157388  0.0199428  0.855425  0.238234  -0.0255993  4
3900  118655  0.15137  0.0186823  0.855046  0.230913  -0.0397984  4
4000  119284  0.155205  0.0171953  0.854727  0.227492  -0.0889394  4
4100  119192  0.157601  0.0155527  0.850446  0.223507  -0.0870998  4
4200  119248  0.153734  0.017163  0.852186  0.222577  -0.0642394  4
4300  118718  0.155649  0.016205  0.850526  0.223756  -0.0255994  4
4400  118694  0.156762  0.0175159  0.850108  0.215776  0.0093961  4
4500  118933  0.153377  0.0173323  0.852751  0.227342  0.0417349  4
4600  119140  0.157331  0.0166575  0.850854  0.240096  0.0551045  4
4700  118640  0.155201  0.0142992  0.852923  0.238825  0.0367897  4
4800  119452  0.157053  0.0146276  0.850936  0.236746  0.0464759  4
4900  118978  0.156036  0.0155758  0.850645  0.235111  0.0271788  4
5000  119204  0.156218  0.0149217  0.848642  0.229722  0.0036969  4
5100  119177  0.158171  0.0132842  0.847721  0.226574  -0.0374962  4
5200  119143  0.156064  0.0122873  0.846236  0.214728  -0.0483185  4
5300  118750  0.156463  0.0111145  0.846105  0.211245  -0.0390461  4
5400  119419  0.154664  0.0114204  0.846867  0.205497  -0.0457906  4
5500  119299  0.156421  0.00967662  0.8451  0.208228  -0.0952318  4
5600  119686  0.156667  0.0110443  0.847018  0.207004  -0.137812  4
5700  118670  0.153072  0.0124886  0.845971  0.206497  -0.111438  4
5800  119291  0.153641  0.0123204  0.845041  0.194024  -0.137722  4
5900  119966  0.153172  0.0101212  0.845279  0.192011  -0.140511  4
6000  119042  0.153575  0.00993201  0.844272  0.186814  -0.157553  4
6100  118943  0.152448  0.00959867  0.845984  0.188222  -0.148151  4
6200  119059  0.150135  0.00964202  0.845469  0.184555  -0.141241  4
6300  119126  0.149659  0.0101461  0.845396  0.182216  -0.129157  4
6400  119312  0.151636  0.00834993  0.841426  0.166812  -0.141799  4
6500  119262  0.153358  0.0067511  0.842141  0.177347  -0.16011  4
6600  119164  0.155574  0.00621168  0.840517  0.173381  -0.150369  4
6700  119074  0.153443  0.00674366  0.84231  0.17363  -0.124586  4
6800  119062  0.150448  0.00778299  0.841112  0.172075  -0.157023  4
6900  119392  0.153552  0.00662266  0.839784  0.176945  -0.163366  4
7000  118997  0.155349  0.00655378  0.838232  0.172839  -0.190516  4
7100  119419  0.15746  0.00683907  0.841181  0.18428  -0.217743  4
7200  119057  0.153148  0.00588634  0.839744  0.172304  -0.208711  4
7300  119799  0.155237  0.00542947  0.839304  0.169548  -0.199551  4
7400  119039  0.153539  0.00583818  0.839351  0.164842  -0.190358  4
7500  119311  0.155832  0.00663705  0.836772  0.157306  -0.189849  4
7600  119350  0.154327  0.00594753  0.835949  0.154338  -0.202134  4
7700  119298  0.153053  0.00471337  0.836479  0.160789  -0.215458  4
7800  119418  0.155759  0.00442389  0.836306  0.164105  -0.172824  4
7900  119399  0.155984  0.00368106  0.83558  0.161874  -0.165476  4
8000  118569  0.155615  0.0039906  0.835936  0.161199  -0.124687  4
8100  118933  0.154359  0.00422321  0.836264  0.154598  -0.0836777  4
8200  118783  0.154811  0.0042439  0.83561  0.15279  -0.0989958  4
8300  119178  0.153217  0.00464542  0.836166  0.147964  -0.0587661  4
8400  118910  0.149202  0.0046645  0.836457  0.149714  -0.112173  4
8500  118985  0.151425  0.00492051  0.835758  0.146552  -0.118501  4
8600  118995  0.151156  0.00516496  0.834831  0.146476  -0.0919503  4
8700  119019  0.150657  0.00370014  0.833789  0.133738  -0.0523726  4
8800  119346  0.149578  0.00403093  0.833011  0.131838  -0.00931297  4
8900  118888  0.152329  0.0034022  0.83163  0.125284  0.0148301  4
9000  119340  0.150122  0.00367036  0.83173  0.123815  0.0123861  4
9100  119093  0.15251  0.00316293  0.831883  0.123551  0.04998  4
9200  118963  0.152038  0.00330686  0.831946  0.119325  0.0440028  4
9300  119584  0.148662  0.00310402  0.832683  0.119615  0.0320314  4
9400  119053  0.148536  0.00292621  0.832576  0.121909  0.0253616  4
9500  119351  0.150024  0.00254206  0.831722  0.11511  0.000610845  4
9600  118847  0.148215  0.00276898  0.83187  0.1143  0.00090863  4
9700  119191  0.148555  0.0031737  0.83229  0.117338  0.0236204  4
9800  119095  0.147816  0.0027192  0.831089  0.111295  0.0573247  4
9900  119219  0.150422  0.0022536  0.831452  0.110563  0.0329695  4
