t meta_n emi  mean_info  tr1  tr2  tr3  strategy
0  123785  0.0986  0.501985  0.899928  0.000804787  -5.70567e-05  4
100  120185  0.118165  0.559338  0.903201  0.0661228  0.000968128  4
200  120553  0.12676  0.61231  0.902225  0.121367  3.36211e-05  4
300  120589  0.136432  0.647531  0.901666  0.155971  0.00602994  4
400  120433  0.140884  0.680057  0.902864  0.185755  -0.00333836  4
500  120810  0.143378  0.696346  0.906594  0.204851  -0.014063  4
600  120490  0.143352  0.719361  0.907308  0.209005  -0.00584029  4
700  120713  0.136023  0.735808  0.910111  0.213586  0.00874375  4
800  120636  0.138934  0.742039  0.910294  0.220859  0.00911838  4
900  120760  0.140076  0.74851  0.913428  0.233657  0.0205284  4
1000  120837  0.138229  0.76781  0.911034  0.234345  0.00982492  4
1100  120960  0.134215  0.784159  0.921138  0.248049  0.0141372  4
1200  121088  0.134553  0.786744  0.920448  0.259267  0.0090351  4
1300  120890  0.135509  0.788933  0.92367  0.26531  0.000838931  4
1400  120944  0.131223  0.797191  0.927037  0.272458  -0.0286867  4
1500  121060  0.131085  0.793229  0.925226  0.267307  -0.0326773  4
1600  120565  0.129036  0.781415  0.92621  0.271565  -0.0409003  4
1700  120740  0.131907  0.773182  0.922883  0.280859  -0.0631645  4
1800  120718  0.131516  0.771642  0.924535  0.283906  -0.0519543  4
1900  120765  0.133754  0.788378  0.921324  0.274834  -0.0318424  4
2000  121082  0.13054  0.782239  0.921863  0.266757  -0.00758183  4
2100  121013  0.133705  0.780826  0.922083  0.276942  0.0419345  4
2200  121207  0.129392  0.778044  0.925779  0.27584  0.0766153  4
2300  121248  0.132953  0.786133  0.923718  0.273099  0.0676982  4
2400  120936  0.127586  0.785107  0.924962  0.274995  0.0711465  4
2500  120718  0.126928  0.785645  0.923485  0.277879  0.0860643  4
2600  121161  0.129622  0.792354  0.920423  0.271878  0.0802623  4
2700  121182  0.136726  0.801298  0.915689  0.260541  0.0650662  4
2800  121322  0.13534  0.804438  0.918451  0.261059  0.0575281  4
2900  120887  0.130553  0.799665  0.917619  0.251696  0.0894028  4
3000  120624  0.130194  0.801713  0.914708  0.236127  0.103845  4
3100  121466  0.129252  0.80539  0.914925  0.239792  0.108424  4
3200  120589  0.127744  0.801678  0.917074  0.255718  0.0750679  4
3300  121445  0.129009  0.812849  0.916  0.237465  0.105497  4
3400  120590  0.128305  0.809229  0.914707  0.231807  0.115363  4
3500  121135  0.133667  0.811665  0.911945  0.230405  0.128522  4
3600  120690  0.12872  0.818002  0.911802  0.230792  0.117742  4
3700  121267  0.13071  0.812871  0.911481  0.226286  0.131006  4
3800  121375  0.129484  0.819822  0.909724  0.208482  0.121217  4
3900  121049  0.127615  0.813397  0.90448  0.198195  0.13256  4
4000  121073  0.126325  0.818039  0.903969  0.194744  0.140456  4
4100  121025  0.125656  0.818375  0.903718  0.185792  0.149859  4
4200  121097  0.125746  0.817489  0.904764  0.191523  0.140882  4
4300  121149  0.129314  0.81438  0.902518  0.190175  0.125914  4
4400  121487  0.131096  0.810838  0.902725  0.1906  0.100465  4
4500  121237  0.128956  0.808469  0.905812  0.199782  0.0746186  4
4600  121324  0.124714  0.815773  0.907496  0.198282  0.0391832  4
4700  121561  0.12635  0.828608  0.906724  0.196599  0.00902282  4
4800  121083  0.122322  0.826123  0.905831  0.192042  0.0351714  4
4900  121158  0.127409  0.817047  0.903388  0.198521  0.0576841  4
5000  121512  0.126512  0.817724  0.905555  0.195379  0.0646177  4
5100  121499  0.124261  0.825958  0.907458  0.197644  0.0773359  4
5200  121050  0.123639  0.826403  0.907732  0.203268  0.11092  4
5300  121186  0.125658  0.823379  0.906321  0.195305  0.109911  4
5400  121495  0.127247  0.821861  0.904517  0.196776  0.120919  4
5500  120852  0.12687  0.815956  0.902439  0.18658  0.122813  4
5600  120610  0.125249  0.81181  0.90044  0.183174  0.151277  4
5700  121329  0.126967  0.814586  0.899337  0.178579  0.144114  4
5800  120962  0.123897  0.817755  0.902439  0.178913  0.0943645  4
5900  121126  0.125157  0.818593  0.903462  0.184193  0.0772459  4
6000  121733  0.125631  0.823197  0.906105  0.186472  0.0636974  4
6100  121325  0.124635  0.818343  0.906473  0.187418  0.103755  4
6200  121189  0.11983  0.820417  0.909798  0.19071  0.13102  4
6300  121573  0.120311  0.832182  0.909512  0.187149  0.180581  4
6400  120626  0.122254  0.835679  0.907125  0.186937  0.148243  4
6500  120866  0.122905  0.843121  0.905999  0.188173  0.207624  4
6600  121307  0.123566  0.844421  0.908027  0.191135  0.213621  4
6700  121365  0.125592  0.8483  0.906799  0.182024  0.256141  4
6800  121595  0.124613  0.84504  0.907554  0.182856  0.276775  4
6900  121262  0.118627  0.847517  0.907352  0.178437  0.284084  4
7000  121865  0.119027  0.841922  0.909683  0.175151  0.274798  4
7100  121254  0.118627  0.844531  0.908177  0.170748  0.284669  4
7200  121056  0.115184  0.838398  0.908207  0.172048  0.278449  4
7300  121125  0.121077  0.833248  0.906734  0.177176  0.265811  4
7400  121274  0.118625  0.837371  0.907817  0.188247  0.243208  4
7500  121390  0.120339  0.835785  0.908151  0.191408  0.245248  4
7600  121784  0.121291  0.836522  0.90794  0.185284  0.209004  4
7700  121280  0.120406  0.845225  0.908384  0.173513  0.255847  4
7800  121127  0.119556  0.846925  0.907232  0.164094  0.261685  4
7900  121191  0.119983  0.849798  0.906401  0.160833  0.271701  4
8000  121216  0.118059  0.86338  0.90465  0.154223  0.392537  4
8100  121041  0.119446  0.86757  0.903842  0.148237  0.354038  4
8200  120633  0.115246  0.862102  0.904073  0.147443  0.299319  4
8300  121214  0.121516  0.864027  0.903373  0.150894  0.322552  4
8400  121128  0.117833  0.863485  0.90423  0.15252  0.319663  4
8500  120845  0.11987  0.860803  0.904749  0.151725  0.276744  4
8600  121339  0.122886  0.85917  0.905231  0.152515  0.31465  4
8700  121426  0.117884  0.857634  0.903394  0.146751  0.327612  4
8800  122398  0.121162  0.861469  0.904897  0.148127  0.322321  4
8900  120725  0.116709  0.864057  0.904537  0.140352  0.333617  4
9000  121884  0.119645  0.865682  0.905755  0.138642  0.344636  4
9100  121874  0.117261  0.858769  0.904433  0.139224  0.3606  4
9200  121049  0.125634  0.858348  0.903408  0.137815  0.269359  4
9300  121224  0.119806  0.864812  0.901895  0.134144  0.314085  4
9400  121090  0.117831  0.868241  0.902674  0.140273  0.287599  4
9500  121382  0.117608  0.867062  0.905821  0.149119  0.237448  4
9600  121329  0.118312  0.861905  0.905589  0.151274  0.180029  4
9700  121020  0.117332  0.860598  0.903247  0.140958  0.207338  4
9800  121274  0.117713  0.8642  0.904128  0.137203  0.209692  4
9900  121412  0.11714  0.856826  0.90397  0.141361  0.150587  4
