t meta_n emi  mean_info  tr1  tr2  tr3  strategy
0  122538  0.09912  0.495386  0.900012  0.000782363  -4.26231e-05  4
100  118675  0.108948  0.284167  0.899167  0.0719291  -0.00597729  4
200  118826  0.127989  0.166535  0.888909  0.124302  -0.0108096  4
300  119535  0.140172  0.121766  0.87945  0.160836  -0.0141438  4
400  119383  0.148422  0.098456  0.872972  0.18427  0.015913  4
500  118544  0.152592  0.0967195  0.868788  0.199543  0.0255761  4
600  118457  0.154817  0.092146  0.867549  0.212369  0.0392159  4
700  118952  0.157394  0.0880499  0.867054  0.219876  0.0293111  4
800  118910  0.157121  0.0839466  0.868029  0.23109  0.0632626  4
900  118222  0.153894  0.0822469  0.870441  0.240181  0.0349031  4
1000  118877  0.155126  0.0824717  0.869427  0.25207  0.0646843  4
1100  119210  0.157504  0.0850928  0.86754  0.245024  0.0512907  4
1200  118953  0.158933  0.0766696  0.863097  0.236796  0.0872559  4
1300  118989  0.158429  0.0738485  0.862015  0.237534  0.0762102  4
1400  118464  0.158639  0.0728064  0.860968  0.226476  0.0620153  4
1500  119040  0.159248  0.0693849  0.86155  0.233899  0.0400133  4
1600  118389  0.161232  0.0669372  0.861231  0.246944  0.0473663  4
1700  119312  0.160037  0.070029  0.858715  0.244689  0.0160983  4
1800  118422  0.157207  0.0720136  0.86298  0.253751  -0.0277808  4
1900  119572  0.160101  0.0691587  0.867483  0.259043  -0.017904  4
2000  119006  0.154812  0.0635729  0.869193  0.263929  0.0070754  4
2100  118563  0.154876  0.059477  0.867469  0.265404  -0.00876472  4
2200  118593  0.154221  0.0628354  0.86939  0.267241  -0.0689422  4
2300  118926  0.15607  0.0558346  0.868285  0.270775  -0.085604  4
2400  118424  0.157082  0.0563309  0.864965  0.271144  -0.0712963  4
2500  118276  0.159523  0.0544787  0.862698  0.27549  -0.0583993  4
2600  118529  0.161872  0.0562366  0.85977  0.277242  -0.0498021  4
2700  118912  0.156974  0.0528385  0.859839  0.258056  -0.0257101  4
2800  118748  0.155823  0.0507266  0.861303  0.248936  -0.0120292  4
2900  119337  0.152846  0.0469928  0.863713  0.25286  -0.00289181  4
3000  118846  0.154889  0.0459462  0.862889  0.250302  -0.0126883  4
3100  119223  0.153134  0.0398858  0.865397  0.248003  -0.0204132  4
3200  119246  0.148919  0.0429645  0.864748  0.237577  -0.0166891  4
3300  119431  0.152891  0.0392879  0.861628  0.228834  0.00516661  4
3400  119323  0.154107  0.0404737  0.860974  0.226517  0.0160514  4
3500  119490  0.152245  0.0389466  0.859138  0.220738  0.0450329  4
3600  118840  0.151867  0.038482  0.857402  0.221205  0.0495644  4
3700  119114  0.151234  0.0388762  0.856548  0.214442  0.0214743  4
3800  118797  0.150271  0.0378456  0.856848  0.208052  0.0315911  4
3900  119301  0.15125  0.0370597  0.857941  0.215766  0.0278216  4
4000  119585  0.148965  0.0359645  0.857097  0.208959  0.0403925  4
4100  119038  0.148174  0.0340383  0.854032  0.196621  0.035342  4
4200  119022  0.149175  0.0317125  0.852377  0.18752  0.0193722  4
4300  119497  0.152678  0.0314286  0.850585  0.188929  0.0585874  4
4400  118794  0.147656  0.0309579  0.853238  0.1935  0.00580198  4
4500  119696  0.150219  0.0305498  0.85146  0.186955  0.0390181  4
4600  118935  0.149413  0.0288416  0.851034  0.191283  0.0373127  4
4700  119147  0.15326  0.0314202  0.849826  0.196889  0.0592442  4
4800  118929  0.152952  0.0300681  0.849803  0.200078  0.0456336  4
4900  119432  0.15118  0.0298817  0.847954  0.19675  0.0827341  4
5000  119059  0.153049  0.0245596  0.847313  0.193243  0.126606  4
5100  119190  0.153694  0.0234724  0.845597  0.192068  0.147151  4
5200  119172  0.153229  0.0237046  0.844494  0.190999  0.167971  4
5300  118911  0.153609  0.0251208  0.839979  0.186719  0.183832  4
5400  119087  0.159006  0.0233484  0.836808  0.185065  0.200216  4
5500  119265  0.157541  0.0205232  0.838865  0.194648  0.220885  4
5600  119370  0.154477  0.0192049  0.841791  0.190998  0.226807  4
5700  119426  0.156857  0.0189853  0.842607  0.192335  0.258427  4
5800  119479  0.153509  0.0207896  0.841497  0.192087  0.275005  4
5900  119194  0.155551  0.0186899  0.843911  0.197794  0.276623  4
6000  118368  0.154494  0.0166855  0.843289  0.19276  0.266904  4
6100  119412  0.155143  0.0198462  0.84261  0.193536  0.250791  4
6200  119166  0.155914  0.0170088  0.842295  0.193542  0.210093  4
6300  119098  0.155392  0.0176522  0.838872  0.186803  0.193899  4
6400  118807  0.155648  0.015006  0.837118  0.182395  0.218933  4
6500  119363  0.157952  0.0158717  0.837596  0.185762  0.202162  4
6600  119144  0.157529  0.0164242  0.836841  0.181952  0.228702  4
6700  118996  0.154974  0.0161338  0.836588  0.187638  0.214367  4
6800  118693  0.155362  0.0144312  0.838479  0.184186  0.187823  4
6900  119161  0.157793  0.0139353  0.840845  0.185898  0.167141  4
7000  118814  0.155552  0.0134516  0.839931  0.189608  0.147157  4
7100  118959  0.156028  0.011972  0.838562  0.184162  0.147269  4
7200  118487  0.158174  0.0131502  0.838194  0.185932  0.135499  4
7300  119190  0.158965  0.0113722  0.840044  0.196239  0.132836  4
7400  119441  0.154473  0.0104515  0.839579  0.193623  0.133559  4
7500  119298  0.157038  0.0103737  0.840806  0.193076  0.153804  4
7600  119209  0.155523  0.00988564  0.839521  0.190699  0.160259  4
7700  119103  0.156751  0.0112522  0.840035  0.192723  0.15436  4
7800  118475  0.153934  0.00982966  0.840054  0.188317  0.164138  4
7900  119203  0.152408  0.00963203  0.839538  0.182488  0.215359  4
8000  119140  0.154736  0.00826879  0.838398  0.178044  0.166676  4
8100  118962  0.152961  0.00736406  0.838666  0.180747  0.15683  4
8200  119732  0.153771  0.00674525  0.83936  0.174776  0.214765  4
8300  119142  0.15346  0.00627695  0.840516  0.1829  0.227742  4
8400  119080  0.152475  0.0060559  0.841192  0.181781  0.25088  4
8500  119312  0.154221  0.00585682  0.84133  0.179298  0.276926  4
8600  118905  0.153557  0.0060499  0.839626  0.17336  0.288926  4
8700  118675  0.150765  0.00522235  0.840736  0.175036  0.283493  4
8800  119465  0.152621  0.00535391  0.839604  0.170203  0.299638  4
8900  118989  0.149864  0.00543177  0.838705  0.162365  0.295176  4
9000  119447  0.151214  0.00430947  0.838694  0.157346  0.316234  4
9100  119240  0.149913  0.0042102  0.83916  0.15515  0.336322  4
9200  119312  0.150416  0.00476525  0.838464  0.154703  0.362747  4
9300  118783  0.149709  0.00514895  0.837954  0.153089  0.40298  4
9400  119009  0.151728  0.00457725  0.837729  0.148617  0.429011  4
9500  118857  0.151304  0.00397617  0.834362  0.142811  0.426413  4
9600  118457  0.14966  0.00363111  0.834171  0.138333  0.478587  4
9700  118986  0.153633  0.00257703  0.83395  0.139895  0.460344  4
9800  119226  0.155644  0.00368382  0.83394  0.14671  0.440905  4
9900  119211  0.151455  0.00424471  0.837209  0.158562  0.480039  4
