t meta_n emi  mean_info  tr1  tr2  tr3  strategy
0  120586  0.100208  0.494031  0.899949  0.000781585  -5.16628e-05  4
100  118718  0.112081  0.147636  0.89594  0.0681579  -0.00403257  4
200  118573  0.128701  0.0746815  0.886626  0.11838  -0.00722669  4
300  118563  0.139079  0.0528764  0.878463  0.151662  -0.00840283  4
400  118294  0.148297  0.0486102  0.869658  0.17445  -0.0112852  4
500  118843  0.154192  0.0478821  0.863551  0.182092  -0.0154696  4
600  118630  0.157268  0.0449527  0.85783  0.194535  -0.0189346  4
700  118797  0.157768  0.0440707  0.857059  0.200813  0.00675155  4
800  118675  0.162461  0.0422921  0.85463  0.209216  -0.0127945  4
900  118694  0.161379  0.0430382  0.854898  0.212906  -0.0233787  4
1000  119165  0.165028  0.0408125  0.85261  0.209799  -0.0336263  4
1100  118446  0.168292  0.0381756  0.847637  0.219362  -0.0251888  4
1200  118541  0.159312  0.0363189  0.859233  0.231926  -0.0233535  4
1300  118562  0.161724  0.0343559  0.860523  0.244795  -0.0118597  4
1400  119203  0.162642  0.0343405  0.861901  0.254752  -0.0105698  4
1500  118653  0.164243  0.0325416  0.857789  0.251098  -0.00248773  4
1600  118432  0.162041  0.0316536  0.862402  0.254924  0.0337659  4
1700  118665  0.15958  0.0322925  0.862403  0.24547  0.0348224  4
1800  118939  0.158689  0.0319562  0.859593  0.242485  0.0205777  4
1900  118617  0.158678  0.0303385  0.859412  0.238419  0.0246012  4
2000  118531  0.159688  0.0301557  0.854644  0.238444  -0.00502328  4
2100  118852  0.161877  0.0280194  0.854936  0.231837  -0.0121711  4
2200  118621  0.15996  0.0289876  0.850616  0.222488  0.0103294  4
2300  119200  0.160559  0.0272419  0.849122  0.210941  0.00472264  4
2400  118314  0.159541  0.0278388  0.844869  0.197605  0.00132619  4
2500  118489  0.161882  0.0254625  0.841817  0.192891  -0.0313343  4
2600  117935  0.161992  0.0259456  0.839144  0.185327  -0.0436316  4
2700  118731  0.161048  0.023656  0.8408  0.192544  -0.0408693  4
2800  118842  0.158568  0.0242911  0.840742  0.183746  -0.0550928  4
2900  119168  0.159576  0.0243279  0.843289  0.188425  -0.101502  4
3000  118838  0.159815  0.0220881  0.840979  0.192149  -0.0846114  4
3100  119440  0.160875  0.0203814  0.842868  0.203078  -0.0703888  4
3200  119051  0.161393  0.0207858  0.840581  0.202009  -0.0571518  4
3300  118992  0.161396  0.0193738  0.842876  0.198485  -0.043444  4
3400  119458  0.161436  0.0186082  0.841552  0.197379  -0.109495  4
3500  119372  0.157438  0.0180759  0.84239  0.190239  -0.109121  4
3600  119013  0.156513  0.0184248  0.844871  0.196264  -0.0808637  4
3700  119575  0.158274  0.0168401  0.843165  0.194567  -0.0836093  4
3800  119879  0.163438  0.0162953  0.840059  0.194711  -0.0933614  4
3900  118536  0.156947  0.0151346  0.843589  0.200271  -0.0937002  4
4000  118797  0.16046  0.0148366  0.843209  0.20442  -0.0647643  4
4100  118679  0.156546  0.0125657  0.845216  0.205957  -0.0823383  4
4200  119314  0.155593  0.0129007  0.844452  0.196854  -0.0716086  4
4300  119080  0.159105  0.0126941  0.844452  0.195524  -0.0916173  4
4400  118554  0.156845  0.0148645  0.840758  0.188518  -0.10663  4
4500  119094  0.15731  0.0133097  0.839325  0.179915  -0.137456  4
4600  118910  0.1584  0.0124314  0.841181  0.184156  -0.119921  4
4700  119144  0.155376  0.0129025  0.841344  0.186818  -0.113553  4
4800  118916  0.155654  0.0127451  0.842782  0.192149  -0.124412  4
4900  118375  0.155504  0.0102717  0.842295  0.191931  -0.146294  4
5000  118842  0.158005  0.0111085  0.842062  0.186202  -0.129718  4
5100  118878  0.158891  0.0107802  0.837297  0.176064  -0.108407  4
5200  118864  0.154308  0.00858279  0.842256  0.174348  -0.11163  4
5300  119724  0.155167  0.00966056  0.841689  0.176348  -0.139979  4
5400  118764  0.154878  0.00856217  0.840871  0.179743  -0.161311  4
5500  119097  0.154082  0.00790691  0.841845  0.185362  -0.152606  4
5600  118738  0.158501  0.00789464  0.839632  0.191364  -0.12634  4
5700  119592  0.156626  0.00759254  0.843228  0.198449  -0.138365  4
5800  119155  0.155394  0.00733131  0.841879  0.186465  -0.143311  4
5900  119263  0.156511  0.00709394  0.843749  0.195361  -0.14387  4
6000  118743  0.156692  0.00811135  0.843721  0.201575  -0.138461  4
6100  119105  0.152558  0.00711811  0.845482  0.200411  -0.162542  4
6200  118962  0.155728  0.00804686  0.843406  0.197547  -0.151355  4
6300  119028  0.155988  0.00620646  0.843878  0.193134  -0.157078  4
6400  119438  0.15298  0.00593577  0.84277  0.190746  -0.1771  4
6500  118882  0.157146  0.00589616  0.841457  0.189209  -0.151763  4
6600  118777  0.155247  0.00552958  0.840184  0.181636  -0.156498  4
6700  119422  0.154957  0.00561143  0.841333  0.18796  -0.135642  4
6800  118684  0.154984  0.00534029  0.840832  0.18456  -0.13913  4
6900  118989  0.153794  0.00456922  0.840705  0.182961  -0.128963  4
7000  118892  0.155528  0.00529415  0.839944  0.181023  -0.131646  4
7100  119335  0.156745  0.00522932  0.840213  0.178354  -0.121926  4
7200  119142  0.152822  0.00533864  0.841568  0.186754  -0.122559  4
7300  119457  0.154722  0.00420336  0.840947  0.18463  -0.113308  4
7400  119236  0.150837  0.00500036  0.840645  0.182366  -0.118547  4
7500  118688  0.158455  0.00474371  0.839642  0.191347  -0.128536  4
7600  118820  0.157187  0.00469889  0.840039  0.197967  -0.123318  4
7700  118230  0.156255  0.00400112  0.838987  0.198366  -0.125264  4
7800  119183  0.157417  0.00335758  0.840484  0.203393  -0.116643  4
7900  118846  0.154268  0.0038923  0.838769  0.194646  -0.139277  4
8000  118985  0.155331  0.00385976  0.838809  0.193149  -0.149291  4
8100  118989  0.158476  0.00414384  0.83713  0.19213  -0.16994  4
8200  118991  0.156699  0.00431328  0.836985  0.183369  -0.178298  4
8300  119313  0.154382  0.003533  0.839558  0.196038  -0.198593  4
8400  119276  0.154309  0.0027701  0.840259  0.19737  -0.222381  4
8500  119410  0.160164  0.0027805  0.837597  0.188449  -0.307708  4
8600  119557  0.156574  0.00243847  0.838752  0.191945  -0.297179  4
8700  119427  0.156302  0.00273572  0.835037  0.177746  -0.355211  4
8800  119051  0.154164  0.00256149  0.836264  0.177135  -0.43177  4
8900  119131  0.155218  0.00259352  0.836747  0.175829  -0.463523  4
9000  118715  0.154122  0.00276724  0.837905  0.179988  -0.500409  4
9100  119065  0.153634  0.00250931  0.83815  0.188178  -0.531427  4
9200  118771  0.155918  0.00264597  0.83872  0.187404  -0.542911  4
9300  119792  0.154028  0.00172442  0.840191  0.189314  -0.477534  4
9400  119380  0.153834  0.00158166  0.839085  0.188293  -0.53052  4
9500  119010  0.154141  0.0020991  0.838642  0.184679  -0.570634  4
9600  118955  0.151783  0.00211942  0.840572  0.187929  -0.554821  4
9700  119231  0.154932  0.00194785  0.841259  0.187443  -0.51154  4
9800  118815  0.150701  0.0015196  0.842185  0.193927  -0.453495  4
9900  119107  0.150692  0.00112055  0.843691  0.20144  -0.4563  4
