t meta_n emi  mean_info  tr1  tr2  tr3  strategy
0  122150  0.09912  0.497305  0.899989  0.000901035  3.11098e-05  4
100  119113  0.111196  0.309767  0.899598  0.0756408  0.00156551  4
200  119028  0.128075  0.194785  0.88818  0.134196  0.000475142  4
300  118595  0.138623  0.147991  0.881666  0.170002  0.0114225  4
400  119136  0.147044  0.129288  0.872594  0.190404  0.0290179  4
500  118408  0.149819  0.111771  0.869836  0.211476  0.0288893  4
600  118932  0.148793  0.108524  0.875338  0.21914  0.00638911  4
700  119113  0.149265  0.0998032  0.87643  0.231239  0.0317252  4
800  118924  0.156902  0.0951554  0.868926  0.240763  0.0305263  4
900  119312  0.15607  0.0970151  0.873529  0.250323  0.0344196  4
1000  119016  0.15152  0.0897366  0.878426  0.256949  0.0138512  4
1100  118405  0.152395  0.087815  0.878106  0.265774  0.0386877  4
1200  118758  0.158212  0.0855822  0.874657  0.271123  0.0398907  4
1300  119008  0.155793  0.0895273  0.874941  0.272619  0.0318976  4
1400  118255  0.156164  0.0863462  0.868511  0.267293  0.0420589  4
1500  118973  0.162963  0.0823963  0.868215  0.2763  0.0720344  4
1600  119548  0.16487  0.0843959  0.866254  0.272035  0.0765916  4
1700  118397  0.159006  0.077819  0.869446  0.275345  0.0782571  4
1800  119197  0.161624  0.0746872  0.869248  0.2798  0.0391623  4
1900  118676  0.161074  0.0743966  0.866003  0.263365  0.0104103  4
2000  118734  0.164406  0.0726844  0.860583  0.259548  0.0144631  4
2100  118724  0.159584  0.0716262  0.865673  0.257258  -0.0443846  4
2200  119000  0.158525  0.0646252  0.864968  0.269074  -0.0402667  4
2300  119144  0.160858  0.0646216  0.865738  0.266364  0.0197494  4
2400  118915  0.15877  0.0651822  0.864578  0.262669  0.0310234  4
2500  119224  0.155818  0.0679257  0.861993  0.257806  0.0469119  4
2600  118534  0.158732  0.0618766  0.86319  0.267316  0.0673946  4
2700  118619  0.159759  0.0634899  0.860291  0.25962  0.0665752  4
2800  118982  0.155073  0.0606536  0.860911  0.263497  0.0657018  4
2900  118856  0.156026  0.059979  0.860439  0.255607  0.0437578  4
3000  118521  0.155566  0.0587908  0.859443  0.250942  0.0664732  4
3100  119035  0.158859  0.05605  0.859146  0.254024  0.0880599  4
3200  119091  0.154615  0.0569613  0.86235  0.259934  0.0434449  4
3300  118935  0.153723  0.0546775  0.864817  0.260137  0.0523127  4
3400  119178  0.154162  0.053647  0.865055  0.259151  0.0470077  4
3500  119124  0.154014  0.0491774  0.862451  0.255444  0.0608985  4
3600  118565  0.157213  0.0482787  0.858652  0.247533  0.0721806  4
3700  119087  0.155754  0.046726  0.855125  0.23476  0.129065  4
3800  118609  0.155097  0.0446436  0.8527  0.22851  0.160482  4
3900  118833  0.153368  0.0424616  0.852939  0.2244  0.184363  4
4000  118897  0.15435  0.0440073  0.8538  0.224223  0.194374  4
4100  119139  0.151533  0.0437901  0.855849  0.233477  0.184696  4
4200  119337  0.158038  0.0393146  0.851397  0.23141  0.18011  4
4300  119211  0.1575  0.0386841  0.851483  0.240555  0.188051  4
4400  118736  0.156775  0.0358187  0.853033  0.229429  0.202484  4
4500  118866  0.152434  0.0343486  0.853807  0.228626  0.234037  4
4600  118762  0.155591  0.0369041  0.853992  0.22774  0.216681  4
4700  118619  0.157399  0.0347612  0.851548  0.220057  0.17501  4
4800  119135  0.153367  0.034029  0.849973  0.209161  0.168661  4
4900  118962  0.154608  0.0354735  0.850304  0.206066  0.148864  4
5000  119048  0.154078  0.0348815  0.849909  0.207497  0.133797  4
5100  119210  0.154298  0.0328757  0.850828  0.204664  0.146397  4
5200  119274  0.151569  0.0309151  0.848628  0.189894  0.147466  4
5300  118525  0.15142  0.0319166  0.847918  0.19568  0.136624  4
5400  118844  0.150607  0.0298596  0.847218  0.188807  0.171758  4
5500  119190  0.152209  0.029403  0.84311  0.17756  0.197183  4
5600  119681  0.15497  0.0256526  0.840597  0.174962  0.204061  4
5700  119037  0.148542  0.025284  0.843889  0.176692  0.155241  4
5800  119044  0.152158  0.0224386  0.842382  0.180287  0.197431  4
5900  119508  0.154237  0.0220427  0.838883  0.175  0.202171  4
6000  119111  0.152163  0.0198852  0.838139  0.163993  0.197487  4
6100  119169  0.151655  0.0195793  0.840125  0.173555  0.186566  4
6200  119205  0.154367  0.0212012  0.837171  0.170909  0.19228  4
6300  119351  0.154045  0.019268  0.836464  0.168489  0.195978  4
6400  119233  0.152572  0.0187635  0.837511  0.165518  0.196652  4
6500  118946  0.154499  0.0203985  0.836827  0.157743  0.186535  4
6600  119006  0.152496  0.0200994  0.83879  0.16342  0.192963  4
6700  119395  0.153955  0.0176873  0.837226  0.15925  0.190683  4
6800  118689  0.152905  0.0188341  0.836686  0.151901  0.176289  4
6900  119457  0.153823  0.0172071  0.838212  0.149052  0.183626  4
7000  119242  0.149324  0.0171974  0.836443  0.145777  0.160238  4
7100  119567  0.152033  0.0130278  0.835493  0.139438  0.151286  4
7200  119566  0.150843  0.0122379  0.83531  0.130647  0.12283  4
7300  119289  0.148824  0.0119351  0.837329  0.133934  0.124488  4
7400  119204  0.148013  0.0111947  0.836953  0.133983  0.108618  4
7500  119165  0.14977  0.0103504  0.836047  0.124466  0.0788411  4
7600  119086  0.150023  0.0107508  0.836347  0.127714  0.107305  4
7700  119664  0.150409  0.010978  0.835127  0.130329  0.112166  4
7800  119595  0.151383  0.0103303  0.836523  0.133416  0.123971  4
7900  119482  0.149934  0.0109046  0.837855  0.13731  0.108358  4
8000  119307  0.146827  0.00988579  0.837188  0.131494  0.133502  4
8100  119182  0.146206  0.0099099  0.83693  0.131119  0.120173  4
8200  119897  0.149637  0.0100467  0.837268  0.134932  0.165034  4
8300  119302  0.151598  0.0104519  0.837794  0.142283  0.203765  4
8400  119071  0.14705  0.0100589  0.84048  0.146545  0.209809  4
8500  119313  0.146676  0.010091  0.839647  0.144096  0.195484  4
8600  119708  0.147049  0.0116188  0.839133  0.13641  0.196887  4
8700  119294  0.152514  0.00958318  0.839199  0.141249  0.180511  4
8800  119112  0.147381  0.0086072  0.841222  0.144054  0.159752  4
8900  119735  0.1496  0.0097685  0.841402  0.146335  0.137595  4
9000  119315  0.148705  0.00862558  0.842184  0.144499  0.135871  4
9100  119163  0.143497  0.00892914  0.844337  0.15359  0.159139  4
9200  118562  0.146742  0.00763091  0.847315  0.165367  0.126783  4
9300  119155  0.145845  0.00801283  0.847284  0.164955  0.124745  4
9400  119296  0.145829  0.00728813  0.847158  0.16051  0.100123  4
9500  118684  0.144746  0.00780916  0.845292  0.156902  0.10648  4
9600  119221  0.146492  0.00904818  0.844277  0.15202  0.100188  4
9700  119763  0.145164  0.00774433  0.845876  0.151369  0.105371  4
9800  119049  0.143628  0.00775014  0.844334  0.145767  0.105476  4
9900  119271  0.143525  0.0064387  0.843761  0.142494  0.0926022  4
