t meta_n emi  mean_info  tr1  tr2  tr3  strategy
0  122181  0.100072  0.496062  0.89995  0.000799689  -7.45608e-05  4
100  118769  0.112896  0.36051  0.900382  0.072233  -0.00117636  4
200  119090  0.125569  0.278695  0.891906  0.121448  0.0065183  4
300  119054  0.13397  0.219943  0.886279  0.156184  0.00753577  4
400  118858  0.141089  0.200652  0.879281  0.190014  0.00454697  4
500  119003  0.148048  0.181206  0.880873  0.217396  -0.0141073  4
600  118434  0.15103  0.159362  0.874669  0.240251  -0.0281071  4
700  118437  0.157093  0.148908  0.873269  0.249972  -0.0145978  4
800  118754  0.151106  0.138444  0.882348  0.263333  0.00653436  4
900  118698  0.151603  0.128327  0.885025  0.279845  0.0055263  4
1000  118737  0.155458  0.130794  0.883215  0.292779  -0.027454  4
1100  119097  0.159568  0.12847  0.880362  0.290269  -0.0407479  4
1200  118867  0.155541  0.134351  0.877306  0.284379  -0.0471873  4
1300  118964  0.152021  0.124161  0.878184  0.278386  -0.0340785  4
1400  119081  0.156993  0.119622  0.874308  0.285011  -0.0452576  4
1500  118540  0.15515  0.119931  0.877162  0.286151  -0.0519334  4
1600  119174  0.1584  0.112313  0.876816  0.284126  -0.0602468  4
1700  118928  0.159659  0.120894  0.868939  0.271606  -0.057147  4
1800  119739  0.163101  0.119259  0.867243  0.278823  -0.0155101  4
1900  119221  0.160033  0.113809  0.862471  0.272573  -0.0168032  4
2000  119290  0.160843  0.105502  0.864843  0.27272  -0.0329363  4
2100  119302  0.157725  0.108936  0.86596  0.26992  -0.0465026  4
2200  118506  0.162071  0.10417  0.862594  0.272865  -0.00682711  4
2300  118505  0.163208  0.103385  0.862023  0.26927  -0.0123815  4
2400  119172  0.161582  0.0999014  0.865395  0.266547  -0.0735278  4
2500  118739  0.157163  0.101898  0.864817  0.260747  -0.105118  4
2600  118616  0.157402  0.0982874  0.860901  0.249882  -0.114931  4
2700  119426  0.158357  0.0939211  0.860625  0.237563  -0.122873  4
2800  119476  0.15567  0.0948205  0.860689  0.22553  -0.168056  4
2900  118722  0.151553  0.0970034  0.860219  0.226794  -0.164377  4
3000  119391  0.152679  0.0940643  0.861791  0.231168  -0.17061  4
3100  119068  0.155103  0.0906747  0.860248  0.229084  -0.138244  4
3200  119483  0.15158  0.0844129  0.85804  0.218977  -0.0883536  4
3300  119245  0.155657  0.0883914  0.853459  0.208075  -0.0617721  4
3400  119319  0.150843  0.0809726  0.854442  0.209814  -0.0356583  4
3500  118888  0.154147  0.0759852  0.854562  0.216352  -0.084398  4
3600  119202  0.153487  0.0761716  0.855447  0.2262  -0.1344  4
3700  119508  0.159209  0.0755642  0.852539  0.230705  -0.170776  4
3800  119210  0.156108  0.0711024  0.850794  0.22342  -0.162049  4
3900  119593  0.15617  0.0689665  0.851984  0.226466  -0.119548  4
4000  119429  0.157724  0.0672516  0.849894  0.22184  -0.0764518  4
4100  118625  0.154924  0.0711166  0.849978  0.219846  -0.045337  4
4200  118689  0.155013  0.0684921  0.851175  0.214598  -0.0236098  4
4300  118779  0.155239  0.0706928  0.851578  0.207842  -0.0125588  4
4400  118900  0.154657  0.0690128  0.852644  0.214309  -0.0400735  4
4500  119047  0.151079  0.0715513  0.853384  0.219391  -0.0477704  4
4600  119327  0.153396  0.0709887  0.854451  0.215297  -0.0608643  4
4700  119883  0.153811  0.0626172  0.854738  0.226047  -0.0934763  4
4800  119105  0.152798  0.0634388  0.855062  0.228897  -0.0381832  4
4900  119515  0.152076  0.05846  0.855827  0.226792  -0.0211212  4
5000  119068  0.15521  0.0562239  0.853468  0.224017  -0.0104606  4
5100  119952  0.151947  0.0516395  0.853837  0.217924  0.00463841  4
5200  119287  0.156564  0.0514646  0.851589  0.214246  -0.0058621  4
5300  118969  0.151034  0.0497133  0.85161  0.198224  -0.0348637  4
5400  119549  0.152274  0.0541145  0.851458  0.193167  -0.00460929  4
5500  118790  0.1498  0.0543348  0.852718  0.194119  -0.0161984  4
5600  119632  0.148756  0.0510378  0.851252  0.189826  -0.0589607  4
5700  118743  0.145664  0.0488896  0.851174  0.182965  -0.0286784  4
5800  119048  0.150022  0.0503233  0.849791  0.177828  0.0429879  4
5900  118940  0.149418  0.0462204  0.848642  0.173073  0.0454062  4
6000  119582  0.146002  0.0443674  0.850943  0.178287  0.028484  4
6100  119618  0.14434  0.0396027  0.850392  0.176928  0.0439097  4
6200  118950  0.147458  0.0361224  0.850424  0.170666  0.018099  4
6300  119310  0.144199  0.040315  0.851393  0.172163  0.0342267  4
6400  120085  0.145179  0.04188  0.851627  0.17534  0.01845  4
6500  119193  0.146472  0.0383143  0.852095  0.179293  0.0307818  4
6600  119154  0.144677  0.0361203  0.8507  0.181286  0.0962916  4
6700  119930  0.150535  0.0349502  0.850589  0.183873  0.15398  4
6800  119378  0.145766  0.0350632  0.851665  0.182754  0.130423  4
6900  119014  0.143063  0.0392057  0.853284  0.178293  0.0979359  4
7000  119401  0.148195  0.0370705  0.851157  0.179245  0.045695  4
7100  119097  0.145948  0.0338767  0.848663  0.17904  0.0513229  4
7200  119112  0.144721  0.0304852  0.850617  0.181452  0.0835321  4
7300  119161  0.144307  0.0302025  0.848886  0.168869  0.0708151  4
7400  119001  0.147888  0.0269101  0.847509  0.1703  0.0587174  4
7500  119259  0.144187  0.0249987  0.846196  0.164614  0.115439  4
7600  119029  0.143299  0.0264193  0.846305  0.158278  0.139696  4
7700  118687  0.145864  0.0296469  0.847136  0.159892  0.195134  4
7800  118486  0.14632  0.028277  0.847463  0.157271  0.232555  4
7900  120430  0.144843  0.0277444  0.846748  0.155247  0.290343  4
8000  119226  0.146659  0.0274786  0.843884  0.149294  0.2866  4
8100  119287  0.144453  0.0236502  0.845315  0.153309  0.29754  4
8200  119507  0.146546  0.0228607  0.844093  0.152772  0.282024  4
8300  119321  0.144502  0.0195856  0.842994  0.148528  0.300651  4
8400  119529  0.145352  0.0184898  0.84363  0.150281  0.37049  4
8500  118839  0.148417  0.0187818  0.84297  0.150266  0.367642  4
8600  119008  0.145682  0.0196145  0.842811  0.151657  0.426224  4
8700  119345  0.140837  0.0187391  0.844948  0.148283  0.464414  4
8800  118703  0.143113  0.0168745  0.84395  0.144383  0.437025  4
8900  119701  0.144567  0.0190441  0.844092  0.145465  0.471845  4
9000  119539  0.143287  0.0180944  0.844411  0.146415  0.442437  4
9100  119074  0.14536  0.0171439  0.843194  0.143131  0.415017  4
9200  119657  0.141944  0.0153721  0.843063  0.141371  0.357152  4
9300  119246  0.145728  0.0145242  0.843632  0.139899  0.364812  4
9400  118756  0.14337  0.0155834  0.844139  0.142796  0.415916  4
9500  119077  0.141566  0.0142493  0.843354  0.137561  0.398955  4
9600  119313  0.143775  0.0153685  0.842648  0.131218  0.353975  4
9700  119307  0.142884  0.0142219  0.842395  0.130246  0.415632  4
9800  119799  0.145732  0.0154088  0.841767  0.133176  0.445895  4
9900  119041  0.145051  0.0145224  0.842508  0.138855  0.456801  4
