t meta_n emi  mean_info  tr1  tr2  tr3  strategy
0  123703  0.099704  0.499499  0.899982  0.000648164  4.11592e-05  4
100  120513  0.116164  0.469073  0.905607  0.0700237  -0.00465936  4
200  120273  0.127205  0.463663  0.89515  0.11574  -0.000696121  4
300  119601  0.134838  0.458428  0.88675  0.151344  0.00230456  4
400  119108  0.13815  0.436255  0.890679  0.184497  0.0137271  4
500  120006  0.142443  0.425819  0.889934  0.204908  0.018128  4
600  119182  0.142033  0.418108  0.891133  0.22885  0.0308141  4
700  119585  0.145515  0.411696  0.893648  0.264329  0.0402651  4
800  119551  0.150499  0.399625  0.893764  0.275875  0.044474  4
900  120173  0.144278  0.392884  0.899816  0.292339  0.0589796  4
1000  119702  0.145831  0.378643  0.898023  0.292908  0.0547829  4
1100  119828  0.146098  0.36853  0.898715  0.298894  0.0547134  4
1200  120079  0.145604  0.374184  0.898016  0.304547  0.0716144  4
1300  119422  0.143411  0.371822  0.902566  0.310278  0.0703931  4
1400  119782  0.150268  0.356705  0.898963  0.325454  0.0678504  4
1500  119042  0.147687  0.348846  0.90203  0.334019  0.0778807  4
1600  119328  0.143536  0.335475  0.901384  0.33859  0.0789257  4
1700  119879  0.147082  0.33539  0.900948  0.342215  0.080237  4
1800  119890  0.149116  0.332027  0.90252  0.347534  0.0389804  4
1900  119385  0.146191  0.327394  0.901767  0.333319  0.0585084  4
2000  119695  0.146866  0.319391  0.903734  0.340713  0.0806041  4
2100  119889  0.14669  0.314745  0.898004  0.336392  0.102472  4
2200  119438  0.150461  0.313971  0.895876  0.341904  0.10064  4
2300  119096  0.148849  0.308269  0.894687  0.340381  0.102498  4
2400  119807  0.149003  0.30513  0.89528  0.332762  0.109065  4
2500  119968  0.149838  0.319334  0.895143  0.321986  0.105829  4
2600  120008  0.149585  0.321792  0.894648  0.32957  0.0891543  4
2700  119895  0.151493  0.312133  0.889703  0.334289  0.114728  4
2800  119209  0.151266  0.311033  0.889659  0.332032  0.118709  4
2900  119630  0.149019  0.302957  0.892521  0.327984  0.0846407  4
3000  119386  0.147836  0.307565  0.897585  0.339032  0.0567014  4
3100  119714  0.147425  0.312189  0.897239  0.335125  0.0860327  4
3200  119375  0.14348  0.310209  0.899019  0.345586  0.0446771  4
3300  119401  0.141649  0.31061  0.89901  0.347191  0.0477685  4
3400  119540  0.146359  0.310396  0.89918  0.360199  0.0269212  4
3500  119333  0.146878  0.325836  0.899323  0.359112  0.0275352  4
3600  119107  0.144846  0.321852  0.902536  0.367842  0.0308639  4
3700  119920  0.14203  0.308991  0.903554  0.360866  0.0335191  4
3800  120361  0.142528  0.303065  0.902246  0.355216  0.0336057  4
3900  120175  0.142259  0.299353  0.903503  0.356297  0.0710998  4
4000  119534  0.146924  0.286407  0.90136  0.35739  0.0575472  4
4100  119462  0.14581  0.286587  0.900676  0.361625  0.066221  4
4200  119760  0.14423  0.275923  0.9046  0.369812  0.0725024  4
4300  119456  0.144907  0.264104  0.906827  0.378774  0.0864535  4
4400  119982  0.141262  0.276511  0.914273  0.407195  0.114115  4
4500  119980  0.141229  0.274298  0.918327  0.415597  0.101352  4
4600  120191  0.145714  0.274204  0.923198  0.434445  0.106354  4
4700  120045  0.141409  0.280177  0.927052  0.445454  0.0807184  4
4800  119618  0.139725  0.274153  0.929072  0.455502  0.0656002  4
4900  119872  0.141826  0.27581  0.929763  0.456435  0.0800636  4
5000  119808  0.144249  0.267484  0.932569  0.464207  0.0891783  4
5100  120206  0.14124  0.260556  0.932709  0.462845  0.126574  4
5200  119892  0.138245  0.276955  0.930548  0.454766  0.129906  4
5300  120810  0.141698  0.269841  0.929631  0.439018  0.149061  4
5400  119771  0.138761  0.275832  0.931966  0.449616  0.165796  4
5500  119778  0.138948  0.28192  0.939612  0.472483  0.159221  4
5600  119997  0.136311  0.278905  0.935642  0.462679  0.191047  4
5700  120168  0.141899  0.278896  0.935771  0.465847  0.155669  4
5800  120205  0.140241  0.276247  0.940273  0.472346  0.169493  4
5900  120043  0.136767  0.28159  0.942167  0.487388  0.209927  4
6000  120099  0.139427  0.284257  0.941978  0.488422  0.222321  4
6100  120004  0.142766  0.281484  0.946524  0.494492  0.252201  4
6200  120213  0.135694  0.283517  0.951274  0.510275  0.303228  4
6300  119813  0.135195  0.279116  0.956013  0.516531  0.309942  4
6400  120578  0.137434  0.282002  0.96149  0.535185  0.307089  4
6500  120026  0.138  0.282306  0.967449  0.559497  0.321076  4
6600  119847  0.136355  0.278031  0.968587  0.566429  0.326619  4
6700  120196  0.13657  0.271364  0.968458  0.563979  0.31161  4
6800  119457  0.138988  0.271163  0.972128  0.580883  0.360848  4
6900  120174  0.138058  0.272374  0.978884  0.601234  0.362861  4
7000  120085  0.134919  0.274778  0.977366  0.598284  0.412772  4
7100  120317  0.136129  0.276623  0.984116  0.61889  0.449141  4
7200  120455  0.139026  0.278964  0.988855  0.635382  0.443818  4
7300  120260  0.135633  0.272183  0.99177  0.639734  0.47297  4
7400  120436  0.140741  0.276618  0.997569  0.661792  0.477495  4
7500  120424  0.137722  0.270983  0.997801  0.653935  0.491272  4
7600  120423  0.1356  0.267588  1.00169  0.665647  0.570921  4
7700  121208  0.135937  0.270647  1.00667  0.678368  0.592225  4
7800  120458  0.142388  0.271078  1.01025  0.681899  0.602497  4
7900  120321  0.138554  0.273417  1.01278  0.687419  0.601887  4
8000  120414  0.133135  0.26637  1.01428  0.693712  0.573902  4
8100  120107  0.137093  0.267248  1.01779  0.706904  0.588383  4
8200  120234  0.141597  0.271696  1.01894  0.712507  0.610315  4
8300  119796  0.139162  0.268916  1.02147  0.721068  0.636271  4
8400  120303  0.13782  0.26441  1.02233  0.722863  0.60875  4
8500  119768  0.136785  0.267323  1.02855  0.740056  0.638383  4
8600  120169  0.137893  0.266511  1.03062  0.746492  0.669611  4
8700  120245  0.14207  0.269315  1.0341  0.758003  0.726312  4
8800  120323  0.140237  0.266389  1.0369  0.768743  0.737312  4
8900  120621  0.138693  0.263767  1.03874  0.776424  0.755695  4
9000  120419  0.142055  0.269214  1.03838  0.775924  0.715577  4
9100  120474  0.141126  0.270241  1.04244  0.786738  0.734781  4
9200  120081  0.135791  0.266947  1.04501  0.79258  0.735092  4
9300  119971  0.139128  0.262375  1.04887  0.805151  0.756226  4
9400  120346  0.137498  0.259302  1.04541  0.791005  0.699047  4
9500  120205  0.135546  0.262672  1.04698  0.792739  0.726092  4
9600  120174  0.133787  0.2624  1.05411  0.815351  0.739626  4
9700  120630  0.14344  0.260264  1.05562  0.820782  0.729103  4
9800  119804  0.135324  0.265349  1.06203  0.845018  0.768911  4
9900  120502  0.143694  0.263278  1.06386  0.850656  0.774034  4
