t meta_n emi  mean_info  tr1  tr2  tr3  strategy
0  121038  0.100376  0.492273  0.899987  0.000796387  0.000131591  4
100  118406  0.108896  0.147901  0.897573  0.0696242  0.00293418  4
200  119222  0.128685  0.0795512  0.89051  0.126418  0.00793255  4
300  118499  0.137409  0.0609141  0.883356  0.163588  0.0271977  4
400  118360  0.146639  0.0532705  0.872641  0.19332  0.042749  4
500  118390  0.148696  0.0491427  0.871265  0.209064  0.039745  4
600  118576  0.152527  0.0471867  0.870916  0.217021  0.0433596  4
700  118271  0.151473  0.0448013  0.872066  0.228767  0.0375452  4
800  118335  0.154453  0.0439505  0.869666  0.238149  0.0460963  4
900  119030  0.152679  0.0415252  0.871404  0.237879  0.0587552  4
1000  118653  0.160575  0.0419319  0.866115  0.25535  0.0407029  4
1100  117938  0.158554  0.0396817  0.865489  0.258894  0.056023  4
1200  118447  0.161181  0.0386685  0.865213  0.255425  0.0549832  4
1300  118805  0.161127  0.0353652  0.864877  0.255247  0.0607773  4
1400  118553  0.16113  0.0355874  0.862894  0.253757  0.0489143  4
1500  118293  0.156628  0.0347347  0.862877  0.243517  0.0737129  4
1600  118796  0.157253  0.0332984  0.858525  0.241192  0.0858214  4
1700  118425  0.160311  0.0316764  0.857115  0.239098  0.114128  4
1800  118290  0.159487  0.0314616  0.857024  0.240025  0.110121  4
1900  118619  0.160806  0.0309006  0.858249  0.242674  0.113087  4
2000  118772  0.155866  0.0327546  0.856937  0.236026  0.128991  4
2100  119040  0.156563  0.0293366  0.858757  0.225233  0.134409  4
2200  119212  0.158193  0.0261379  0.855097  0.220609  0.107236  4
2300  119023  0.160896  0.0263489  0.853407  0.218149  0.0662519  4
2400  119066  0.156151  0.02391  0.852301  0.213143  0.0869888  4
2500  118685  0.154791  0.0230594  0.858709  0.224225  0.103209  4
2600  118882  0.157866  0.0245816  0.85558  0.226837  0.11993  4
2700  118458  0.158555  0.0228872  0.854429  0.231939  0.127241  4
2800  119109  0.160516  0.0215724  0.852862  0.235244  0.114189  4
2900  118661  0.154388  0.0214396  0.855727  0.237957  0.105434  4
3000  119000  0.153686  0.020889  0.855822  0.234123  0.12455  4
3100  118819  0.162166  0.0191702  0.849077  0.223776  0.134742  4
3200  118458  0.159137  0.0188669  0.849181  0.216608  0.129944  4
3300  118383  0.156481  0.0180515  0.850423  0.218207  0.123248  4
3400  118511  0.15682  0.0169701  0.850536  0.216137  0.0893845  4
3500  118532  0.152027  0.0170394  0.850512  0.214167  0.0878678  4
3600  118995  0.152802  0.0170214  0.849418  0.194564  0.0780273  4
3700  119141  0.15362  0.0157486  0.848063  0.185458  0.0728776  4
3800  118649  0.155494  0.0153166  0.84643  0.185561  0.0825203  4
3900  119223  0.153981  0.0152619  0.846055  0.18997  0.131037  4
4000  118923  0.156048  0.0144959  0.842872  0.188253  0.133131  4
4100  118780  0.154971  0.0129403  0.844134  0.190405  0.143857  4
4200  119150  0.155394  0.0123901  0.842717  0.181661  0.119891  4
4300  118908  0.157622  0.0134056  0.841469  0.184105  0.138442  4
4400  118743  0.154963  0.0128719  0.840666  0.177283  0.0975821  4
4500  118956  0.158441  0.0123894  0.840345  0.190707  0.0851239  4
4600  119098  0.161482  0.0134243  0.840114  0.192145  0.0700938  4
4700  119470  0.159  0.0113257  0.837034  0.185478  0.0511579  4
4800  119168  0.15875  0.0109779  0.83608  0.17158  0.0583263  4
4900  118973  0.15591  0.012023  0.836947  0.168541  0.0798133  4
5000  118756  0.156003  0.010765  0.836071  0.162239  0.0898807  4
5100  119211  0.158117  0.0100449  0.835036  0.157454  0.132842  4
5200  119079  0.15914  0.00963533  0.833647  0.162594  0.10314  4
5300  119196  0.1606  0.00912264  0.830319  0.151115  0.103148  4
5400  119321  0.16166  0.00840066  0.831252  0.152305  0.064396  4
5500  119386  0.156956  0.00827024  0.830471  0.144152  0.0809766  4
5600  119344  0.152815  0.00868586  0.833182  0.149574  0.0547568  4
5700  118369  0.153574  0.00869197  0.831829  0.144851  0.0946724  4
5800  118896  0.156689  0.00815618  0.833263  0.150528  0.0662799  4
5900  118861  0.158333  0.00811875  0.832473  0.151812  0.0165633  4
6000  119462  0.156636  0.00886561  0.831494  0.147339  -0.0271416  4
6100  119178  0.152534  0.00815727  0.831126  0.140547  -0.036749  4
6200  119107  0.157054  0.00779669  0.830698  0.145395  -0.0511247  4
6300  119283  0.15814  0.00735141  0.830205  0.143779  -0.0839723  4
6400  119019  0.159271  0.00657719  0.829856  0.151299  -0.028956  4
6500  119313  0.15844  0.00597862  0.829452  0.15  -0.0840684  4
6600  119374  0.160811  0.00554072  0.829574  0.150206  -0.0803612  4
6700  118996  0.156524  0.00572196  0.831945  0.161188  -0.134148  4
6800  118984  0.159261  0.00598496  0.832917  0.166416  -0.144768  4
6900  119478  0.160602  0.00591116  0.830903  0.161585  -0.144661  4
7000  119363  0.158248  0.00547975  0.831298  0.16586  -0.165313  4
7100  118885  0.156961  0.00456602  0.831378  0.159215  -0.0828132  4
7200  119052  0.159683  0.00456569  0.831516  0.153362  -0.0863113  4
7300  119253  0.158458  0.00395249  0.833644  0.168962  -0.0472627  4
7400  119440  0.156575  0.00364591  0.832378  0.16138  -0.0212012  4
7500  120081  0.156868  0.00423279  0.832135  0.16095  0.0273994  4
7600  118814  0.157435  0.00467472  0.834441  0.169199  0.0228745  4
7700  119363  0.157746  0.0035647  0.83365  0.16178  0.101191  4
7800  119139  0.156651  0.00384306  0.83581  0.177355  0.120307  4
7900  118999  0.155157  0.00377525  0.836322  0.17611  0.109199  4
8000  118693  0.156329  0.00386091  0.836288  0.174778  0.0864017  4
8100  119111  0.152326  0.00261085  0.83681  0.172064  0.0481622  4
8200  119236  0.155112  0.00264276  0.835831  0.162722  0.021362  4
8300  118417  0.15215  0.00339155  0.834913  0.155811  0.0715123  4
8400  118859  0.158349  0.00289193  0.833197  0.154968  0.0964253  4
8500  118872  0.151674  0.00285406  0.835147  0.155022  0.0353365  4
8600  119433  0.156169  0.0031686  0.835292  0.155612  0.0390826  4
8700  118823  0.150241  0.00260276  0.83377  0.144289  0.0389839  4
8800  118876  0.153743  0.00272944  0.833858  0.144016  -0.0220726  4
8900  119258  0.151472  0.00233418  0.832859  0.144208  -0.0676286  4
9000  118701  0.153884  0.00251936  0.833818  0.144468  -0.0530744  4
9100  119200  0.156111  0.00262827  0.833508  0.147741  -0.0380804  4
9200  119110  0.152705  0.00285753  0.8347  0.154443  -0.0647916  4
9300  119320  0.149963  0.00175751  0.835735  0.150402  -0.0375272  4
9400  118892  0.151855  0.00171974  0.834977  0.146436  -0.0577078  4
9500  119072  0.151926  0.00173828  0.834779  0.144302  -0.0656488  4
9600  119329  0.148622  0.00213988  0.835371  0.143997  -0.133517  4
9700  118855  0.150429  0.00236453  0.835837  0.140764  -0.192452  4
9800  119104  0.150542  0.00192899  0.836555  0.145147  -0.168318  4
9900  119073  0.15191  0.00146234  0.835164  0.138224  -0.16847  4
