t meta_n emi  mean_info  tr1  tr2  tr3  strategy
0  121917  0.099264  0.495899  0.900035  0.000762901  1.87566e-05  4
100  118850  0.111982  0.270921  0.896814  0.0759705  0.0014163  4
200  118113  0.126906  0.164179  0.892151  0.129709  0.0034096  4
300  118791  0.140385  0.117394  0.882099  0.174755  0.00464119  4
400  118371  0.147259  0.0968335  0.874664  0.193758  -0.000215799  4
500  118451  0.152681  0.0901052  0.869448  0.203113  -0.00640376  4
600  118316  0.153115  0.0842864  0.869895  0.220421  -0.0109643  4
700  118571  0.156627  0.0838904  0.868395  0.224905  -0.00985475  4
800  118949  0.160488  0.0789705  0.865885  0.239548  -0.00556158  4
900  118919  0.158534  0.0753514  0.866371  0.240725  -0.0127637  4
1000  119339  0.160088  0.0778501  0.867154  0.24567  -0.0206923  4
1100  118467  0.161478  0.0748107  0.862276  0.245047  -0.0274559  4
1200  118256  0.161411  0.0736608  0.862544  0.236434  -0.0168301  4
1300  119080  0.155805  0.0727096  0.861291  0.221027  -0.0280184  4
1400  118758  0.161073  0.0740789  0.859077  0.223573  -0.0895705  4
1500  118560  0.157782  0.0677979  0.858752  0.226232  -0.113093  4
1600  118816  0.158058  0.0673168  0.859402  0.225381  -0.0968123  4
1700  119186  0.162736  0.0658586  0.853551  0.223551  -0.0941313  4
1800  119049  0.161231  0.0617818  0.857678  0.22955  -0.10619  4
1900  118465  0.158463  0.0585941  0.859777  0.23598  -0.104595  4
2000  119058  0.161079  0.0565117  0.858165  0.234302  -0.113369  4
2100  119030  0.163294  0.0546323  0.855997  0.238075  -0.147732  4
2200  119163  0.161301  0.0542964  0.854994  0.245726  -0.169571  4
2300  118812  0.164858  0.0501783  0.859685  0.261873  -0.160736  4
2400  119226  0.161791  0.0504029  0.859791  0.259202  -0.171021  4
2500  119142  0.162081  0.0491036  0.862298  0.271385  -0.14649  4
2600  118855  0.157583  0.0466987  0.862487  0.263098  -0.150891  4
2700  119010  0.162408  0.0469505  0.858975  0.261267  -0.12098  4
2800  118223  0.157778  0.0464595  0.856576  0.255317  -0.106027  4
2900  118840  0.16061  0.0453046  0.855726  0.244787  -0.112782  4
3000  118651  0.157755  0.0454924  0.857715  0.239881  -0.0999493  4
3100  119322  0.156283  0.0477018  0.857172  0.236186  -0.0978105  4
3200  119155  0.157726  0.0469911  0.853979  0.227155  -0.0930377  4
3300  119235  0.162466  0.0419361  0.848517  0.206441  -0.128852  4
3400  118725  0.154952  0.0411039  0.852456  0.211414  -0.159934  4
3500  118892  0.158884  0.0397588  0.852169  0.215832  -0.148856  4
3600  118842  0.155917  0.0394993  0.851665  0.214134  -0.165606  4
3700  119015  0.157135  0.0345721  0.846099  0.203898  -0.191311  4
3800  119605  0.157421  0.0346051  0.848299  0.207448  -0.168796  4
3900  118725  0.154793  0.0347936  0.848757  0.206719  -0.200541  4
4000  118990  0.156973  0.0325241  0.845644  0.203615  -0.211812  4
4100  118571  0.154721  0.0326644  0.848177  0.20947  -0.230683  4
4200  118612  0.156193  0.029058  0.847678  0.214649  -0.242436  4
4300  119329  0.156943  0.0261577  0.84711  0.224875  -0.26818  4
4400  119004  0.160162  0.026979  0.847349  0.230954  -0.239084  4
4500  119303  0.158255  0.0285511  0.849349  0.229404  -0.249021  4
4600  118656  0.158048  0.026045  0.848058  0.214524  -0.28576  4
4700  118866  0.15511  0.0260398  0.845961  0.207932  -0.209021  4
4800  118910  0.157115  0.0268565  0.843267  0.200765  -0.192116  4
4900  119143  0.158047  0.0258322  0.84385  0.208499  -0.252507  4
5000  119239  0.156667  0.023252  0.84582  0.216661  -0.263826  4
5100  118376  0.155494  0.0211108  0.845527  0.216727  -0.21677  4
5200  118767  0.160226  0.0217381  0.845929  0.228361  -0.149642  4
5300  118949  0.159347  0.0223195  0.848804  0.237881  -0.135288  4
5400  118916  0.155656  0.0205337  0.850461  0.235106  -0.103097  4
5500  119330  0.155698  0.0193568  0.846478  0.229829  -0.0791714  4
5600  119046  0.154901  0.0179131  0.847136  0.22536  -0.0912351  4
5700  118801  0.153168  0.0181934  0.848547  0.22298  -0.0760111  4
5800  119047  0.153203  0.0176478  0.84841  0.226042  -0.0681107  4
5900  119148  0.156197  0.0179981  0.848109  0.217371  -0.0721575  4
6000  119628  0.153281  0.0155505  0.849411  0.220418  -0.0195286  4
6100  119213  0.152691  0.0148022  0.851438  0.227505  -0.0094417  4
6200  119253  0.151267  0.0167827  0.850946  0.209184  0.0148508  4
6300  119453  0.151084  0.0146646  0.850281  0.208244  -0.0247803  4
6400  119504  0.150116  0.0149682  0.851927  0.213771  0.00566044  4
6500  119130  0.149619  0.014917  0.851434  0.218104  0.00746254  4
6600  119182  0.152775  0.0125891  0.850633  0.222344  0.0317778  4
6700  119537  0.152296  0.0116719  0.851408  0.235951  0.0206422  4
6800  119594  0.153095  0.0127072  0.854047  0.235332  -0.034024  4
6900  119331  0.151198  0.0138399  0.852184  0.232914  -0.0154543  4
7000  119274  0.156723  0.0127316  0.851258  0.230504  -0.0403304  4
7100  119541  0.15367  0.0128451  0.849939  0.228151  -0.0717003  4
7200  119202  0.15214  0.0122406  0.850136  0.228249  -0.030828  4
7300  118490  0.152888  0.00989056  0.851582  0.224594  -0.0363636  4
7400  119453  0.149084  0.0109759  0.851864  0.218237  -0.014201  4
7500  118745  0.150164  0.0108313  0.852859  0.222841  -0.0615507  4
7600  119251  0.146483  0.00999277  0.854208  0.225774  -0.0789824  4
7700  119088  0.150148  0.00899272  0.853424  0.224456  -0.0724359  4
7800  119383  0.15135  0.00885583  0.850895  0.222173  -0.0625426  4
7900  119209  0.149027  0.00983355  0.851543  0.220591  -0.0478472  4
8000  120119  0.14801  0.00897413  0.851914  0.216073  -0.0537153  4
8100  119023  0.149684  0.00879958  0.851582  0.22386  0.00434594  4
8200  118878  0.150313  0.00800911  0.850586  0.225669  0.0212012  4
8300  119242  0.15221  0.00841344  0.850103  0.228824  0.0716513  4
8400  119691  0.150811  0.00890322  0.852708  0.233084  0.0220957  4
8500  119598  0.152375  0.00924758  0.849943  0.232672  0.0693159  4
8600  118598  0.151227  0.00832472  0.849288  0.229533  0.064402  4
8700  119544  0.155423  0.00854163  0.849486  0.236491  0.113734  4
8800  118446  0.152252  0.00854964  0.848066  0.228995  0.10575  4
8900  119175  0.154857  0.0079179  0.848897  0.231308  0.120743  4
9000  119341  0.154386  0.00646624  0.848823  0.226546  0.124115  4
9100  118967  0.152418  0.00582122  0.850601  0.230718  0.155777  4
9200  118557  0.151033  0.00514458  0.851485  0.232571  0.133996  4
9300  118879  0.151196  0.0054637  0.851412  0.233147  0.158926  4
9400  119448  0.152429  0.00518191  0.850025  0.222958  0.181264  4
9500  119079  0.149417  0.00456396  0.850012  0.21962  0.15793  4
9600  118995  0.15144  0.00454342  0.848824  0.215562  0.19694  4
9700  119006  0.147469  0.00594729  0.850991  0.229285  0.192423  4
9800  119283  0.151216  0.00396422  0.850803  0.225478  0.196592  4
9900  119658  0.151225  0.00475924  0.852054  0.225529  0.207054  4
