t meta_n emi  mean_info  tr1  tr2  tr3  strategy
0  121552  0.099968  0.493287  0.899951  0.000744422  -4.51566e-05  4
100  118838  0.110764  0.203273  0.896285  0.0720332  0.0105084  4
200  119192  0.127937  0.113593  0.889275  0.123793  0.0122324  4
300  118816  0.141228  0.0889934  0.876407  0.155913  0.00871562  4
400  119127  0.149542  0.0680878  0.872715  0.182132  -0.00847663  4
500  119128  0.15583  0.0645119  0.863604  0.18955  -0.0227644  4
600  118593  0.156892  0.0663974  0.860221  0.20353  -0.0346109  4
700  118548  0.161683  0.0641108  0.861402  0.218044  -0.0344895  4
800  118948  0.159168  0.0574318  0.865528  0.233925  -0.0328342  4
900  119105  0.156635  0.0569805  0.871383  0.244366  -0.0472064  4
1000  118619  0.153034  0.0566154  0.870539  0.237892  -0.075022  4
1100  118885  0.155065  0.0534121  0.869658  0.244306  -0.0741386  4
1200  118371  0.153195  0.0531081  0.869379  0.255496  -0.0832599  4
1300  119012  0.161499  0.0489968  0.869361  0.258318  -0.0816457  4
1400  119036  0.157503  0.0497261  0.869648  0.25469  -0.0409273  4
1500  118696  0.15662  0.0489387  0.872571  0.257121  -0.0748373  4
1600  118708  0.155246  0.0465841  0.872273  0.260618  -0.0471026  4
1700  119037  0.15608  0.0481877  0.871433  0.269209  -0.05407  4
1800  118959  0.152611  0.043804  0.876113  0.279293  -0.0191174  4
1900  118852  0.151847  0.0446867  0.874116  0.277118  -0.0168407  4
2000  118671  0.154133  0.0400832  0.869211  0.270344  0.0165478  4
2100  118868  0.15665  0.0394849  0.866608  0.261378  0.0531715  4
2200  119136  0.158573  0.0374835  0.863701  0.254536  0.0298909  4
2300  118780  0.155149  0.0361312  0.863775  0.24816  0.0633777  4
2400  119042  0.154863  0.0365222  0.864533  0.250296  0.0411295  4
2500  118408  0.149267  0.0362554  0.868303  0.242626  0.0329142  4
2600  119357  0.154209  0.0346494  0.866972  0.254099  0.0271081  4
2700  118564  0.151573  0.0373736  0.865994  0.248673  -0.0211672  4
2800  118832  0.155964  0.0367069  0.861866  0.243232  -0.0174546  4
2900  118256  0.158059  0.0332484  0.85943  0.248916  -0.0364685  4
3000  118450  0.157918  0.0304552  0.856726  0.240052  -0.025473  4
3100  118822  0.157522  0.0292493  0.853615  0.232699  -0.00063181  4
3200  118852  0.154706  0.0294972  0.85483  0.23025  -0.00569455  4
3300  118609  0.15902  0.0294316  0.850049  0.224614  -0.0273907  4
3400  119133  0.160731  0.0270471  0.84625  0.208757  -0.0161933  4
3500  119419  0.153785  0.0280164  0.849909  0.210274  -0.0483143  4
3600  118762  0.1551  0.0269462  0.849058  0.198923  -0.0268712  4
3700  119179  0.155665  0.0244208  0.850126  0.201501  -0.0623064  4
3800  119012  0.153353  0.0250637  0.850078  0.196861  -0.0901116  4
3900  119155  0.157827  0.0224771  0.848383  0.200331  -0.121341  4
4000  119072  0.155001  0.0203537  0.847568  0.201517  -0.133599  4
4100  119248  0.153947  0.0197661  0.844849  0.186759  -0.167741  4
4200  119409  0.156469  0.0204845  0.843994  0.189461  -0.194432  4
4300  119418  0.157249  0.0210212  0.843171  0.178715  -0.205521  4
4400  119211  0.157938  0.0177498  0.841428  0.179124  -0.221914  4
4500  118645  0.155118  0.0184032  0.841415  0.178391  -0.232758  4
4600  119094  0.156592  0.0189746  0.842855  0.17183  -0.232727  4
4700  118981  0.154826  0.0177796  0.841374  0.167714  -0.251965  4
4800  119265  0.154109  0.01695  0.837085  0.162571  -0.24168  4
4900  119036  0.155145  0.017766  0.840226  0.167008  -0.242413  4
5000  119003  0.155077  0.0172027  0.839904  0.164328  -0.25246  4
5100  119109  0.156057  0.0184754  0.838617  0.161159  -0.242312  4
5200  119368  0.151738  0.0163547  0.842224  0.163399  -0.265171  4
5300  118821  0.156958  0.0155359  0.837016  0.161086  -0.300854  4
5400  118818  0.15529  0.0149575  0.8386  0.160287  -0.291496  4
5500  118618  0.156399  0.0125247  0.839313  0.158687  -0.319169  4
5600  119204  0.152011  0.0117418  0.840087  0.159729  -0.323169  4
5700  118807  0.152334  0.0120945  0.839382  0.160022  -0.352035  4
5800  118509  0.149463  0.0111098  0.841294  0.160972  -0.308921  4
5900  119316  0.153724  0.011654  0.841308  0.156477  -0.309665  4
6000  119072  0.15204  0.0104635  0.841283  0.164498  -0.281862  4
6100  118920  0.151209  0.00991063  0.840108  0.162895  -0.283561  4
6200  119211  0.151815  0.0107707  0.838658  0.159569  -0.30805  4
6300  119322  0.153636  0.00950174  0.837887  0.15487  -0.278668  4
6400  119843  0.151801  0.00958839  0.83974  0.15783  -0.319577  4
6500  119019  0.154212  0.00785932  0.836618  0.149853  -0.332366  4
6600  119200  0.153504  0.00825571  0.834463  0.147698  -0.324721  4
6700  119301  0.153515  0.00657076  0.83641  0.148531  -0.334444  4
6800  119369  0.152637  0.00692323  0.835231  0.143734  -0.331822  4
6900  118778  0.150525  0.00754875  0.83389  0.139554  -0.318287  4
7000  118886  0.157163  0.00699413  0.831503  0.141532  -0.349241  4
7100  119407  0.153842  0.00719593  0.831534  0.13659  -0.315306  4
7200  119267  0.151061  0.0077149  0.831775  0.132004  -0.320081  4
7300  119467  0.155412  0.0071231  0.831018  0.132043  -0.325762  4
7400  119318  0.159302  0.00673577  0.831793  0.135129  -0.266584  4
7500  118866  0.150684  0.00708434  0.83073  0.126739  -0.253194  4
7600  119355  0.155031  0.0068663  0.833365  0.139494  -0.237443  4
7700  119270  0.150299  0.00539315  0.833139  0.138404  -0.218134  4
7800  119159  0.155694  0.00530913  0.83298  0.135153  -0.229334  4
7900  119154  0.153703  0.00529033  0.832943  0.131275  -0.180539  4
8000  119159  0.152287  0.0040364  0.833615  0.135588  -0.190387  4
8100  119438  0.15344  0.00421952  0.833132  0.134442  -0.155023  4
8200  118416  0.150939  0.00346223  0.834143  0.1296  -0.173125  4
8300  119044  0.150804  0.00347723  0.835873  0.140135  -0.163736  4
8400  119306  0.150995  0.00401362  0.836191  0.144051  -0.171658  4
8500  118907  0.150296  0.00337904  0.836178  0.136277  -0.148296  4
8600  119416  0.154129  0.00355273  0.834884  0.123975  -0.180306  4
8700  119205  0.1506  0.00341734  0.835013  0.124078  -0.185288  4
8800  118793  0.152081  0.00366908  0.831621  0.119558  -0.175764  4
8900  118909  0.150594  0.00349849  0.831945  0.121001  -0.171842  4
9000  119620  0.151535  0.00436155  0.83165  0.125527  -0.120174  4
9100  119061  0.15365  0.00343842  0.830926  0.115799  -0.0970069  4
9200  119630  0.150615  0.00329467  0.829172  0.113528  -0.156154  4
9300  119068  0.154097  0.00312173  0.830088  0.112336  -0.168048  4
9400  118847  0.149839  0.00334807  0.83029  0.112511  -0.159642  4
9500  119428  0.154057  0.00314673  0.828497  0.111329  -0.124092  4
9600  119713  0.151333  0.00252781  0.830679  0.117493  -0.127294  4
9700  118621  0.152037  0.00252391  0.829223  0.112773  -0.118955  4
9800  119079  0.149244  0.00241031  0.828342  0.11094  -0.0940623  4
9900  118958  0.153162  0.00236934  0.828353  0.117305  -0.126398  4
