t meta_n emi  mean_info  tr1  tr2  tr3  strategy
0  121648  0.100424  0.494211  0.90006  0.000821434  5.50323e-06  4
100  118351  0.109906  0.175023  0.897932  0.0725168  -0.00497214  4
200  119031  0.128318  0.0945704  0.888824  0.12628  -0.0127816  4
300  118500  0.137859  0.0668257  0.879906  0.159137  -0.020037  4
400  119439  0.148592  0.0590971  0.874983  0.188868  -0.00778103  4
500  119275  0.150465  0.0554485  0.873356  0.199554  0.0105431  4
600  118891  0.156881  0.0523299  0.865712  0.211586  0.00152471  4
700  119261  0.154989  0.0519033  0.870424  0.223531  0.0161752  4
800  118745  0.154536  0.0499182  0.869247  0.234557  0.0357713  4
900  118257  0.157042  0.0495449  0.863826  0.238132  0.044304  4
1000  118551  0.156708  0.0476068  0.867125  0.248819  0.0581234  4
1100  118278  0.159787  0.044508  0.873364  0.26227  0.0478349  4
1200  118253  0.157397  0.0438074  0.874235  0.27423  0.0292749  4
1300  118416  0.156475  0.043528  0.873961  0.277783  0.0174619  4
1400  118596  0.162561  0.0409932  0.87098  0.281708  0.0176441  4
1500  118473  0.157708  0.0410208  0.873744  0.28472  0.0128268  4
1600  119021  0.159169  0.0398798  0.871059  0.277386  0.029719  4
1700  118168  0.157762  0.0353759  0.865689  0.270078  0.0640814  4
1800  118559  0.157078  0.0370331  0.867198  0.26715  0.0238494  4
1900  119126  0.161991  0.0362089  0.865459  0.271029  0.0249746  4
2000  118835  0.161282  0.0343524  0.864318  0.279443  0.0318903  4
2100  118929  0.162223  0.0334432  0.865011  0.275335  0.0526341  4
2200  118622  0.156448  0.0334863  0.867676  0.275138  0.068362  4
2300  119086  0.158366  0.0324113  0.866231  0.272898  0.0717332  4
2400  118673  0.160517  0.0319501  0.862227  0.266412  0.0996604  4
2500  118386  0.160994  0.0296629  0.862209  0.262058  0.123488  4
2600  119116  0.16345  0.0307112  0.858571  0.264783  0.137936  4
2700  119015  0.160897  0.0300505  0.857223  0.254383  0.129116  4
2800  118650  0.158146  0.0279388  0.855536  0.237287  0.0959402  4
2900  118443  0.157186  0.02703  0.859724  0.241507  0.140009  4
3000  119010  0.155218  0.0254156  0.857041  0.222493  0.174493  4
3100  119085  0.153972  0.0221256  0.857221  0.226338  0.13154  4
3200  118883  0.157779  0.0235062  0.854824  0.223059  0.116971  4
3300  118784  0.157565  0.0227719  0.850491  0.215992  0.0956379  4
3400  119256  0.158954  0.0208209  0.849461  0.210615  0.153454  4
3500  118962  0.159552  0.0209565  0.851686  0.222198  0.171108  4
3600  119209  0.161786  0.0221041  0.847178  0.210598  0.15609  4
3700  118268  0.158607  0.0211385  0.844957  0.206504  0.171054  4
3800  119124  0.158191  0.0195166  0.846848  0.206242  0.223189  4
3900  119009  0.157042  0.0184956  0.84866  0.204088  0.237316  4
4000  118959  0.156526  0.0180175  0.847264  0.204615  0.217317  4
4100  119238  0.154824  0.0173121  0.849377  0.205674  0.180763  4
4200  119064  0.156829  0.0174484  0.845472  0.203997  0.186548  4
4300  118617  0.158554  0.0167667  0.844008  0.201935  0.136328  4
4400  119234  0.156809  0.0143793  0.844859  0.200338  0.166177  4
4500  119647  0.158864  0.0153715  0.843084  0.206805  0.171909  4
4600  119405  0.15791  0.0132093  0.84441  0.201239  0.2088  4
4700  119059  0.153489  0.0125265  0.843594  0.197833  0.192896  4
4800  118584  0.154474  0.0137667  0.841492  0.193948  0.210329  4
4900  119020  0.156268  0.0111075  0.841483  0.199226  0.221889  4
5000  118790  0.15602  0.0107764  0.839762  0.19046  0.226469  4
5100  119128  0.158962  0.0101787  0.841949  0.193213  0.262257  4
5200  119454  0.156759  0.0106864  0.844445  0.207854  0.240481  4
5300  118986  0.155281  0.00928993  0.845869  0.214847  0.21996  4
5400  119126  0.157818  0.0106535  0.844126  0.21045  0.263499  4
5500  119053  0.158415  0.00938748  0.844304  0.207491  0.234374  4
5600  119327  0.156947  0.00976236  0.845138  0.203233  0.224449  4
5700  118654  0.156705  0.009864  0.845256  0.20632  0.266647  4
5800  118582  0.156479  0.00813615  0.846206  0.212447  0.243405  4
5900  119079  0.155704  0.00770595  0.845369  0.199341  0.24685  4
6000  119175  0.155029  0.00742319  0.846687  0.204958  0.248693  4
6100  118867  0.151865  0.00759295  0.843555  0.193393  0.298504  4
6200  118882  0.150483  0.00836473  0.846546  0.194397  0.318924  4
6300  119144  0.154785  0.00694814  0.845328  0.18799  0.333055  4
6400  118959  0.152496  0.00726742  0.84394  0.197293  0.325353  4
6500  119227  0.157668  0.00832453  0.843507  0.195054  0.360958  4
6600  119434  0.154141  0.00852681  0.843084  0.193056  0.375745  4
6700  119295  0.15341  0.00761765  0.843074  0.193008  0.351241  4
6800  119500  0.154457  0.00733663  0.844074  0.197546  0.361539  4
6900  119248  0.153098  0.00577579  0.844265  0.195347  0.334902  4
7000  119477  0.155457  0.00588643  0.841506  0.189915  0.383267  4
7100  119200  0.155024  0.00477533  0.840189  0.185291  0.357552  4
7200  118769  0.150966  0.00592491  0.839816  0.190851  0.36218  4
7300  118969  0.154836  0.00509935  0.841059  0.190238  0.41186  4
7400  119200  0.153354  0.00527609  0.83987  0.18307  0.461123  4
7500  119029  0.154268  0.00475143  0.839638  0.183047  0.431  4
7600  118741  0.155026  0.00409404  0.840445  0.179746  0.454844  4
7700  118925  0.154814  0.00391719  0.841282  0.182812  0.435486  4
7800  119655  0.155509  0.00421807  0.838906  0.176479  0.45775  4
7900  119691  0.154508  0.00316568  0.839392  0.177801  0.491344  4
8000  119046  0.154437  0.00358465  0.84014  0.185783  0.476989  4
8100  119213  0.148457  0.00356694  0.840318  0.184849  0.477957  4
8200  118820  0.154088  0.00332781  0.840273  0.186282  0.487826  4
8300  119111  0.154184  0.0030758  0.840951  0.185613  0.520464  4
8400  119232  0.153889  0.0030859  0.840552  0.174528  0.551672  4
8500  119023  0.151621  0.00258712  0.840614  0.172054  0.536935  4
8600  118858  0.151054  0.00296567  0.841712  0.169223  0.509274  4
8700  119467  0.152163  0.00275242  0.838987  0.165899  0.504116  4
8800  119220  0.149842  0.00264855  0.840034  0.173216  0.443241  4
8900  118989  0.148179  0.0027123  0.840128  0.172053  0.408082  4
9000  119162  0.149582  0.00276883  0.840055  0.171628  0.375749  4
9100  118957  0.152956  0.00290901  0.839706  0.170769  0.379633  4
9200  118566  0.150524  0.00354171  0.839853  0.169057  0.393351  4
9300  118779  0.148975  0.00296892  0.840218  0.170234  0.373432  4
9400  119162  0.148547  0.00253985  0.839926  0.164782  0.362285  4
9500  119208  0.152044  0.00319089  0.840275  0.165661  0.3712  4
9600  119497  0.149133  0.00261069  0.840859  0.162936  0.380588  4
9700  119322  0.149323  0.00272014  0.840018  0.16524  0.414863  4
9800  119598  0.151114  0.00307652  0.838961  0.158582  0.435382  4
9900  119236  0.150363  0.00258926  0.838581  0.155507  0.428068  4
