t meta_n emi  mean_info  tr1  tr2  tr3  strategy
0  122256  0.100616  0.496731  0.899971  0.000820402  7.6946e-05  4
100  118459  0.110918  0.317935  0.900232  0.0700179  -0.00288072  4
200  119160  0.127219  0.199718  0.889498  0.119512  0.00541226  4
300  119593  0.138269  0.155644  0.886039  0.164551  0.0116519  4
400  118582  0.143052  0.129009  0.880392  0.191071  0.00985981  4
500  118824  0.14719  0.123288  0.876124  0.207188  0.039685  4
600  119153  0.154618  0.107083  0.870515  0.222177  0.0569881  4
700  118846  0.150542  0.102939  0.872955  0.233373  0.0669426  4
800  119097  0.155663  0.09571  0.870622  0.234949  0.0575295  4
900  118597  0.149494  0.0932586  0.874218  0.242331  0.0703652  4
1000  119109  0.157467  0.0936404  0.86784  0.245487  0.11007  4
1100  119384  0.155718  0.0934696  0.871115  0.244693  0.130257  4
1200  118397  0.158291  0.0872264  0.867353  0.250225  0.147722  4
1300  118982  0.154469  0.0844734  0.872961  0.242754  0.180538  4
1400  119085  0.155866  0.0839892  0.873002  0.24995  0.173079  4
1500  118580  0.15446  0.0811502  0.8673  0.250685  0.168817  4
1600  118878  0.157639  0.0785214  0.86911  0.259951  0.142077  4
1700  119221  0.155636  0.0775775  0.873128  0.261898  0.127049  4
1800  118535  0.157621  0.0776119  0.872026  0.263544  0.104424  4
1900  119317  0.150488  0.076416  0.873456  0.254073  0.0808181  4
2000  118807  0.154243  0.0730548  0.870937  0.254146  0.0912637  4
2100  119193  0.157052  0.0733008  0.86699  0.264527  0.0937873  4
2200  119001  0.157256  0.0716305  0.862812  0.256749  0.0961659  4
2300  118614  0.1584  0.0646092  0.862339  0.258679  0.0757787  4
2400  118579  0.160604  0.0676062  0.862883  0.268518  0.0892621  4
2500  119217  0.157747  0.0658189  0.862335  0.266255  0.0616027  4
2600  118803  0.158084  0.0653  0.862634  0.262589  0.0489286  4
2700  119325  0.158237  0.0590059  0.862062  0.267086  0.0193803  4
2800  119333  0.154074  0.0594074  0.865307  0.257433  -0.00661403  4
2900  119543  0.153771  0.060002  0.863326  0.252712  -0.00425719  4
3000  119074  0.160798  0.0587907  0.858856  0.255292  -0.0286934  4
3100  118998  0.156413  0.0621248  0.857841  0.249091  -0.0368929  4
3200  118914  0.157251  0.057913  0.856578  0.245747  -0.0319638  4
3300  118882  0.159936  0.0571517  0.857315  0.241797  -0.0465752  4
3400  119461  0.156099  0.0543831  0.856655  0.240116  -0.0508495  4
3500  118661  0.157941  0.052944  0.855369  0.247947  -0.0483187  4
3600  119598  0.153983  0.0491251  0.859804  0.250726  -0.0364833  4
3700  119212  0.159809  0.0496294  0.856741  0.250289  -0.0538757  4
3800  118673  0.158596  0.0535532  0.851905  0.237329  -0.0357803  4
3900  119190  0.155766  0.0506508  0.85416  0.235491  -0.0289187  4
4000  119506  0.152272  0.0491831  0.853773  0.227274  -0.0156971  4
4100  119043  0.155039  0.0468936  0.855741  0.23711  -0.0383387  4
4200  119534  0.154465  0.0437919  0.855055  0.237124  -0.0566355  4
4300  118848  0.153346  0.0432925  0.85776  0.241768  -0.0603867  4
4400  119291  0.150217  0.0412085  0.858506  0.238515  -0.0683862  4
4500  119059  0.150706  0.0391823  0.856953  0.23752  -0.04393  4
4600  119015  0.152271  0.0405103  0.858929  0.242597  -0.0268765  4
4700  118609  0.15111  0.0386293  0.856563  0.239366  -0.00421915  4
4800  118834  0.152117  0.0389186  0.8571  0.239401  0.0178667  4
4900  118719  0.14895  0.0341059  0.858506  0.235449  -0.00301448  4
5000  119316  0.152227  0.0331113  0.858231  0.235984  0.0191763  4
5100  119414  0.149185  0.0313045  0.858767  0.235071  0.0298408  4
5200  118855  0.148619  0.032512  0.856102  0.231682  0.0143759  4
5300  119392  0.148097  0.0325001  0.856267  0.224231  0.00463646  4
5400  119003  0.148184  0.032083  0.853846  0.216874  -0.0249842  4
5500  119143  0.148088  0.029632  0.854893  0.221536  -0.0269715  4
5600  119257  0.149393  0.0309265  0.858088  0.22953  -0.029257  4
5700  119531  0.151328  0.0304892  0.856715  0.226888  -0.0181464  4
5800  119342  0.152096  0.0312123  0.854785  0.224132  -0.0113514  4
5900  119401  0.15049  0.0266209  0.855249  0.228913  -0.0137592  4
6000  118757  0.151746  0.0272911  0.855654  0.235766  -0.0164794  4
6100  119416  0.151761  0.029439  0.858005  0.237579  -0.0363806  4
6200  119378  0.150602  0.0281589  0.858919  0.24444  -0.0252425  4
6300  119235  0.149062  0.0242482  0.856729  0.232803  -0.0184082  4
6400  119792  0.150196  0.0249434  0.856748  0.227522  0.0141655  4
6500  119008  0.149489  0.0224906  0.854872  0.21397  -0.0015246  4
6600  119546  0.146633  0.0222632  0.857149  0.220752  0.0530468  4
6700  119158  0.146382  0.0218335  0.854682  0.212314  0.0663401  4
6800  119051  0.146908  0.021242  0.855409  0.217801  0.0703682  4
6900  119480  0.148416  0.0183649  0.855762  0.216232  0.0825694  4
7000  118973  0.149954  0.0189134  0.857331  0.225546  0.0860661  4
7100  119472  0.146768  0.0153944  0.856994  0.222731  0.0870074  4
7200  119662  0.146674  0.0171035  0.857192  0.21843  0.12898  4
7300  119240  0.147083  0.0168936  0.855418  0.211763  0.0863158  4
7400  119601  0.147992  0.0181807  0.855303  0.213195  0.083223  4
7500  119258  0.146248  0.0159362  0.854331  0.211864  0.0625956  4
7600  120155  0.149735  0.0156416  0.853403  0.211813  0.0530644  4
7700  119381  0.148606  0.0167433  0.852008  0.202903  0.0670968  4
7800  119387  0.146678  0.0154858  0.851503  0.203703  0.080427  4
7900  119823  0.149745  0.015178  0.848966  0.19589  0.112274  4
8000  119261  0.145399  0.0145841  0.848026  0.193139  0.115265  4
8100  119364  0.146478  0.012755  0.849326  0.198728  0.113873  4
8200  119182  0.151168  0.0136361  0.8471  0.18721  0.0768358  4
8300  119575  0.152256  0.0120903  0.845934  0.1811  0.128133  4
8400  119206  0.148731  0.0113342  0.845514  0.178448  0.110945  4
8500  119339  0.150325  0.0102499  0.844494  0.170184  0.1484  4
8600  118824  0.151283  0.0104239  0.844952  0.173857  0.166861  4
8700  119249  0.148836  0.00965216  0.845303  0.171602  0.194599  4
8800  118741  0.144883  0.00867028  0.844153  0.169309  0.173089  4
8900  119441  0.14613  0.00789103  0.843797  0.160183  0.18372  4
9000  118932  0.14559  0.00755757  0.841458  0.151759  0.209993  4
9100  119015  0.147645  0.00679609  0.840762  0.146672  0.164592  4
9200  119842  0.148192  0.00650966  0.840406  0.141459  0.145599  4
9300  119191  0.146666  0.00617783  0.838852  0.142243  0.160536  4
9400  119759  0.14836  0.00591064  0.837909  0.138028  0.172218  4
9500  119246  0.147591  0.00605742  0.838787  0.13678  0.16829  4
9600  119619  0.146476  0.00586559  0.840292  0.133381  0.180248  4
9700  118599  0.146665  0.00666328  0.840387  0.132692  0.227553  4
9800  119657  0.146575  0.0057244  0.839805  0.137659  0.220622  4
9900  119659  0.146483  0.00607694  0.84003  0.135144  0.222828  4
