t meta_n emi  mean_info  tr1  tr2  tr3  strategy
0  120441  0.099808  0.493287  0.899973  0.000786062  3.84412e-05  4
100  117731  0.108203  0.131227  0.898697  0.0705118  -0.0012557  4
200  118482  0.128079  0.0697849  0.885492  0.124509  -0.00196761  4
300  118967  0.141121  0.050754  0.879447  0.16499  -0.00631834  4
400  118947  0.147979  0.0456417  0.873871  0.190359  -0.00803201  4
500  118389  0.151615  0.0404915  0.872637  0.221683  0.00197613  4
600  118646  0.157022  0.0410098  0.864004  0.223105  0.0148081  4
700  118425  0.157928  0.0392482  0.866821  0.222927  0.00592814  4
800  118163  0.157581  0.0385977  0.864227  0.224157  0.0338979  4
900  118136  0.158583  0.0376976  0.860869  0.225643  0.0485366  4
1000  118787  0.16341  0.0378965  0.857236  0.22807  0.0583888  4
1100  118627  0.158612  0.0359801  0.860755  0.228809  0.0576432  4
1200  118659  0.16097  0.0373106  0.857395  0.235452  0.0730222  4
1300  118664  0.161046  0.0341768  0.862151  0.242507  0.0821921  4
1400  118591  0.162012  0.0306783  0.854462  0.232952  0.100431  4
1500  118658  0.164917  0.0330619  0.853469  0.231912  0.123733  4
1600  118868  0.161646  0.0313571  0.861096  0.244269  0.12185  4
1700  118826  0.158364  0.0299705  0.858184  0.238006  0.139917  4
1800  118815  0.162952  0.0290709  0.856331  0.238357  0.123366  4
1900  118914  0.159818  0.0265322  0.860183  0.253229  0.115538  4
2000  118511  0.160653  0.0259664  0.855598  0.244281  0.109783  4
2100  118533  0.16244  0.023697  0.856757  0.254086  0.10377  4
2200  118339  0.16086  0.0254956  0.858163  0.259  0.116189  4
2300  119350  0.163967  0.0249507  0.860116  0.26192  0.0978392  4
2400  119050  0.156016  0.0250062  0.864778  0.259078  0.0955905  4
2500  118414  0.159988  0.0243493  0.860692  0.264071  0.0935174  4
2600  118965  0.159409  0.0211126  0.861101  0.254301  0.0790436  4
2700  118848  0.162264  0.0213988  0.857924  0.258691  0.0489305  4
2800  118494  0.159798  0.0214956  0.857496  0.25983  0.0250234  4
2900  118918  0.161157  0.0205055  0.859895  0.258937  -0.00250381  4
3000  118765  0.161668  0.0209614  0.856808  0.257122  0.00570427  4
3100  118873  0.161608  0.0183854  0.8571  0.259771  0.0435294  4
3200  119021  0.160367  0.020118  0.855222  0.251744  0.105331  4
3300  118716  0.161435  0.018131  0.853771  0.250874  0.154137  4
3400  118592  0.15806  0.0172031  0.854079  0.251952  0.141795  4
3500  118718  0.159171  0.0174461  0.856461  0.252258  0.105636  4
3600  118318  0.156769  0.0147821  0.855792  0.254077  0.137932  4
3700  119101  0.157714  0.0146449  0.856293  0.259574  0.116381  4
3800  118889  0.153996  0.0150691  0.858409  0.263235  0.0739024  4
3900  118430  0.15855  0.0131682  0.857962  0.258096  0.0343471  4
4000  119133  0.159143  0.012676  0.856744  0.250171  0.0433625  4
4100  119187  0.15679  0.0130673  0.852524  0.234822  0.109349  4
4200  118745  0.156775  0.0136216  0.849845  0.232201  0.132326  4
4300  118821  0.156204  0.0130071  0.85049  0.22536  0.160825  4
4400  118276  0.15433  0.0120123  0.850017  0.214378  0.184722  4
4500  119322  0.158143  0.0107389  0.849028  0.218398  0.20552  4
4600  118896  0.155384  0.0112531  0.847943  0.214998  0.203941  4
4700  118326  0.154788  0.01064  0.847007  0.219956  0.183854  4
4800  118577  0.151426  0.0099717  0.852907  0.218461  0.150875  4
4900  119116  0.152503  0.00973178  0.851251  0.212343  0.112054  4
5000  118838  0.153963  0.00853344  0.852321  0.217261  0.111486  4
5100  119256  0.15412  0.0085059  0.851375  0.216116  0.0975628  4
5200  119213  0.153518  0.00712406  0.849829  0.212174  0.121617  4
5300  118928  0.152731  0.00907865  0.848683  0.206198  0.132785  4
5400  119133  0.154093  0.00830177  0.845247  0.194617  0.117716  4
5500  119591  0.155008  0.00835454  0.845438  0.193659  0.118365  4
5600  119287  0.153242  0.00735813  0.844932  0.19392  0.124972  4
5700  119577  0.153208  0.00726355  0.843246  0.188504  0.187274  4
5800  119408  0.155808  0.00661881  0.840589  0.182743  0.181072  4
5900  119109  0.157012  0.00616428  0.839691  0.188969  0.191914  4
6000  118975  0.155033  0.00633371  0.838203  0.183225  0.196133  4
6100  119732  0.157961  0.00591826  0.83828  0.185548  0.206975  4
6200  118825  0.158964  0.00536326  0.83612  0.185874  0.22234  4
6300  119248  0.15818  0.00582749  0.837198  0.176674  0.239297  4
6400  119399  0.156887  0.00579711  0.836259  0.17042  0.204983  4
6500  119122  0.153519  0.00529543  0.835588  0.170778  0.21662  4
6600  118851  0.157096  0.00554934  0.83403  0.164068  0.258762  4
6700  118757  0.154919  0.00495112  0.832283  0.160756  0.274237  4
6800  119272  0.156349  0.00448908  0.833255  0.162732  0.288904  4
6900  119200  0.154187  0.0045198  0.830841  0.156092  0.27609  4
7000  119460  0.157284  0.00415485  0.829645  0.145028  0.277451  4
7100  119352  0.155868  0.00415898  0.830809  0.143599  0.266939  4
7200  119343  0.155273  0.00405592  0.832055  0.156794  0.259424  4
7300  119113  0.158577  0.00406806  0.831721  0.155239  0.252963  4
7400  119921  0.153873  0.00361179  0.834639  0.153434  0.26682  4
7500  119292  0.154176  0.00403212  0.836343  0.158749  0.272885  4
7600  119038  0.152754  0.00391686  0.837818  0.16401  0.290486  4
7700  119385  0.157877  0.00303039  0.833861  0.157526  0.299122  4
7800  119214  0.154732  0.00274482  0.834803  0.163455  0.356284  4
7900  118773  0.153428  0.00297805  0.834647  0.155778  0.3845  4
8000  119313  0.15289  0.00295266  0.832286  0.150105  0.391126  4
8100  119510  0.154873  0.00286975  0.831295  0.149865  0.407407  4
8200  119021  0.15559  0.00241974  0.833109  0.153178  0.422519  4
8300  118986  0.151712  0.00237796  0.833464  0.153407  0.472884  4
8400  118948  0.152919  0.00274627  0.831879  0.146646  0.469981  4
8500  119559  0.153054  0.00219654  0.831882  0.142777  0.443047  4
8600  119604  0.156001  0.00273894  0.83003  0.144634  0.477496  4
8700  118830  0.153498  0.00215299  0.83291  0.152536  0.48431  4
8800  119279  0.153644  0.00271439  0.8317  0.150722  0.462179  4
8900  119367  0.157018  0.00235238  0.83123  0.143651  0.482131  4
9000  118731  0.15333  0.00213936  0.83373  0.154186  0.438027  4
9100  119570  0.155499  0.0022459  0.833706  0.155905  0.449238  4
9200  119161  0.153932  0.00208982  0.832328  0.153156  0.422265  4
9300  119067  0.153835  0.00201201  0.832733  0.152983  0.435583  4
9400  118486  0.152521  0.00206518  0.834034  0.158354  0.445031  4
9500  120016  0.154176  0.00157294  0.833606  0.151982  0.436137  4
9600  119672  0.155447  0.0017266  0.833561  0.149633  0.419498  4
9700  119315  0.151152  0.00134409  0.835627  0.158959  0.402651  4
9800  119353  0.151509  0.00140502  0.832687  0.146898  0.417198  4
9900  119166  0.15434  0.00115899  0.832982  0.147363  0.435357  4
