t meta_n emi  mean_info  tr1  tr2  tr3  strategy
0  120705  0.101248  0.490068  0.899787  0.000825731  -7.30732e-05  4
100  118013  0.10652  0.127482  0.899121  0.0698778  0.000157775  4
200  118331  0.123692  0.0685211  0.893698  0.112772  0.0065792  4
300  118394  0.131725  0.0510133  0.887603  0.145465  0.000451316  4
400  118828  0.14025  0.0442503  0.879903  0.182254  0.00286867  4
500  119016  0.14849  0.0401161  0.867295  0.189336  0.0144523  4
600  118403  0.154359  0.0389173  0.866122  0.20916  0.0183964  4
700  118033  0.156842  0.039006  0.862414  0.223526  0.0102044  4
800  118472  0.156628  0.0379554  0.866233  0.229105  -0.027904  4
900  118274  0.163959  0.0370158  0.863439  0.254457  -0.0659908  4
1000  118874  0.162303  0.0349675  0.860341  0.242667  -0.088645  4
1100  118563  0.163861  0.0355108  0.859468  0.250434  -0.0906201  4
1200  118574  0.162088  0.0327776  0.865623  0.25775  -0.0751091  4
1300  119180  0.159529  0.0350369  0.869364  0.267938  -0.0593007  4
1400  118311  0.157928  0.0317074  0.870372  0.266172  -0.0410379  4
1500  118426  0.156181  0.0295296  0.86964  0.272823  -0.0504355  4
1600  118403  0.161189  0.0287544  0.867432  0.286759  -0.0672398  4
1700  119242  0.163802  0.0290183  0.867844  0.284878  -0.0731344  4
1800  118622  0.159517  0.0269735  0.868378  0.276853  -0.0744047  4
1900  118327  0.160041  0.0280289  0.865172  0.268215  -0.0645385  4
2000  118610  0.160733  0.0257398  0.862897  0.26456  -0.00913488  4
2100  118707  0.159552  0.0227714  0.86622  0.265864  -0.00677435  4
2200  118404  0.153043  0.0232208  0.865793  0.263513  -0.0189117  4
2300  118832  0.156163  0.0225201  0.870168  0.26672  0.0264203  4
2400  118962  0.154417  0.0221809  0.872057  0.274358  0.0142368  4
2500  119417  0.156255  0.0212428  0.869868  0.271529  0.0393807  4
2600  118636  0.154378  0.0215041  0.867264  0.264608  0.0139446  4
2700  118805  0.157548  0.0198008  0.865952  0.261166  0.0804193  4
2800  118178  0.155818  0.0195963  0.861425  0.250029  0.0738039  4
2900  118897  0.153154  0.0182625  0.86422  0.25915  0.0512459  4
3000  118866  0.152163  0.0193266  0.86576  0.262433  0.0633067  4
3100  119122  0.154832  0.0172538  0.861874  0.255914  0.0531117  4
3200  118279  0.154084  0.0176184  0.862013  0.256165  0.0919088  4
3300  118689  0.156512  0.0182286  0.856276  0.239496  0.11769  4
3400  118811  0.151481  0.0178098  0.858191  0.241694  0.122295  4
3500  119259  0.154106  0.0144411  0.857495  0.239307  0.144217  4
3600  119508  0.156973  0.0147587  0.860473  0.249504  0.146721  4
3700  119044  0.159421  0.0150115  0.855711  0.248119  0.13198  4
3800  118290  0.152305  0.0144337  0.858645  0.252913  0.157117  4
3900  118785  0.15681  0.013851  0.857319  0.245479  0.175401  4
4000  119166  0.154479  0.0116194  0.858249  0.242804  0.195967  4
4100  119147  0.154951  0.012004  0.858393  0.241881  0.208417  4
4200  118895  0.149442  0.0119581  0.859512  0.245598  0.223901  4
4300  119312  0.154187  0.0120343  0.85605  0.239991  0.230725  4
4400  119167  0.154001  0.0112594  0.856067  0.236147  0.181458  4
4500  119126  0.154683  0.0106136  0.854419  0.239324  0.178305  4
4600  118533  0.156084  0.0126446  0.851869  0.237929  0.177216  4
4700  118852  0.154729  0.0105418  0.853155  0.238869  0.181834  4
4800  119722  0.155867  0.00978571  0.854086  0.242236  0.185864  4
4900  118513  0.154592  0.00983785  0.853486  0.241614  0.181755  4
5000  119098  0.157029  0.0092663  0.852418  0.243674  0.184031  4
5100  119191  0.157111  0.00992479  0.851503  0.230837  0.154836  4
5200  119292  0.153412  0.00910882  0.850388  0.223435  0.169139  4
5300  119426  0.153628  0.00858811  0.851644  0.225647  0.167604  4
5400  119839  0.15731  0.00712045  0.850024  0.214419  0.166567  4
5500  119326  0.159862  0.0074908  0.843475  0.199831  0.16215  4
5600  118704  0.156095  0.00748888  0.844387  0.193553  0.152405  4
5700  118986  0.153565  0.00632828  0.844051  0.191636  0.156033  4
5800  119289  0.157963  0.00553852  0.841667  0.183253  0.146505  4
5900  119037  0.152533  0.00642878  0.840976  0.18547  0.129554  4
6000  118911  0.157265  0.00597981  0.840255  0.184034  0.10062  4
6100  119539  0.155761  0.00546978  0.839152  0.184071  0.115788  4
6200  119244  0.155841  0.00662234  0.837828  0.180036  0.123115  4
6300  118759  0.156755  0.00562364  0.837503  0.180214  0.117916  4
6400  119148  0.155496  0.00482305  0.837292  0.178343  0.106175  4
6500  119438  0.1538  0.00503279  0.838616  0.178354  0.0889597  4
6600  119138  0.15358  0.00522219  0.837402  0.165155  0.0679089  4
6700  119079  0.154123  0.0050144  0.837418  0.172005  0.0945335  4
6800  118890  0.160473  0.00563553  0.832383  0.165323  0.0818326  4
6900  118752  0.155571  0.00532818  0.832018  0.167028  0.0870456  4
7000  118899  0.15401  0.00396342  0.833137  0.170136  0.0620943  4
7100  119009  0.157748  0.00392662  0.834132  0.17427  0.0509402  4
7200  119601  0.156008  0.00380341  0.835832  0.177676  0.0116126  4
7300  119584  0.155019  0.00402659  0.836517  0.175451  0.0241314  4
7400  119384  0.156221  0.00364893  0.837937  0.185645  0.0547409  4
7500  119261  0.153855  0.00412224  0.839483  0.184073  0.0666397  4
7600  118942  0.153602  0.00366877  0.839211  0.184914  0.0502394  4
7700  119294  0.151693  0.00314196  0.838493  0.18244  0.0602991  4
7800  118708  0.15296  0.00359749  0.838457  0.181598  0.0480665  4
7900  119208  0.152314  0.00390113  0.839902  0.186307  0.0837579  4
8000  119409  0.153989  0.0031386  0.839979  0.184622  0.0685656  4
8100  119133  0.152425  0.00306215  0.841466  0.18883  0.0330012  4
8200  119531  0.152638  0.0031336  0.841545  0.192114  0.0520862  4
8300  119175  0.155595  0.00286087  0.840386  0.192606  0.0713625  4
8400  119269  0.154819  0.00197223  0.839124  0.191785  0.0834895  4
8500  119197  0.155545  0.00228052  0.838223  0.187342  0.0651242  4
8600  119756  0.154411  0.00188796  0.839337  0.188506  0.0382127  4
8700  119227  0.152707  0.00250067  0.840377  0.192317  0.018057  4
8800  119090  0.153722  0.00242798  0.841988  0.194662  0.0265627  4
8900  118885  0.151533  0.00206785  0.844039  0.197977  0.0409881  4
9000  119294  0.150824  0.00165215  0.843046  0.192287  0.0190543  4
9100  118738  0.150726  0.00141018  0.84434  0.198567  0.0244608  4
9200  118718  0.154564  0.00179613  0.845202  0.202327  0.021844  4
9300  119566  0.151099  0.00170209  0.84281  0.192583  0.0186361  4
9400  119023  0.153992  0.00208054  0.841704  0.187731  0.0144612  4
9500  119522  0.15178  0.00221061  0.840997  0.185667  -0.00499039  4
9600  119029  0.151635  0.00172746  0.840951  0.186617  -0.031095  4
9700  119241  0.150157  0.00185311  0.841664  0.189853  -0.0213687  4
9800  119369  0.151444  0.00194381  0.840579  0.182638  -0.0159473  4
9900  119686  0.150633  0.0017845  0.840912  0.187141  -0.0192907  4
