t meta_n emi  mean_info  tr1  tr2  tr3  strategy
0  122867  0.09828  0.498545  0.899852  0.000861651  4.00746e-05  4
100  119220  0.110423  0.414046  0.901865  0.073809  -4.89148e-05  4
200  119056  0.127409  0.335581  0.889805  0.122316  0.00890646  4
300  119497  0.133427  0.274308  0.889262  0.157816  0.0160089  4
400  118946  0.141029  0.230422  0.883437  0.186432  0.0149861  4
500  119247  0.148873  0.209752  0.877683  0.20709  0.0184206  4
600  118563  0.149821  0.194958  0.877788  0.221206  -0.000602003  4
700  119446  0.151982  0.178637  0.873681  0.22965  -0.0249662  4
800  118866  0.154284  0.164813  0.868392  0.239755  -0.00901502  4
900  119286  0.152897  0.152701  0.877763  0.256728  -0.00409823  4
1000  118741  0.151538  0.154455  0.879449  0.265217  -0.0164531  4
1100  118836  0.15381  0.156256  0.881992  0.278409  -0.0365123  4
1200  119082  0.158128  0.151724  0.880799  0.29608  -0.0198978  4
1300  118785  0.157539  0.15254  0.877763  0.294433  0.0080705  4
1400  118845  0.157338  0.157433  0.87967  0.290744  0.00485672  4
1500  119803  0.155211  0.152334  0.877486  0.287455  -0.0147631  4
1600  118903  0.156866  0.152325  0.876439  0.29533  -0.0197705  4
1700  118795  0.15589  0.142015  0.875169  0.296216  -0.0163045  4
1800  119222  0.159904  0.137872  0.876904  0.310237  -0.0230621  4
1900  119241  0.160063  0.136148  0.876296  0.312153  0.0148129  4
2000  118476  0.157576  0.130266  0.873785  0.306032  -9.92133e-05  4
2100  118533  0.158161  0.131584  0.873487  0.300961  -0.00686399  4
2200  118763  0.155428  0.126597  0.871661  0.293846  -0.00904174  4
2300  119101  0.156389  0.123728  0.86684  0.278655  0.0325102  4
2400  119041  0.157741  0.120955  0.870659  0.287403  0.0113293  4
2500  119011  0.156383  0.113343  0.870364  0.2939  0.0177056  4
2600  119029  0.156558  0.112098  0.871907  0.285865  0.0534231  4
2700  119663  0.153607  0.115851  0.873302  0.283386  0.0423515  4
2800  119029  0.161061  0.122114  0.873423  0.295044  0.022371  4
2900  119236  0.15217  0.122074  0.872539  0.289844  0.0358109  4
3000  118768  0.151678  0.118188  0.874623  0.288276  0.0570753  4
3100  119096  0.157981  0.117737  0.874497  0.305779  0.0601749  4
3200  118708  0.150784  0.11069  0.871136  0.292635  0.063477  4
3300  119303  0.155177  0.113426  0.873057  0.300136  0.0786765  4
3400  118964  0.153681  0.10485  0.874516  0.295882  0.0960864  4
3500  119228  0.154431  0.103946  0.870729  0.282322  0.0773521  4
3600  119184  0.154066  0.102855  0.869339  0.276678  0.0601927  4
3700  118812  0.152249  0.0964958  0.868094  0.273164  0.0437452  4
3800  119099  0.155317  0.092902  0.866634  0.268018  0.0593314  4
3900  119476  0.150383  0.10021  0.868083  0.267099  0.10332  4
4000  119275  0.153117  0.0991647  0.867425  0.257854  0.0840568  4
4100  119177  0.15267  0.095629  0.865174  0.249648  0.0988318  4
4200  119574  0.151945  0.0950267  0.86577  0.254483  0.0999208  4
4300  119258  0.149903  0.0919226  0.866816  0.259323  0.0886436  4
4400  119187  0.151727  0.0919054  0.865843  0.263193  0.0857408  4
4500  119335  0.153039  0.0952551  0.863831  0.253955  0.0928212  4
4600  119431  0.150833  0.0901608  0.864759  0.251332  0.0884966  4
4700  119454  0.15189  0.0928216  0.866545  0.256687  0.0741192  4
4800  119381  0.151892  0.0915288  0.863285  0.245174  0.0542988  4
4900  119559  0.156259  0.0916732  0.860323  0.245006  0.050461  4
5000  119517  0.150804  0.0868764  0.862524  0.239039  0.0394835  4
5100  119456  0.153134  0.0866124  0.862808  0.242783  0.0301992  4
5200  119119  0.155059  0.0914364  0.864316  0.253699  0.0234283  4
5300  119368  0.156555  0.0914631  0.865836  0.260775  0.0105699  4
5400  119196  0.155383  0.085751  0.869383  0.268068  -0.00235428  4
5500  119211  0.152948  0.0868702  0.869583  0.257695  -0.00500308  4
5600  120312  0.154258  0.0927494  0.868294  0.261279  0.0363692  4
5700  119373  0.153858  0.0893578  0.869773  0.254747  0.0290723  4
5800  119234  0.151043  0.0910469  0.871962  0.261561  0.0518684  4
5900  119282  0.15271  0.0977127  0.877025  0.280007  0.0740119  4
6000  119030  0.150918  0.091734  0.877108  0.276603  0.0563782  4
6100  119514  0.149673  0.0957335  0.874782  0.259143  0.104793  4
6200  119348  0.148933  0.0948971  0.875799  0.265274  0.143019  4
6300  119568  0.151127  0.0841678  0.87171  0.252429  0.167159  4
6400  119558  0.150332  0.0819892  0.872596  0.259292  0.221724  4
6500  119161  0.150779  0.082581  0.874424  0.266518  0.246426  4
6600  119251  0.150785  0.0773166  0.872567  0.26988  0.258726  4
6700  118953  0.152432  0.0805268  0.87413  0.282732  0.288811  4
6800  119513  0.154301  0.0842532  0.874353  0.279709  0.326561  4
6900  119469  0.157795  0.085585  0.877239  0.286848  0.301336  4
7000  119334  0.153863  0.0829722  0.876178  0.282117  0.298257  4
7100  119688  0.156011  0.0774845  0.873056  0.27073  0.306448  4
7200  119162  0.151873  0.0839084  0.874386  0.283197  0.304097  4
7300  119590  0.155971  0.0857065  0.876014  0.286549  0.287735  4
7400  119872  0.157442  0.0905688  0.876748  0.286582  0.275371  4
7500  119076  0.150154  0.0939444  0.878063  0.288255  0.270694  4
7600  119023  0.15406  0.0973007  0.879755  0.29568  0.266732  4
7700  119401  0.151244  0.0942127  0.879344  0.28757  0.257591  4
7800  119936  0.155162  0.094226  0.87842  0.281178  0.226508  4
7900  119403  0.153518  0.0936691  0.875842  0.273949  0.180616  4
8000  119809  0.153567  0.0938625  0.878407  0.279843  0.196485  4
8100  119431  0.156862  0.096597  0.879931  0.286598  0.236685  4
8200  119550  0.158751  0.103927  0.882038  0.292611  0.239734  4
8300  119197  0.159213  0.0975207  0.880228  0.28591  0.197372  4
8400  119744  0.15497  0.094819  0.879544  0.282785  0.178527  4
8500  118831  0.154457  0.0893391  0.875995  0.268546  0.189563  4
8600  118957  0.153621  0.092404  0.876871  0.274192  0.203676  4
8700  119510  0.156375  0.0931503  0.879317  0.282446  0.244517  4
8800  120345  0.155844  0.089683  0.876564  0.271525  0.24085  4
8900  119516  0.15546  0.0932681  0.880494  0.283532  0.255505  4
9000  119373  0.155829  0.0981951  0.884142  0.301044  0.291677  4
9100  119318  0.155594  0.0929712  0.881366  0.28699  0.246241  4
9200  119412  0.152474  0.0911703  0.880572  0.281085  0.264521  4
9300  119174  0.14968  0.09001  0.879941  0.283749  0.24053  4
9400  119293  0.150708  0.0956255  0.884143  0.295624  0.270053  4
9500  119547  0.154639  0.0950067  0.884491  0.291942  0.26202  4
9600  119256  0.152556  0.0992368  0.887706  0.298537  0.279827  4
9700  119737  0.15215  0.105356  0.890938  0.315204  0.323762  4
9800  120241  0.156367  0.0999545  0.889804  0.311003  0.334154  4
9900  119760  0.154259  0.0923349  0.885216  0.291614  0.30309  4
