t meta_n emi  mean_info  tr1  tr2  tr3  strategy
0  120256  0.100496  0.493916  0.899931  0.000747081  3.24487e-05  4
100  118201  0.115663  0.128776  0.890397  0.0732221  -0.00183916  4
200  118833  0.130746  0.0678652  0.885138  0.125441  -0.00309184  4
300  118552  0.140885  0.0531057  0.877493  0.163602  -0.00663807  4
400  118561  0.148342  0.0470164  0.869376  0.181267  -0.00165301  4
500  117895  0.1537  0.0428313  0.868  0.207928  -0.0199794  4
600  118296  0.159558  0.0415294  0.862706  0.220827  0.0144967  4
700  118718  0.161058  0.0384003  0.864102  0.242045  0.00708579  4
800  119055  0.164746  0.0377283  0.864103  0.25337  0.00779257  4
900  118508  0.161048  0.0369935  0.864978  0.255607  0.000622049  4
1000  118767  0.158803  0.0359662  0.862327  0.243753  -0.0104134  4
1100  118884  0.162409  0.0350301  0.861428  0.241312  -0.00131508  4
1200  118395  0.161368  0.0344459  0.861002  0.243651  0.0067529  4
1300  118440  0.158171  0.0339531  0.86312  0.246069  0.0354236  4
1400  118995  0.15936  0.0318845  0.862062  0.242033  0.0211795  4
1500  119118  0.159865  0.029411  0.861144  0.247164  0.0451578  4
1600  118214  0.154232  0.0300489  0.86281  0.239065  0.0479899  4
1700  117967  0.162561  0.0284154  0.858774  0.238593  0.0364441  4
1800  118590  0.155771  0.0279691  0.857646  0.235286  0.0521538  4
1900  118817  0.15853  0.0251292  0.858016  0.239434  0.0410681  4
2000  118645  0.16075  0.0242922  0.85779  0.247042  0.00887926  4
2100  118903  0.165013  0.022795  0.853726  0.242362  0.0631547  4
2200  119089  0.164124  0.0217189  0.850775  0.236803  0.0338312  4
2300  119112  0.164951  0.0210307  0.850324  0.238938  0.0794156  4
2400  118686  0.159955  0.0217598  0.85511  0.249439  0.0791353  4
2500  118472  0.165861  0.0227378  0.855401  0.253616  0.0693997  4
2600  118478  0.159879  0.0210625  0.857791  0.255188  0.0292854  4
2700  119018  0.161126  0.0202198  0.855075  0.252158  0.0264481  4
2800  118452  0.155983  0.0221461  0.858274  0.25373  0.00762287  4
2900  118816  0.158979  0.0188492  0.857444  0.251143  -0.00485552  4
3000  118651  0.162327  0.0186717  0.854569  0.251043  0.00998321  4
3100  118890  0.158919  0.0189399  0.852774  0.243613  -0.0267706  4
3200  118521  0.161847  0.0166632  0.851506  0.241802  -0.0141431  4
3300  119504  0.161501  0.0164845  0.849048  0.241475  0.0147476  4
3400  119226  0.161294  0.0162439  0.850033  0.242967  0.00208518  4
3500  119067  0.159811  0.0162144  0.8507  0.243204  -0.0079931  4
3600  118982  0.162036  0.0168594  0.850498  0.242925  -0.0256503  4
3700  118819  0.161812  0.0154699  0.848063  0.240105  -0.00622768  4
3800  119015  0.158548  0.0154643  0.849556  0.237497  0.000916627  4
3900  119023  0.163762  0.0142954  0.848332  0.237665  0.0323338  4
4000  118885  0.157431  0.0140586  0.850144  0.22964  0.0506543  4
4100  119533  0.157378  0.0126368  0.851715  0.232873  0.0199967  4
4200  118952  0.156329  0.0117046  0.85151  0.224695  -0.00525779  4
4300  119319  0.151406  0.0118527  0.852572  0.219934  -0.0191087  4
4400  118342  0.153454  0.0118995  0.85055  0.217316  -0.0353908  4
4500  119208  0.15115  0.0122864  0.853922  0.227153  -0.0060306  4
4600  118968  0.149488  0.0102508  0.855041  0.225304  -0.0281701  4
4700  119351  0.146405  0.0103596  0.853169  0.217679  0.00077988  4
4800  119397  0.153185  0.0092328  0.854057  0.223769  -0.00122216  4
4900  118846  0.154853  0.00946893  0.853193  0.230932  0.0269331  4
5000  119473  0.156587  0.0101851  0.851771  0.223948  0.00994906  4
5100  118765  0.149813  0.00831415  0.852795  0.215063  0.0412747  4
5200  119457  0.154379  0.00815237  0.852217  0.21988  0.0486161  4
5300  118560  0.149162  0.00768134  0.853756  0.218173  0.0668418  4
5400  119501  0.152776  0.00797601  0.853353  0.219229  0.0507934  4
5500  119295  0.151221  0.00758606  0.851951  0.220996  0.0118357  4
5600  119048  0.151088  0.00784088  0.855355  0.224367  0.0226652  4
5700  119548  0.152003  0.00783617  0.856312  0.229725  -0.032296  4
5800  118518  0.1501  0.00709528  0.855417  0.219756  -0.00684006  4
5900  119035  0.149695  0.00699102  0.855496  0.220792  -0.00905081  4
6000  119037  0.150114  0.00803331  0.856176  0.219997  0.014492  4
6100  118424  0.148649  0.00727039  0.855785  0.21833  0.0138208  4
6200  119338  0.148567  0.00612701  0.856547  0.222531  0.013559  4
6300  119361  0.148996  0.00538154  0.855132  0.207119  0.0579796  4
6400  119470  0.147878  0.00597729  0.853756  0.196571  0.0706206  4
6500  119272  0.149474  0.00454675  0.851725  0.193998  0.111213  4
6600  119595  0.149727  0.00527823  0.853454  0.199925  0.132802  4
6700  119188  0.147701  0.00501559  0.853938  0.202558  0.17607  4
6800  119704  0.148429  0.00514237  0.856588  0.208523  0.148527  4
6900  119226  0.142358  0.00506185  0.858893  0.220911  0.161938  4
7000  119094  0.146591  0.00480264  0.859152  0.222315  0.193632  4
7100  118782  0.143969  0.00449928  0.860038  0.227273  0.187141  4
7200  119701  0.146557  0.00436896  0.859402  0.226464  0.144606  4
7300  119460  0.149439  0.00402191  0.858691  0.22389  0.151877  4
7400  119006  0.149385  0.00289448  0.85902  0.224243  0.172056  4
7500  119043  0.143413  0.00357841  0.860277  0.224325  0.180387  4
7600  119205  0.142438  0.00403712  0.85933  0.221248  0.158925  4
7700  119368  0.144801  0.00345396  0.856936  0.205167  0.128714  4
7800  119244  0.14418  0.0027509  0.85687  0.20361  0.165872  4
7900  118625  0.143098  0.00336011  0.857047  0.210227  0.139924  4
8000  119494  0.14471  0.00335245  0.857551  0.215525  0.13946  4
8100  119354  0.146626  0.00261292  0.855929  0.208765  0.108919  4
8200  119080  0.145287  0.00315424  0.856584  0.210286  0.104006  4
8300  119687  0.145372  0.00267253  0.854505  0.199652  0.0696931  4
8400  119304  0.147363  0.00292216  0.854945  0.203726  0.0510398  4
8500  119261  0.145547  0.00231285  0.853112  0.2029  0.0901528  4
8600  118889  0.146961  0.0019366  0.85143  0.192233  0.109164  4
8700  120075  0.146452  0.00216331  0.853704  0.203104  0.100669  4
8800  119200  0.148908  0.00183855  0.851787  0.204258  0.138961  4
8900  119395  0.147466  0.00179475  0.852721  0.2062  0.113821  4
9000  119046  0.148407  0.00170144  0.855447  0.226211  0.116718  4
9100  119436  0.148193  0.00177946  0.854899  0.224005  0.0489162  4
9200  119103  0.147505  0.00184892  0.855732  0.223101  0.0820181  4
9300  119370  0.149251  0.00133455  0.855294  0.220251  0.0399279  4
9400  119455  0.148185  0.00149115  0.852955  0.2118  0.0346826  4
9500  118582  0.148945  0.0015449  0.852442  0.215806  0.0587302  4
9600  118636  0.146786  0.00114868  0.852247  0.211885  0.063991  4
9700  119514  0.146241  0.0011945  0.854131  0.220256  0.0599099  4
9800  118914  0.149494  0.00147661  0.853564  0.216397  0.04653  4
9900  119366  0.149608  0.00138813  0.853555  0.219618  0.065739  4
