t meta_n emi  mean_info  tr1  tr2  tr3  strategy
0  122767  0.100752  0.494978  0.900021  0.000799983  -4.78531e-05  4
100  119051  0.110733  0.340904  0.902096  0.0676676  -0.00800766  4
200  118971  0.121797  0.242121  0.89532  0.115142  -0.0065746  4
300  119008  0.134307  0.177872  0.887003  0.157364  -0.00986624  4
400  118814  0.142016  0.148441  0.877181  0.183268  -0.00403844  4
500  119028  0.148586  0.137947  0.875549  0.202352  -0.0130246  4
600  119381  0.151534  0.134507  0.869281  0.209897  -0.0202155  4
700  118306  0.153139  0.125694  0.866246  0.216167  -0.026342  4
800  118591  0.156288  0.122296  0.867772  0.232127  -0.0342413  4
900  118643  0.158807  0.120665  0.865822  0.240004  -0.0347822  4
1000  119535  0.158665  0.119388  0.86854  0.248091  -0.0345963  4
1100  119230  0.161463  0.111026  0.866482  0.23749  -0.0372725  4
1200  119458  0.15887  0.111097  0.865853  0.239755  -0.0306617  4
1300  118971  0.157089  0.10471  0.865355  0.243421  -0.0225329  4
1400  118975  0.150792  0.10228  0.867711  0.245446  -0.0234186  4
1500  118478  0.158455  0.102403  0.86529  0.244273  -0.0190697  4
1600  119022  0.153957  0.102546  0.869281  0.248251  -0.0515007  4
1700  118862  0.157146  0.106999  0.866229  0.255043  -0.0402236  4
1800  118228  0.152536  0.0980457  0.869809  0.263175  -0.0430519  4
1900  119071  0.152603  0.0940087  0.868976  0.265361  -0.0699507  4
2000  119717  0.153412  0.0878644  0.867221  0.265913  -0.108451  4
2100  118709  0.158189  0.0902963  0.867016  0.261644  -0.136315  4
2200  118833  0.156913  0.0836751  0.86285  0.252914  -0.169913  4
2300  119160  0.158734  0.088584  0.859958  0.243453  -0.191261  4
2400  118620  0.154523  0.09032  0.857192  0.231681  -0.196952  4
2500  119191  0.154593  0.0903701  0.862078  0.240016  -0.195936  4
2600  119026  0.153758  0.082987  0.863702  0.250352  -0.238238  4
2700  119215  0.158  0.0827538  0.861953  0.252124  -0.265952  4
2800  118497  0.158136  0.0809608  0.859718  0.24448  -0.251493  4
2900  118634  0.16077  0.0745774  0.856274  0.239511  -0.246095  4
3000  118773  0.159196  0.0691215  0.856506  0.238758  -0.262425  4
3100  118541  0.157845  0.0745783  0.857621  0.245282  -0.277442  4
3200  118758  0.158394  0.0695643  0.85362  0.235161  -0.282844  4
3300  118884  0.153416  0.0670404  0.858206  0.235507  -0.26558  4
3400  118434  0.154772  0.0662939  0.855389  0.225389  -0.270291  4
3500  119368  0.155811  0.0673196  0.851501  0.220955  -0.293418  4
3600  118785  0.153487  0.0638159  0.850927  0.217898  -0.30154  4
3700  118993  0.157149  0.0618678  0.847618  0.213077  -0.314359  4
3800  119130  0.158774  0.0581295  0.848069  0.212617  -0.304749  4
3900  118887  0.156781  0.0582633  0.847476  0.212125  -0.324986  4
4000  119008  0.15716  0.0533313  0.846431  0.202101  -0.323499  4
4100  118440  0.154365  0.0545397  0.846981  0.200434  -0.310826  4
4200  118966  0.151934  0.0538895  0.846249  0.196371  -0.284916  4
4300  118756  0.154173  0.050931  0.848184  0.200391  -0.264309  4
4400  118905  0.154282  0.050496  0.848053  0.202763  -0.309603  4
4500  119525  0.156018  0.0468389  0.846251  0.200699  -0.339289  4
4600  118913  0.157138  0.0446313  0.843887  0.198226  -0.295655  4
4700  119196  0.157359  0.0437609  0.842067  0.193597  -0.291206  4
4800  118770  0.154002  0.0476856  0.843106  0.193648  -0.328838  4
4900  119710  0.153148  0.051947  0.845591  0.191195  -0.341409  4
5000  119003  0.159553  0.0489422  0.843255  0.18888  -0.41982  4
5100  118966  0.158502  0.0471181  0.841776  0.17827  -0.462569  4
5200  118806  0.155778  0.0448094  0.841365  0.177011  -0.527804  4
5300  118634  0.154376  0.0415281  0.84167  0.17606  -0.564639  4
5400  118557  0.152573  0.0392098  0.84195  0.172161  -0.612811  4
5500  119255  0.151214  0.0397187  0.842881  0.168072  -0.597158  4
5600  119206  0.1509  0.0377841  0.841356  0.165996  -0.573504  4
5700  118986  0.153172  0.0377703  0.840716  0.165344  -0.597368  4
5800  118941  0.150316  0.0369329  0.840284  0.1657  -0.612598  4
5900  119038  0.152297  0.0372212  0.840141  0.162951  -0.578715  4
6000  119214  0.151853  0.0351472  0.839723  0.159285  -0.571684  4
6100  118789  0.151733  0.0296397  0.838249  0.151922  -0.600736  4
6200  119079  0.153813  0.0297619  0.837764  0.148788  -0.571673  4
6300  119563  0.15432  0.0249726  0.838626  0.151137  -0.649426  4
6400  119450  0.148868  0.0233852  0.841649  0.155621  -0.631602  4
6500  119595  0.150328  0.0261157  0.843009  0.148806  -0.665815  4
6600  119454  0.151747  0.024829  0.841879  0.148235  -0.662337  4
6700  118974  0.151153  0.0260317  0.84218  0.154272  -0.638609  4
6800  119510  0.149717  0.0235285  0.842071  0.151281  -0.69283  4
6900  119273  0.149016  0.0246023  0.84236  0.15371  -0.62062  4
7000  119737  0.149395  0.0226511  0.842008  0.164888  -0.680263  4
7100  119620  0.15233  0.023892  0.841625  0.163549  -0.661016  4
7200  119318  0.150596  0.0232185  0.838318  0.153166  -0.647625  4
7300  119054  0.153064  0.0233349  0.839604  0.158691  -0.661552  4
7400  119085  0.152821  0.0231021  0.837963  0.160424  -0.685119  4
7500  119396  0.154076  0.0231361  0.837387  0.158859  -0.620529  4
7600  119055  0.151623  0.0217727  0.839618  0.162219  -0.642235  4
7700  118950  0.150837  0.0203131  0.838493  0.158998  -0.706094  4
7800  119258  0.153927  0.0194278  0.838195  0.160722  -0.68816  4
7900  118917  0.153138  0.0185865  0.834803  0.151177  -0.717802  4
8000  118894  0.150267  0.0182034  0.834537  0.147704  -0.73193  4
8100  119747  0.153977  0.0176805  0.836437  0.153553  -0.69504  4
8200  119389  0.154333  0.0182086  0.837824  0.160666  -0.693308  4
8300  119479  0.15349  0.0141785  0.837137  0.156695  -0.67652  4
8400  119223  0.149896  0.0137997  0.836621  0.152616  -0.655881  4
8500  119170  0.152025  0.0133262  0.83714  0.151883  -0.611252  4
8600  119378  0.155143  0.0134958  0.834932  0.147554  -0.607472  4
8700  119158  0.152156  0.0135333  0.835062  0.147432  -0.580387  4
8800  118620  0.151698  0.0133289  0.834785  0.140737  -0.557263  4
8900  118738  0.148586  0.0117218  0.834925  0.135177  -0.582194  4
9000  119151  0.151392  0.0118478  0.834168  0.137297  -0.517306  4
9100  119706  0.15553  0.0126534  0.832745  0.13509  -0.583201  4
9200  119071  0.150837  0.0116373  0.832579  0.136158  -0.595041  4
9300  119449  0.150531  0.0107218  0.832246  0.133514  -0.6328  4
9400  119501  0.151197  0.0111685  0.832732  0.12679  -0.693799  4
9500  119836  0.151843  0.0110236  0.832622  0.120826  -0.733968  4
9600  119453  0.152685  0.010374  0.83245  0.124771  -0.710086  4
9700  119137  0.15193  0.00913914  0.831825  0.121612  -0.663301  4
9800  119014  0.146404  0.00939226  0.834157  0.129715  -0.694153  4
9900  118837  0.150929  0.00825572  0.83373  0.126322  -0.689479  4
