t meta_n emi  mean_info  tr1  tr2  tr3  strategy
0  120383  0.100288  0.494638  0.899899  0.00087287  -6.88817e-05  4
100  118709  0.110409  0.148677  0.895042  0.0725194  0.00108672  4
200  119015  0.131504  0.079204  0.883678  0.130824  0.00229611  4
300  118048  0.139636  0.0579096  0.878349  0.171313  0.0147653  4
400  118625  0.147892  0.0503445  0.873377  0.19548  0.0205315  4
500  118963  0.152103  0.0459352  0.875527  0.213198  -0.0057164  4
600  118864  0.154696  0.044832  0.874089  0.230372  -0.00859719  4
700  118697  0.157648  0.0426493  0.866298  0.230197  0.00197122  4
800  118535  0.156948  0.0415196  0.868643  0.244926  0.0219848  4
900  118818  0.157878  0.0406971  0.865388  0.241957  -0.00410911  4
1000  118594  0.157875  0.0390823  0.869738  0.236634  -0.00515325  4
1100  118413  0.155948  0.0372355  0.866593  0.237131  -0.00121317  4
1200  118764  0.157988  0.0369624  0.861883  0.241299  0.00599614  4
1300  118847  0.164648  0.0392587  0.859017  0.24297  -0.00380179  4
1400  118164  0.157233  0.0377598  0.861756  0.241606  -0.0100554  4
1500  118540  0.160714  0.0350219  0.859098  0.230957  -0.025897  4
1600  118219  0.158169  0.0353248  0.857555  0.222705  -0.0438453  4
1700  119246  0.151464  0.0353765  0.863589  0.223663  -0.0368364  4
1800  118868  0.156842  0.0331537  0.860381  0.228741  -0.0704056  4
1900  119064  0.1585  0.032557  0.855704  0.219005  -0.101591  4
2000  118578  0.157686  0.0296527  0.855093  0.21291  -0.122615  4
2100  118506  0.1571  0.0272322  0.85049  0.211176  -0.133107  4
2200  118971  0.15934  0.0264832  0.853048  0.212986  -0.114409  4
2300  118633  0.159231  0.0261396  0.851144  0.213425  -0.067147  4
2400  118738  0.162093  0.0249903  0.850174  0.216805  -0.0719342  4
2500  118764  0.160448  0.0252383  0.852553  0.232862  -0.070174  4
2600  118607  0.15893  0.0246354  0.855481  0.24594  -0.0392174  4
2700  118544  0.160947  0.0226424  0.855958  0.237419  -0.0222388  4
2800  119302  0.156241  0.0220722  0.855889  0.242477  -0.0233418  4
2900  118468  0.158123  0.0211676  0.853116  0.244835  0.0445767  4
3000  118619  0.162891  0.018831  0.852906  0.251603  0.0464736  4
3100  118781  0.160089  0.0198868  0.85583  0.25732  0.0433915  4
3200  118936  0.158113  0.0189992  0.856726  0.253128  0.0757315  4
3300  118743  0.157067  0.0180147  0.855727  0.251389  0.0835493  4
3400  118252  0.162332  0.0177656  0.851074  0.249658  0.0649656  4
3500  118089  0.157749  0.0174072  0.850971  0.244374  0.0789508  4
3600  118880  0.157986  0.0175888  0.849702  0.241485  0.0382477  4
3700  118365  0.16058  0.0171626  0.848319  0.232666  0.0248936  4
3800  118989  0.157871  0.0163592  0.845479  0.212809  0.0331424  4
3900  118851  0.161153  0.0146825  0.844655  0.209788  0.0143543  4
4000  119250  0.159081  0.01489  0.844574  0.205789  0.0291403  4
4100  118917  0.160498  0.0147175  0.842759  0.209551  0.0476328  4
4200  119283  0.162012  0.0150271  0.844997  0.213437  -0.00220776  4
4300  118980  0.155921  0.0146201  0.844284  0.205526  0.00637567  4
4400  119035  0.154818  0.0140435  0.843815  0.192214  -0.00652149  4
4500  118948  0.159758  0.0119823  0.844022  0.192438  -0.0253708  4
4600  119258  0.155748  0.0113205  0.846193  0.197791  -0.0106864  4
4700  118795  0.154213  0.0114827  0.846428  0.200601  -0.0285418  4
4800  119012  0.156537  0.0120655  0.848946  0.210532  -0.0305747  4
4900  118746  0.154195  0.0118299  0.84937  0.211614  -0.0200075  4
5000  118707  0.153071  0.0105902  0.84519  0.202275  -0.00580455  4
5100  118772  0.154038  0.010682  0.84794  0.198824  0.0266981  4
5200  118814  0.153541  0.0106019  0.847453  0.195042  0.0124736  4
5300  119747  0.155271  0.00918022  0.848618  0.194717  -0.0015227  4
5400  119201  0.153852  0.00972627  0.845878  0.18908  0.0233017  4
5500  118824  0.153014  0.00748483  0.845403  0.195194  0.0656337  4
5600  119135  0.151563  0.00750854  0.845266  0.191929  0.0339418  4
5700  119277  0.153933  0.00730106  0.844613  0.187655  0.00684213  4
5800  118880  0.154296  0.00655935  0.842281  0.190114  0.0561253  4
5900  118673  0.156004  0.00688333  0.843  0.185168  0.0669149  4
6000  119239  0.156933  0.00826738  0.842965  0.186337  0.0657876  4
6100  119810  0.154414  0.00795256  0.84372  0.190264  0.0875771  4
6200  118883  0.155641  0.00691686  0.842895  0.190937  0.0388408  4
6300  119650  0.153889  0.00677313  0.846025  0.200392  0.041297  4
6400  118846  0.150263  0.00617538  0.84866  0.205292  0.00471653  4
6500  119403  0.154834  0.00611298  0.848763  0.201824  -0.00658238  4
6600  119137  0.150769  0.00598897  0.847802  0.198727  -0.00538793  4
6700  119323  0.152259  0.00587818  0.849281  0.200476  -0.0131889  4
6800  119013  0.148614  0.00537241  0.847643  0.189974  -0.0514942  4
6900  119480  0.149822  0.00507664  0.845225  0.188883  -0.0531773  4
7000  118324  0.149326  0.00504968  0.844631  0.180426  -0.0492915  4
7100  119590  0.153411  0.00503642  0.843973  0.182262  -0.048074  4
7200  119623  0.15449  0.00539489  0.841492  0.169187  -0.0665387  4
7300  119391  0.151382  0.00461897  0.839385  0.157574  -0.0472514  4
7400  118747  0.151773  0.00498186  0.841025  0.166033  -0.0316068  4
7500  119214  0.15147  0.00461984  0.841586  0.16769  0.00870685  4
7600  119554  0.150525  0.0036101  0.84373  0.174241  -0.0187847  4
7700  118968  0.151319  0.00355024  0.843275  0.16502  -0.00451421  4
7800  119701  0.151129  0.00335478  0.843274  0.163052  -0.00200487  4
7900  119834  0.150116  0.00355044  0.841599  0.152696  -0.00824647  4
8000  119023  0.146617  0.00255909  0.839239  0.146428  -0.0146216  4
8100  119761  0.151737  0.00304881  0.835738  0.141327  -0.0278586  4
8200  119264  0.148896  0.00293611  0.835965  0.13285  -0.0306973  4
8300  119026  0.1521  0.00270855  0.837737  0.139391  -0.0177312  4
8400  119452  0.149129  0.00282657  0.838265  0.142515  -0.0135846  4
8500  119213  0.151561  0.00268232  0.837298  0.140374  -0.00914804  4
8600  119628  0.151923  0.00261437  0.838409  0.140514  -0.0203641  4
8700  119612  0.147883  0.00247549  0.83873  0.1427  -0.0345167  4
8800  119420  0.149637  0.00268659  0.839396  0.142143  -0.0500756  4
8900  119153  0.148532  0.00241648  0.838543  0.13886  -0.0505075  4
9000  119217  0.152038  0.0021332  0.835908  0.132389  -0.0317686  4
9100  119366  0.146878  0.00207615  0.835236  0.127622  -0.0660208  4
9200  118907  0.147169  0.00214779  0.83493  0.121162  -0.0469658  4
9300  119165  0.148667  0.00193885  0.833331  0.120184  -0.019419  4
9400  119311  0.149667  0.00143525  0.833619  0.115854  -0.0324096  4
9500  118829  0.150699  0.00168458  0.83251  0.11805  -0.0401253  4
9600  119330  0.148111  0.00178048  0.830213  0.111144  -0.0314692  4
9700  119253  0.149611  0.00145491  0.830574  0.108482  -0.0276975  4
9800  119488  0.151635  0.00151964  0.831489  0.109043  -0.055335  4
9900  119015  0.147712  0.00167177  0.830056  0.106025  -0.0760786  4
