t meta_n emi  mean_info  tr1  tr2  tr3  strategy
0  122478  0.098872  0.496877  0.900032  0.000798409  -4.89826e-05  4
100  119432  0.11604  0.456883  0.899274  0.0738277  0.00598652  4
200  119335  0.126574  0.4271  0.894812  0.118411  -0.00267919  4
300  119245  0.131868  0.41899  0.893719  0.157552  -0.00604234  4
400  119530  0.140274  0.391606  0.888605  0.18893  0.0127262  4
500  118909  0.14393  0.385913  0.885563  0.213495  0.0239395  4
600  119145  0.143736  0.380783  0.891577  0.239885  0.0195064  4
700  119143  0.145308  0.354597  0.896322  0.259644  0.0237891  4
800  119389  0.141892  0.34132  0.898319  0.267824  0.0241161  4
900  119724  0.147347  0.326544  0.894184  0.264629  0.0378697  4
1000  119529  0.144642  0.31594  0.895523  0.273815  0.0511471  4
1100  120169  0.146661  0.320839  0.895076  0.290913  0.0741262  4
1200  119096  0.142729  0.319597  0.896822  0.300102  0.0610241  4
1300  119539  0.148966  0.31362  0.895206  0.300679  0.050052  4
1400  119289  0.150758  0.317758  0.892528  0.303088  0.0479842  4
1500  119219  0.14604  0.318045  0.896275  0.307279  0.0420516  4
1600  119112  0.146308  0.309112  0.895445  0.312638  0.043016  4
1700  119387  0.149146  0.288728  0.900842  0.33081  0.0478875  4
1800  119391  0.138419  0.29296  0.900859  0.329533  0.0647932  4
1900  119372  0.141499  0.291713  0.90418  0.331926  0.0706936  4
2000  119766  0.145135  0.299038  0.9001  0.331242  0.080809  4
2100  119535  0.145992  0.304857  0.898551  0.337703  0.0865019  4
2200  119869  0.148349  0.288598  0.895812  0.33192  0.105249  4
2300  119157  0.14876  0.269945  0.89498  0.323937  0.113021  4
2400  119378  0.146137  0.264338  0.893191  0.323108  0.0876297  4
2500  119237  0.145213  0.268462  0.898334  0.334922  0.0941004  4
2600  119405  0.145309  0.276611  0.898156  0.338977  0.0909828  4
2700  119625  0.145802  0.273853  0.904144  0.355662  0.101067  4
2800  119952  0.148482  0.263018  0.903324  0.363387  0.09274  4
2900  119631  0.146919  0.272232  0.910032  0.376841  0.0934427  4
3000  119918  0.149208  0.270875  0.909518  0.382426  0.0877601  4
3100  119682  0.146302  0.263582  0.907614  0.375492  0.101948  4
3200  119343  0.144141  0.256369  0.909685  0.370407  0.124791  4
3300  120180  0.144951  0.258468  0.913067  0.372939  0.12405  4
3400  119888  0.140277  0.250469  0.91378  0.374799  0.102125  4
3500  119892  0.141856  0.253608  0.914853  0.380732  0.103786  4
3600  120160  0.14564  0.255745  0.921179  0.403076  0.12615  4
3700  119508  0.143537  0.252631  0.91952  0.401483  0.113732  4
3800  120441  0.14483  0.251601  0.924792  0.421524  0.0939515  4
3900  120125  0.143359  0.249934  0.92939  0.438012  0.0662978  4
4000  119646  0.142738  0.256385  0.926097  0.425879  0.0362086  4
4100  119981  0.139148  0.259299  0.934983  0.45126  0.0379501  4
4200  119678  0.141166  0.25819  0.93869  0.46327  0.0268746  4
4300  119675  0.14059  0.259984  0.938547  0.472673  0.000903671  4
4400  119818  0.14352  0.261616  0.938026  0.463923  -0.0035792  4
4500  119575  0.142537  0.251741  0.942032  0.479299  -0.0563907  4
4600  119628  0.138924  0.253166  0.94378  0.48359  -0.0563332  4
4700  119959  0.143847  0.244126  0.947533  0.502774  -0.064716  4
4800  119277  0.139289  0.246435  0.95111  0.513906  -0.0222922  4
4900  120434  0.14295  0.249968  0.960096  0.530189  -0.0410272  4
5000  119949  0.143709  0.247078  0.963966  0.543471  -0.0405698  4
5100  119929  0.142498  0.238835  0.96382  0.541164  -0.0470226  4
5200  119598  0.138225  0.245132  0.963998  0.53852  -0.0319737  4
5300  120435  0.143283  0.238733  0.96886  0.554401  -0.0849182  4
5400  119931  0.140379  0.237762  0.973893  0.567653  -0.0783101  4
5500  119510  0.137222  0.23611  0.975086  0.572432  -0.0984321  4
5600  120541  0.140037  0.230449  0.976105  0.577538  -0.123926  4
5700  119465  0.141174  0.2231  0.980182  0.579959  -0.0989087  4
5800  120040  0.142144  0.227272  0.983176  0.585702  -0.0919387  4
5900  120303  0.139508  0.228439  0.983698  0.586923  -0.0642528  4
6000  120914  0.143445  0.231754  0.994739  0.617305  -0.0476965  4
6100  120401  0.14284  0.22771  0.996938  0.629167  -0.0608852  4
6200  119966  0.139742  0.2281  0.9962  0.625171  -0.0757338  4
6300  119871  0.13407  0.224658  0.996579  0.62941  -0.101605  4
6400  120052  0.137347  0.226301  0.999228  0.63752  -0.125149  4
6500  120155  0.140022  0.22787  1.0078  0.663879  -0.128957  4
6600  120080  0.140722  0.227779  1.01284  0.67745  -0.136865  4
6700  119630  0.139331  0.234533  1.02185  0.705375  -0.15923  4
6800  119925  0.137376  0.232499  1.02389  0.709469  -0.19541  4
6900  120007  0.139193  0.226861  1.02436  0.714537  -0.193118  4
7000  119701  0.131136  0.231808  1.02659  0.715741  -0.259565  4
7100  119660  0.134984  0.231912  1.03313  0.738538  -0.260744  4
7200  120378  0.134835  0.236662  1.03068  0.73383  -0.262301  4
7300  120306  0.133212  0.233287  1.02686  0.719613  -0.254771  4
7400  120327  0.137419  0.23387  1.02691  0.722667  -0.252851  4
7500  120413  0.132007  0.238115  1.03224  0.739362  -0.258786  4
7600  119839  0.141023  0.238267  1.03226  0.7359  -0.249239  4
7700  119822  0.136021  0.235115  1.03416  0.735793  -0.223725  4
7800  119757  0.132454  0.231626  1.03039  0.72513  -0.240069  4
7900  120174  0.137486  0.224915  1.03153  0.727307  -0.263916  4
8000  120107  0.138037  0.228522  1.03053  0.724677  -0.276436  4
8100  120052  0.131452  0.23526  1.03694  0.742954  -0.271251  4
8200  120332  0.138353  0.234644  1.04178  0.755446  -0.271484  4
8300  120266  0.138999  0.233477  1.04495  0.766511  -0.292269  4
8400  120258  0.137998  0.239385  1.0489  0.78262  -0.307462  4
8500  119976  0.135087  0.245599  1.05602  0.805323  -0.324098  4
8600  119610  0.139996  0.24389  1.05933  0.816623  -0.327355  4
8700  120441  0.132703  0.242351  1.06465  0.833287  -0.340576  4
8800  119767  0.136908  0.242236  1.06591  0.837631  -0.34091  4
8900  120362  0.137034  0.241721  1.07136  0.852064  -0.358949  4
9000  120213  0.136304  0.243152  1.07098  0.851982  -0.375336  4
9100  120344  0.13732  0.240268  1.07078  0.852182  -0.39451  4
9200  120208  0.133291  0.242883  1.07397  0.859409  -0.387855  4
9300  120126  0.140661  0.23974  1.07188  0.854329  -0.406045  4
9400  119932  0.137998  0.23521  1.07581  0.86509  -0.395342  4
9500  120499  0.13624  0.237551  1.07915  0.876907  -0.405523  4
9600  120107  0.140949  0.239197  1.0801  0.881366  -0.395404  4
9700  120283  0.137927  0.236467  1.08248  0.887157  -0.403612  4
9800  120508  0.139414  0.231389  1.07755  0.870306  -0.399032  4
9900  120236  0.140986  0.232205  1.0779  0.869595  -0.392263  4
