t meta_n emi  mean_info  tr1  tr2  tr3  strategy
0  121950  0.098752  0.495552  0.900063  0.000785035  1.67578e-05  4
100  118644  0.111255  0.252785  0.896984  0.0682963  -0.00310646  4
200  118752  0.128627  0.145567  0.885683  0.120785  -0.00291224  4
300  119043  0.140938  0.102311  0.8769  0.158749  -0.00933844  4
400  118606  0.146368  0.0926253  0.87015  0.184381  -0.0052972  4
500  118573  0.152249  0.0850673  0.868397  0.208507  -0.026746  4
600  118508  0.159159  0.0772193  0.866121  0.227844  -0.0344107  4
700  118774  0.160229  0.074287  0.86924  0.238273  -0.0439374  4
800  119125  0.158156  0.0747972  0.867468  0.2511  -0.0480302  4
900  118060  0.15641  0.0755633  0.871867  0.260608  -0.0340541  4
1000  118412  0.157528  0.0738574  0.875718  0.281027  -0.0072076  4
1100  118512  0.15889  0.0668317  0.872402  0.270509  0.00270548  4
1200  119094  0.154288  0.0681417  0.873062  0.271738  -0.00541436  4
1300  117933  0.155126  0.066898  0.875407  0.281218  -0.0511975  4
1400  118919  0.152841  0.0632293  0.881153  0.297066  -0.0512542  4
1500  118742  0.154922  0.0603356  0.880012  0.297729  -0.0941694  4
1600  118998  0.148692  0.061302  0.885788  0.306799  -0.0913351  4
1700  118754  0.157008  0.0589459  0.881178  0.312225  -0.116812  4
1800  119431  0.153598  0.0573847  0.884544  0.30398  -0.0920528  4
1900  118419  0.152477  0.0562713  0.882306  0.300856  -0.0895406  4
2000  119334  0.154607  0.0521179  0.878453  0.284606  -0.111491  4
2100  118594  0.152503  0.0533445  0.873256  0.275109  -0.135809  4
2200  119201  0.153553  0.0517192  0.871876  0.272834  -0.136394  4
2300  119032  0.150748  0.0497914  0.868524  0.258743  -0.142103  4
2400  119345  0.160844  0.0468633  0.864396  0.263231  -0.123481  4
2500  119695  0.157739  0.0452449  0.859833  0.256804  -0.104954  4
2600  118320  0.157036  0.0412183  0.861687  0.263037  -0.116575  4
2700  119061  0.156844  0.0428261  0.863848  0.258568  -0.131014  4
2800  119397  0.159457  0.0420838  0.861683  0.248407  -0.135892  4
2900  118964  0.154227  0.0404346  0.862983  0.251168  -0.126754  4
3000  119252  0.153426  0.0372687  0.864818  0.260492  -0.138321  4
3100  119055  0.157625  0.0391746  0.862846  0.254793  -0.16341  4
3200  118888  0.157201  0.0371311  0.85963  0.247041  -0.122505  4
3300  118054  0.154974  0.0366298  0.863656  0.251814  -0.137943  4
3400  118951  0.156245  0.0358733  0.860176  0.244431  -0.163568  4
3500  119121  0.155872  0.0346663  0.859056  0.242712  -0.163849  4
3600  119147  0.156047  0.0373958  0.855948  0.240267  -0.216714  4
3700  119169  0.157904  0.0344337  0.856463  0.238824  -0.176384  4
3800  119348  0.154282  0.0295976  0.856093  0.237319  -0.174931  4
3900  119121  0.157605  0.0269153  0.853977  0.237145  -0.131194  4
4000  118903  0.157622  0.0269933  0.85027  0.227907  -0.110615  4
4100  119187  0.15689  0.0273468  0.850721  0.228668  -0.101941  4
4200  118495  0.157165  0.0262633  0.848789  0.21919  -0.0943727  4
4300  118738  0.153291  0.0248871  0.853164  0.224285  -0.096128  4
4400  118839  0.156014  0.0221516  0.854865  0.224874  -0.102296  4
4500  118221  0.153347  0.0228228  0.85359  0.219887  -0.134517  4
4600  118632  0.153088  0.023032  0.849938  0.210251  -0.139913  4
4700  119152  0.153686  0.0223375  0.849393  0.210952  -0.166628  4
4800  119561  0.158591  0.0216474  0.847759  0.201686  -0.147647  4
4900  119609  0.153343  0.0208576  0.846859  0.194425  -0.16824  4
5000  119054  0.150586  0.0204967  0.845307  0.184187  -0.178308  4
5100  119186  0.155278  0.0186384  0.844199  0.173178  -0.186776  4
5200  119055  0.151367  0.0178127  0.84133  0.157971  -0.173939  4
5300  119134  0.153514  0.0156683  0.841585  0.159377  -0.177728  4
5400  119364  0.153437  0.0159722  0.841721  0.158426  -0.166651  4
5500  119348  0.152805  0.015798  0.837901  0.15824  -0.205009  4
5600  119179  0.15237  0.0142016  0.838599  0.154548  -0.215018  4
5700  119895  0.153417  0.0139815  0.83642  0.147091  -0.191563  4
5800  118227  0.153015  0.0129028  0.834353  0.143679  -0.233934  4
5900  119141  0.15663  0.0111473  0.833411  0.14108  -0.23267  4
6000  118772  0.153273  0.0122382  0.832736  0.138424  -0.240857  4
6100  119401  0.153912  0.0136735  0.832899  0.140149  -0.249767  4
6200  118914  0.154319  0.0126754  0.832201  0.134242  -0.237871  4
6300  119106  0.155023  0.0119014  0.833392  0.13834  -0.237011  4
6400  119081  0.15549  0.0108984  0.832547  0.140561  -0.29305  4
6500  118544  0.156297  0.0105351  0.831894  0.140751  -0.320929  4
6600  118849  0.154315  0.0107534  0.835351  0.15308  -0.338097  4
6700  119608  0.154893  0.0112276  0.835938  0.147797  -0.33749  4
6800  118815  0.150587  0.0118982  0.835523  0.143037  -0.335943  4
6900  119022  0.155566  0.0122084  0.833017  0.138205  -0.30967  4
7000  119224  0.151418  0.00929968  0.832161  0.135017  -0.297675  4
7100  118710  0.153281  0.00944999  0.83116  0.133173  -0.3082  4
7200  119091  0.155737  0.00957214  0.830424  0.121468  -0.307722  4
7300  118609  0.154684  0.00895233  0.830366  0.123301  -0.301956  4
7400  119176  0.149943  0.010217  0.831282  0.125377  -0.335696  4
7500  119306  0.152853  0.00929158  0.830434  0.122662  -0.33426  4
7600  119350  0.1536  0.00804505  0.831615  0.128085  -0.360422  4
7700  118978  0.151616  0.00969442  0.832026  0.12457  -0.317977  4
7800  119276  0.153876  0.00849479  0.83122  0.127427  -0.303187  4
7900  119067  0.154635  0.00799366  0.829166  0.12147  -0.351628  4
8000  118724  0.152417  0.00615403  0.829582  0.119354  -0.339992  4
8100  119005  0.152595  0.00702302  0.830413  0.123033  -0.34399  4
8200  118631  0.155065  0.00723793  0.829695  0.122751  -0.327811  4
8300  119114  0.150678  0.00790356  0.828686  0.11827  -0.378524  4
8400  119306  0.153784  0.00758236  0.830326  0.124553  -0.389619  4
8500  118889  0.151804  0.00694353  0.831403  0.12384  -0.410076  4
8600  119316  0.147459  0.00595664  0.831772  0.125542  -0.462978  4
8700  118794  0.149828  0.00466881  0.830972  0.121388  -0.440357  4
8800  119838  0.152136  0.00518783  0.831067  0.123245  -0.473077  4
8900  119897  0.154478  0.00524828  0.829973  0.117998  -0.429745  4
9000  119167  0.150661  0.00469478  0.829872  0.117015  -0.460361  4
9100  118962  0.150004  0.00540859  0.830077  0.119181  -0.44312  4
9200  119219  0.153073  0.00473861  0.82848  0.115383  -0.427833  4
9300  119366  0.151269  0.00454673  0.829626  0.115262  -0.429438  4
9400  118974  0.153145  0.00396038  0.829448  0.11834  -0.39758  4
9500  119536  0.151965  0.00350284  0.832075  0.123601  -0.397299  4
9600  119581  0.154295  0.00367889  0.831406  0.127668  -0.406785  4
9700  119058  0.150392  0.00272242  0.831869  0.130824  -0.390114  4
9800  119386  0.152008  0.00253845  0.831691  0.1251  -0.419356  4
9900  119613  0.152104  0.00296294  0.830165  0.114911  -0.440399  4
