t meta_n emi  mean_info  tr1  tr2  tr3  strategy
0  123247  0.099592  0.498204  0.899994  0.000821144  2.36501e-05  4
100  120611  0.118398  0.528362  0.902942  0.0651794  0.00413355  4
200  120594  0.130427  0.562529  0.89796  0.109547  0.00169928  4
300  120564  0.136183  0.583139  0.899514  0.146317  -0.0126638  4
400  119984  0.138267  0.603441  0.897711  0.177845  -0.0183805  4
500  119862  0.143078  0.606567  0.896806  0.19131  -0.0161749  4
600  120320  0.135907  0.615551  0.900636  0.207844  -0.0182478  4
700  120214  0.142124  0.624147  0.900811  0.214424  -0.021555  4
800  119989  0.143542  0.643204  0.898091  0.215659  0.000272993  4
900  120109  0.142014  0.649291  0.899903  0.227057  0.0193286  4
1000  120180  0.140188  0.668987  0.905653  0.241829  0.00900478  4
1100  120600  0.138837  0.66881  0.90545  0.239619  0.00702468  4
1200  120670  0.139313  0.676759  0.904247  0.233  0.00462344  4
1300  120001  0.137967  0.687898  0.90554  0.234477  0.0199613  4
1400  120330  0.135969  0.683614  0.905616  0.228592  0.0275579  4
1500  120607  0.133348  0.681491  0.90643  0.218986  0.0265211  4
1600  120453  0.136868  0.682514  0.904417  0.229415  0.00938982  4
1700  120404  0.136265  0.683417  0.905495  0.237975  -0.00828845  4
1800  120356  0.137174  0.686878  0.901995  0.226125  -0.0396248  4
1900  120861  0.135145  0.687835  0.904782  0.226738  -0.0708336  4
2000  120497  0.133922  0.682199  0.908667  0.23918  -0.0784761  4
2100  120454  0.131676  0.698842  0.907986  0.244428  -0.0512742  4
2200  120251  0.130815  0.703117  0.909211  0.240504  -0.0155361  4
2300  120471  0.130316  0.709172  0.909096  0.250208  -0.0122707  4
2400  120720  0.135798  0.693644  0.907466  0.255629  -0.00158192  4
2500  120259  0.133921  0.688044  0.908498  0.267233  0.00365856  4
2600  120280  0.134171  0.685647  0.906541  0.260808  -0.0185743  4
2700  120341  0.134124  0.682652  0.907072  0.258506  0.00365316  4
2800  120194  0.129697  0.685254  0.910149  0.272037  -0.00598293  4
2900  120117  0.131192  0.687704  0.911843  0.255581  0.0206569  4
3000  120713  0.129404  0.684684  0.911519  0.261097  0.0519807  4
3100  120699  0.130023  0.68404  0.910424  0.251988  0.0681208  4
3200  120243  0.12985  0.684821  0.908883  0.262073  0.068261  4
3300  120707  0.13266  0.676447  0.908084  0.268662  0.0886486  4
3400  120508  0.131641  0.675945  0.909995  0.26759  0.102939  4
3500  120349  0.134714  0.683185  0.907956  0.265351  0.132557  4
3600  121095  0.132949  0.679689  0.909286  0.261223  0.157261  4
3700  120323  0.131812  0.66944  0.906272  0.251975  0.122853  4
3800  120852  0.127738  0.670719  0.907846  0.2439  0.117744  4
3900  120350  0.130584  0.674887  0.904749  0.234757  0.126979  4
4000  121007  0.130278  0.67368  0.905885  0.244987  0.135181  4
4100  120692  0.130809  0.683484  0.901894  0.248952  0.16281  4
4200  120466  0.13199  0.676419  0.901974  0.251477  0.195259  4
4300  120335  0.129679  0.655026  0.904648  0.254298  0.171348  4
4400  120637  0.130503  0.649724  0.904737  0.253427  0.158875  4
4500  120804  0.127614  0.651058  0.905739  0.253604  0.159662  4
4600  121342  0.130497  0.64894  0.902685  0.249597  0.179321  4
4700  120999  0.132308  0.654895  0.901108  0.260616  0.205079  4
4800  120141  0.133233  0.656212  0.899964  0.273006  0.255037  4
4900  120496  0.13056  0.646599  0.902399  0.282179  0.247688  4
5000  120147  0.132302  0.657299  0.903294  0.291635  0.278976  4
5100  120345  0.13253  0.658602  0.903565  0.292116  0.286761  4
5200  120656  0.134083  0.65511  0.906385  0.296198  0.264515  4
5300  121281  0.131411  0.651788  0.903705  0.29031  0.277398  4
5400  120785  0.127668  0.65949  0.905554  0.291719  0.294201  4
5500  120788  0.129375  0.652374  0.907143  0.295992  0.298883  4
5600  120380  0.133422  0.645778  0.907807  0.299578  0.334804  4
5700  120999  0.125543  0.640238  0.910422  0.297076  0.324031  4
5800  120652  0.123547  0.637991  0.912271  0.30325  0.31393  4
5900  121128  0.12796  0.636422  0.90807  0.298361  0.366724  4
6000  120490  0.127931  0.628633  0.905211  0.295443  0.3607  4
6100  120584  0.129939  0.625675  0.90424  0.290229  0.374084  4
6200  120901  0.12805  0.619037  0.90459  0.292409  0.380399  4
6300  120615  0.127932  0.611357  0.905247  0.295122  0.373485  4
6400  120694  0.127974  0.600384  0.903862  0.289808  0.404016  4
6500  120873  0.128448  0.598784  0.903934  0.293745  0.375665  4
6600  121167  0.128524  0.597913  0.90624  0.293399  0.403681  4
6700  120391  0.12424  0.592304  0.906501  0.293643  0.390037  4
6800  121256  0.128615  0.598427  0.906991  0.296194  0.398163  4
6900  120612  0.124466  0.604044  0.90664  0.302475  0.360747  4
7000  121211  0.130908  0.604619  0.907922  0.29904  0.343389  4
7100  121073  0.124307  0.603752  0.908968  0.305659  0.353998  4
7200  120180  0.12585  0.605854  0.90866  0.31151  0.336673  4
7300  120808  0.127814  0.601939  0.910259  0.319707  0.329303  4
7400  120616  0.126167  0.607774  0.909218  0.311598  0.345559  4
7500  120554  0.121744  0.60084  0.910409  0.312046  0.34549  4
7600  120896  0.125245  0.601192  0.910277  0.317695  0.39077  4
7700  121096  0.127579  0.600839  0.909644  0.309572  0.403792  4
7800  120997  0.127126  0.607794  0.911368  0.318498  0.376756  4
7900  120763  0.127251  0.606527  0.908573  0.306842  0.369754  4
8000  121091  0.124927  0.609048  0.90836  0.303749  0.384781  4
8100  121187  0.123984  0.610395  0.909635  0.305  0.403551  4
8200  121201  0.125928  0.608831  0.909885  0.310468  0.412443  4
8300  120740  0.125023  0.605685  0.910716  0.318917  0.407217  4
8400  121051  0.128033  0.600401  0.911998  0.328986  0.462738  4
8500  120661  0.122047  0.607511  0.911792  0.327662  0.455377  4
8600  120917  0.126875  0.597688  0.912613  0.336534  0.476578  4
8700  120709  0.127421  0.59207  0.911947  0.335801  0.424699  4
8800  120836  0.125028  0.591054  0.913193  0.340258  0.421196  4
8900  120507  0.12455  0.596129  0.91298  0.336966  0.425386  4
9000  120762  0.122752  0.590097  0.914922  0.350723  0.445047  4
9100  120390  0.127811  0.589866  0.91608  0.354551  0.38972  4
9200  121117  0.122772  0.586919  0.917609  0.366203  0.367345  4
9300  121035  0.127441  0.581687  0.91895  0.38169  0.331014  4
9400  120901  0.123561  0.57626  0.920709  0.383806  0.296915  4
9500  120715  0.125777  0.582515  0.92061  0.385336  0.28134  4
9600  121102  0.124915  0.580157  0.921138  0.386008  0.26697  4
9700  121084  0.12398  0.57748  0.923001  0.394741  0.290115  4
9800  121237  0.126774  0.577812  0.924967  0.404551  0.304191  4
9900  120638  0.122511  0.573319  0.92618  0.413917  0.269449  4
