t meta_n emi  mean_info  tr1  tr2  tr3  strategy
0  122210  0.099152  0.497025  0.900013  0.000767686  -5.3588e-05  4
100  118336  0.111225  0.30154  0.898808  0.0717125  -0.00618466  4
200  119332  0.127101  0.192684  0.891073  0.120196  0.00292265  4
300  118956  0.135219  0.142314  0.884005  0.161261  0.010504  4
400  118829  0.143147  0.11797  0.877155  0.193482  0.000679275  4
500  118697  0.14914  0.104154  0.872074  0.217423  -0.00896631  4
600  118261  0.158087  0.104989  0.867171  0.238356  0.003393  4
700  118844  0.156642  0.100027  0.873407  0.253372  0.0264609  4
800  118557  0.158304  0.0919936  0.872813  0.260568  0.0302989  4
900  119028  0.157042  0.0857957  0.87487  0.265001  0.0232452  4
1000  118708  0.153645  0.0837858  0.877151  0.270226  0.0233934  4
1100  118821  0.157784  0.0857279  0.872255  0.263801  0.0332358  4
1200  117990  0.152335  0.0807021  0.870298  0.25474  0.0604105  4
1300  118717  0.1593  0.0801564  0.8599  0.23779  0.0616283  4
1400  119002  0.161608  0.0815524  0.858772  0.234583  0.0487557  4
1500  118662  0.161155  0.0784471  0.857087  0.230171  0.0412145  4
1600  118719  0.160303  0.079707  0.855864  0.228739  0.0431845  4
1700  118922  0.160771  0.0752676  0.856107  0.230946  0.0386779  4
1800  118842  0.160248  0.0720601  0.856165  0.226678  0.0514349  4
1900  118838  0.160111  0.0696439  0.855194  0.231782  0.0308928  4
2000  119109  0.156885  0.0636717  0.859406  0.229974  0.0420866  4
2100  119512  0.157736  0.0641903  0.857407  0.223745  0.0384196  4
2200  117865  0.160891  0.0616709  0.85707  0.247093  0.0768684  4
2300  119021  0.156416  0.0610317  0.862633  0.249218  0.100479  4
2400  118941  0.159987  0.0618811  0.859935  0.250933  0.119915  4
2500  119254  0.154598  0.0612001  0.861412  0.248999  0.132231  4
2600  118589  0.157495  0.0615019  0.8603  0.248205  0.138884  4
2700  119365  0.158156  0.0587053  0.859202  0.250828  0.145284  4
2800  118601  0.160396  0.0576728  0.855953  0.243913  0.171107  4
2900  119464  0.158216  0.0556905  0.855867  0.243114  0.138895  4
3000  119556  0.161367  0.0546327  0.849803  0.232667  0.125784  4
3100  118516  0.16104  0.053895  0.846532  0.214515  0.157954  4
3200  119026  0.160572  0.0482981  0.844568  0.204149  0.161882  4
3300  119184  0.154946  0.0486162  0.847407  0.202543  0.149067  4
3400  119471  0.162463  0.050518  0.844714  0.206617  0.116636  4
3500  119345  0.161273  0.0467878  0.841958  0.201729  0.129368  4
3600  119528  0.161774  0.0427514  0.84251  0.19375  0.134431  4
3700  119060  0.161824  0.0385994  0.84177  0.193676  0.145657  4
3800  119207  0.158636  0.0385342  0.8433  0.192529  0.118856  4
3900  118821  0.158107  0.0396463  0.842042  0.192589  0.121002  4
4000  118907  0.155005  0.0403227  0.842717  0.185183  0.101293  4
4100  119125  0.154567  0.0402919  0.841092  0.180497  0.121476  4
4200  119090  0.155006  0.0420452  0.845042  0.188652  0.113428  4
4300  119029  0.155965  0.0389834  0.843895  0.178019  0.0990327  4
4400  119570  0.158139  0.035607  0.842315  0.174772  0.0561307  4
4500  118929  0.158248  0.0320111  0.840213  0.169326  0.00137953  4
4600  118903  0.157285  0.0337404  0.836773  0.165291  0.0402895  4
4700  118906  0.153439  0.0332778  0.838063  0.159664  0.0710249  4
4800  118722  0.156017  0.0310935  0.835777  0.158662  0.0410554  4
4900  118923  0.155431  0.0310367  0.835692  0.155353  0.0227716  4
5000  118822  0.153945  0.0285842  0.836474  0.160705  -0.0127493  4
5100  119584  0.155493  0.0282684  0.835762  0.156336  -0.0349761  4
5200  119572  0.155286  0.0283624  0.835394  0.156553  -0.0270029  4
5300  119508  0.157765  0.0254115  0.836273  0.160165  -0.0465901  4
5400  119032  0.157673  0.0234632  0.835825  0.163146  -0.0436359  4
5500  119131  0.157258  0.0244641  0.835913  0.161985  -0.012652  4
5600  118885  0.157278  0.0228339  0.831666  0.1562  -0.0229215  4
5700  119347  0.159876  0.0215014  0.831399  0.154357  -0.0599674  4
5800  118820  0.154791  0.0215459  0.832957  0.162019  -0.0418907  4
5900  119246  0.157347  0.0225039  0.832062  0.164167  -0.0511787  4
6000  119188  0.157908  0.0218363  0.833664  0.171853  -0.0921459  4
6100  118589  0.159548  0.0209593  0.836054  0.169762  -0.0931701  4
6200  118883  0.15618  0.0205994  0.838026  0.170613  -0.0547144  4
6300  118851  0.154251  0.0185692  0.839187  0.167573  -0.0852565  4
6400  119351  0.152263  0.0175797  0.838696  0.164157  -0.0954601  4
6500  119171  0.150628  0.0189015  0.839195  0.159318  -0.0793532  4
6600  119711  0.152668  0.0168149  0.839779  0.154285  -0.101925  4
6700  119227  0.151818  0.0177939  0.837629  0.1523  -0.129056  4
6800  119177  0.151477  0.0177938  0.837738  0.152678  -0.113473  4
6900  118889  0.150997  0.0168534  0.840519  0.162764  -0.100735  4
7000  119291  0.153929  0.017577  0.84058  0.167154  -0.0843174  4
7100  119216  0.150701  0.0161447  0.840957  0.168146  -0.0690338  4
7200  119462  0.14898  0.0147031  0.839769  0.163424  -0.0825117  4
7300  118880  0.152111  0.0134456  0.836655  0.157601  -0.0811738  4
7400  118861  0.152437  0.0143374  0.837442  0.155339  -0.0867052  4
7500  119092  0.152307  0.0159482  0.83855  0.159311  -0.0799899  4
7600  119611  0.151914  0.0131941  0.838412  0.156527  -0.087327  4
7700  118793  0.15446  0.0107912  0.839633  0.162996  -0.0672286  4
7800  119434  0.151049  0.0107765  0.839887  0.157366  -0.10417  4
7900  119204  0.149992  0.0111672  0.84019  0.155582  -0.0734416  4
8000  119266  0.150048  0.0107555  0.839806  0.154623  -0.05828  4
8100  119922  0.152107  0.0103513  0.837629  0.15015  -0.072646  4
8200  119057  0.151323  0.0119634  0.838974  0.149785  -0.0929106  4
8300  119650  0.152143  0.0125526  0.838912  0.152888  -0.0560466  4
8400  119426  0.147  0.0110403  0.84147  0.156878  -0.0274692  4
8500  119695  0.149818  0.00962491  0.839098  0.14961  -0.0319844  4
8600  118735  0.149616  0.00878805  0.836454  0.144293  -0.0395772  4
8700  118977  0.147434  0.0084128  0.836687  0.140682  -0.0294911  4
8800  118906  0.153884  0.00956251  0.835201  0.14071  -0.0244508  4
8900  119357  0.151228  0.00752611  0.836032  0.140021  -0.0555492  4
9000  118752  0.150922  0.00636573  0.835239  0.138435  -0.0319685  4
9100  119568  0.15155  0.00703996  0.836011  0.149496  -0.0422639  4
9200  119386  0.152741  0.00581624  0.833533  0.142918  -0.0918917  4
9300  118833  0.148109  0.00564901  0.834307  0.138379  -0.0877395  4
9400  119275  0.151024  0.00616831  0.83205  0.124172  -0.102065  4
9500  119593  0.15312  0.0061416  0.831885  0.124855  -0.119995  4
9600  119206  0.153533  0.00552707  0.83034  0.121789  -0.0754198  4
9700  119039  0.153931  0.00551408  0.830509  0.126721  -0.0640823  4
9800  119640  0.152804  0.0056113  0.830276  0.124344  -0.0422929  4
9900  118895  0.152938  0.00580154  0.830827  0.129931  -0.051598  4
