t meta_n emi  mean_info  tr1  tr2  tr3  strategy
0  120161  0.100424  0.493277  0.899983  0.000741894  -0.000104213  4
100  118943  0.107851  0.144873  0.898214  0.0702191  -0.0049696  4
200  118297  0.125052  0.0722853  0.886795  0.124606  0.0127066  4
300  118685  0.140731  0.0521633  0.88027  0.158896  0.0199595  4
400  118557  0.146364  0.0451768  0.876038  0.18479  0.0213893  4
500  118873  0.152106  0.0442888  0.871542  0.200004  0.0144301  4
600  119113  0.156486  0.0435216  0.86773  0.22342  0.0204475  4
700  117579  0.158801  0.0403949  0.865029  0.229893  0.0157961  4
800  119088  0.16126  0.0382663  0.863435  0.234635  0.0133959  4
900  118391  0.157536  0.0388443  0.862901  0.243178  0.00624371  4
1000  118469  0.158864  0.036801  0.862505  0.249686  0.0164222  4
1100  119017  0.162987  0.0362825  0.858235  0.24405  0.0263845  4
1200  117926  0.16372  0.0359489  0.860118  0.242579  0.0158557  4
1300  118701  0.159872  0.0331507  0.860517  0.241176  0.0397325  4
1400  117735  0.163856  0.0318035  0.860574  0.24593  0.0657837  4
1500  118574  0.161563  0.0331216  0.860654  0.252156  0.0491118  4
1600  118185  0.16194  0.0339088  0.856061  0.243696  0.0415051  4
1700  118646  0.163411  0.0312095  0.854215  0.241932  0.0429472  4
1800  118458  0.163631  0.028798  0.852644  0.245701  0.0534413  4
1900  118384  0.157058  0.0284915  0.856625  0.24161  0.0301276  4
2000  118860  0.160436  0.0279402  0.857681  0.246981  0.00747598  4
2100  119178  0.161959  0.0273093  0.855547  0.242519  0.0226825  4
2200  119410  0.160763  0.0274666  0.859833  0.247666  0.0315137  4
2300  119265  0.159629  0.0264359  0.859501  0.25509  0.0232085  4
2400  118823  0.158799  0.0236146  0.855505  0.248331  0.0407214  4
2500  118457  0.16049  0.0206647  0.854799  0.25974  0.0710468  4
2600  118973  0.163627  0.0217386  0.854085  0.256856  0.0497722  4
2700  119335  0.161334  0.0208255  0.85872  0.267534  0.0476339  4
2800  118737  0.159287  0.0214505  0.859591  0.26351  0.0439825  4
2900  118617  0.161961  0.0222349  0.857683  0.265589  0.0751047  4
3000  118553  0.158017  0.0209102  0.859052  0.263389  0.0696711  4
3100  119221  0.155878  0.0196446  0.85759  0.256389  0.0729845  4
3200  118502  0.157585  0.0197589  0.85869  0.253604  0.0877027  4
3300  119301  0.156231  0.0167173  0.863815  0.265462  0.131279  4
3400  118873  0.157839  0.0168979  0.860149  0.26149  0.152573  4
3500  119048  0.154013  0.0150525  0.862067  0.252486  0.163679  4
3600  118932  0.153455  0.0157892  0.85969  0.253938  0.133748  4
3700  118481  0.155487  0.0155557  0.86137  0.255608  0.132919  4
3800  118613  0.155069  0.0152985  0.858836  0.252451  0.124923  4
3900  119310  0.157698  0.0140867  0.858646  0.247892  0.154318  4
4000  119016  0.157452  0.0153363  0.857901  0.237338  0.178478  4
4100  119076  0.154658  0.0141298  0.8561  0.229591  0.193683  4
4200  119459  0.156947  0.013399  0.853284  0.220883  0.19153  4
4300  118700  0.153937  0.0122927  0.851726  0.209448  0.187531  4
4400  119155  0.151828  0.0117487  0.849868  0.202893  0.189585  4
4500  118764  0.152429  0.0105516  0.848304  0.194298  0.148965  4
4600  118870  0.152799  0.0112219  0.849661  0.19912  0.0883564  4
4700  119285  0.153859  0.0112491  0.848252  0.196737  0.112514  4
4800  118962  0.153227  0.0100599  0.843201  0.184112  0.103913  4
4900  118711  0.152112  0.00976976  0.846451  0.191974  0.135136  4
5000  119071  0.151562  0.00976791  0.844392  0.182296  0.123941  4
5100  119485  0.151991  0.00898766  0.844411  0.175501  0.0879533  4
5200  118915  0.149562  0.00765034  0.848681  0.183236  0.0446014  4
5300  119145  0.150067  0.00877753  0.847848  0.183581  0.0645355  4
5400  119401  0.151469  0.00863064  0.846772  0.186015  0.0546842  4
5500  119320  0.152892  0.00787489  0.848668  0.19191  0.0522803  4
5600  118597  0.152488  0.00737498  0.847768  0.193441  -0.0115858  4
5700  119060  0.150123  0.00742481  0.84939  0.196485  0.0131131  4
5800  119094  0.148105  0.00649175  0.849322  0.193561  0.026745  4
5900  119140  0.152352  0.0063922  0.850591  0.199535  0.0431243  4
6000  119310  0.150084  0.00547643  0.852362  0.201855  0.0646707  4
6100  119851  0.150516  0.00536606  0.848676  0.196961  0.0705638  4
6200  118846  0.147178  0.00567982  0.847978  0.190626  0.0925542  4
6300  119377  0.152148  0.00593939  0.847479  0.188339  0.0761205  4
6400  119090  0.151034  0.00498263  0.846191  0.173502  0.068309  4
6500  119075  0.14987  0.00472866  0.845572  0.169561  0.0242057  4
6600  119000  0.149509  0.00483085  0.842483  0.165086  0.0209122  4
6700  119287  0.149935  0.0045035  0.842408  0.161358  0.010739  4
6800  119406  0.149942  0.00461764  0.843353  0.168958  0.0292117  4
6900  118827  0.150688  0.00516133  0.842672  0.16317  0.0617162  4
7000  119135  0.151831  0.00444566  0.840603  0.153236  0.0502682  4
7100  118878  0.149712  0.00451568  0.840871  0.152603  0.0651313  4
7200  119283  0.149118  0.00459742  0.842042  0.146584  0.107281  4
7300  119443  0.148279  0.00381304  0.840893  0.145108  0.138592  4
7400  118561  0.148725  0.00358871  0.838758  0.143156  0.140504  4
7500  119010  0.150952  0.00348394  0.838436  0.141532  0.143897  4
7600  118602  0.146561  0.0038728  0.837099  0.130849  0.160118  4
7700  119138  0.152184  0.00299137  0.838173  0.133915  0.15958  4
7800  119751  0.146818  0.00291428  0.83899  0.127236  0.175041  4
7900  119143  0.147252  0.00277819  0.839957  0.131392  0.231148  4
8000  118641  0.147972  0.0027481  0.838427  0.135054  0.225878  4
8100  119032  0.148116  0.00315574  0.837345  0.135352  0.19582  4
8200  119465  0.15184  0.00321354  0.837749  0.139072  0.228648  4
8300  119204  0.153521  0.00236696  0.837019  0.142034  0.210338  4
8400  119624  0.14965  0.00294473  0.837885  0.147906  0.258952  4
8500  118898  0.149587  0.00214899  0.836912  0.149244  0.307208  4
8600  119596  0.150853  0.00245417  0.836763  0.147246  0.32036  4
8700  119513  0.151499  0.00246537  0.836303  0.146183  0.31232  4
8800  119567  0.149502  0.00243868  0.83839  0.157339  0.297662  4
8900  119333  0.149878  0.00236464  0.837868  0.153365  0.272788  4
9000  119284  0.149823  0.00190979  0.83669  0.151364  0.247977  4
9100  119098  0.150284  0.00171595  0.836987  0.149703  0.268816  4
9200  119270  0.147984  0.00164274  0.836004  0.143575  0.253567  4
9300  119493  0.150274  0.00231736  0.838259  0.148372  0.246987  4
9400  119158  0.152267  0.00168599  0.837145  0.150378  0.260993  4
9500  119262  0.151191  0.00126792  0.838775  0.154481  0.233068  4
9600  118849  0.149161  0.00103937  0.83828  0.154219  0.265675  4
9700  118530  0.148946  0.00158538  0.839496  0.1544  0.226128  4
9800  119055  0.147129  0.00198689  0.838752  0.140656  0.2603  4
9900  119336  0.147041  0.00138973  0.838811  0.1353  0.329051  4
