t meta_n emi  mean_info  tr1  tr2  tr3  strategy
0  122308  0.09976  0.496865  0.899964  0.000665979  -7.29077e-06  4
100  118926  0.112417  0.385027  0.900678  0.0746696  0.0024761  4
200  119201  0.124217  0.294265  0.894913  0.123725  0.00547214  4
300  119454  0.132883  0.232138  0.888764  0.16428  -0.0126525  4
400  118974  0.144485  0.19544  0.878483  0.187583  -0.00791993  4
500  118723  0.149155  0.17658  0.8761  0.209637  -0.0230186  4
600  119425  0.148437  0.170195  0.875264  0.219781  -0.0125946  4
700  118346  0.155  0.154601  0.87313  0.232644  0.00298362  4
800  118680  0.156869  0.153481  0.871037  0.242357  0.0118243  4
900  119226  0.153289  0.151841  0.868963  0.239736  0.0253503  4
1000  119017  0.156379  0.147125  0.867715  0.241351  0.0321563  4
1100  118556  0.159682  0.142549  0.870629  0.252566  0.00869131  4
1200  119084  0.157781  0.133201  0.867063  0.248745  0.00124728  4
1300  118576  0.157195  0.133918  0.867526  0.254173  -0.015703  4
1400  118948  0.157695  0.139167  0.866971  0.257903  0.000722766  4
1500  118653  0.156648  0.132216  0.86461  0.254123  -0.0128803  4
1600  118877  0.162721  0.137184  0.866735  0.272863  -0.0375815  4
1700  118985  0.157164  0.135559  0.870064  0.274974  -0.0536145  4
1800  118988  0.164393  0.123717  0.866885  0.277556  -0.0805592  4
1900  119275  0.155717  0.114038  0.872681  0.281747  -0.0775201  4
2000  118527  0.155453  0.110488  0.872655  0.276935  -0.0955441  4
2100  118825  0.15695  0.114744  0.874085  0.280484  -0.0992156  4
2200  119437  0.152628  0.117208  0.874334  0.281022  -0.122786  4
2300  119066  0.155555  0.12555  0.879758  0.294324  -0.108763  4
2400  119239  0.154345  0.111498  0.87537  0.283579  -0.112454  4
2500  119346  0.157397  0.109508  0.872629  0.280117  -0.103537  4
2600  119598  0.158101  0.113079  0.872899  0.286777  -0.0953512  4
2700  119248  0.152812  0.109911  0.873895  0.287892  -0.113927  4
2800  119292  0.155635  0.111722  0.870776  0.280801  -0.0898074  4
2900  119035  0.158293  0.107618  0.871235  0.283901  -0.106257  4
3000  119298  0.159045  0.108035  0.870424  0.288714  -0.0911735  4
3100  119459  0.160082  0.106106  0.869498  0.287751  -0.083752  4
3200  119794  0.15803  0.106842  0.87165  0.288267  -0.0917331  4
3300  118737  0.156436  0.106107  0.875436  0.299565  -0.0809332  4
3400  119235  0.156536  0.102133  0.871517  0.285388  -0.0959308  4
3500  118824  0.15277  0.0977954  0.870826  0.280372  -0.0737031  4
3600  119380  0.154761  0.102975  0.871332  0.281419  -0.06479  4
3700  119897  0.156744  0.1028  0.871917  0.28263  -0.0492559  4
3800  118807  0.156907  0.0995237  0.870551  0.276194  -0.0648108  4
3900  119731  0.154335  0.0935612  0.867368  0.273657  -0.0963037  4
4000  119323  0.154554  0.0920291  0.868495  0.269377  -0.112613  4
4100  119041  0.151941  0.0870524  0.868235  0.260853  -0.10425  4
4200  119537  0.153923  0.0916937  0.864281  0.248275  -0.123771  4
4300  119860  0.152698  0.0835387  0.865596  0.242831  -0.0949396  4
4400  119047  0.149869  0.0894665  0.866909  0.250288  -0.0704773  4
4500  119388  0.151515  0.088265  0.868033  0.257702  -0.040559  4
4600  118701  0.150522  0.0892996  0.872451  0.276409  -0.0687916  4
4700  119392  0.156652  0.087155  0.869163  0.271085  -0.0678893  4
4800  118858  0.153551  0.0851248  0.868599  0.269863  -0.117315  4
4900  119068  0.150215  0.0839991  0.868092  0.268426  -0.0819006  4
5000  119323  0.153125  0.0886186  0.871157  0.278192  -0.0576118  4
5100  119455  0.152475  0.0834632  0.872239  0.28422  -0.0685917  4
5200  119705  0.155732  0.0853485  0.874475  0.287869  -0.0830476  4
5300  118991  0.152801  0.0811836  0.872405  0.280696  -0.0882662  4
5400  119501  0.152961  0.0832452  0.87377  0.277682  -0.111908  4
5500  118998  0.149469  0.082023  0.873534  0.276551  -0.0923535  4
5600  119300  0.151668  0.0827626  0.874633  0.276587  -0.0878034  4
5700  118771  0.147801  0.0847197  0.874413  0.272819  -0.0953773  4
5800  119748  0.151861  0.079922  0.872487  0.271173  -0.105258  4
5900  119469  0.152866  0.0763923  0.873395  0.265702  -0.118593  4
6000  119608  0.151942  0.0802514  0.869536  0.259976  -0.104908  4
6100  119543  0.149529  0.0803806  0.872  0.269678  -0.152467  4
6200  119266  0.150156  0.0764367  0.86894  0.256929  -0.159758  4
6300  119425  0.152167  0.0839332  0.87204  0.264082  -0.214662  4
6400  118662  0.149276  0.0850419  0.872568  0.266572  -0.225122  4
6500  119044  0.153051  0.084498  0.874329  0.266838  -0.20473  4
6600  119822  0.150248  0.0858718  0.880094  0.291249  -0.199528  4
6700  119554  0.152756  0.0934374  0.88539  0.307012  -0.244746  4
6800  119550  0.152072  0.094277  0.884358  0.302301  -0.234194  4
6900  119582  0.156157  0.0911603  0.882349  0.298028  -0.209461  4
7000  119638  0.151064  0.0853984  0.881599  0.297145  -0.13442  4
7100  119402  0.155421  0.0859588  0.881628  0.303788  -0.115626  4
7200  119496  0.154089  0.079853  0.881194  0.297408  -0.149738  4
7300  119572  0.151412  0.0840255  0.885116  0.30826  -0.156534  4
7400  119106  0.151847  0.0840374  0.885661  0.30937  -0.147091  4
7500  119638  0.15163  0.0776438  0.883296  0.299696  -0.108772  4
7600  119388  0.150639  0.0743819  0.882556  0.295243  -0.0666595  4
7700  119454  0.1504  0.072004  0.882542  0.298143  -0.070376  4
7800  119683  0.153295  0.0723259  0.88359  0.304081  -0.0644766  4
7900  119503  0.150737  0.0737138  0.885593  0.310939  -0.0710649  4
8000  119119  0.151725  0.0752954  0.886361  0.315912  -0.0422562  4
8100  119665  0.152524  0.0740011  0.885987  0.312136  -0.0515152  4
8200  119475  0.15365  0.0779092  0.887603  0.308897  -0.0624443  4
8300  119924  0.151246  0.0773452  0.888697  0.310931  -0.0648165  4
8400  119932  0.152339  0.0833597  0.893075  0.325502  -0.0582921  4
8500  118789  0.148488  0.0816196  0.893352  0.324004  -0.0479664  4
8600  119930  0.152621  0.0721446  0.886305  0.304074  -0.0869726  4
8700  119724  0.154368  0.074639  0.888123  0.312891  -0.117383  4
8800  119711  0.152806  0.0763274  0.887992  0.313272  -0.131907  4
8900  119472  0.150284  0.0745823  0.886212  0.303569  -0.13817  4
9000  119630  0.15291  0.0682808  0.88372  0.292092  -0.140535  4
9100  119186  0.151159  0.0689012  0.882099  0.291145  -0.145178  4
9200  119388  0.15208  0.0670221  0.881205  0.294895  -0.174874  4
9300  119516  0.152195  0.0683431  0.882243  0.296566  -0.150963  4
9400  119260  0.152671  0.0708855  0.883799  0.304595  -0.144858  4
9500  119299  0.150889  0.0657172  0.881601  0.297266  -0.151543  4
9600  119272  0.148442  0.0642214  0.879919  0.285  -0.122248  4
9700  119637  0.153672  0.0695219  0.882691  0.297688  -0.137602  4
9800  119814  0.152432  0.0663642  0.881301  0.29007  -0.140133  4
9900  119326  0.150628  0.0696781  0.884392  0.301569  -0.126879  4
