t meta_n emi  mean_info  tr1  tr2  tr3  strategy
0  122476  0.100704  0.500353  0.89997  0.000704274  -3.24746e-05  4
100  119195  0.110983  0.414135  0.905735  0.072612  0.00138906  4
200  119609  0.124919  0.338802  0.896825  0.120551  -0.00560915  4
300  119016  0.13637  0.281107  0.887199  0.162874  -0.00585325  4
400  119575  0.142326  0.257716  0.885849  0.192846  2.39196e-05  4
500  118947  0.143624  0.229908  0.883523  0.212593  -0.00373464  4
600  119241  0.147606  0.22462  0.884193  0.238801  -0.0131557  4
700  119218  0.152413  0.208522  0.876809  0.245622  -0.013164  4
800  119047  0.151469  0.200055  0.879704  0.259857  -0.00590942  4
900  118733  0.153761  0.197518  0.878987  0.273777  0.00273929  4
1000  118735  0.151741  0.192906  0.882192  0.271782  -0.0103163  4
1100  118890  0.154572  0.185857  0.882699  0.276344  -0.0222469  4
1200  118979  0.14846  0.183874  0.883894  0.276301  -0.0302713  4
1300  119362  0.156886  0.178159  0.882458  0.28196  -0.0170745  4
1400  118934  0.151344  0.172998  0.88164  0.288717  0.0302549  4
1500  119077  0.15237  0.181452  0.882911  0.290322  0.0298114  4
1600  119579  0.151004  0.172829  0.877324  0.279443  0.0358046  4
1700  119326  0.151504  0.166317  0.880866  0.287713  0.0250637  4
1800  118930  0.156271  0.161244  0.876641  0.286876  0.0155951  4
1900  119299  0.1545  0.159368  0.878881  0.29871  -0.0189555  4
2000  119551  0.154164  0.163732  0.880472  0.304564  -0.0469492  4
2100  119330  0.156477  0.157092  0.879552  0.304364  -0.0108577  4
2200  118907  0.153932  0.161062  0.879571  0.304593  -0.024198  4
2300  118873  0.152056  0.163575  0.881441  0.307044  -0.0328522  4
2400  119399  0.154065  0.157435  0.881116  0.316734  -0.0353149  4
2500  118590  0.155915  0.157321  0.880961  0.311121  -0.0640519  4
2600  119576  0.154284  0.150546  0.881027  0.305761  -0.084124  4
2700  119085  0.153954  0.14756  0.880151  0.299292  -0.105261  4
2800  119427  0.155614  0.13637  0.876372  0.295968  -0.0979002  4
2900  119442  0.151004  0.131771  0.878294  0.291823  -0.0785727  4
3000  119201  0.149334  0.131997  0.877373  0.289274  -0.102802  4
3100  119428  0.152747  0.126757  0.876859  0.29246  -0.0999752  4
3200  119120  0.151099  0.124542  0.876187  0.289733  -0.14081  4
3300  119189  0.150391  0.128123  0.874708  0.286584  -0.111481  4
3400  119254  0.157085  0.120994  0.872894  0.29593  -0.148137  4
3500  119384  0.155975  0.125561  0.874367  0.301329  -0.152517  4
3600  119939  0.150265  0.136425  0.881247  0.320403  -0.166039  4
3700  119444  0.153547  0.126801  0.878443  0.301851  -0.201142  4
3800  119515  0.155338  0.129025  0.881911  0.316234  -0.193182  4
3900  119467  0.157714  0.121134  0.882137  0.32638  -0.227392  4
4000  118885  0.153616  0.119801  0.885266  0.340269  -0.236509  4
4100  119479  0.1524  0.124965  0.885677  0.344166  -0.223846  4
4200  119604  0.152289  0.132985  0.888745  0.345469  -0.239001  4
4300  119539  0.153785  0.138392  0.891698  0.351249  -0.19599  4
4400  119164  0.154583  0.141873  0.890602  0.346624  -0.187005  4
4500  119610  0.150194  0.135361  0.893156  0.345097  -0.116981  4
4600  119630  0.151145  0.132745  0.892975  0.344284  -0.123702  4
4700  119182  0.150675  0.136967  0.894239  0.342337  -0.0983219  4
4800  118783  0.149181  0.137338  0.898781  0.354041  -0.0987046  4
4900  119208  0.153008  0.128863  0.89641  0.346558  -0.115687  4
5000  119635  0.151026  0.130872  0.899847  0.353709  -0.0781871  4
5100  119465  0.151299  0.130759  0.901003  0.364481  -0.053065  4
5200  119351  0.148051  0.134879  0.902852  0.370941  -0.074956  4
5300  119686  0.151919  0.134225  0.904416  0.379039  -0.12034  4
5400  119649  0.153325  0.126482  0.90278  0.373372  -0.136544  4
5500  120253  0.153749  0.125775  0.905001  0.377196  -0.0749018  4
5600  119791  0.154379  0.119821  0.903022  0.371795  -0.0386638  4
5700  119419  0.149001  0.119706  0.90523  0.368753  -0.0266094  4
5800  119799  0.146373  0.118876  0.906859  0.371902  -0.000834004  4
5900  119803  0.150736  0.122827  0.907183  0.376189  0.0491801  4
6000  119989  0.149503  0.119407  0.906663  0.377289  0.0496022  4
6100  119155  0.15077  0.120843  0.907972  0.379584  0.0499109  4
6200  119689  0.150985  0.128436  0.911344  0.39694  0.0431614  4
6300  119118  0.14943  0.126412  0.911324  0.394596  0.0255922  4
6400  119644  0.151753  0.1249  0.910651  0.390472  0.0437465  4
6500  120021  0.150364  0.125998  0.912227  0.39484  0.0473867  4
6600  119795  0.150289  0.124262  0.914548  0.403802  0.0814498  4
6700  119776  0.149269  0.123816  0.914934  0.409454  0.0943089  4
6800  120160  0.147558  0.125629  0.91919  0.426515  0.090517  4
6900  119748  0.153614  0.130573  0.922567  0.438028  0.106127  4
7000  118929  0.149301  0.129923  0.922279  0.440936  0.124377  4
7100  119866  0.145698  0.123588  0.920133  0.432509  0.106088  4
7200  119150  0.15361  0.123519  0.918033  0.427095  0.147235  4
7300  119895  0.153256  0.124423  0.918407  0.424251  0.14983  4
7400  119926  0.151341  0.13205  0.925695  0.446096  0.146665  4
7500  118910  0.15092  0.13188  0.926569  0.447918  0.148945  4
7600  119611  0.155046  0.12811  0.925591  0.449445  0.141402  4
7700  120055  0.151812  0.126078  0.926058  0.44311  0.134595  4
7800  119958  0.15664  0.128012  0.930311  0.45646  0.141939  4
7900  119827  0.150899  0.123509  0.929126  0.445986  0.142279  4
8000  119402  0.15206  0.12078  0.927643  0.443796  0.120881  4
8100  119352  0.149278  0.119324  0.926128  0.440723  0.118291  4
8200  120219  0.151063  0.123883  0.928723  0.455579  0.109901  4
8300  119734  0.152346  0.117986  0.926346  0.449107  0.118524  4
8400  119889  0.154122  0.123872  0.92949  0.460627  0.094534  4
8500  120021  0.154238  0.131208  0.934875  0.476441  0.109408  4
8600  120322  0.151951  0.126838  0.933879  0.475447  0.103622  4
8700  119441  0.150528  0.125998  0.933468  0.477216  0.0960265  4
8800  119274  0.149639  0.121898  0.930762  0.467936  0.0860985  4
8900  119821  0.153318  0.117132  0.930309  0.469142  0.0831802  4
9000  119122  0.151198  0.122122  0.933693  0.477644  0.104586  4
9100  119760  0.152124  0.120856  0.932974  0.475602  0.0881824  4
9200  119440  0.152462  0.12477  0.934421  0.48108  0.0929527  4
9300  119550  0.15363  0.120349  0.936151  0.49065  0.130268  4
9400  120026  0.153472  0.125413  0.937254  0.497946  0.11615  4
9500  119755  0.157063  0.120436  0.934422  0.48882  0.120857  4
9600  119495  0.151843  0.120728  0.935677  0.492575  0.136795  4
9700  119396  0.156995  0.124518  0.937177  0.49647  0.154097  4
9800  118904  0.153365  0.122738  0.935387  0.485089  0.129946  4
9900  119681  0.1555  0.112641  0.930048  0.465381  0.0998936  4
