t meta_n emi  mean_info  tr1  tr2  tr3  strategy
0  121259  0.100792  0.493161  0.90003  0.000780744  -1.88481e-05  4
100  118506  0.112396  0.166284  0.897606  0.0728  -0.000499713  4
200  118993  0.128871  0.0886256  0.886793  0.119754  -0.00798582  4
300  118749  0.133924  0.0667688  0.887482  0.159632  0.000690961  4
400  118863  0.143131  0.0616026  0.879432  0.186171  0.0159055  4
500  118559  0.147633  0.0525224  0.878395  0.209142  0.0213259  4
600  118736  0.147252  0.0511489  0.876998  0.220627  0.032577  4
700  119196  0.152911  0.0483947  0.873983  0.233039  0.0353687  4
800  118834  0.157581  0.0506332  0.867973  0.234237  0.0424344  4
900  118445  0.16094  0.0471209  0.864678  0.241344  0.0438911  4
1000  118964  0.15639  0.0451325  0.86622  0.236693  0.0458766  4
1100  118274  0.161394  0.0434819  0.864908  0.250588  0.0447809  4
1200  119160  0.158739  0.0433934  0.864054  0.248659  0.0697368  4
1300  117673  0.15464  0.0404246  0.866768  0.252875  0.0996094  4
1400  119418  0.162184  0.0384289  0.858579  0.24266  0.103346  4
1500  118588  0.161045  0.0380486  0.859889  0.245913  0.0924146  4
1600  118874  0.15771  0.0377443  0.861801  0.249035  0.0957817  4
1700  118449  0.160156  0.0352615  0.86509  0.252078  0.119002  4
1800  119207  0.156439  0.0319311  0.869037  0.266278  0.10044  4
1900  118772  0.158963  0.0321822  0.864289  0.25547  0.145286  4
2000  118796  0.155636  0.0306568  0.865016  0.247842  0.147645  4
2100  119551  0.156123  0.032543  0.863837  0.254212  0.130139  4
2200  118930  0.156892  0.0318468  0.86468  0.258279  0.200011  4
2300  119099  0.158783  0.0307785  0.863702  0.256817  0.210666  4
2400  119342  0.160179  0.0299601  0.863844  0.254952  0.18316  4
2500  119031  0.157904  0.026595  0.860597  0.238748  0.182979  4
2600  118865  0.157254  0.0270047  0.859159  0.245601  0.222548  4
2700  119027  0.156206  0.026192  0.861112  0.246962  0.219412  4
2800  118590  0.153694  0.0264184  0.864887  0.24945  0.270778  4
2900  119182  0.156374  0.0270829  0.863459  0.253045  0.248408  4
3000  119034  0.151389  0.0241636  0.864556  0.25655  0.244867  4
3100  119441  0.156956  0.022257  0.861855  0.259372  0.225643  4
3200  118981  0.154433  0.0213656  0.863634  0.259019  0.199133  4
3300  119187  0.158692  0.0211761  0.861164  0.256381  0.170888  4
3400  118645  0.1524  0.0201  0.860054  0.249644  0.151081  4
3500  118686  0.154888  0.0194813  0.854921  0.234477  0.147676  4
3600  119014  0.156361  0.0182068  0.851061  0.221389  0.116395  4
3700  119137  0.153682  0.016691  0.850589  0.219027  0.130016  4
3800  118746  0.155325  0.0148754  0.847804  0.20747  0.15686  4
3900  119242  0.15578  0.0164068  0.84838  0.20921  0.183663  4
4000  119243  0.15919  0.0159535  0.847427  0.221534  0.234884  4
4100  118594  0.157516  0.0166326  0.847977  0.219362  0.259838  4
4200  118818  0.15649  0.0165147  0.845535  0.208485  0.200175  4
4300  118962  0.157308  0.0164359  0.842132  0.201453  0.150016  4
4400  118952  0.156251  0.0150154  0.840528  0.192801  0.186735  4
4500  118878  0.156046  0.0164333  0.840989  0.198748  0.208097  4
4600  118609  0.162464  0.0139349  0.836455  0.195795  0.220364  4
4700  119389  0.162868  0.0127136  0.837548  0.19536  0.20204  4
4800  118644  0.160144  0.0127982  0.837187  0.204191  0.201066  4
4900  119707  0.162273  0.0139561  0.834535  0.192138  0.181378  4
5000  118755  0.157163  0.0127553  0.833583  0.178609  0.158213  4
5100  118695  0.161005  0.0128146  0.834922  0.181469  0.189861  4
5200  119009  0.161208  0.0117249  0.835369  0.188804  0.224137  4
5300  118868  0.158566  0.0105859  0.836062  0.191867  0.27852  4
5400  119179  0.162472  0.0101713  0.836575  0.195521  0.306177  4
5500  119228  0.160324  0.00882559  0.836778  0.194747  0.310345  4
5600  119194  0.158477  0.0092366  0.838869  0.197399  0.26808  4
5700  119323  0.156105  0.00890738  0.838763  0.189535  0.272784  4
5800  119427  0.159065  0.00780952  0.840225  0.188698  0.25041  4
5900  119382  0.159906  0.00919964  0.840351  0.18841  0.303293  4
6000  119183  0.15353  0.00875222  0.843388  0.200277  0.320717  4
6100  119030  0.154027  0.00889271  0.843105  0.199281  0.360413  4
6200  119262  0.158069  0.00747233  0.841836  0.190207  0.344776  4
6300  118981  0.154564  0.006112  0.839856  0.181544  0.338113  4
6400  119104  0.157134  0.00583112  0.839086  0.186007  0.359701  4
6500  118793  0.155122  0.00645601  0.839843  0.18253  0.391173  4
6600  119447  0.155056  0.00756758  0.836755  0.176937  0.422287  4
6700  119312  0.155941  0.00707463  0.837686  0.179071  0.439885  4
6800  118837  0.154048  0.00590257  0.837487  0.172772  0.462847  4
6900  119654  0.156739  0.00589116  0.839002  0.176243  0.505921  4
7000  119206  0.156309  0.00561553  0.837876  0.172374  0.482607  4
7100  118495  0.15135  0.00452596  0.838812  0.172807  0.490185  4
7200  119538  0.151951  0.00459888  0.837321  0.168015  0.482533  4
7300  119348  0.155313  0.0047918  0.837162  0.173656  0.477904  4
7400  119360  0.154397  0.00456263  0.838304  0.175161  0.440762  4
7500  118555  0.153715  0.00443396  0.837344  0.169263  0.443311  4
7600  119250  0.158545  0.00421972  0.836094  0.169226  0.452487  4
7700  118948  0.155084  0.00497416  0.837149  0.170628  0.438543  4
7800  118936  0.154992  0.00337957  0.839298  0.177315  0.44401  4
7900  119195  0.154707  0.00310982  0.839923  0.178579  0.447016  4
8000  119323  0.152167  0.00363301  0.83911  0.174363  0.422613  4
8100  119145  0.151957  0.00334345  0.840997  0.178378  0.428507  4
8200  119410  0.153701  0.00362605  0.840026  0.166001  0.421918  4
8300  119287  0.149658  0.00354895  0.839041  0.163902  0.459023  4
8400  119258  0.145546  0.00438748  0.840564  0.166461  0.498155  4
8500  119000  0.153329  0.00436839  0.84024  0.173181  0.513703  4
8600  118999  0.151329  0.00337401  0.841239  0.180833  0.482797  4
8700  119277  0.151088  0.00292246  0.841091  0.181168  0.500778  4
8800  119305  0.149306  0.00261922  0.840612  0.17908  0.485154  4
8900  119890  0.153772  0.00232811  0.840185  0.180093  0.439109  4
9000  119684  0.152597  0.00230625  0.83809  0.174562  0.431951  4
9100  119123  0.151397  0.00170475  0.837287  0.173893  0.439278  4
9200  119086  0.151956  0.00119033  0.837637  0.175125  0.434287  4
9300  118833  0.150619  0.00167262  0.83825  0.173218  0.456634  4
9400  119527  0.156072  0.00208875  0.838117  0.174238  0.474903  4
9500  119322  0.150486  0.00161041  0.840791  0.17923  0.460753  4
9600  119297  0.152752  0.00184265  0.840585  0.176703  0.490256  4
9700  119139  0.152539  0.00228646  0.840051  0.177967  0.468773  4
9800  119005  0.149934  0.00184007  0.841047  0.181918  0.468461  4
9900  118818  0.150448  0.00172016  0.843492  0.192511  0.491666  4
