t meta_n emi  mean_info  tr1  tr2  tr3  strategy
0  120618  0.100304  0.493683  0.90009  0.000787303  3.96954e-05  4
100  118240  0.108861  0.160642  0.89752  0.0688235  -0.000964149  4
200  118677  0.129567  0.0852873  0.885497  0.123164  -0.0120897  4
300  118213  0.13508  0.0630477  0.882119  0.155944  -0.0226442  4
400  119062  0.144561  0.0531725  0.876075  0.175676  -0.0244318  4
500  119033  0.148102  0.0494163  0.868724  0.197931  -0.0271729  4
600  118448  0.156073  0.0512383  0.867194  0.20551  -0.01131  4
700  118661  0.155046  0.0479529  0.864413  0.214557  -0.000270399  4
800  118744  0.15092  0.0473937  0.868043  0.222051  0.00188195  4
900  117931  0.160334  0.0451075  0.861071  0.227234  -0.0279271  4
1000  118598  0.1554  0.0434961  0.86318  0.231456  -0.0676771  4
1100  118513  0.159944  0.0418113  0.863316  0.23429  -0.0462425  4
1200  118242  0.159405  0.0396541  0.864236  0.236069  -0.0402989  4
1300  118977  0.157139  0.0373284  0.86293  0.230154  -0.0397673  4
1400  118582  0.158219  0.0365901  0.861557  0.227944  -0.0194962  4
1500  118880  0.159018  0.0345007  0.859311  0.230971  -0.0258623  4
1600  118906  0.162526  0.0318332  0.85579  0.231546  -0.0246544  4
1700  118618  0.161893  0.0328199  0.8548  0.232944  -0.0324638  4
1800  118122  0.160986  0.0307011  0.854326  0.235701  -0.0275751  4
1900  118365  0.156553  0.0301116  0.860466  0.238887  -0.0151324  4
2000  118287  0.162631  0.0318325  0.854596  0.227699  0.0324321  4
2100  118510  0.160979  0.0328124  0.851068  0.223864  -0.000465339  4
2200  118392  0.161333  0.0292481  0.849233  0.219977  -0.0143862  4
2300  119367  0.157838  0.0281343  0.851199  0.207666  -0.0466805  4
2400  118622  0.163518  0.0245228  0.849903  0.213663  0.00934349  4
2500  118242  0.16054  0.0249979  0.850494  0.216469  0.0564355  4
2600  118748  0.16234  0.0249174  0.848286  0.209676  0.112916  4
2700  118241  0.157317  0.0256445  0.851225  0.222149  0.0943024  4
2800  118923  0.158376  0.0249074  0.854334  0.227899  0.135376  4
2900  119492  0.159361  0.025215  0.856477  0.226666  0.160152  4
3000  119202  0.155798  0.0205516  0.854889  0.227227  0.135385  4
3100  119141  0.153746  0.0202953  0.852919  0.220122  0.146154  4
3200  118836  0.155832  0.021674  0.854462  0.233939  0.137729  4
3300  118732  0.156574  0.0205088  0.8566  0.23187  0.161293  4
3400  119328  0.153976  0.0186837  0.855595  0.223358  0.177833  4
3500  118626  0.151986  0.0175041  0.853738  0.211592  0.187562  4
3600  118839  0.152404  0.0164183  0.853363  0.211957  0.151944  4
3700  118759  0.154615  0.0181045  0.852876  0.215918  0.117238  4
3800  119041  0.155398  0.0194099  0.855109  0.217167  0.15264  4
3900  119786  0.14971  0.0183573  0.855809  0.211646  0.117386  4
4000  118847  0.148353  0.0171277  0.854957  0.207288  0.0386097  4
4100  119114  0.150225  0.0165187  0.854068  0.202632  -0.00838327  4
4200  118874  0.150004  0.0144307  0.853104  0.198298  -0.017372  4
4300  119445  0.148462  0.013501  0.851404  0.190656  -0.031757  4
4400  118889  0.152765  0.0125734  0.850337  0.20587  0.00641746  4
4500  119555  0.154475  0.0129881  0.850542  0.19739  0.0437758  4
4600  119112  0.151057  0.0123659  0.847711  0.194191  0.0664958  4
4700  118933  0.154468  0.0105859  0.845565  0.186445  0.0704979  4
4800  118819  0.151532  0.010793  0.850259  0.192201  0.0167019  4
4900  119647  0.151745  0.0108995  0.849125  0.192491  0.0168008  4
5000  119559  0.150914  0.0122266  0.849238  0.186033  -0.00353478  4
5100  118878  0.152322  0.00957  0.848481  0.18687  -0.00228888  4
5200  118940  0.15543  0.00877608  0.84685  0.18937  0.00576496  4
5300  118808  0.153662  0.00885915  0.84731  0.192639  -0.0091581  4
5400  118837  0.155521  0.00900091  0.846139  0.196334  0.0144845  4
5500  119259  0.154606  0.00843818  0.84352  0.194817  0.0266319  4
5600  118928  0.15524  0.00938103  0.841747  0.186239  0.0175609  4
5700  119182  0.153768  0.00778785  0.838777  0.166983  0.0418163  4
5800  119328  0.15356  0.00765205  0.837689  0.157793  0.0388447  4
5900  119384  0.153807  0.00757659  0.838994  0.172647  -0.00141129  4
6000  119299  0.153859  0.0089382  0.839726  0.17108  0.00388076  4
6100  119622  0.156511  0.00817085  0.839014  0.166629  -0.00775937  4
6200  119058  0.154317  0.00684005  0.839864  0.160903  0.0118388  4
6300  120005  0.157566  0.00695255  0.837139  0.161433  0.0393954  4
6400  119110  0.155712  0.0061561  0.834774  0.150288  -0.0138267  4
6500  119130  0.153888  0.0064822  0.835505  0.151036  -0.0112177  4
6600  119633  0.153308  0.00606736  0.836722  0.155965  0.0225451  4
6700  118862  0.151963  0.00653659  0.834383  0.153706  0.0333436  4
6800  118959  0.154364  0.00640747  0.832031  0.148786  0.0429398  4
6900  119453  0.155407  0.00592051  0.834893  0.149873  0.0309131  4
7000  119265  0.155751  0.00633246  0.833728  0.151873  0.0172699  4
7100  118825  0.155654  0.00585635  0.836404  0.166243  0.0813108  4
7200  118977  0.155536  0.00505994  0.834291  0.156563  0.103697  4
7300  119083  0.154787  0.00460954  0.834793  0.153563  0.110796  4
7400  119274  0.151293  0.00312709  0.833732  0.149304  0.061774  4
7500  118841  0.152203  0.00413949  0.834919  0.149624  0.0855408  4
7600  118816  0.152243  0.0042051  0.834365  0.143017  0.129829  4
7700  119185  0.154429  0.00370465  0.834221  0.145524  0.141045  4
7800  119092  0.151407  0.00404801  0.835359  0.154558  0.12992  4
7900  119516  0.156062  0.00437668  0.834823  0.159442  0.14752  4
8000  119252  0.15299  0.00409252  0.836017  0.160684  0.129556  4
8100  119117  0.156264  0.00364083  0.834158  0.160272  0.128637  4
8200  119140  0.152096  0.00300778  0.834686  0.157059  0.114413  4
8300  118795  0.153306  0.00351557  0.833989  0.155104  0.113487  4
8400  119426  0.153855  0.00303645  0.833222  0.151191  0.0941121  4
8500  118602  0.154333  0.00329195  0.833828  0.153638  0.0994928  4
8600  119249  0.150856  0.00264588  0.834873  0.157026  0.130419  4
8700  119027  0.154194  0.00294739  0.834728  0.157132  0.117199  4
8800  119229  0.154937  0.00274675  0.833557  0.153485  0.104032  4
8900  119439  0.155725  0.00248964  0.832898  0.149044  0.105401  4
9000  118801  0.154711  0.00226021  0.832448  0.149051  0.10617  4
9100  118879  0.151613  0.00286045  0.832322  0.145084  0.103195  4
9200  119471  0.152393  0.00248246  0.833009  0.143497  0.114758  4
9300  118786  0.155725  0.00216017  0.832607  0.140107  0.0830091  4
9400  119480  0.15823  0.00218091  0.830387  0.134387  0.0906751  4
9500  119497  0.154567  0.00209904  0.830982  0.134059  0.104277  4
9600  119041  0.150543  0.00220491  0.832245  0.13937  0.0759429  4
9700  119070  0.15128  0.00178106  0.83339  0.141287  0.0581793  4
9800  119581  0.153322  0.00196595  0.833502  0.144646  0.0242954  4
9900  119165  0.154319  0.00162817  0.834345  0.148476  0.0678879  4
