t meta_n emi  mean_info  tr1  tr2  tr3  strategy
0  121718  0.100704  0.494196  0.900017  0.00080253  0.00011515  4
100  118553  0.106805  0.205856  0.900131  0.0691876  0.00330426  4
200  117941  0.128415  0.114697  0.887166  0.125657  0.00217441  4
300  118740  0.13544  0.0829337  0.883896  0.168393  -0.00770227  4
400  118961  0.147818  0.0717977  0.878809  0.206829  -0.0089414  4
500  118591  0.14907  0.0657136  0.878746  0.223237  0.0174435  4
600  118583  0.151898  0.0637462  0.874636  0.233656  0.0114204  4
700  118148  0.156542  0.0621289  0.869156  0.239574  0.0134834  4
800  118619  0.158221  0.0604701  0.863966  0.232587  -0.00386852  4
900  118982  0.157439  0.063243  0.86429  0.229315  -0.0182489  4
1000  118295  0.155274  0.0579952  0.867818  0.235827  -0.0220885  4
1100  118326  0.155208  0.0576753  0.874013  0.265052  -0.0138387  4
1200  118523  0.161095  0.0564164  0.868957  0.273247  -0.0341881  4
1300  118500  0.15606  0.0528207  0.867686  0.269561  -0.00660322  4
1400  118967  0.157665  0.0510442  0.869266  0.262058  -0.023245  4
1500  118606  0.155605  0.0509216  0.868014  0.259535  -0.0432247  4
1600  118946  0.15321  0.0490664  0.868419  0.259804  -0.0430398  4
1700  119089  0.160708  0.0465808  0.864273  0.250918  -0.0499045  4
1800  118776  0.155993  0.0448275  0.861765  0.253801  -0.0869581  4
1900  118404  0.157955  0.0431072  0.859798  0.253889  -0.0792721  4
2000  119088  0.159816  0.041046  0.862586  0.268681  -0.0459589  4
2100  118651  0.158761  0.0421549  0.860987  0.261808  -0.0224807  4
2200  118078  0.158031  0.0395018  0.861128  0.255566  -0.00511801  4
2300  118878  0.157199  0.0392285  0.859311  0.250443  0.00186232  4
2400  119112  0.160452  0.0382281  0.862024  0.253437  0.0245029  4
2500  118846  0.160037  0.0380125  0.858587  0.24833  0.0338258  4
2600  119046  0.158145  0.0399431  0.860961  0.246761  0.0473583  4
2700  118510  0.162486  0.0370875  0.854493  0.244384  0.0666884  4
2800  118105  0.158453  0.0330397  0.856187  0.232752  0.057913  4
2900  118673  0.158988  0.033073  0.854901  0.237001  0.0833602  4
3000  118623  0.159266  0.0312791  0.859046  0.234802  0.0698356  4
3100  118936  0.15229  0.0294175  0.859992  0.231537  0.0757281  4
3200  119310  0.153232  0.0294756  0.85675  0.21849  0.112348  4
3300  118331  0.156788  0.0291003  0.854019  0.220919  0.119917  4
3400  118690  0.152682  0.0279838  0.853877  0.21822  0.119695  4
3500  118978  0.15567  0.0247575  0.856093  0.220981  0.139354  4
3600  118511  0.154299  0.0244111  0.852332  0.210501  0.131928  4
3700  118652  0.154813  0.0247065  0.852048  0.215582  0.14392  4
3800  118957  0.156896  0.0243079  0.854364  0.227423  0.137919  4
3900  119121  0.153296  0.0256118  0.851506  0.214728  0.164168  4
4000  118780  0.156796  0.0244645  0.851074  0.215197  0.159425  4
4100  119511  0.159906  0.0211144  0.846324  0.209295  0.159112  4
4200  118768  0.154049  0.0201982  0.844281  0.192553  0.15961  4
4300  118413  0.157069  0.019196  0.843524  0.1944  0.115269  4
4400  118543  0.154725  0.020085  0.844064  0.202984  0.129261  4
4500  118861  0.155063  0.0202362  0.846143  0.211864  0.118518  4
4600  118420  0.158946  0.0180917  0.845751  0.215846  0.0654224  4
4700  119188  0.154958  0.0181903  0.847863  0.217384  0.0259028  4
4800  119347  0.154086  0.0168636  0.846932  0.209957  0.0254181  4
4900  119745  0.159709  0.0171058  0.843999  0.207348  0.00580949  4
5000  119260  0.158821  0.0166212  0.843136  0.211236  0.0554837  4
5100  119055  0.156938  0.0156362  0.841504  0.202118  0.0384906  4
5200  118521  0.158354  0.015321  0.842233  0.198627  0.023305  4
5300  118745  0.160223  0.0151658  0.839919  0.1965  0.0323962  4
5400  118325  0.16019  0.0128691  0.841638  0.200963  -0.000510332  4
5500  119483  0.159857  0.012002  0.843741  0.202856  0.0610125  4
5600  119015  0.158451  0.0116046  0.843835  0.205678  -0.0212813  4
5700  118284  0.15733  0.012887  0.843969  0.203442  -0.0410829  4
5800  119528  0.158404  0.0132707  0.845186  0.208908  -0.0641729  4
5900  119387  0.154495  0.0115059  0.843226  0.198136  -0.0456955  4
6000  118945  0.156089  0.0111209  0.841018  0.197499  -0.0298263  4
6100  118349  0.154503  0.010993  0.843383  0.205573  0.0162372  4
6200  118656  0.156305  0.0100327  0.842527  0.205524  0.0559422  4
6300  119695  0.155857  0.00898008  0.842795  0.200326  0.0799017  4
6400  119439  0.156732  0.00994244  0.843496  0.201001  0.0608072  4
6500  119624  0.150879  0.00802036  0.844418  0.200898  0.0300406  4
6600  119054  0.153312  0.00883268  0.84562  0.198084  0.0485128  4
6700  119241  0.155788  0.00833319  0.846198  0.202776  0.0168816  4
6800  119577  0.154408  0.00797988  0.846516  0.200358  0.0276347  4
6900  119551  0.155254  0.00877434  0.84438  0.185031  0.0596673  4
7000  119776  0.149078  0.00774662  0.844297  0.174375  0.0932118  4
7100  119246  0.152082  0.0087606  0.842  0.170896  0.104694  4
7200  119309  0.152913  0.00732204  0.842156  0.169663  0.131068  4
7300  119375  0.151049  0.00666025  0.842186  0.170948  0.060662  4
7400  119258  0.146903  0.00844328  0.843033  0.161552  0.0982191  4
7500  119483  0.14571  0.00616122  0.843432  0.162466  0.115138  4
7600  118947  0.146117  0.00733919  0.844501  0.165081  0.0482596  4
7700  119073  0.148485  0.00582112  0.844261  0.159997  0.0486914  4
7800  119224  0.148028  0.00484513  0.842598  0.157001  0.00159878  4
7900  118638  0.151235  0.00577354  0.840351  0.152891  0.0141777  4
8000  119494  0.149539  0.00489475  0.839786  0.154028  0.0231725  4
8100  119512  0.148358  0.0048446  0.8407  0.153631  -0.0288873  4
8200  119462  0.153022  0.00457219  0.84041  0.151217  -0.029748  4
8300  119365  0.149022  0.00460863  0.83969  0.14894  0.00627857  4
8400  119016  0.151081  0.00459166  0.840013  0.15354  -0.0138274  4
8500  118993  0.150094  0.00504461  0.840637  0.156871  -0.0156119  4
8600  119402  0.146776  0.00473831  0.841437  0.153948  -0.0366059  4
8700  119292  0.153383  0.00411827  0.840812  0.154496  -0.0743766  4
8800  119433  0.149922  0.00472434  0.839661  0.152595  -0.095383  4
8900  118822  0.14651  0.00392922  0.839628  0.150449  -0.0327366  4
9000  119554  0.150978  0.00415934  0.837933  0.1469  -0.00670815  4
9100  119014  0.154903  0.0041303  0.83823  0.153637  -0.0132185  4
9200  119534  0.15217  0.00327804  0.838773  0.160822  -0.0545903  4
9300  119483  0.150888  0.00369868  0.838415  0.155425  -0.0334525  4
9400  119255  0.148321  0.00357602  0.838953  0.158265  -0.0139925  4
9500  120391  0.15216  0.00287655  0.83838  0.156099  -0.0566052  4
9600  119456  0.150551  0.00286218  0.837964  0.160123  -0.103165  4
9700  119288  0.152325  0.00324603  0.835908  0.156876  -0.104592  4
9800  119266  0.153262  0.00272417  0.832586  0.148298  -0.101737  4
9900  119188  0.149759  0.00289177  0.834223  0.147066  -0.0624667  4
