t meta_n emi  mean_info  tr1  tr2  tr3  strategy
0  121749  0.100704  0.494772  0.899905  0.000720317  -1.9411e-06  4
100  119019  0.109653  0.263582  0.898627  0.069801  -0.00199018  4
200  119193  0.128837  0.155426  0.883532  0.120001  0.00164442  4
300  118931  0.13813  0.110319  0.878773  0.163506  -0.00258751  4
400  118761  0.147312  0.0943816  0.872182  0.185882  -0.00687729  4
500  118733  0.153666  0.0856923  0.868996  0.211334  -0.0047425  4
600  119131  0.156593  0.08067  0.869885  0.226226  0.00398571  4
700  118816  0.155114  0.0759586  0.869104  0.230444  0.00400819  4
800  118992  0.156171  0.0739541  0.870413  0.229995  0.00701408  4
900  118657  0.154704  0.0721336  0.866203  0.232484  0.00512555  4
1000  119206  0.16315  0.0681395  0.859294  0.231098  0.0164466  4
1100  119048  0.161283  0.0656081  0.858641  0.23394  0.00687744  4
1200  119323  0.160525  0.0641099  0.859624  0.237328  0.00346332  4
1300  118695  0.156643  0.0649357  0.863715  0.23897  0.0108675  4
1400  118802  0.155362  0.0643463  0.862602  0.234074  0.00743135  4
1500  119323  0.161449  0.0627387  0.859398  0.230174  -0.000213625  4
1600  118536  0.155506  0.0637931  0.862864  0.2372  0.00949658  4
1700  119185  0.156753  0.0629154  0.861606  0.232033  0.0570527  4
1800  118804  0.158065  0.0590626  0.856288  0.23323  0.0652851  4
1900  118820  0.160017  0.0543277  0.853729  0.231932  0.0816427  4
2000  118830  0.162387  0.0578566  0.852392  0.231759  0.0965191  4
2100  119231  0.159329  0.0553837  0.854368  0.224825  0.0852297  4
2200  119217  0.159501  0.0538276  0.851878  0.218805  0.10001  4
2300  118814  0.160938  0.0495259  0.849482  0.217017  0.114666  4
2400  118683  0.16433  0.0482105  0.846829  0.215859  0.154108  4
2500  118772  0.163524  0.0500059  0.850591  0.210364  0.154514  4
2600  118792  0.157324  0.0467763  0.848033  0.203235  0.194504  4
2700  119027  0.157473  0.0401501  0.843885  0.196687  0.192894  4
2800  118536  0.158839  0.0399971  0.846706  0.19606  0.175958  4
2900  118769  0.157143  0.0395517  0.848536  0.197168  0.184359  4
3000  118824  0.156333  0.0387412  0.846901  0.195643  0.224731  4
3100  118779  0.155937  0.0395236  0.848954  0.196953  0.193187  4
3200  118357  0.151726  0.0403592  0.851986  0.197062  0.227292  4
3300  119188  0.158863  0.0376731  0.850344  0.207465  0.197219  4
3400  119249  0.156285  0.0393437  0.849966  0.213575  0.203753  4
3500  119046  0.157762  0.038574  0.847386  0.211349  0.186275  4
3600  118829  0.155722  0.0372497  0.846599  0.20715  0.121815  4
3700  119494  0.158548  0.0316637  0.846495  0.205526  0.160063  4
3800  119217  0.15512  0.0298859  0.846177  0.1956  0.199224  4
3900  119506  0.155745  0.0310909  0.844772  0.196705  0.198215  4
4000  118601  0.158102  0.0282875  0.839946  0.183422  0.155271  4
4100  119825  0.157632  0.0269632  0.841106  0.183104  0.184499  4
4200  119117  0.158935  0.0261686  0.83947  0.183436  0.218798  4
4300  119249  0.158721  0.0262532  0.839591  0.180071  0.212073  4
4400  119468  0.157528  0.0253107  0.84131  0.174029  0.204561  4
4500  119622  0.15495  0.0266142  0.842122  0.175888  0.23025  4
4600  119742  0.151306  0.0250226  0.843323  0.168244  0.184436  4
4700  119707  0.153186  0.0233396  0.839103  0.160544  0.261778  4
4800  119367  0.152138  0.0241946  0.842429  0.1618  0.220157  4
4900  118983  0.152337  0.0245898  0.842943  0.167013  0.249524  4
5000  118874  0.152009  0.0230596  0.843544  0.168408  0.282994  4
5100  118904  0.153459  0.022258  0.842386  0.160445  0.268979  4
5200  119161  0.148866  0.0212626  0.844151  0.172024  0.295915  4
5300  118565  0.1506  0.0207084  0.842757  0.168236  0.306731  4
5400  119457  0.15238  0.0193432  0.843688  0.169118  0.312295  4
5500  119296  0.153689  0.0189384  0.841452  0.161004  0.336624  4
5600  119015  0.151804  0.0192635  0.839724  0.155866  0.390284  4
5700  118823  0.153053  0.0195978  0.840418  0.162811  0.403846  4
5800  119661  0.154267  0.0179419  0.839415  0.160534  0.42308  4
5900  119234  0.154153  0.0156383  0.839983  0.159188  0.382023  4
6000  118844  0.150963  0.0144855  0.839348  0.160867  0.401872  4
6100  119170  0.154583  0.0153113  0.836894  0.157643  0.420373  4
6200  118785  0.155755  0.015315  0.835757  0.155132  0.412257  4
6300  119243  0.153017  0.0155371  0.834782  0.150705  0.398609  4
6400  119177  0.15363  0.0161543  0.834219  0.149786  0.369211  4
6500  119210  0.154656  0.0134584  0.833038  0.153452  0.309534  4
6600  119529  0.157603  0.0120439  0.83368  0.156715  0.281692  4
6700  119095  0.156476  0.0130502  0.834054  0.159551  0.296769  4
6800  118710  0.155448  0.0126767  0.834187  0.158577  0.317686  4
6900  119516  0.155775  0.0115125  0.832717  0.160387  0.279829  4
7000  118830  0.158087  0.0110727  0.833659  0.160298  0.325647  4
7100  118913  0.153877  0.0118972  0.834722  0.157432  0.34034  4
7200  119532  0.157962  0.0120516  0.833004  0.155546  0.380629  4
7300  118705  0.153013  0.0112366  0.832538  0.153107  0.350809  4
7400  119208  0.156833  0.0107852  0.832017  0.153931  0.333621  4
7500  119376  0.155729  0.00931929  0.831201  0.154683  0.370802  4
7600  119673  0.156072  0.0101542  0.832378  0.157746  0.345735  4
7700  119370  0.154497  0.00961282  0.833044  0.158203  0.284446  4
7800  119281  0.15473  0.00883505  0.832824  0.159603  0.252286  4
7900  119265  0.154403  0.00875218  0.832977  0.158337  0.28741  4
8000  119065  0.153399  0.00947798  0.832468  0.156831  0.244752  4
8100  119151  0.155591  0.00860284  0.832594  0.155989  0.261333  4
8200  118530  0.155531  0.00813579  0.831573  0.153886  0.256679  4
8300  119052  0.154785  0.00715372  0.832169  0.1537  0.212335  4
8400  119251  0.154731  0.00744758  0.832157  0.154045  0.191631  4
8500  118872  0.152125  0.00690351  0.833085  0.15603  0.250135  4
8600  119017  0.150513  0.0068473  0.832984  0.149663  0.197631  4
8700  119315  0.154238  0.00642965  0.832052  0.151131  0.211023  4
8800  119045  0.154313  0.0062043  0.829651  0.144461  0.167416  4
8900  119758  0.157072  0.00457905  0.829878  0.14202  0.137658  4
9000  118644  0.155344  0.00522182  0.828851  0.144097  0.171004  4
9100  119098  0.156472  0.00451791  0.828321  0.141464  0.140837  4
9200  119408  0.155241  0.0046928  0.829805  0.147731  0.135518  4
9300  119255  0.153624  0.00446636  0.830998  0.154119  0.0687276  4
9400  118878  0.156458  0.0042112  0.831299  0.15493  0.117417  4
9500  119242  0.158618  0.00410433  0.83086  0.15371  0.0791595  4
9600  119177  0.149575  0.00393781  0.83264  0.161102  0.0893465  4
9700  119370  0.158332  0.00383307  0.831963  0.156  -0.0239724  4
9800  119591  0.153947  0.00429882  0.832878  0.154215  0.0138571  4
9900  119373  0.153127  0.00434673  0.833339  0.153971  -0.0174679  4
