t meta_n emi  mean_info  tr1  tr2  tr3  strategy
0  121788  0.099672  0.496696  0.900037  0.000799694  5.6296e-05  4
100  118408  0.107345  0.204841  0.897705  0.0686434  0.0052086  4
200  118643  0.128326  0.115155  0.886499  0.117137  0.00950423  4
300  118730  0.137637  0.0826208  0.876302  0.157945  0.00381618  4
400  118562  0.144457  0.0687576  0.878058  0.194603  -0.00645228  4
500  118791  0.154188  0.0653681  0.873796  0.225823  0.015726  4
600  118817  0.156074  0.0624987  0.871476  0.238593  0.0335313  4
700  118377  0.156133  0.0565489  0.871223  0.243383  0.0527656  4
800  118881  0.153843  0.0539836  0.875536  0.251889  0.0409665  4
900  118391  0.156287  0.0579133  0.873887  0.254428  0.0183084  4
1000  118934  0.156667  0.0535082  0.873895  0.262611  0.0010379  4
1100  118823  0.158794  0.0535058  0.869785  0.262713  -0.020765  4
1200  118267  0.154291  0.0500335  0.871957  0.256005  -0.00641824  4
1300  118673  0.156812  0.0479657  0.869732  0.247078  0.0123767  4
1400  118664  0.156369  0.0482001  0.865866  0.247303  -0.0211998  4
1500  118117  0.156945  0.0452582  0.864561  0.250622  -0.0269756  4
1600  119042  0.156704  0.0423785  0.861474  0.240926  -0.0444612  4
1700  118529  0.158369  0.0421314  0.860745  0.245382  -0.049516  4
1800  118619  0.15761  0.0399789  0.863035  0.247218  -0.0514898  4
1900  118517  0.159607  0.0381924  0.858043  0.251876  -0.0528223  4
2000  119107  0.159428  0.0372524  0.862667  0.251816  -0.00898077  4
2100  118619  0.159705  0.0403537  0.855983  0.236071  0.0235372  4
2200  118910  0.160536  0.0372304  0.85497  0.233039  0.0398424  4
2300  119284  0.160042  0.0376162  0.855556  0.22889  0.0365652  4
2400  118210  0.158239  0.0364135  0.857353  0.234409  0.0734211  4
2500  118658  0.160414  0.0347272  0.857722  0.242606  0.0600647  4
2600  119027  0.159553  0.0327169  0.858823  0.237572  0.0215033  4
2700  118443  0.153329  0.0350167  0.861529  0.238999  -0.00877619  4
2800  118631  0.155171  0.0304732  0.858322  0.229759  -0.0345426  4
2900  119022  0.157692  0.0288657  0.856581  0.225798  0.0113891  4
3000  119284  0.151931  0.0302975  0.856149  0.219028  0.00947073  4
3100  118578  0.154677  0.0294945  0.855089  0.222252  -0.00327608  4
3200  118640  0.155728  0.0308441  0.8538  0.214808  -0.0367445  4
3300  118395  0.157654  0.0293328  0.851508  0.211382  -0.0585074  4
3400  118883  0.154977  0.0278953  0.849578  0.20918  -0.0578988  4
3500  118646  0.154213  0.0256475  0.849829  0.220619  -0.0603871  4
3600  119479  0.157469  0.024652  0.850449  0.222145  -0.0119743  4
3700  119172  0.156327  0.0242282  0.849664  0.218333  0.0244036  4
3800  119274  0.153998  0.0258541  0.85282  0.225012  -0.00400867  4
3900  118697  0.159881  0.0261593  0.848921  0.224603  0.0139151  4
4000  118840  0.156973  0.0226949  0.85201  0.228812  0.00805462  4
4100  118924  0.15451  0.0222431  0.853392  0.228303  -0.0133119  4
4200  119384  0.156481  0.0186685  0.851302  0.233496  -0.032408  4
4300  119173  0.158025  0.0166144  0.851112  0.235416  -0.0453772  4
4400  119574  0.156561  0.0161581  0.849646  0.228854  -0.0523341  4
4500  119126  0.157521  0.0172305  0.848153  0.219567  -0.0484455  4
4600  119293  0.157475  0.0163724  0.84986  0.223278  -0.0468839  4
4700  118883  0.156348  0.0176126  0.849577  0.223048  -0.064549  4
4800  119305  0.15848  0.0156168  0.851077  0.231026  -0.0380364  4
4900  119476  0.155757  0.0140352  0.850178  0.228305  -0.0512729  4
5000  119219  0.154399  0.0140586  0.851639  0.230721  -0.0638949  4
5100  118702  0.157986  0.014342  0.84858  0.223775  -0.0944103  4
5200  119508  0.156672  0.0136046  0.849134  0.221598  -0.1003  4
5300  118926  0.154542  0.012591  0.847624  0.212108  -0.113679  4
5400  119474  0.154502  0.0111667  0.846734  0.207532  -0.0944226  4
5500  119198  0.154248  0.0123781  0.846427  0.207307  -0.108773  4
5600  119279  0.155429  0.0113031  0.845129  0.204918  -0.0851661  4
5700  119575  0.156057  0.0110767  0.844495  0.202488  -0.127278  4
5800  119179  0.155146  0.0102971  0.843925  0.200131  -0.138228  4
5900  119326  0.153349  0.0103001  0.845696  0.202479  -0.12124  4
6000  119358  0.155013  0.0112403  0.845327  0.199772  -0.104563  4
6100  119249  0.157959  0.011469  0.843046  0.20226  -0.121913  4
6200  119046  0.153485  0.0107126  0.843464  0.199389  -0.107959  4
6300  119728  0.154148  0.00911587  0.844307  0.197326  -0.0918207  4
6400  119059  0.155095  0.00851654  0.842568  0.191096  -0.109402  4
6500  119511  0.15441  0.00790391  0.84201  0.180372  -0.130484  4
6600  119435  0.152711  0.00754719  0.842897  0.177087  -0.105824  4
6700  118485  0.151849  0.00784879  0.843374  0.176626  -0.120893  4
6800  119031  0.145818  0.00794977  0.846939  0.18586  -0.102589  4
6900  119181  0.151145  0.00763705  0.847851  0.184113  -0.084928  4
7000  119110  0.149518  0.00704807  0.849689  0.182842  -0.065258  4
7100  119111  0.146098  0.00738807  0.849946  0.187648  -0.069488  4
7200  119311  0.148153  0.00721143  0.8514  0.189737  -0.0553807  4
7300  118922  0.146984  0.00792074  0.849286  0.179752  -0.111772  4
7400  119155  0.144964  0.00689829  0.850306  0.179002  -0.13355  4
7500  119255  0.145621  0.00572797  0.84898  0.1773  -0.133032  4
7600  119351  0.147048  0.00663546  0.849402  0.183208  -0.148968  4
7700  119319  0.149793  0.00575851  0.849089  0.184821  -0.166012  4
7800  119807  0.148675  0.00534021  0.84828  0.183885  -0.143493  4
7900  119475  0.147131  0.00574548  0.848441  0.18762  -0.146795  4
8000  118868  0.14734  0.00538581  0.846961  0.182282  -0.146108  4
8100  119539  0.151312  0.00554537  0.845031  0.176325  -0.158765  4
8200  119315  0.147827  0.00512646  0.847309  0.185337  -0.151053  4
8300  119187  0.150427  0.00462312  0.847048  0.188642  -0.151665  4
8400  119555  0.148219  0.00490225  0.847357  0.186797  -0.130218  4
8500  119190  0.150669  0.00475578  0.846263  0.185929  -0.0856304  4
8600  119160  0.148735  0.00506406  0.845859  0.186162  -0.0921474  4
8700  119323  0.153201  0.00454314  0.846989  0.191208  -0.131897  4
8800  119475  0.149233  0.00439267  0.844676  0.181516  -0.125858  4
8900  118973  0.146827  0.00406534  0.84449  0.177939  -0.153429  4
9000  119084  0.150434  0.00339438  0.846398  0.18902  -0.152544  4
9100  119575  0.151223  0.00357063  0.845976  0.187026  -0.204264  4
9200  118943  0.151676  0.00332762  0.846576  0.187024  -0.186454  4
9300  119014  0.148652  0.00375971  0.846482  0.189922  -0.175482  4
9400  119125  0.149527  0.00376613  0.84622  0.187532  -0.141079  4
9500  119657  0.149107  0.00383948  0.846106  0.179372  -0.116169  4
9600  119168  0.146574  0.00329941  0.845043  0.179192  -0.109676  4
9700  119128  0.148865  0.00313751  0.847176  0.191808  -0.110431  4
9800  119277  0.150244  0.00344754  0.84846  0.193645  -0.139755  4
9900  119605  0.150586  0.00301386  0.848266  0.19198  -0.124946  4
