t meta_n emi  mean_info  tr1  tr2  tr3  strategy
0  123177  0.100512  0.499047  0.899982  0.000786441  2.3014e-06  4
100  120033  0.115919  0.476845  0.902749  0.0674003  0.000939133  4
200  119138  0.126465  0.46273  0.895473  0.125557  -0.000962336  4
300  120056  0.139639  0.463063  0.892164  0.163456  0.00256726  4
400  119739  0.142122  0.462685  0.888573  0.190087  0.00206842  4
500  119122  0.145038  0.447618  0.882265  0.211107  -0.00384254  4
600  119653  0.147383  0.437179  0.886497  0.220599  -0.000186331  4
700  119311  0.149627  0.42457  0.884607  0.235939  -0.00349561  4
800  119760  0.152678  0.411563  0.882755  0.241785  -0.00109435  4
900  119201  0.152955  0.413373  0.878255  0.23806  0.00120141  4
1000  119358  0.151078  0.40287  0.8808  0.244649  -0.0262402  4
1100  119373  0.150819  0.391005  0.884677  0.263002  -0.0369387  4
1200  119773  0.148707  0.381297  0.886799  0.269756  0.00542824  4
1300  119717  0.151356  0.368  0.882617  0.259208  0.000236386  4
1400  119298  0.151239  0.356918  0.882922  0.269574  -0.0172629  4
1500  119634  0.149049  0.363733  0.885369  0.270748  -0.0162312  4
1600  119595  0.147258  0.361998  0.888697  0.281308  -0.0192407  4
1700  120298  0.153733  0.358018  0.886231  0.275901  -0.0282491  4
1800  120213  0.149971  0.353132  0.882808  0.267647  -0.04742  4
1900  119477  0.149032  0.340189  0.881641  0.265187  -0.0570067  4
2000  119031  0.145247  0.334109  0.882571  0.261112  -0.0806825  4
2100  119590  0.152199  0.332659  0.881462  0.269274  -0.0506586  4
2200  120044  0.15048  0.324355  0.879899  0.269846  -0.0751819  4
2300  119738  0.148674  0.318022  0.880813  0.263225  -0.086712  4
2400  119846  0.144222  0.31924  0.882991  0.262719  -0.058189  4
2500  119818  0.147552  0.310285  0.883344  0.276064  -0.0470218  4
2600  120236  0.149376  0.311909  0.883493  0.278275  -0.0279308  4
2700  119498  0.147235  0.30601  0.884662  0.28211  -0.0451642  4
2800  119690  0.146992  0.306542  0.887428  0.287477  -0.0351561  4
2900  119676  0.148006  0.307664  0.887838  0.294514  -0.0261811  4
3000  119786  0.14646  0.306136  0.890186  0.302919  -0.0273271  4
3100  119915  0.147036  0.301808  0.888816  0.303347  -0.0383554  4
3200  119941  0.146032  0.30361  0.891051  0.315429  -0.00658215  4
3300  119639  0.142338  0.305075  0.891391  0.309844  -0.0109127  4
3400  120039  0.145634  0.311794  0.892844  0.309053  -0.0152895  4
3500  119409  0.143367  0.301405  0.892303  0.308307  -0.0206847  4
3600  119706  0.143714  0.286915  0.890637  0.303802  -0.0281775  4
3700  119927  0.144894  0.299871  0.892005  0.302891  -0.0390814  4
3800  119733  0.141921  0.308532  0.891935  0.309732  -0.000700797  4
3900  119835  0.143605  0.307281  0.892117  0.309565  -0.00449564  4
4000  120093  0.143864  0.312211  0.895188  0.314283  0.00151982  4
4100  119935  0.144223  0.313472  0.898229  0.329844  0.0198115  4
4200  119663  0.142869  0.297884  0.897466  0.324843  0.0100208  4
4300  119482  0.142761  0.29542  0.89596  0.318946  0.0230679  4
4400  119605  0.142606  0.280813  0.900058  0.330563  0.0450801  4
4500  119775  0.140331  0.275201  0.9012  0.339905  0.0263743  4
4600  120134  0.142986  0.28168  0.907635  0.366338  0.0207347  4
4700  120186  0.145696  0.278495  0.906936  0.36955  0.00524245  4
4800  119679  0.143011  0.274514  0.908295  0.380711  -0.02823  4
4900  120113  0.144489  0.275409  0.915517  0.396107  -0.076072  4
5000  119537  0.141573  0.286385  0.92203  0.420401  -0.108684  4
5100  120050  0.142638  0.282627  0.92731  0.437033  -0.141445  4
5200  120011  0.145674  0.28389  0.931363  0.442717  -0.150313  4
5300  120825  0.145671  0.278772  0.937505  0.463178  -0.192703  4
5400  119834  0.137619  0.280857  0.94076  0.469653  -0.169422  4
5500  119741  0.144915  0.272085  0.943246  0.481561  -0.185682  4
5600  120329  0.143789  0.26885  0.941515  0.475856  -0.184508  4
5700  120102  0.146066  0.269232  0.942921  0.482344  -0.215414  4
5800  120050  0.145408  0.270757  0.944354  0.487837  -0.236922  4
5900  119929  0.14412  0.260116  0.943882  0.481037  -0.251638  4
6000  120281  0.143605  0.254919  0.952954  0.514251  -0.288009  4
6100  120473  0.146572  0.248388  0.957337  0.530426  -0.291849  4
6200  119903  0.145643  0.248306  0.957778  0.532652  -0.283654  4
6300  119962  0.144272  0.244886  0.958707  0.547242  -0.261473  4
6400  119999  0.142633  0.23264  0.957049  0.534464  -0.25682  4
6500  119990  0.143916  0.23976  0.959017  0.545573  -0.242033  4
6600  119839  0.145722  0.242967  0.962218  0.554342  -0.238815  4
6700  120059  0.150471  0.247359  0.961495  0.5589  -0.238832  4
6800  119609  0.151582  0.250236  0.966673  0.57362  -0.271211  4
6900  119546  0.14453  0.255918  0.976914  0.599588  -0.281214  4
7000  120020  0.14473  0.25789  0.978999  0.612546  -0.291998  4
7100  119946  0.149759  0.26174  0.981511  0.624559  -0.278432  4
7200  120628  0.144292  0.260965  0.988493  0.646622  -0.278091  4
7300  119758  0.144575  0.260326  0.990942  0.649138  -0.283433  4
7400  120193  0.144299  0.256125  0.992684  0.651427  -0.297291  4
7500  120062  0.143961  0.249637  0.997755  0.664422  -0.296054  4
7600  119916  0.145538  0.257067  1.00785  0.692892  -0.33741  4
7700  120845  0.141565  0.252987  1.01025  0.694734  -0.333015  4
7800  120321  0.138637  0.260439  1.01345  0.702377  -0.348067  4
7900  119150  0.13221  0.257566  1.02001  0.720186  -0.356581  4
8000  120174  0.139148  0.268834  1.0241  0.739532  -0.366369  4
8100  120234  0.1393  0.272484  1.02876  0.749168  -0.406711  4
8200  120253  0.136163  0.266905  1.03139  0.76034  -0.406671  4
8300  119910  0.134225  0.262977  1.03263  0.763414  -0.391987  4
8400  120446  0.138761  0.266194  1.03749  0.780989  -0.405053  4
8500  120349  0.142704  0.270094  1.04243  0.795664  -0.424081  4
8600  120708  0.136507  0.270014  1.04244  0.792529  -0.425911  4
8700  120197  0.133674  0.272003  1.04397  0.794564  -0.434693  4
8800  119531  0.136095  0.275692  1.04812  0.810516  -0.425318  4
8900  120316  0.141067  0.270557  1.04678  0.80437  -0.448738  4
9000  120029  0.137264  0.272485  1.05106  0.815305  -0.451462  4
9100  119909  0.141091  0.270991  1.0587  0.835924  -0.462434  4
9200  120202  0.135276  0.268607  1.05797  0.831254  -0.480722  4
9300  120317  0.140372  0.266984  1.05821  0.835513  -0.46445  4
9400  119225  0.136408  0.261949  1.05894  0.836991  -0.494717  4
9500  120512  0.138309  0.259991  1.06107  0.840547  -0.468424  4
9600  119861  0.136137  0.259487  1.06605  0.854485  -0.477283  4
9700  120365  0.139646  0.253709  1.06534  0.8525  -0.482101  4
9800  120271  0.137747  0.250044  1.06549  0.854772  -0.478235  4
9900  120669  0.140412  0.252345  1.06912  0.866752  -0.49038  4
