t meta_n emi  mean_info  tr1  tr2  tr3  strategy
0  123038  0.098792  0.497726  0.899883  0.000784606  0.000119644  4
100  119368  0.11272  0.385186  0.901957  0.0714898  -0.000633325  4
200  119908  0.125862  0.291837  0.894294  0.124624  0.00328718  4
300  119341  0.137491  0.240591  0.888044  0.163446  -0.00132471  4
400  119169  0.141603  0.209599  0.884068  0.192043  0.00508914  4
500  118733  0.147365  0.179802  0.881184  0.221642  0.0308268  4
600  118477  0.14751  0.162994  0.882463  0.234652  0.051249  4
700  118657  0.149955  0.150153  0.880219  0.242227  0.056465  4
800  119256  0.150703  0.145724  0.879639  0.246891  0.0785463  4
900  118773  0.153174  0.13993  0.877376  0.25314  0.084421  4
1000  119466  0.158095  0.138158  0.87559  0.258771  0.119887  4
1100  119126  0.157405  0.128905  0.873041  0.252107  0.112646  4
1200  119085  0.158332  0.134167  0.86781  0.2376  0.0974901  4
1300  118810  0.158987  0.134104  0.867438  0.231282  0.0682053  4
1400  118540  0.153939  0.131193  0.870779  0.241976  0.0347284  4
1500  119144  0.157446  0.122133  0.871307  0.243084  0.0215413  4
1600  118906  0.154302  0.123496  0.867862  0.246398  0.0107537  4
1700  118859  0.154915  0.123374  0.867368  0.249645  0.0282133  4
1800  119400  0.157039  0.125232  0.865982  0.255079  0.0591192  4
1900  119150  0.161834  0.121478  0.857983  0.244768  0.104396  4
2000  118293  0.158408  0.121343  0.860631  0.241911  0.107021  4
2100  119147  0.153262  0.119995  0.863485  0.238811  0.128962  4
2200  118884  0.152879  0.119182  0.860997  0.231586  0.16772  4
2300  119328  0.154717  0.117433  0.863628  0.241545  0.178561  4
2400  119140  0.155279  0.113273  0.869116  0.245071  0.180631  4
2500  119394  0.1502  0.106049  0.868784  0.235347  0.182513  4
2600  119430  0.151927  0.108606  0.868195  0.242435  0.185023  4
2700  119394  0.15217  0.103703  0.861819  0.229429  0.185514  4
2800  119443  0.154313  0.109338  0.863641  0.230424  0.206543  4
2900  119073  0.151128  0.1012  0.866563  0.233616  0.229003  4
3000  119049  0.150797  0.100522  0.863932  0.232202  0.230126  4
3100  119432  0.154668  0.0975491  0.859925  0.233769  0.221649  4
3200  119169  0.152562  0.0960306  0.864276  0.242799  0.205814  4
3300  119252  0.155591  0.0941593  0.860935  0.235355  0.228765  4
3400  119963  0.158811  0.098296  0.860514  0.241826  0.198685  4
3500  119327  0.154049  0.101706  0.862236  0.245001  0.178204  4
3600  118886  0.15329  0.0999097  0.862152  0.238957  0.185222  4
3700  119414  0.151354  0.094992  0.863074  0.239671  0.156883  4
3800  119336  0.149642  0.0934332  0.865748  0.241049  0.161848  4
3900  118862  0.151154  0.0927887  0.866206  0.251528  0.147205  4
4000  119183  0.148852  0.0903118  0.865022  0.251918  0.13444  4
4100  119240  0.153555  0.0930791  0.866404  0.255506  0.100298  4
4200  119305  0.153567  0.0940198  0.86823  0.253374  0.0858949  4
4300  119240  0.148928  0.0919624  0.871009  0.25998  0.0916679  4
4400  119474  0.152561  0.0828612  0.871044  0.259135  0.0781181  4
4500  119207  0.152896  0.0792277  0.871065  0.259233  0.0687506  4
4600  119101  0.153551  0.0786171  0.873463  0.267859  0.0655934  4
4700  119279  0.149995  0.0815408  0.872956  0.269673  0.0641334  4
4800  118899  0.151637  0.0802762  0.869796  0.270454  0.0660578  4
4900  119882  0.153296  0.0790802  0.868283  0.260174  0.0584564  4
5000  119148  0.153394  0.0772232  0.86568  0.247298  0.0141493  4
5100  119226  0.155002  0.0793638  0.862322  0.243665  -0.0486913  4
5200  118968  0.154466  0.0722219  0.862239  0.240863  -0.0343429  4
5300  119248  0.156878  0.0705396  0.863158  0.245236  -0.0355786  4
5400  119454  0.155341  0.0715854  0.867444  0.252387  -0.023185  4
5500  118893  0.157995  0.0693475  0.866593  0.255225  -0.0138343  4
5600  119159  0.151919  0.0714551  0.866437  0.250816  -0.0374282  4
5700  119000  0.1536  0.0771752  0.86667  0.256484  -0.0486037  4
5800  119432  0.149996  0.0757036  0.867634  0.248621  -0.0698626  4
5900  119889  0.154709  0.0718426  0.865501  0.241273  -0.0700388  4
6000  119158  0.150327  0.0723617  0.866547  0.247249  -0.0798741  4
6100  119453  0.150984  0.0737021  0.867515  0.251033  -0.0745903  4
6200  119431  0.151713  0.0727876  0.86665  0.243604  -0.0640894  4
6300  119772  0.153652  0.0704233  0.870347  0.257175  -0.0840013  4
6400  119468  0.154007  0.0681047  0.869562  0.254069  -0.071548  4
6500  118873  0.152854  0.070314  0.872402  0.267637  -0.0734295  4
6600  119137  0.154926  0.0713939  0.87404  0.273541  -0.0709717  4
6700  119680  0.154213  0.0661537  0.875311  0.276834  -0.0538867  4
6800  119262  0.154099  0.0665255  0.873411  0.274427  -0.0952428  4
6900  119247  0.154809  0.0632191  0.872078  0.266078  -0.101901  4
7000  119649  0.152165  0.0632865  0.873767  0.273022  -0.143116  4
7100  119686  0.155522  0.0697775  0.87967  0.292982  -0.129534  4
7200  119358  0.15223  0.0674795  0.880936  0.298212  -0.123159  4
7300  119739  0.156775  0.0683828  0.883324  0.309847  -0.158833  4
7400  118797  0.154552  0.0746259  0.884376  0.314052  -0.174532  4
7500  119605  0.155575  0.0806464  0.888758  0.325244  -0.178583  4
7600  119605  0.153454  0.0764022  0.889667  0.327298  -0.177753  4
7700  119376  0.152874  0.0727291  0.886946  0.317041  -0.188594  4
7800  119478  0.153352  0.064228  0.882669  0.30374  -0.164119  4
7900  119174  0.15508  0.0711733  0.883978  0.314197  -0.171855  4
8000  119124  0.154528  0.064619  0.882946  0.312515  -0.199882  4
8100  119038  0.153852  0.0638687  0.887047  0.320701  -0.206676  4
8200  119129  0.154681  0.0637778  0.886721  0.326323  -0.211872  4
8300  119231  0.156647  0.0648  0.888401  0.329225  -0.232373  4
8400  119765  0.155765  0.0596032  0.889364  0.33665  -0.23458  4
8500  119783  0.157616  0.0656475  0.89099  0.342911  -0.251922  4
8600  119862  0.153515  0.0653284  0.889889  0.341088  -0.274344  4
8700  119435  0.156903  0.0691189  0.890134  0.344515  -0.289947  4
8800  119125  0.155929  0.0659476  0.889872  0.340288  -0.246404  4
8900  119294  0.15711  0.0670741  0.890007  0.340982  -0.270997  4
9000  119688  0.155984  0.0621044  0.888548  0.334089  -0.300425  4
9100  119423  0.159122  0.0668981  0.888551  0.330446  -0.295665  4
9200  119448  0.156478  0.0690348  0.888904  0.333272  -0.298903  4
9300  119536  0.157161  0.0736064  0.88767  0.325924  -0.327945  4
9400  119634  0.157843  0.0724454  0.890528  0.338791  -0.323549  4
9500  119170  0.158696  0.0712238  0.889032  0.335047  -0.32309  4
9600  119391  0.154859  0.0673672  0.885783  0.319361  -0.352683  4
9700  119678  0.159357  0.0654165  0.885816  0.314845  -0.35016  4
9800  119301  0.155832  0.0709096  0.889464  0.325764  -0.329744  4
9900  119017  0.15441  0.0738147  0.893647  0.343537  -0.301757  4
