t meta_n emi  mean_info  tr1  tr2  tr3  strategy
0  121224  0.099856  0.495281  0.899884  0.000802772  1.8481e-05  4
100  118066  0.110384  0.202555  0.898738  0.0673622  0.00192722  4
200  119072  0.126705  0.110876  0.885951  0.114014  0.000578199  4
300  119299  0.138227  0.0808809  0.882912  0.15565  -0.00827848  4
400  118887  0.147778  0.0693532  0.873292  0.174113  -0.0301528  4
500  118716  0.148513  0.065  0.872167  0.19685  -0.0289264  4
600  118287  0.154625  0.0585385  0.866996  0.214045  -0.0168965  4
700  118254  0.158447  0.0596585  0.863533  0.228449  -0.0132733  4
800  118839  0.161407  0.0576688  0.859876  0.226759  -0.00882328  4
900  118910  0.164299  0.0533208  0.857555  0.223724  -0.012544  4
1000  118548  0.163631  0.0552367  0.858956  0.230822  -0.00638471  4
1100  118813  0.158684  0.056143  0.861924  0.24085  0.021518  4
1200  118214  0.158716  0.0514938  0.859669  0.234981  0.0394071  4
1300  118483  0.163102  0.0451953  0.853559  0.236347  0.0206453  4
1400  118813  0.162253  0.0477602  0.855288  0.237766  0.0141601  4
1500  118223  0.161364  0.0472488  0.857637  0.237201  0.0237489  4
1600  118430  0.160101  0.0434482  0.860482  0.24784  -0.0203435  4
1700  118748  0.161589  0.044403  0.862588  0.257971  -0.0453907  4
1800  119037  0.158336  0.0422143  0.863563  0.258628  -0.0681665  4
1900  118884  0.16244  0.040159  0.865291  0.264305  -0.0195165  4
2000  118125  0.16021  0.0426479  0.862431  0.262521  -0.015997  4
2100  118773  0.156489  0.039981  0.86196  0.260395  0.0382463  4
2200  118766  0.158423  0.0379069  0.85864  0.246951  0.0279658  4
2300  118971  0.158647  0.036176  0.861131  0.243669  0.0484301  4
2400  118783  0.159343  0.0370293  0.856881  0.236019  0.0698008  4
2500  118808  0.157039  0.0348091  0.859134  0.244336  0.0992833  4
2600  118845  0.161265  0.0346266  0.855955  0.2384  0.12471  4
2700  119125  0.155801  0.0327246  0.856122  0.236755  0.130617  4
2800  118989  0.155961  0.0325428  0.858649  0.243931  0.139639  4
2900  118809  0.156045  0.0322792  0.858594  0.240637  0.112925  4
3000  118044  0.156261  0.0300115  0.855251  0.238522  0.0947193  4
3100  118746  0.16165  0.0292338  0.853125  0.232623  0.0684189  4
3200  118826  0.155752  0.0278414  0.857175  0.234519  0.0707741  4
3300  118878  0.158853  0.0240145  0.854564  0.236207  0.0558863  4
3400  119359  0.158075  0.0245144  0.849207  0.219913  0.0463162  4
3500  119273  0.16088  0.0237538  0.847859  0.214563  0.0362575  4
3600  119201  0.157321  0.0231854  0.847807  0.210006  0.0153191  4
3700  119411  0.160289  0.0217112  0.847653  0.215115  0.0590342  4
3800  119019  0.157099  0.0225734  0.845555  0.208669  0.0820595  4
3900  118731  0.157996  0.0219284  0.846432  0.208799  0.120449  4
4000  119292  0.157393  0.0188757  0.843736  0.195838  0.138555  4
4100  118808  0.157241  0.0206361  0.846111  0.196594  0.138013  4
4200  118674  0.157952  0.0210271  0.842825  0.188469  0.114686  4
4300  118922  0.159329  0.0190503  0.840517  0.182486  0.116899  4
4400  118580  0.157459  0.020007  0.83946  0.186641  0.137347  4
4500  118826  0.158891  0.0202812  0.837557  0.1806  0.140745  4
4600  118892  0.161866  0.0204222  0.835539  0.18047  0.146235  4
4700  118921  0.159011  0.0180265  0.837808  0.185974  0.129525  4
4800  119342  0.159216  0.0164577  0.842301  0.19652  0.115817  4
4900  118693  0.160307  0.0161323  0.839893  0.196864  0.104245  4
5000  119420  0.158704  0.0150293  0.842569  0.193819  0.131903  4
5100  118962  0.153968  0.0141821  0.846752  0.20472  0.174941  4
5200  119837  0.155931  0.0143078  0.844067  0.190696  0.221856  4
5300  119333  0.156147  0.0151154  0.842592  0.188737  0.221258  4
5400  119118  0.15752  0.0128365  0.841377  0.187832  0.262401  4
5500  118945  0.156269  0.0148343  0.843943  0.198337  0.29691  4
5600  118940  0.153229  0.0133802  0.844468  0.193143  0.309811  4
5700  118844  0.152378  0.0126051  0.841907  0.180133  0.302083  4
5800  119368  0.156936  0.0123996  0.839213  0.172901  0.341713  4
5900  119540  0.159512  0.0124678  0.838673  0.175626  0.328289  4
6000  119117  0.156817  0.0118932  0.837154  0.172234  0.34476  4
6100  119150  0.155956  0.0104401  0.836706  0.169348  0.404827  4
6200  118721  0.156459  0.00997359  0.837874  0.168791  0.359675  4
6300  119224  0.153813  0.00959514  0.833614  0.154567  0.375546  4
6400  119122  0.155312  0.00845719  0.835864  0.160052  0.355056  4
6500  118786  0.154805  0.00842632  0.836447  0.157487  0.411983  4
6600  119007  0.153723  0.00854763  0.835587  0.15877  0.451583  4
6700  119672  0.15547  0.00799249  0.836084  0.15411  0.442285  4
6800  118975  0.153318  0.00840794  0.835616  0.155979  0.477718  4
6900  118902  0.15161  0.00842418  0.83697  0.163642  0.521592  4
7000  119130  0.15001  0.00822366  0.839385  0.169462  0.534837  4
7100  119612  0.15633  0.00776766  0.838511  0.169161  0.588018  4
7200  119336  0.154729  0.00785442  0.83921  0.169766  0.605498  4
7300  119225  0.154834  0.00696066  0.838643  0.168839  0.615351  4
7400  119006  0.151881  0.00703683  0.839093  0.174791  0.607406  4
7500  119288  0.15017  0.00821186  0.839746  0.175031  0.588875  4
7600  119197  0.150786  0.00650292  0.84011  0.172205  0.599535  4
7700  119195  0.150863  0.00657016  0.841784  0.178192  0.582626  4
7800  119584  0.153235  0.00623775  0.840349  0.176611  0.5917  4
7900  118829  0.154094  0.00526263  0.838828  0.172857  0.566445  4
8000  119003  0.154883  0.00489542  0.836491  0.170884  0.552966  4
8100  119264  0.151051  0.00416703  0.839305  0.17157  0.529787  4
8200  119646  0.150649  0.00532275  0.838883  0.170772  0.487304  4
8300  119374  0.153648  0.00515952  0.838467  0.172175  0.516486  4
8400  118946  0.153569  0.00438353  0.838783  0.17265  0.525869  4
8500  119574  0.154772  0.00444941  0.838041  0.172025  0.559215  4
8600  119195  0.153006  0.00402212  0.837762  0.169657  0.565196  4
8700  119180  0.153741  0.00481991  0.838513  0.177441  0.54153  4
8800  118387  0.152984  0.00393972  0.837926  0.169829  0.552203  4
8900  119194  0.15521  0.00399875  0.836829  0.167892  0.576091  4
9000  119311  0.151317  0.00364579  0.836083  0.163031  0.592432  4
9100  118800  0.153053  0.00333135  0.83689  0.165615  0.603262  4
9200  118896  0.152066  0.0033107  0.8359  0.158943  0.575805  4
9300  119489  0.152542  0.00336559  0.835929  0.154406  0.576486  4
9400  119432  0.15101  0.00317949  0.835885  0.153688  0.602516  4
9500  119178  0.150087  0.00343341  0.836625  0.150885  0.619417  4
9600  119281  0.150586  0.00348831  0.836521  0.148773  0.640891  4
9700  118922  0.14734  0.00429522  0.836416  0.143799  0.692817  4
9800  119438  0.150345  0.00405049  0.835854  0.140609  0.690248  4
9900  119493  0.151524  0.00257704  0.836155  0.145581  0.681029  4
