t meta_n emi  mean_info  tr1  tr2  tr3  strategy
0  121578  0.100896  0.493648  0.899998  0.000752421  -4.96739e-05  4
100  118745  0.110431  0.220797  0.898615  0.069164  0.00987633  4
200  119236  0.129094  0.120817  0.887515  0.121571  0.016387  4
300  118970  0.144184  0.0875509  0.871928  0.154464  0.0280416  4
400  119141  0.153294  0.0774862  0.866869  0.1835  0.0403851  4
500  118799  0.151755  0.0715931  0.87401  0.20897  0.044149  4
600  119119  0.15563  0.0692966  0.869008  0.211399  0.0528797  4
700  118477  0.155756  0.0679251  0.864852  0.218239  0.0548002  4
800  118650  0.160355  0.0643205  0.863854  0.23228  0.0440378  4
900  118200  0.164194  0.0623542  0.857701  0.237288  0.0343629  4
1000  118085  0.159395  0.0600787  0.86154  0.23998  0.0161451  4
1100  118673  0.158456  0.0590376  0.869592  0.253459  -0.00400498  4
1200  119067  0.15706  0.0578471  0.871275  0.266262  -0.0147383  4
1300  118329  0.155731  0.0567226  0.869464  0.264294  0.00191816  4
1400  118477  0.159109  0.0571175  0.87184  0.267971  0.0142568  4
1500  119159  0.157812  0.054836  0.869856  0.270713  0.0148792  4
1600  118089  0.152736  0.05277  0.874231  0.275669  -0.0142386  4
1700  118958  0.15833  0.0503635  0.866  0.260067  -0.0407366  4
1800  118911  0.156216  0.050937  0.868316  0.259831  -0.0651259  4
1900  118796  0.155152  0.0458254  0.867495  0.253259  -0.0300167  4
2000  119591  0.153558  0.0448286  0.86659  0.253903  -0.0363366  4
2100  118575  0.160117  0.0423694  0.861431  0.258887  -0.0616781  4
2200  118140  0.15394  0.0411612  0.863386  0.250131  -0.102242  4
2300  118993  0.152846  0.0413197  0.866842  0.247489  -0.124145  4
2400  119115  0.152563  0.0397422  0.863607  0.243431  -0.152703  4
2500  119140  0.156197  0.0376978  0.860117  0.237021  -0.184754  4
2600  119106  0.155902  0.0350302  0.858781  0.230421  -0.167331  4
2700  118796  0.153099  0.0345907  0.859562  0.224545  -0.189293  4
2800  119283  0.152601  0.0368985  0.856912  0.21665  -0.218255  4
2900  119315  0.156913  0.0366728  0.86023  0.221775  -0.239028  4
3000  119112  0.156472  0.0342657  0.856467  0.221606  -0.275988  4
3100  118593  0.156189  0.0330673  0.857041  0.223048  -0.262914  4
3200  119231  0.157328  0.0316854  0.854181  0.215478  -0.243167  4
3300  118878  0.157167  0.032766  0.856053  0.220095  -0.245296  4
3400  119473  0.155386  0.0287726  0.859165  0.21757  -0.200544  4
3500  118917  0.150967  0.0270958  0.857465  0.209325  -0.195163  4
3600  119203  0.15373  0.0249781  0.855563  0.206674  -0.209081  4
3700  119110  0.151887  0.0259995  0.857853  0.210683  -0.19754  4
3800  118723  0.150527  0.0258676  0.859503  0.217045  -0.182609  4
3900  118808  0.150916  0.0258965  0.859198  0.212383  -0.213365  4
4000  118943  0.152379  0.0226985  0.857119  0.209251  -0.178713  4
4100  119562  0.154659  0.0236213  0.856128  0.205138  -0.213335  4
4200  119333  0.15164  0.022726  0.854587  0.198852  -0.181584  4
4300  119082  0.154163  0.0239594  0.851116  0.195337  -0.184337  4
4400  119091  0.149581  0.0205061  0.850538  0.187185  -0.169334  4
4500  118639  0.153073  0.020705  0.84804  0.187023  -0.192332  4
4600  119303  0.153757  0.0190037  0.847118  0.178031  -0.183993  4
4700  118866  0.152676  0.0193031  0.845976  0.18743  -0.198341  4
4800  118876  0.155908  0.0166955  0.841215  0.181929  -0.197037  4
4900  119018  0.155446  0.0183976  0.844167  0.18431  -0.181722  4
5000  119024  0.153132  0.0189919  0.839784  0.166973  -0.203874  4
5100  118568  0.155377  0.0144674  0.836826  0.168333  -0.196772  4
5200  118506  0.157621  0.0147787  0.83789  0.163014  -0.17766  4
5300  118902  0.161472  0.0159153  0.835641  0.161833  -0.189932  4
5400  118756  0.155323  0.0155891  0.837224  0.166614  -0.149241  4
5500  118813  0.155598  0.013563  0.838055  0.170339  -0.153628  4
5600  119793  0.155937  0.0132873  0.838229  0.171159  -0.14703  4
5700  118995  0.151557  0.0131951  0.841802  0.180687  -0.166198  4
5800  118674  0.15509  0.011585  0.840238  0.187183  -0.167022  4
5900  118998  0.155277  0.0112545  0.839419  0.182804  -0.17078  4
6000  119190  0.156501  0.0112319  0.838346  0.181742  -0.18994  4
6100  118771  0.156639  0.0114926  0.83873  0.188078  -0.177281  4
6200  119094  0.15548  0.0121646  0.838537  0.190253  -0.187804  4
6300  118794  0.155588  0.0105073  0.836787  0.182755  -0.214752  4
6400  119145  0.154777  0.0100623  0.837999  0.181561  -0.216275  4
6500  119162  0.156418  0.0104797  0.836499  0.185781  -0.222879  4
6600  118647  0.154873  0.0112333  0.837601  0.188452  -0.263571  4
6700  119639  0.15785  0.0115597  0.837522  0.182871  -0.234668  4
6800  119198  0.153295  0.0103808  0.839852  0.188396  -0.245834  4
6900  119815  0.155882  0.010105  0.842324  0.192684  -0.208917  4
7000  119370  0.153939  0.0100881  0.837373  0.175562  -0.244909  4
7100  118958  0.153461  0.00876156  0.837873  0.169587  -0.259941  4
7200  118583  0.153951  0.0088561  0.838708  0.173702  -0.254379  4
7300  118663  0.153555  0.00817972  0.837063  0.170314  -0.268672  4
7400  118553  0.151633  0.00880134  0.837269  0.179183  -0.2798  4
7500  119307  0.154215  0.00652668  0.835759  0.171523  -0.249905  4
7600  119258  0.154746  0.00664256  0.839012  0.179462  -0.253894  4
7700  119079  0.154274  0.00567311  0.838207  0.180655  -0.3059  4
7800  118965  0.154406  0.00608808  0.835869  0.178618  -0.313259  4
7900  119502  0.157299  0.00679394  0.835187  0.174125  -0.359327  4
8000  119012  0.155839  0.0065451  0.835473  0.174951  -0.37067  4
8100  119338  0.157459  0.00537237  0.836922  0.176446  -0.375656  4
8200  119815  0.156229  0.00541894  0.837963  0.176119  -0.380955  4
8300  119286  0.153057  0.00586452  0.838353  0.171184  -0.355473  4
8400  119021  0.152938  0.00632805  0.837606  0.177088  -0.299865  4
8500  119182  0.155879  0.00609311  0.836766  0.178725  -0.285063  4
8600  118694  0.15062  0.00600619  0.837856  0.176147  -0.277058  4
8700  119075  0.15493  0.0071352  0.837216  0.176332  -0.252079  4
8800  119173  0.155219  0.0056845  0.834959  0.171784  -0.264131  4
8900  118915  0.154929  0.00612583  0.835014  0.165956  -0.246563  4
9000  118630  0.154676  0.0044217  0.832854  0.160074  -0.277947  4
9100  118948  0.155243  0.00574913  0.834989  0.164232  -0.30106  4
9200  119465  0.155983  0.00513583  0.835272  0.165873  -0.337237  4
9300  119992  0.15138  0.00456694  0.836159  0.166372  -0.352112  4
9400  118782  0.154353  0.00438414  0.836401  0.165288  -0.356623  4
9500  118817  0.151857  0.00392577  0.837375  0.168837  -0.301075  4
9600  119897  0.153848  0.00300328  0.835463  0.161935  -0.341345  4
9700  119177  0.158389  0.00255592  0.835752  0.167099  -0.365449  4
9800  118571  0.154377  0.00244415  0.834296  0.157561  -0.399876  4
9900  119525  0.156372  0.00250923  0.833521  0.151363  -0.376868  4
