t meta_n emi  mean_info  tr1  tr2  tr3  strategy
0  121866  0.098544  0.495815  0.899944  0.000736797  1.9105e-05  4
100  118799  0.109727  0.315488  0.900437  0.0688423  -0.00157743  4
200  118431  0.124526  0.202426  0.885756  0.117204  0.0106911  4
300  119008  0.137301  0.15192  0.876609  0.154379  0.0199604  4
400  119136  0.146774  0.126015  0.873653  0.172743  0.0288584  4
500  118534  0.145669  0.112784  0.874393  0.193402  0.0168945  4
600  118225  0.148512  0.112385  0.873368  0.214185  0.018935  4
700  119164  0.154538  0.107067  0.868553  0.224008  0.0273408  4
800  118911  0.157199  0.102352  0.870732  0.249403  0.0154473  4
900  119231  0.158295  0.0997893  0.869804  0.253422  0.00728037  4
1000  118618  0.156921  0.0946055  0.873302  0.269649  0.0403821  4
1100  119461  0.161459  0.0949175  0.871225  0.263488  0.0453093  4
1200  118077  0.153652  0.0916049  0.873547  0.26123  0.0527566  4
1300  119503  0.160899  0.090634  0.869979  0.267168  0.0665986  4
1400  118862  0.15743  0.0846373  0.868023  0.262032  0.0722457  4
1500  118509  0.15886  0.0798323  0.866278  0.258146  0.0579416  4
1600  119117  0.163639  0.0863288  0.860843  0.249436  0.0894756  4
1700  119042  0.158743  0.0859678  0.865992  0.257981  0.0931522  4
1800  118902  0.156334  0.0801918  0.862683  0.248362  0.107847  4
1900  119083  0.155669  0.0791393  0.864811  0.254313  0.06891  4
2000  118817  0.155212  0.0733169  0.863037  0.244805  0.0740408  4
2100  118701  0.156401  0.0708893  0.861193  0.241734  0.0929361  4
2200  119262  0.156728  0.0681825  0.861119  0.240015  0.0920707  4
2300  119183  0.156889  0.0643441  0.857138  0.239138  0.104918  4
2400  118841  0.156862  0.0637051  0.860268  0.239446  0.0983385  4
2500  118553  0.153071  0.0629923  0.860915  0.240166  0.0861478  4
2600  118958  0.154243  0.0656185  0.862014  0.235522  0.0858761  4
2700  119072  0.156202  0.0608474  0.861373  0.242873  0.116772  4
2800  119567  0.156814  0.057607  0.86059  0.240822  0.148454  4
2900  119267  0.154421  0.0554471  0.859504  0.228406  0.16004  4
3000  118920  0.155544  0.0525802  0.859489  0.236396  0.136148  4
3100  118403  0.159357  0.0478729  0.853816  0.239804  0.152305  4
3200  118869  0.157904  0.0495161  0.854219  0.232267  0.14033  4
3300  118669  0.15888  0.0475711  0.850954  0.226754  0.147789  4
3400  118662  0.155894  0.0453535  0.851589  0.226636  0.12445  4
3500  119068  0.156232  0.0438883  0.850137  0.228628  0.0637307  4
3600  118852  0.153873  0.0443331  0.854542  0.239059  0.0909822  4
3700  119028  0.158648  0.0462083  0.852636  0.24512  0.0871715  4
3800  118747  0.159104  0.0399389  0.85015  0.233563  0.0452804  4
3900  119637  0.158092  0.0410224  0.850835  0.229209  0.020761  4
4000  119465  0.157447  0.0401893  0.852514  0.225181  0.0461566  4
4100  119207  0.15386  0.039057  0.853815  0.22698  -0.00459745  4
4200  118852  0.155841  0.0404687  0.853555  0.229101  -0.00600391  4
4300  119445  0.156167  0.0394827  0.849917  0.219331  -0.0200833  4
4400  119574  0.156698  0.0385598  0.849862  0.21135  -0.00218016  4
4500  118828  0.155113  0.035638  0.851577  0.219269  -0.00941033  4
4600  119255  0.158517  0.0339187  0.8511  0.225303  -0.0350424  4
4700  119146  0.154084  0.0343489  0.852521  0.227998  -0.0324627  4
4800  119239  0.155499  0.0330457  0.852566  0.227089  -0.0349697  4
4900  119046  0.155609  0.0318912  0.854155  0.234837  -0.0950673  4
5000  118832  0.157436  0.0345796  0.854159  0.238793  -0.101985  4
5100  119866  0.154269  0.0383892  0.85519  0.234454  -0.133522  4
5200  120279  0.155726  0.0336181  0.856107  0.235212  -0.134898  4
5300  118848  0.153638  0.0325954  0.852211  0.227251  -0.158968  4
5400  119292  0.154608  0.032436  0.84964  0.219482  -0.193102  4
5500  119094  0.156562  0.0306038  0.847621  0.217753  -0.155475  4
5600  118661  0.154154  0.0282588  0.847516  0.201333  -0.146188  4
5700  118740  0.151804  0.0285972  0.848573  0.201127  -0.110836  4
5800  119592  0.152516  0.0261833  0.845578  0.190302  -0.114469  4
5900  119124  0.151628  0.0255415  0.845106  0.183507  -0.191179  4
6000  119056  0.14929  0.0250732  0.847548  0.185376  -0.169488  4
6100  118942  0.154016  0.0205214  0.843428  0.176656  -0.157885  4
6200  119147  0.154402  0.0217214  0.841084  0.168121  -0.199156  4
6300  119090  0.152116  0.0198162  0.839262  0.15669  -0.219352  4
6400  119392  0.153273  0.0206092  0.839065  0.156924  -0.209683  4
6500  119462  0.153946  0.0187506  0.839971  0.16468  -0.228515  4
6600  119110  0.152922  0.0169657  0.8398  0.164842  -0.257218  4
6700  119302  0.1496  0.0167386  0.839962  0.15833  -0.288156  4
6800  118835  0.154052  0.0163622  0.838941  0.163583  -0.307082  4
6900  119315  0.154514  0.0167321  0.840936  0.165285  -0.278899  4
7000  119038  0.151117  0.0187681  0.840381  0.161606  -0.307989  4
7100  118733  0.150292  0.0185188  0.840579  0.165266  -0.354583  4
7200  119272  0.151508  0.0179462  0.840362  0.167343  -0.382929  4
7300  118837  0.149644  0.0171372  0.840214  0.161899  -0.438521  4
7400  119498  0.153143  0.01668  0.839304  0.160053  -0.421195  4
7500  119324  0.153953  0.016953  0.839873  0.163888  -0.413532  4
7600  118781  0.151717  0.0136487  0.840173  0.164432  -0.417233  4
7700  119530  0.149412  0.0134648  0.839982  0.154175  -0.45193  4
7800  119302  0.149662  0.0140389  0.837489  0.1458  -0.427297  4
7900  118945  0.149266  0.0133734  0.838074  0.141587  -0.423643  4
8000  119442  0.149394  0.0116986  0.837561  0.137929  -0.418232  4
8100  119319  0.151127  0.00998417  0.838305  0.14078  -0.410287  4
8200  119109  0.150642  0.0105774  0.837152  0.13879  -0.450259  4
8300  118527  0.148269  0.0101096  0.838264  0.146825  -0.441611  4
8400  119408  0.149104  0.00979261  0.838108  0.147802  -0.406501  4
8500  119446  0.151052  0.00854678  0.836829  0.147416  -0.388007  4
8600  119252  0.151423  0.00938368  0.837427  0.152332  -0.365689  4
8700  119337  0.149906  0.0107512  0.838984  0.153142  -0.345743  4
8800  119809  0.153144  0.00980932  0.839673  0.15659  -0.311627  4
8900  119472  0.153382  0.00822993  0.837882  0.151928  -0.328831  4
9000  119345  0.146703  0.00809757  0.838038  0.151532  -0.339972  4
9100  118771  0.14585  0.00927638  0.840253  0.158732  -0.369895  4
9200  118707  0.148664  0.00845982  0.839073  0.156077  -0.419512  4
9300  119752  0.149143  0.0106923  0.838716  0.158315  -0.423845  4
9400  119507  0.153753  0.00923893  0.838881  0.159656  -0.39921  4
9500  118995  0.148833  0.00899146  0.838899  0.162664  -0.407214  4
9600  118743  0.148291  0.00864782  0.839396  0.155709  -0.431203  4
9700  119615  0.147199  0.00753163  0.837845  0.147825  -0.417855  4
9800  118622  0.145906  0.00648563  0.838242  0.146926  -0.436593  4
9900  118966  0.148418  0.00566396  0.83809  0.151202  -0.390298  4
