t meta_n emi  mean_info  tr1  tr2  tr3  strategy
0  123165  0.101112  0.501413  0.900003  0.000776388  -3.46247e-05  4
100  120414  0.113716  0.548392  0.907392  0.0679504  0.00759367  4
200  121059  0.128001  0.601781  0.906893  0.124672  0.0126819  4
300  120471  0.129506  0.624418  0.907068  0.158912  0.0214327  4
400  120217  0.137235  0.644748  0.903756  0.175507  0.0235524  4
500  120876  0.137861  0.669852  0.906387  0.193791  0.0196825  4
600  120250  0.138613  0.679135  0.903341  0.208573  0.0156433  4
700  120564  0.144168  0.684562  0.905416  0.22435  0.0122798  4
800  120733  0.138635  0.694944  0.907947  0.235956  -0.00998568  4
900  120987  0.136025  0.701511  0.915029  0.240344  0.0115687  4
1000  120420  0.136702  0.721613  0.914669  0.243657  0.00449999  4
1100  120463  0.137522  0.737711  0.915257  0.25496  0.00811444  4
1200  120750  0.136167  0.746392  0.914846  0.245924  -0.0176451  4
1300  120762  0.135399  0.745159  0.918246  0.246421  -0.0311069  4
1400  120733  0.130222  0.737549  0.918395  0.250206  -0.0510963  4
1500  120414  0.133111  0.736114  0.914512  0.252523  -0.0210623  4
1600  120611  0.134888  0.74958  0.914835  0.25549  -0.0249385  4
1700  120306  0.130983  0.748963  0.914733  0.264863  -0.0254821  4
1800  121320  0.136906  0.74842  0.914202  0.266596  -0.0152324  4
1900  120656  0.132219  0.747927  0.919467  0.261387  -0.025918  4
2000  121633  0.139616  0.746021  0.916974  0.272253  0.00113901  4
2100  120980  0.1337  0.745526  0.914344  0.257652  -0.00112959  4
2200  121388  0.134929  0.73956  0.914432  0.263665  -0.0208632  4
2300  120491  0.129866  0.740339  0.914634  0.256886  -0.0390686  4
2400  120872  0.132491  0.746364  0.912769  0.244934  -0.00127756  4
2500  120423  0.130767  0.746103  0.911648  0.242483  -0.00932966  4
2600  121337  0.130497  0.75519  0.912109  0.24615  -0.00372619  4
2700  120986  0.135907  0.755307  0.910974  0.240595  0.0396119  4
2800  121081  0.129817  0.765116  0.914912  0.234323  0.0568672  4
2900  120979  0.132565  0.755916  0.913977  0.23705  0.0593415  4
3000  121133  0.128797  0.768585  0.914983  0.241542  0.0466223  4
3100  121138  0.124024  0.762293  0.917299  0.235177  0.0131313  4
3200  120789  0.125239  0.766074  0.914337  0.230219  0.0236347  4
3300  120362  0.12707  0.772702  0.914101  0.235681  -0.00807245  4
3400  120392  0.122747  0.77996  0.912559  0.231015  0.00967498  4
3500  120929  0.129059  0.771965  0.913271  0.233701  0.0354455  4
3600  121090  0.129981  0.779758  0.909537  0.223167  0.0232914  4
3700  121430  0.135392  0.772191  0.908074  0.226038  0.0749123  4
3800  121333  0.128387  0.770317  0.908688  0.221983  0.101496  4
3900  120726  0.127858  0.767253  0.909109  0.221014  0.124594  4
4000  120859  0.125501  0.75778  0.90832  0.213681  0.0988546  4
4100  120562  0.123176  0.756917  0.910632  0.213333  0.0699999  4
4200  121083  0.129398  0.7584  0.906372  0.222044  0.0768381  4
4300  121085  0.126652  0.764532  0.910111  0.224395  0.0711577  4
4400  120572  0.122132  0.765316  0.912178  0.219644  0.120983  4
4500  120800  0.123133  0.754036  0.91202  0.222676  0.0638805  4
4600  120766  0.124762  0.747286  0.910593  0.228572  0.0285969  4
4700  120655  0.123722  0.750748  0.909821  0.226728  0.0597948  4
4800  121189  0.126717  0.740899  0.90845  0.228487  0.0895594  4
4900  120748  0.125131  0.742908  0.906933  0.219607  0.0518995  4
5000  120868  0.124242  0.754264  0.906986  0.223048  0.0917625  4
5100  120672  0.12461  0.752132  0.907022  0.2346  0.0809493  4
5200  120796  0.126048  0.751194  0.904972  0.2276  0.112034  4
5300  120903  0.126102  0.741587  0.905703  0.223697  0.115199  4
5400  120856  0.124272  0.737709  0.906944  0.222218  0.121274  4
5500  120978  0.126258  0.741658  0.906569  0.230881  0.152195  4
5600  121116  0.124363  0.739842  0.906409  0.227835  0.111632  4
5700  120578  0.122838  0.737285  0.905603  0.219623  0.186042  4
5800  121399  0.125031  0.739443  0.905384  0.222706  0.1601  4
5900  121066  0.125791  0.742027  0.905774  0.223104  0.156891  4
6000  121087  0.12212  0.745238  0.907059  0.220521  0.165157  4
6100  121188  0.121597  0.735486  0.906755  0.217302  0.173625  4
6200  121175  0.121267  0.736042  0.904932  0.205422  0.196948  4
6300  121052  0.122957  0.740827  0.903156  0.194877  0.17802  4
6400  121019  0.123096  0.733304  0.900283  0.186074  0.156517  4
6500  120895  0.123673  0.735312  0.899936  0.185999  0.117572  4
6600  121372  0.123703  0.735022  0.898344  0.179733  0.133327  4
6700  121113  0.122707  0.737021  0.89943  0.191826  0.176196  4
6800  120904  0.126291  0.740439  0.897595  0.189427  0.157297  4
6900  121042  0.125423  0.738639  0.89663  0.194173  0.14395  4
7000  121228  0.12863  0.741624  0.896379  0.18797  0.154367  4
7100  120733  0.125224  0.731943  0.897457  0.193292  0.15748  4
7200  120555  0.12217  0.731671  0.900032  0.197098  0.103006  4
7300  121051  0.121092  0.739153  0.899158  0.193735  0.125354  4
7400  121127  0.125087  0.738641  0.897429  0.191001  0.101753  4
7500  120927  0.121914  0.745369  0.897944  0.192832  0.083396  4
7600  121142  0.123089  0.747418  0.901466  0.200411  0.0511418  4
7700  120777  0.119232  0.748273  0.901965  0.197926  0.0235461  4
7800  121282  0.122257  0.741372  0.900484  0.185581  0.00302631  4
7900  121337  0.123743  0.754466  0.899318  0.192059  0.000555504  4
8000  121486  0.124321  0.745943  0.898575  0.192188  0.0331291  4
8100  120948  0.117441  0.740756  0.900516  0.196895  0.0183966  4
8200  120863  0.123976  0.741873  0.901577  0.203916  -0.0207682  4
8300  120326  0.120284  0.750428  0.901514  0.20284  -0.0295248  4
8400  121170  0.123049  0.751721  0.904207  0.211174  -0.0366686  4
8500  121672  0.121255  0.747179  0.90505  0.210955  -0.0438701  4
8600  121091  0.116158  0.750584  0.90567  0.21509  -0.0610391  4
8700  121195  0.117355  0.748723  0.906597  0.220549  -0.0437022  4
8800  120743  0.121471  0.753852  0.907377  0.214717  -0.0783449  4
8900  121465  0.116178  0.755478  0.908696  0.215369  -0.0811232  4
9000  120549  0.116472  0.74766  0.905828  0.211121  -0.0720516  4
9100  120856  0.1166  0.743911  0.907209  0.213832  -0.0175472  4
9200  121051  0.118382  0.747013  0.906544  0.206359  0.0131564  4
9300  120810  0.114531  0.734021  0.908931  0.217598  0.0201676  4
9400  121338  0.117057  0.731953  0.908633  0.218126  0.0440676  4
9500  121133  0.121165  0.74042  0.908776  0.222104  -0.0129429  4
9600  121149  0.116773  0.741442  0.909935  0.226217  -0.0751832  4
9700  120846  0.118912  0.738387  0.909515  0.228653  -0.0251562  4
9800  121163  0.117157  0.740417  0.908313  0.224963  -0.0263574  4
9900  120860  0.115374  0.739882  0.908883  0.23555  -0.047123  4
