t meta_n emi  mean_info  tr1  tr2  tr3  strategy
0  123803  0.10048  0.5011  0.899924  0.000785845  -2.30765e-05  4
100  120664  0.115711  0.523884  0.904174  0.066546  0.000390201  4
200  120208  0.128347  0.55643  0.895645  0.110566  -0.00851333  4
300  120352  0.139377  0.578287  0.891888  0.151952  -0.0114131  4
400  120054  0.140356  0.582294  0.895173  0.177686  -0.0113523  4
500  119267  0.142341  0.606604  0.893928  0.19519  -0.0228995  4
600  120232  0.144755  0.597881  0.895939  0.212886  0.00235887  4
700  119846  0.142901  0.59779  0.895449  0.214873  0.000551907  4
800  120087  0.142318  0.609207  0.895443  0.222769  -0.0411822  4
900  120255  0.1436  0.599053  0.897929  0.224916  -0.0507219  4
1000  120389  0.139997  0.605571  0.898821  0.231534  -0.0378124  4
1100  120290  0.141775  0.60662  0.901032  0.240879  -0.0660062  4
1200  119931  0.138563  0.60021  0.89875  0.243872  -0.074866  4
1300  120253  0.139852  0.598516  0.898289  0.24357  -0.0319546  4
1400  119549  0.139244  0.594211  0.899091  0.247349  -0.028436  4
1500  119877  0.138335  0.591219  0.903332  0.254084  -0.0410279  4
1600  120339  0.140375  0.586864  0.904097  0.263591  -0.0273749  4
1700  119473  0.141108  0.586694  0.901463  0.27613  -0.0108932  4
1800  120295  0.138297  0.597155  0.902968  0.265717  -0.0122038  4
1900  120014  0.137022  0.598377  0.9031  0.255438  -0.00440869  4
2000  120442  0.13633  0.598845  0.903807  0.268979  0.00313148  4
2100  120122  0.135596  0.59982  0.904677  0.269802  0.0208858  4
2200  120010  0.136727  0.586509  0.904842  0.268784  0.0226806  4
2300  120580  0.134075  0.568141  0.905006  0.276814  0.0563918  4
2400  120639  0.133984  0.573781  0.90481  0.280044  0.0749466  4
2500  120335  0.133787  0.575833  0.906439  0.27914  0.0704944  4
2600  120501  0.140626  0.572452  0.904268  0.281511  0.125143  4
2700  119708  0.134346  0.579379  0.902091  0.282728  0.120929  4
2800  120084  0.136455  0.576872  0.901254  0.277584  0.137262  4
2900  120224  0.138223  0.577441  0.901067  0.2845  0.151566  4
3000  120032  0.137606  0.572199  0.904376  0.287205  0.120426  4
3100  119925  0.135206  0.566241  0.901559  0.284963  0.152282  4
3200  120256  0.135518  0.570411  0.901618  0.291157  0.102066  4
3300  120328  0.137583  0.562666  0.902153  0.3039  0.109914  4
3400  120183  0.139851  0.552262  0.903126  0.320691  0.131619  4
3500  120301  0.13997  0.551444  0.901464  0.304593  0.188587  4
3600  120178  0.13636  0.542809  0.902348  0.311274  0.19321  4
3700  120525  0.136679  0.537231  0.903269  0.31206  0.17752  4
3800  120321  0.137968  0.534391  0.902291  0.314566  0.184555  4
3900  119729  0.137967  0.532091  0.902619  0.326511  0.19865  4
4000  120295  0.137674  0.537343  0.902092  0.317647  0.204718  4
4100  119802  0.132476  0.539152  0.90339  0.318367  0.183402  4
4200  120038  0.133132  0.538084  0.90525  0.324608  0.189655  4
4300  120158  0.135619  0.546271  0.904685  0.319278  0.200689  4
4400  120668  0.132402  0.555053  0.903451  0.319678  0.240673  4
4500  120236  0.134181  0.562995  0.903608  0.317024  0.288515  4
4600  120128  0.13711  0.550468  0.904385  0.326968  0.322895  4
4700  119637  0.128671  0.540616  0.903093  0.320709  0.342288  4
4800  121004  0.132397  0.545403  0.903813  0.313957  0.356466  4
4900  120316  0.134134  0.562558  0.904295  0.313372  0.400729  4
5000  120156  0.133891  0.5604  0.901618  0.309397  0.405397  4
5100  119847  0.132171  0.561012  0.900901  0.302735  0.401675  4
5200  120554  0.134774  0.563781  0.900981  0.308506  0.440624  4
5300  120659  0.131548  0.56273  0.899045  0.299612  0.446621  4
5400  120389  0.132331  0.562132  0.900207  0.308759  0.459854  4
5500  120210  0.132201  0.56121  0.902299  0.31445  0.487002  4
5600  120714  0.132633  0.556784  0.902092  0.330549  0.488521  4
5700  120654  0.132925  0.54834  0.903076  0.331078  0.527376  4
5800  121148  0.139429  0.545248  0.90368  0.332758  0.544884  4
5900  120667  0.133994  0.539093  0.903478  0.34126  0.57135  4
6000  120121  0.131464  0.534755  0.902753  0.338476  0.541848  4
6100  120373  0.134448  0.535996  0.903972  0.339601  0.507461  4
6200  119892  0.12795  0.53812  0.906776  0.341747  0.546651  4
6300  120957  0.130709  0.538274  0.907571  0.342862  0.518191  4
6400  120371  0.131864  0.538347  0.905596  0.337814  0.53183  4
6500  120948  0.1312  0.532878  0.906835  0.341925  0.525251  4
6600  120616  0.130811  0.523648  0.906644  0.341186  0.527891  4
6700  120324  0.130078  0.5236  0.908849  0.348708  0.484377  4
6800  120774  0.134862  0.528467  0.908046  0.352767  0.464671  4
6900  120929  0.132583  0.517422  0.911191  0.36734  0.450081  4
7000  120863  0.131719  0.520833  0.910115  0.361195  0.439417  4
7100  120610  0.130846  0.535011  0.90837  0.347859  0.438353  4
7200  120957  0.131114  0.532329  0.908486  0.347526  0.429717  4
7300  120290  0.129697  0.525344  0.91066  0.357614  0.464605  4
7400  120906  0.127463  0.523969  0.910173  0.356497  0.5019  4
7500  120322  0.12985  0.52021  0.910183  0.350697  0.501679  4
7600  120544  0.12962  0.516428  0.911517  0.364154  0.513357  4
7700  120889  0.12786  0.519174  0.912649  0.367552  0.540989  4
7800  120660  0.130015  0.523171  0.912383  0.36958  0.5876  4
7900  120207  0.130995  0.516319  0.911483  0.370771  0.630376  4
8000  120451  0.129522  0.523155  0.910884  0.371757  0.633554  4
8100  120666  0.132136  0.513644  0.913218  0.380855  0.621939  4
8200  120911  0.131231  0.512324  0.914619  0.393676  0.621521  4
8300  120619  0.127751  0.50648  0.914866  0.396542  0.623388  4
8400  120494  0.129583  0.498518  0.917494  0.407763  0.576313  4
8500  120604  0.129067  0.500941  0.919665  0.410451  0.596812  4
8600  121114  0.129529  0.495758  0.922387  0.423548  0.607848  4
8700  120422  0.129079  0.492196  0.924084  0.43934  0.628417  4
8800  120009  0.129427  0.495578  0.925673  0.448134  0.553216  4
8900  121088  0.133546  0.497326  0.926922  0.454687  0.55787  4
9000  120683  0.126929  0.500948  0.9277  0.454717  0.557361  4
9100  120215  0.126119  0.496077  0.929811  0.457181  0.556339  4
9200  121102  0.130879  0.490168  0.93444  0.475612  0.556908  4
9300  120484  0.129017  0.483314  0.935468  0.483928  0.581055  4
9400  120928  0.127541  0.471356  0.93964  0.506346  0.579592  4
9500  121295  0.130238  0.47008  0.94437  0.523631  0.52275  4
9600  120572  0.13273  0.467621  0.946232  0.527105  0.458251  4
9700  120730  0.128004  0.468974  0.948144  0.539032  0.453079  4
9800  120381  0.125611  0.468507  0.951111  0.550984  0.460077  4
9900  120663  0.128925  0.46471  0.958559  0.57816  0.456762  4
