t meta_n emi  mean_info  tr1  tr2  tr3  strategy
0  122070  0.099256  0.493766  0.900068  0.000729068  1.73236e-05  4
100  118293  0.111057  0.221087  0.899386  0.0728869  0.00911212  4
200  118454  0.128053  0.120755  0.885972  0.123039  -0.00386975  4
300  118714  0.141303  0.0917879  0.876711  0.163143  0.0109844  4
400  118848  0.148412  0.0751306  0.870928  0.190502  0.00895097  4
500  118524  0.15325  0.0710521  0.865472  0.203277  0.010129  4
600  118908  0.152833  0.0644518  0.868827  0.222215  -0.0102815  4
700  118537  0.154907  0.0615289  0.868377  0.223639  -0.00642815  4
800  118533  0.157393  0.0593161  0.862045  0.226195  0.00180101  4
900  118333  0.160907  0.0595996  0.864043  0.234415  0.0177366  4
1000  118332  0.155372  0.0584722  0.86353  0.233116  0.0416365  4
1100  118589  0.163185  0.0563885  0.855435  0.224628  0.0460359  4
1200  118860  0.160692  0.0589186  0.859332  0.227603  0.0448075  4
1300  118842  0.162408  0.0532037  0.859787  0.24634  0.0779143  4
1400  118800  0.157439  0.0533782  0.861654  0.238642  0.058371  4
1500  118638  0.159149  0.0492332  0.858491  0.22677  0.0246721  4
1600  118834  0.161706  0.0481367  0.856419  0.232917  -0.0314422  4
1700  118932  0.161303  0.0477032  0.862145  0.243443  -0.0582071  4
1800  119090  0.154597  0.048829  0.866106  0.24058  -0.0810783  4
1900  118729  0.158319  0.0461831  0.864947  0.251978  -0.0550338  4
2000  118924  0.15472  0.0418765  0.867872  0.256181  -0.0591369  4
2100  118530  0.154197  0.0420411  0.864951  0.243418  -0.0663588  4
2200  118745  0.151946  0.0397903  0.863649  0.235273  -0.0832083  4
2300  118285  0.152336  0.0373932  0.863083  0.239447  -0.0929407  4
2400  118785  0.15799  0.0374939  0.855172  0.224438  -0.129619  4
2500  117903  0.160085  0.0358938  0.852274  0.231737  -0.145923  4
2600  119047  0.157977  0.0340482  0.855843  0.241886  -0.158929  4
2700  118825  0.155021  0.0313984  0.853468  0.220091  -0.199938  4
2800  119042  0.153555  0.0329505  0.857361  0.222106  -0.210534  4
2900  118711  0.154082  0.0346852  0.855819  0.221848  -0.262418  4
3000  119533  0.155998  0.0362676  0.855419  0.219065  -0.288161  4
3100  118677  0.154714  0.0334163  0.852108  0.208178  -0.295425  4
3200  119217  0.15708  0.0291021  0.849841  0.207891  -0.313128  4
3300  119362  0.158177  0.0270993  0.852607  0.215276  -0.297434  4
3400  118929  0.153468  0.0267933  0.855761  0.214948  -0.31755  4
3500  118800  0.152955  0.0256992  0.856824  0.218956  -0.318237  4
3600  118673  0.152529  0.025545  0.856603  0.216967  -0.338256  4
3700  118417  0.155762  0.0266062  0.852533  0.215782  -0.382142  4
3800  118663  0.156337  0.0271977  0.851293  0.217289  -0.415661  4
3900  119254  0.148962  0.0252197  0.851919  0.209584  -0.354048  4
4000  118593  0.151523  0.0243877  0.853036  0.210184  -0.384655  4
4100  118729  0.150668  0.0232321  0.853386  0.212118  -0.343341  4
4200  118651  0.153349  0.0224623  0.850705  0.203405  -0.339539  4
4300  118633  0.152073  0.02124  0.849119  0.201172  -0.304388  4
4400  119279  0.151426  0.0184348  0.848243  0.196074  -0.289198  4
4500  119002  0.152105  0.0192433  0.849859  0.201117  -0.316876  4
4600  119211  0.151274  0.0197861  0.847475  0.193155  -0.302338  4
4700  118791  0.15054  0.0186681  0.846959  0.190696  -0.28403  4
4800  118936  0.157069  0.0160353  0.844469  0.195885  -0.265464  4
4900  119054  0.151044  0.0163762  0.846377  0.205447  -0.289104  4
5000  119116  0.152086  0.0161705  0.847258  0.209418  -0.257516  4
5100  119164  0.152416  0.0169403  0.848588  0.204842  -0.259114  4
5200  119186  0.15125  0.0160647  0.849614  0.198778  -0.284479  4
5300  118771  0.15098  0.0160838  0.847608  0.198597  -0.285185  4
5400  119031  0.154628  0.0158518  0.847723  0.194379  -0.253334  4
5500  119033  0.153348  0.0167627  0.847511  0.197163  -0.298614  4
5600  118364  0.148755  0.0146164  0.848974  0.203181  -0.286498  4
5700  119412  0.151538  0.012542  0.847003  0.192183  -0.257916  4
5800  119393  0.153224  0.0123851  0.845671  0.188809  -0.249508  4
5900  118811  0.152171  0.0104902  0.845673  0.191044  -0.244878  4
6000  119132  0.148225  0.0121392  0.846159  0.183736  -0.243313  4
6100  119350  0.153077  0.0105315  0.844798  0.185362  -0.225842  4
6200  118972  0.148835  0.0115344  0.846213  0.188244  -0.159847  4
6300  118737  0.147326  0.00892849  0.848807  0.190365  -0.176256  4
6400  119279  0.1513  0.00877779  0.848437  0.190885  -0.174177  4
6500  119254  0.149087  0.00887554  0.848771  0.180553  -0.155432  4
6600  118685  0.148369  0.00862189  0.846849  0.176769  -0.154381  4
6700  119091  0.14866  0.00587735  0.848805  0.183485  -0.155412  4
6800  119936  0.146495  0.00661728  0.846391  0.171248  -0.13658  4
6900  119233  0.14684  0.00696023  0.846704  0.176053  -0.129956  4
7000  119313  0.147225  0.00743371  0.845259  0.170098  -0.124161  4
7100  118745  0.149428  0.00853753  0.845956  0.172944  -0.132184  4
7200  119430  0.147694  0.00854731  0.84551  0.172278  -0.134964  4
7300  119005  0.144481  0.0083105  0.846123  0.169068  -0.1502  4
7400  118259  0.146593  0.00742678  0.845504  0.170609  -0.11768  4
7500  119175  0.151407  0.00713884  0.844676  0.176234  -0.136411  4
7600  118960  0.148518  0.00607055  0.844583  0.170178  -0.144103  4
7700  119900  0.149371  0.00615418  0.844642  0.170617  -0.0931731  4
7800  119709  0.149414  0.0056556  0.84277  0.177476  -0.0922539  4
7900  119108  0.152897  0.00509087  0.841967  0.181405  -0.108749  4
8000  119223  0.150997  0.00542871  0.844388  0.192822  -0.110562  4
8100  118762  0.151145  0.0054724  0.842415  0.191425  -0.113608  4
8200  119027  0.150247  0.00498909  0.842655  0.188272  -0.161969  4
8300  119041  0.152107  0.00517441  0.841767  0.185811  -0.160021  4
8400  118999  0.15525  0.00671017  0.839701  0.178835  -0.163659  4
8500  119181  0.153806  0.00515496  0.838943  0.174827  -0.139395  4
8600  119494  0.154276  0.00504132  0.840195  0.17792  -0.124225  4
8700  118592  0.150352  0.00473115  0.841529  0.179673  -0.147139  4
8800  119061  0.150148  0.00447285  0.840152  0.171972  -0.127  4
8900  119764  0.152594  0.00454824  0.839263  0.173232  -0.121847  4
9000  119309  0.149846  0.00410563  0.839122  0.169362  -0.136178  4
9100  119391  0.152757  0.0038966  0.838418  0.168307  -0.112825  4
9200  118536  0.153678  0.00346029  0.837933  0.167729  -0.132245  4
9300  119439  0.15278  0.00307197  0.838141  0.165417  -0.117589  4
9400  118938  0.151355  0.00337066  0.838879  0.163242  -0.116994  4
9500  118765  0.152492  0.00377441  0.837252  0.157303  -0.0718381  4
9600  119219  0.150345  0.00327959  0.838095  0.161054  -0.0457298  4
9700  119680  0.149738  0.00292615  0.838811  0.159634  -0.0615331  4
9800  118871  0.150341  0.00282307  0.837268  0.162174  -0.102384  4
9900  119246  0.153748  0.00274565  0.836792  0.1639  -0.0969682  4
