t meta_n emi  mean_info  tr1  tr2  tr3  strategy
0  120554  0.1012  0.492411  0.899936  0.000899038  2.58751e-05  4
100  118259  0.112551  0.133454  0.894866  0.0712305  0.000897314  4
200  118801  0.128902  0.0691437  0.884984  0.123081  0.01135  4
300  118672  0.141371  0.0528413  0.875402  0.159487  -0.00282232  4
400  118995  0.147613  0.0479142  0.873504  0.191696  0.0163205  4
500  118841  0.154938  0.0436023  0.865382  0.195186  0.0136263  4
600  118982  0.155268  0.0399242  0.863327  0.210952  0.00345919  4
700  118174  0.161186  0.0377191  0.858349  0.218408  -0.00571956  4
800  118233  0.161713  0.0382966  0.860161  0.219272  -0.0121981  4
900  118728  0.157532  0.0374989  0.861769  0.218625  0.00908291  4
1000  118083  0.159062  0.0350352  0.857511  0.218046  0.00583772  4
1100  118454  0.164402  0.0355969  0.85404  0.213823  0.00247455  4
1200  118674  0.158592  0.0333761  0.857511  0.216773  -0.0376605  4
1300  118777  0.157181  0.0325347  0.857642  0.213924  -0.0150544  4
1400  118596  0.159427  0.0315829  0.855451  0.216114  -0.0123906  4
1500  118508  0.160955  0.03056  0.856258  0.227067  0.0152859  4
1600  118504  0.161013  0.0302356  0.855194  0.233528  0.0244887  4
1700  119123  0.165641  0.0286464  0.853494  0.235155  0.0792116  4
1800  119214  0.161681  0.0278861  0.851686  0.230731  0.0774026  4
1900  117719  0.166227  0.0261346  0.848321  0.232858  0.118151  4
2000  118470  0.163534  0.0251684  0.849075  0.23192  0.131951  4
2100  118340  0.165265  0.0248622  0.851599  0.234876  0.131617  4
2200  118854  0.165254  0.0241378  0.852325  0.242065  0.122498  4
2300  118992  0.162129  0.0235375  0.85346  0.239855  0.119676  4
2400  118748  0.16542  0.0237746  0.850866  0.236269  0.0777772  4
2500  118565  0.159202  0.0224487  0.853896  0.231253  0.0863933  4
2600  118556  0.15948  0.0205106  0.854057  0.231061  0.0985409  4
2700  118280  0.159438  0.0207946  0.852952  0.227779  0.0826006  4
2800  119014  0.161348  0.0208623  0.850596  0.220457  0.11603  4
2900  119079  0.163984  0.0199825  0.844657  0.219205  0.145093  4
3000  118965  0.159906  0.0188622  0.849917  0.222202  0.17467  4
3100  119045  0.161463  0.0171276  0.850534  0.229912  0.133293  4
3200  119434  0.160033  0.0172538  0.851482  0.230004  0.160653  4
3300  118609  0.155501  0.0161219  0.85599  0.233106  0.14702  4
3400  118947  0.156128  0.0160131  0.854924  0.236104  0.0967484  4
3500  118967  0.154709  0.0149944  0.854532  0.228637  0.057304  4
3600  118381  0.156664  0.0155372  0.85269  0.225977  0.0275523  4
3700  118413  0.157347  0.0137061  0.850884  0.215573  0.0201227  4
3800  119090  0.158812  0.0135711  0.846525  0.202371  -0.0184903  4
3900  119398  0.1598  0.0152131  0.843023  0.197757  0.0400093  4
4000  118235  0.157562  0.0150946  0.842945  0.18657  0.02603  4
4100  119362  0.15459  0.0143863  0.843172  0.186642  0.0239717  4
4200  119051  0.155508  0.0138087  0.842756  0.185769  0.0018673  4
4300  118940  0.156014  0.0123262  0.841867  0.176508  0.0785832  4
4400  119118  0.154362  0.0120342  0.842481  0.176906  0.0761457  4
4500  118759  0.15336  0.0115481  0.843881  0.180529  0.0855885  4
4600  118980  0.153052  0.0119086  0.844179  0.180261  0.0691159  4
4700  118906  0.156808  0.0107171  0.840376  0.181482  0.0722667  4
4800  119245  0.156989  0.00910121  0.839409  0.176706  0.0568832  4
4900  118751  0.160425  0.00944054  0.83621  0.176703  0.0550586  4
5000  118703  0.15916  0.0103497  0.835501  0.175466  0.0291988  4
5100  118051  0.157303  0.00786558  0.834787  0.165492  0.0530973  4
5200  118975  0.154647  0.00767499  0.835367  0.16526  0.0494376  4
5300  119453  0.162171  0.00743577  0.83522  0.174328  0.0409686  4
5400  119197  0.157265  0.00688439  0.838377  0.179041  0.0301863  4
5500  118887  0.155661  0.00763597  0.840003  0.181661  0.00485893  4
5600  119025  0.155682  0.00717395  0.83841  0.179684  0.00564462  4
5700  118831  0.153311  0.00591187  0.838557  0.183893  -0.0216271  4
5800  119254  0.156733  0.00659275  0.838752  0.189106  -0.0896012  4
5900  118795  0.15603  0.00620007  0.838632  0.180755  -0.0681686  4
6000  118813  0.154533  0.00535913  0.837717  0.183493  0.00232565  4
6100  119008  0.154922  0.0054822  0.837389  0.179908  0.00707558  4
6200  119583  0.158688  0.00589106  0.835879  0.17776  0.0321496  4
6300  118644  0.158207  0.0050219  0.834448  0.175374  0.0499272  4
6400  119057  0.157444  0.00562865  0.834791  0.17801  0.0350677  4
6500  119040  0.158622  0.00466503  0.833582  0.175308  0.0800975  4
6600  118908  0.159439  0.0047115  0.833919  0.179109  0.114172  4
6700  118520  0.160638  0.00439223  0.833575  0.174308  0.0756225  4
6800  119159  0.158364  0.00512856  0.835078  0.173819  0.0948038  4
6900  118933  0.157867  0.00377738  0.835903  0.175434  0.101687  4
7000  119304  0.155236  0.00465491  0.834997  0.17341  0.041278  4
7100  118536  0.157877  0.00387851  0.834333  0.170331  0.064833  4
7200  119020  0.155019  0.00374368  0.833093  0.166807  0.0692383  4
7300  119030  0.155414  0.00364678  0.833084  0.175499  0.0772989  4
7400  118964  0.155685  0.00361724  0.832492  0.168768  0.119812  4
7500  118693  0.156412  0.00338266  0.832736  0.168272  0.171482  4
7600  119230  0.157163  0.00339136  0.833475  0.173922  0.154828  4
7700  119593  0.157662  0.0034831  0.833981  0.178783  0.113824  4
7800  118727  0.153725  0.0037681  0.835271  0.174961  0.175658  4
7900  118840  0.156682  0.00315854  0.833688  0.167175  0.205253  4
8000  118859  0.157313  0.00328373  0.833939  0.171277  0.252767  4
8100  119362  0.156329  0.00292718  0.834232  0.168122  0.143645  4
8200  119293  0.156989  0.00262797  0.834461  0.168447  0.164048  4
8300  119164  0.156183  0.00265264  0.831616  0.161157  0.144743  4
8400  118667  0.155323  0.00196783  0.832545  0.163278  0.170114  4
8500  119096  0.153185  0.00194485  0.834128  0.162941  0.125634  4
8600  118758  0.154053  0.00232344  0.833612  0.163621  0.129732  4
8700  119295  0.156027  0.00198563  0.832972  0.162056  0.100119  4
8800  119384  0.160382  0.00186392  0.833272  0.167138  0.0631372  4
8900  119451  0.155972  0.0021728  0.83348  0.165195  0.0829045  4
9000  119556  0.154208  0.00184279  0.835136  0.165318  0.0772133  4
9100  120327  0.155888  0.00194429  0.836894  0.172223  0.0950478  4
9200  118805  0.155084  0.00240584  0.835594  0.171688  0.0830651  4
9300  118502  0.152999  0.00180574  0.839126  0.186371  0.149302  4
9400  119242  0.154312  0.00174866  0.840057  0.189855  0.1109  4
9500  118752  0.152715  0.00181253  0.838951  0.187039  0.105345  4
9600  119333  0.155488  0.00164403  0.838712  0.190432  0.0693083  4
9700  119183  0.153498  0.00146024  0.839865  0.196358  0.0143072  4
9800  119362  0.153086  0.00154544  0.839993  0.199484  0.0539903  4
9900  119140  0.151699  0.00153564  0.839074  0.188527  0.064647  4
