t meta_n emi  mean_info  tr1  tr2  tr3  strategy
0  123635  0.100472  0.500067  0.900002  0.000793219  -3.60313e-05  4
100  119904  0.111821  0.496596  0.904755  0.0682961  -0.00155696  4
200  120077  0.126159  0.503357  0.900184  0.120322  -0.00627514  4
300  120195  0.135634  0.514295  0.8967  0.154602  -0.0201848  4
400  119562  0.139426  0.521169  0.892054  0.179141  -0.0160252  4
500  120333  0.140649  0.524842  0.889312  0.19152  -0.0427861  4
600  119992  0.143909  0.531173  0.892626  0.213144  -0.0432985  4
700  120393  0.147552  0.533505  0.891665  0.232286  -0.0497293  4
800  119996  0.148498  0.526964  0.892474  0.2483  -0.0621847  4
900  119567  0.145877  0.527557  0.893122  0.251429  -0.0542214  4
1000  119792  0.15017  0.531894  0.890561  0.253719  -0.046624  4
1100  120242  0.148332  0.524652  0.892519  0.269589  -0.0299307  4
1200  119978  0.149077  0.527303  0.895269  0.269168  -0.0088948  4
1300  120190  0.14348  0.518524  0.898954  0.274938  -0.0353252  4
1400  120038  0.1482  0.526076  0.898125  0.286294  -0.0147402  4
1500  120116  0.146798  0.532485  0.899047  0.278371  0.0128519  4
1600  120453  0.141986  0.523132  0.897592  0.271709  -0.00442929  4
1700  119409  0.142426  0.521244  0.897136  0.27431  0.0206472  4
1800  119736  0.141295  0.511952  0.896932  0.280746  0.0321036  4
1900  119588  0.141481  0.5063  0.897431  0.273976  0.0117668  4
2000  119821  0.141065  0.50081  0.895861  0.264226  -0.00964988  4
2100  119886  0.140011  0.491489  0.89649  0.275208  -0.0421296  4
2200  119723  0.136355  0.482109  0.897472  0.272526  -0.107112  4
2300  120203  0.142498  0.490768  0.896983  0.279941  -0.106298  4
2400  120159  0.142301  0.484399  0.896138  0.287439  -0.124084  4
2500  120005  0.140335  0.474447  0.896317  0.285945  -0.11296  4
2600  120928  0.142469  0.477647  0.896565  0.287979  -0.114499  4
2700  119982  0.141521  0.48158  0.896001  0.287229  -0.0808893  4
2800  119937  0.136668  0.476932  0.900261  0.301036  -0.107694  4
2900  120269  0.141897  0.46599  0.903985  0.312648  -0.0979276  4
3000  119959  0.139328  0.459029  0.90477  0.322612  -0.0946174  4
3100  119721  0.143564  0.476791  0.90221  0.322792  -0.109984  4
3200  120244  0.141188  0.479111  0.906772  0.333663  -0.118044  4
3300  119920  0.136382  0.477548  0.907555  0.340681  -0.115144  4
3400  120094  0.135533  0.481514  0.912607  0.352026  -0.12031  4
3500  120042  0.140495  0.473507  0.908597  0.3422  -0.109319  4
3600  120138  0.138694  0.466733  0.909405  0.353108  -0.10458  4
3700  120267  0.142833  0.446254  0.907117  0.35105  -0.121487  4
3800  119982  0.142571  0.443351  0.910791  0.370622  -0.11165  4
3900  120151  0.137722  0.44838  0.912487  0.382697  -0.128117  4
4000  120132  0.141164  0.450307  0.91778  0.401859  -0.146468  4
4100  120397  0.141328  0.454735  0.920464  0.409668  -0.146741  4
4200  120277  0.139445  0.448695  0.920604  0.414494  -0.174576  4
4300  120166  0.137531  0.452787  0.925935  0.416183  -0.167038  4
4400  120790  0.136199  0.437841  0.925305  0.40979  -0.191242  4
4500  120194  0.13515  0.425653  0.926651  0.41357  -0.20628  4
4600  120242  0.133573  0.42729  0.924545  0.401335  -0.172289  4
4700  119840  0.131011  0.428951  0.926145  0.411486  -0.217974  4
4800  119768  0.133071  0.432839  0.926636  0.422673  -0.202851  4
4900  120541  0.129888  0.435506  0.928823  0.428025  -0.183173  4
5000  120606  0.132539  0.444016  0.93365  0.437755  -0.127617  4
5100  120334  0.130721  0.442973  0.934144  0.4368  -0.0932334  4
5200  120665  0.133907  0.444263  0.93469  0.44144  -0.102537  4
5300  120339  0.131558  0.433481  0.935497  0.436604  -0.0934247  4
5400  120673  0.130742  0.436311  0.942815  0.462339  -0.0980817  4
5500  120093  0.129664  0.425841  0.949563  0.481422  -0.109756  4
5600  120627  0.134866  0.425568  0.952299  0.494469  -0.108303  4
5700  120381  0.129549  0.422644  0.958635  0.514526  -0.147683  4
5800  120111  0.1289  0.406333  0.966851  0.5431  -0.14434  4
5900  120505  0.129066  0.395696  0.972522  0.574136  -0.150632  4
6000  120426  0.133576  0.402147  0.973529  0.581745  -0.163583  4
6100  121316  0.131213  0.391484  0.977533  0.59194  -0.185  4
6200  120427  0.12835  0.391704  0.982787  0.610606  -0.20111  4
6300  120048  0.132589  0.390234  0.985055  0.613021  -0.191917  4
6400  119856  0.127552  0.40033  0.986345  0.614291  -0.181015  4
6500  120394  0.128999  0.390609  0.985515  0.606617  -0.161164  4
6600  120249  0.128155  0.38889  0.984465  0.598369  -0.170551  4
6700  120395  0.12459  0.387055  0.987947  0.611104  -0.159624  4
6800  120325  0.125312  0.390997  0.987317  0.61428  -0.140843  4
6900  120859  0.127481  0.384684  0.990089  0.623744  -0.116221  4
7000  120611  0.122548  0.379009  0.995757  0.638312  -0.143727  4
7100  120914  0.127673  0.373043  0.991678  0.631274  -0.125584  4
7200  120616  0.125801  0.372198  0.997334  0.65767  -0.0810227  4
7300  121065  0.125443  0.372892  1.00444  0.675531  -0.0827976  4
7400  120592  0.12929  0.371996  1.0067  0.68361  -0.083379  4
7500  120628  0.125924  0.378943  1.00952  0.689768  -0.0998239  4
7600  120435  0.129216  0.368216  1.0165  0.710986  -0.116342  4
7700  120486  0.127924  0.369265  1.02039  0.724043  -0.0993511  4
7800  120568  0.124486  0.364911  1.02357  0.737524  -0.109497  4
7900  120645  0.126175  0.367042  1.02354  0.741215  -0.117423  4
8000  120496  0.126446  0.366248  1.02499  0.74063  -0.165331  4
8100  120786  0.127446  0.366226  1.02791  0.74892  -0.152938  4
8200  121005  0.128307  0.366576  1.03002  0.76252  -0.111066  4
8300  120653  0.126902  0.361728  1.03388  0.781776  -0.0658899  4
8400  120330  0.125376  0.35877  1.03913  0.797701  -0.0798591  4
8500  120622  0.134711  0.362797  1.04164  0.808714  -0.0765842  4
8600  120314  0.127622  0.357751  1.04623  0.823203  -0.0725633  4
8700  120866  0.126129  0.352355  1.04946  0.825797  -0.107279  4
8800  120996  0.126075  0.348405  1.05099  0.831204  -0.110423  4
8900  120887  0.132277  0.349352  1.0478  0.824781  -0.10523  4
9000  120636  0.12851  0.346268  1.0509  0.836743  -0.133765  4
9100  120545  0.129901  0.34256  1.05358  0.847715  -0.0965533  4
9200  120438  0.12839  0.342636  1.05191  0.842377  -0.110531  4
9300  120490  0.12511  0.339834  1.0559  0.855956  -0.136321  4
9400  120456  0.130146  0.334461  1.05835  0.863354  -0.157455  4
9500  120075  0.133384  0.332412  1.05981  0.865513  -0.180361  4
9600  121217  0.132064  0.32937  1.06514  0.87959  -0.190668  4
9700  119925  0.128088  0.327816  1.0654  0.883726  -0.163788  4
9800  120219  0.128885  0.328505  1.06813  0.892792  -0.172851  4
9900  119962  0.12986  0.328125  1.06974  0.899559  -0.166345  4
