t meta_n emi  mean_info  tr1  tr2  tr3  strategy
0  120651  0.099336  0.491919  0.900039  0.000814607  9.66246e-05  4
100  118182  0.112789  0.130132  0.892707  0.0672501  -0.00405793  4
200  118706  0.129185  0.0650487  0.882217  0.11827  -0.00826696  4
300  118452  0.141612  0.0485928  0.876072  0.163554  -0.00195641  4
400  118798  0.147273  0.0452802  0.872716  0.188268  -0.00587021  4
500  118522  0.147519  0.0435727  0.871382  0.198605  0.0119189  4
600  118049  0.155291  0.0433026  0.867697  0.216045  0.034919  4
700  118638  0.158355  0.037174  0.86376  0.232956  0.0435291  4
800  117866  0.154905  0.0390548  0.866847  0.235313  0.0416264  4
900  118470  0.156949  0.037372  0.866003  0.241211  0.0531148  4
1000  118836  0.158358  0.0346485  0.865552  0.241476  0.0475369  4
1100  119068  0.158461  0.033582  0.867126  0.249845  0.0419377  4
1200  119133  0.156786  0.033143  0.868557  0.250272  0.0534524  4
1300  118850  0.160466  0.0338561  0.862331  0.245605  0.0849168  4
1400  118432  0.158386  0.0308403  0.866748  0.249733  0.0387925  4
1500  118496  0.15951  0.0289436  0.864536  0.249411  0.0522908  4
1600  118590  0.155468  0.0303714  0.866995  0.247168  0.0744858  4
1700  118749  0.159299  0.0287657  0.86218  0.244966  0.0587521  4
1800  118586  0.157884  0.0284218  0.863014  0.243613  0.0685169  4
1900  118383  0.159176  0.0266215  0.858765  0.23691  0.0716802  4
2000  118701  0.159485  0.0261193  0.856163  0.227867  0.0467343  4
2100  119138  0.160282  0.0238534  0.854155  0.221567  0.0610868  4
2200  118575  0.160462  0.0247959  0.849245  0.215467  0.0850681  4
2300  118690  0.162595  0.0233508  0.849166  0.224279  0.0496061  4
2400  118624  0.16603  0.0203899  0.843333  0.216622  0.0508655  4
2500  118926  0.16778  0.0210224  0.840933  0.204228  0.052354  4
2600  118984  0.162378  0.0210871  0.842629  0.197393  0.0433249  4
2700  118691  0.161207  0.0204085  0.841846  0.193848  0.0526091  4
2800  118534  0.161622  0.0193171  0.838969  0.188285  0.0292246  4
2900  118840  0.162443  0.0188588  0.841833  0.200288  0.0082215  4
3000  119265  0.159441  0.0180232  0.847488  0.21025  0.002634  4
3100  118896  0.161311  0.0166644  0.846501  0.202189  -0.00199313  4
3200  118354  0.156647  0.0163064  0.848099  0.205253  0.00837378  4
3300  118530  0.159504  0.0155411  0.848043  0.214895  -0.0216338  4
3400  119049  0.160161  0.0157587  0.84615  0.212216  -0.0246175  4
3500  118820  0.161445  0.0146822  0.84615  0.218938  -0.0221172  4
3600  118671  0.159562  0.0140609  0.840471  0.203525  -0.0435544  4
3700  119043  0.162211  0.0139256  0.840255  0.204173  -0.0149339  4
3800  118635  0.158822  0.0135832  0.840164  0.201761  0.00420378  4
3900  118527  0.161538  0.0132746  0.839322  0.200076  0.0272794  4
4000  119330  0.161766  0.0136451  0.841985  0.204969  0.00425228  4
4100  119096  0.158607  0.0132051  0.841672  0.201535  0.0631784  4
4200  119337  0.158068  0.0112403  0.840501  0.191929  0.058621  4
4300  118950  0.160184  0.0113508  0.839714  0.193023  0.0493336  4
4400  118557  0.157135  0.00956382  0.840058  0.1926  0.0306781  4
4500  118754  0.158123  0.0106357  0.84042  0.194923  0.0446032  4
4600  118732  0.154581  0.0104596  0.841491  0.19381  0.0622004  4
4700  119043  0.158863  0.010615  0.839437  0.188802  0.0390443  4
4800  118933  0.156609  0.0102351  0.838687  0.1845  0.0500124  4
4900  118406  0.153103  0.00888675  0.841394  0.179239  0.0833645  4
5000  118555  0.15651  0.00839353  0.840669  0.178992  0.0975561  4
5100  119328  0.153815  0.0089542  0.838211  0.17256  0.134511  4
5200  118657  0.154587  0.00745281  0.837993  0.171552  0.104768  4
5300  118900  0.155949  0.00743544  0.840317  0.172767  0.0676987  4
5400  119220  0.156196  0.00777318  0.838718  0.174482  0.0910875  4
5500  118783  0.158631  0.00651037  0.839386  0.173703  0.0987991  4
5600  119621  0.157554  0.00667496  0.837616  0.178149  0.0845245  4
5700  118806  0.157743  0.00736997  0.837802  0.181969  0.0985066  4
5800  119108  0.160343  0.00730593  0.835732  0.181776  0.110744  4
5900  119150  0.161691  0.00625177  0.83471  0.180953  0.123966  4
6000  118678  0.157239  0.00668057  0.836802  0.18544  0.143016  4
6100  118864  0.156565  0.00584344  0.837305  0.190914  0.137055  4
6200  119058  0.156019  0.00546267  0.839757  0.201119  0.145355  4
6300  118931  0.158815  0.0058014  0.841456  0.203201  0.158855  4
6400  118996  0.156692  0.0058528  0.841952  0.204847  0.190411  4
6500  118663  0.1543  0.00564978  0.842425  0.206446  0.235156  4
6600  120042  0.158696  0.00535101  0.843926  0.209265  0.187337  4
6700  119134  0.157153  0.00414559  0.842962  0.201408  0.194897  4
6800  118708  0.154897  0.00481462  0.841215  0.191308  0.152875  4
6900  119358  0.153747  0.00485995  0.840408  0.182507  0.18463  4
7000  119277  0.153826  0.00400441  0.83857  0.17172  0.226976  4
7100  118988  0.153612  0.00442753  0.841739  0.18295  0.237697  4
7200  119401  0.15196  0.00353425  0.839354  0.171555  0.259442  4
7300  119204  0.156355  0.00347171  0.840711  0.180302  0.281527  4
7400  119314  0.158472  0.00288684  0.837103  0.167062  0.29984  4
7500  118967  0.154674  0.00298781  0.835141  0.162872  0.314781  4
7600  119225  0.154544  0.00362517  0.835377  0.158282  0.361201  4
7700  119029  0.155563  0.00296672  0.833982  0.153699  0.370123  4
7800  118382  0.156263  0.00369614  0.835235  0.156993  0.320952  4
7900  119184  0.153124  0.00297858  0.835694  0.159398  0.340489  4
8000  118915  0.152522  0.0024773  0.836413  0.158676  0.347927  4
8100  119464  0.150641  0.0022867  0.835924  0.156471  0.322574  4
8200  119423  0.152116  0.00205508  0.836199  0.154849  0.333829  4
8300  119052  0.154847  0.00186658  0.836303  0.152475  0.350337  4
8400  119633  0.151125  0.00191331  0.837088  0.150874  0.343748  4
8500  119247  0.154514  0.00217932  0.834818  0.14793  0.373929  4
8600  118325  0.150474  0.00193745  0.835752  0.145476  0.407441  4
8700  119307  0.150013  0.00194468  0.836996  0.148009  0.415543  4
8800  119354  0.147765  0.00126815  0.835694  0.144299  0.433494  4
8900  118625  0.153217  0.00133442  0.835165  0.138678  0.428135  4
9000  119795  0.149007  0.00151778  0.835437  0.140957  0.464764  4
9100  119221  0.149429  0.00215404  0.835827  0.138533  0.500381  4
9200  119347  0.148831  0.00174046  0.838871  0.150772  0.520306  4
9300  118585  0.148402  0.00218743  0.838309  0.150556  0.491672  4
9400  119312  0.14806  0.00171758  0.839546  0.150664  0.474107  4
9500  119474  0.147843  0.00141098  0.83783  0.143956  0.483369  4
9600  119165  0.148071  0.00125493  0.839525  0.148322  0.497104  4
9700  119247  0.149917  0.00158068  0.841491  0.161586  0.511317  4
9800  119681  0.148591  0.00190983  0.840253  0.156605  0.496482  4
9900  118390  0.147213  0.00124752  0.840064  0.152372  0.511122  4
