t meta_n emi  mean_info  tr1  tr2  tr3  strategy
0  122386  0.100896  0.49827  0.900037  0.000849943  0.000105193  4
100  119007  0.112211  0.349704  0.899753  0.0709657  0.00464982  4
200  118989  0.12959  0.251517  0.886701  0.120897  -0.00723101  4
300  119004  0.136462  0.193536  0.881796  0.156035  -0.0063078  4
400  118718  0.142984  0.158352  0.876791  0.185608  -0.0166684  4
500  119635  0.145613  0.139352  0.874763  0.196413  -0.0135181  4
600  118233  0.149924  0.122919  0.870792  0.205175  -0.0145575  4
700  119410  0.154874  0.115338  0.868098  0.226279  -0.00813781  4
800  118929  0.154555  0.108888  0.864936  0.227412  -0.0353747  4
900  118371  0.158783  0.111005  0.865597  0.240972  -0.023001  4
1000  118577  0.158394  0.113129  0.869741  0.247481  -0.0170825  4
1100  118854  0.159672  0.111609  0.869018  0.249134  -0.000941202  4
1200  118799  0.153527  0.109157  0.867061  0.240211  0.0309339  4
1300  118741  0.157674  0.108485  0.864897  0.234148  0.0533585  4
1400  119028  0.157463  0.104053  0.86548  0.229372  0.0383711  4
1500  118759  0.155119  0.108157  0.866599  0.239665  0.05285  4
1600  119257  0.161922  0.105057  0.864573  0.261278  0.0234573  4
1700  118972  0.159095  0.103972  0.871562  0.272897  0.0398117  4
1800  118987  0.158226  0.0957503  0.867718  0.263794  0.0426718  4
1900  118319  0.158556  0.0949785  0.862892  0.25377  0.0559507  4
2000  118656  0.158268  0.0904568  0.862053  0.245336  0.0537792  4
2100  118446  0.157558  0.0889223  0.859706  0.241714  0.0725401  4
2200  119265  0.159496  0.082928  0.860243  0.236678  0.0575219  4
2300  119436  0.158005  0.08028  0.859325  0.235629  0.0814635  4
2400  118757  0.159437  0.0791283  0.854266  0.225695  0.0843115  4
2500  118852  0.157649  0.0786297  0.855428  0.21684  0.110747  4
2600  118752  0.153895  0.0747146  0.852874  0.207239  0.152162  4
2700  119163  0.157947  0.0718288  0.852508  0.212278  0.156097  4
2800  119215  0.159326  0.0729889  0.851533  0.212777  0.158972  4
2900  118849  0.153951  0.0667252  0.853747  0.215946  0.168923  4
3000  118839  0.156384  0.0713473  0.853186  0.217135  0.15482  4
3100  118963  0.154513  0.069316  0.851986  0.212419  0.189496  4
3200  118440  0.155101  0.0704734  0.852359  0.217392  0.208836  4
3300  119117  0.159517  0.0671758  0.851943  0.218015  0.192792  4
3400  118708  0.156135  0.0697786  0.85541  0.23282  0.163242  4
3500  119492  0.159585  0.0622456  0.853599  0.224866  0.180525  4
3600  119074  0.156848  0.061409  0.853591  0.224232  0.162283  4
3700  118633  0.152732  0.0603445  0.859792  0.240919  0.178191  4
3800  119516  0.156532  0.0570283  0.857592  0.240006  0.194705  4
3900  119008  0.1561  0.0600611  0.857291  0.237262  0.187699  4
4000  119160  0.153466  0.0584065  0.860573  0.251976  0.15379  4
4100  118719  0.150337  0.0571872  0.862253  0.257546  0.145694  4
4200  119433  0.155374  0.0543255  0.861662  0.261217  0.131815  4
4300  119456  0.152749  0.0508441  0.862936  0.254194  0.155745  4
4400  119177  0.152892  0.0466949  0.860892  0.243665  0.183175  4
4500  118961  0.152204  0.042904  0.860639  0.242545  0.177745  4
4600  119008  0.154376  0.0454162  0.85507  0.235119  0.15907  4
4700  119366  0.157862  0.0440379  0.851218  0.227407  0.167858  4
4800  119313  0.155631  0.0419469  0.851881  0.236152  0.132857  4
4900  118794  0.156328  0.0405606  0.850068  0.226356  0.0921809  4
5000  118963  0.155324  0.0386656  0.84826  0.223584  0.0753338  4
5100  119159  0.153172  0.0387547  0.84851  0.211782  0.0558935  4
5200  118941  0.153402  0.0397206  0.847819  0.20932  0.0140743  4
5300  119380  0.156047  0.0341094  0.843394  0.196281  0.00955609  4
5400  119243  0.15371  0.036503  0.844988  0.195332  0.0403504  4
5500  119496  0.152006  0.0376055  0.845468  0.198065  0.0459999  4
5600  119082  0.154389  0.0379882  0.84597  0.193499  0.0581681  4
5700  119455  0.152768  0.0376027  0.844576  0.182831  0.0703485  4
5800  118500  0.153428  0.0346199  0.844407  0.177714  0.0813146  4
5900  119167  0.153412  0.0357112  0.842701  0.18075  0.0902635  4
6000  118912  0.150713  0.0344098  0.842489  0.183804  0.098866  4
6100  119292  0.154172  0.0297309  0.843418  0.185352  0.104565  4
6200  119650  0.150294  0.027193  0.844484  0.185779  0.0673697  4
6300  118954  0.149779  0.026269  0.841981  0.174204  0.0730072  4
6400  118795  0.148303  0.0258975  0.84301  0.177679  0.102344  4
6500  119252  0.151989  0.0290891  0.842332  0.179035  0.121621  4
6600  118667  0.153835  0.0264553  0.842381  0.180137  0.109966  4
6700  119743  0.152665  0.0277989  0.842333  0.176184  0.116835  4
6800  119763  0.152104  0.0306999  0.843244  0.167077  0.0874605  4
6900  119572  0.149491  0.0290213  0.845817  0.173033  0.0949741  4
7000  119606  0.153143  0.0272274  0.8435  0.172768  0.106254  4
7100  119371  0.154936  0.0242479  0.841361  0.168606  0.094564  4
7200  119327  0.151  0.0229327  0.840336  0.167934  0.0980498  4
7300  119629  0.153084  0.0221566  0.841671  0.179137  0.072584  4
7400  119194  0.150661  0.0201332  0.840775  0.176241  0.0586031  4
7500  119265  0.152473  0.0174613  0.839374  0.17332  0.0457537  4
7600  119239  0.153711  0.0153179  0.839205  0.169046  0.0491625  4
7700  119104  0.150313  0.0149604  0.837592  0.156873  0.0705177  4
7800  118694  0.151382  0.0148629  0.835493  0.151692  0.122472  4
7900  118808  0.150138  0.0147181  0.836171  0.15553  0.117708  4
8000  118700  0.153673  0.0158668  0.835264  0.154013  0.118936  4
8100  119244  0.155049  0.0155571  0.835218  0.15446  0.0857241  4
8200  119211  0.154375  0.0151764  0.834114  0.152957  0.053837  4
8300  119217  0.152569  0.0146055  0.833899  0.15333  0.0502046  4
8400  119402  0.15104  0.0115894  0.832407  0.150596  0.0214664  4
8500  119645  0.156073  0.0103352  0.831548  0.147086  0.00898927  4
8600  118888  0.153463  0.010283  0.830796  0.145075  -0.00593288  4
8700  118600  0.152964  0.0118595  0.832008  0.146465  0.00948945  4
8800  119312  0.152431  0.0114195  0.832105  0.144295  -0.0115126  4
8900  119160  0.150875  0.0121881  0.833333  0.138201  -0.0143007  4
9000  119091  0.153094  0.0117006  0.834392  0.145323  -0.0166731  4
9100  118456  0.150388  0.0124508  0.832231  0.137724  0.0352464  4
9200  119477  0.153458  0.0113356  0.833189  0.138958  0.0201728  4
9300  119282  0.153712  0.0116253  0.833006  0.141834  0.0147432  4
9400  119164  0.149607  0.0111027  0.834112  0.142197  0.0311364  4
9500  119363  0.154131  0.011812  0.833319  0.144042  0.00659894  4
9600  119361  0.152532  0.010655  0.834094  0.144357  -0.0274235  4
9700  119674  0.150696  0.0092056  0.833691  0.141971  -0.0186773  4
9800  119685  0.149251  0.00963098  0.834718  0.14056  -0.0181248  4
9900  119155  0.151607  0.00936641  0.834213  0.145565  -0.0459941  4
