t meta_n emi  mean_info  tr1  tr2  tr3  strategy
0  120179  0.099648  0.489391  0.899957  0.000854814  -0.000110364  4
100  118104  0.109399  0.13853  0.895757  0.071305  -0.00327449  4
200  118723  0.129793  0.064677  0.883297  0.115979  -0.0121093  4
300  118496  0.145133  0.0515758  0.872259  0.149209  -0.0161699  4
400  118928  0.147727  0.0424184  0.874851  0.182393  -0.0134195  4
500  119109  0.150462  0.0422489  0.873766  0.211067  -0.0256992  4
600  119049  0.153069  0.0410629  0.866569  0.221686  -0.0305046  4
700  118856  0.155941  0.0364073  0.870336  0.232272  -0.0371572  4
800  118248  0.157985  0.0368089  0.868305  0.246653  -0.0587463  4
900  118376  0.158451  0.0355738  0.864403  0.24493  -0.0664523  4
1000  118709  0.161436  0.0348035  0.861501  0.233502  -0.0703565  4
1100  118875  0.163471  0.0351862  0.859305  0.240505  -0.0814034  4
1200  118371  0.16341  0.0328085  0.861189  0.258466  -0.0928582  4
1300  118005  0.165752  0.0313349  0.857288  0.24852  -0.067596  4
1400  118708  0.161715  0.0335869  0.856987  0.250768  -0.0329362  4
1500  118447  0.167921  0.0301936  0.855855  0.251588  -0.0399922  4
1600  118742  0.160459  0.028211  0.864484  0.261996  -0.0453834  4
1700  118770  0.159222  0.0274499  0.860111  0.254599  -0.0450057  4
1800  118799  0.158521  0.0276808  0.86192  0.256733  -0.0521331  4
1900  118786  0.161029  0.0268663  0.856834  0.245006  0.002141  4
2000  119239  0.157417  0.0259933  0.861971  0.251704  -0.019215  4
2100  118959  0.162847  0.024626  0.860321  0.254615  -0.0124149  4
2200  119109  0.157612  0.023757  0.861866  0.258323  0.020984  4
2300  119074  0.162179  0.0239988  0.860147  0.255173  0.0162694  4
2400  118017  0.162146  0.0198804  0.857877  0.252286  0.0126338  4
2500  118867  0.162652  0.0216129  0.856773  0.253231  0.0648373  4
2600  118286  0.161303  0.0212736  0.858068  0.255464  0.0628339  4
2700  118339  0.161482  0.020479  0.852005  0.236729  0.0380774  4
2800  119073  0.159558  0.019763  0.852442  0.233076  0.0345781  4
2900  118265  0.162349  0.0197228  0.850205  0.238391  0.0654631  4
3000  118748  0.163538  0.0172359  0.852685  0.246546  0.0653008  4
3100  119032  0.16377  0.0163787  0.849103  0.242507  0.0505239  4
3200  118797  0.162042  0.0166007  0.848259  0.232152  0.0724343  4
3300  118661  0.160399  0.0145436  0.847716  0.221181  0.039001  4
3400  119218  0.160495  0.0152991  0.848711  0.2289  0.049473  4
3500  118601  0.161087  0.015719  0.845405  0.217644  0.0772255  4
3600  118881  0.160963  0.0145768  0.844087  0.214848  0.0431516  4
3700  119234  0.162828  0.0137561  0.843023  0.211626  0.0825012  4
3800  119107  0.162183  0.0130552  0.841658  0.205386  0.0773644  4
3900  119585  0.15963  0.0131809  0.838837  0.189725  0.140736  4
4000  118434  0.15727  0.013333  0.840929  0.192046  0.149423  4
4100  118515  0.15929  0.0114455  0.841465  0.19329  0.167012  4
4200  119179  0.163157  0.0121665  0.838769  0.191573  0.227542  4
4300  118152  0.160567  0.0109859  0.838429  0.183913  0.221923  4
4400  118901  0.158704  0.0100068  0.836276  0.177314  0.259592  4
4500  119481  0.161074  0.010451  0.837278  0.178717  0.285679  4
4600  118713  0.158244  0.00943774  0.839346  0.186397  0.302656  4
4700  119087  0.159496  0.00896748  0.83779  0.189392  0.309536  4
4800  118641  0.160576  0.00972513  0.836698  0.182656  0.274913  4
4900  118892  0.160922  0.0103424  0.838038  0.189203  0.243693  4
5000  118932  0.157282  0.00996727  0.838105  0.192626  0.219559  4
5100  119058  0.159788  0.00926344  0.837312  0.191772  0.226952  4
5200  118670  0.159409  0.0095297  0.84047  0.199362  0.221359  4
5300  119201  0.158049  0.00747883  0.841897  0.202198  0.190066  4
5400  119349  0.158393  0.00693362  0.841197  0.202858  0.19991  4
5500  118699  0.156257  0.0077649  0.840008  0.200006  0.231083  4
5600  118754  0.156349  0.00755564  0.840324  0.187228  0.198557  4
5700  118873  0.157517  0.00656287  0.842175  0.187039  0.259943  4
5800  118758  0.153446  0.00721311  0.839725  0.182979  0.269422  4
5900  118944  0.157498  0.00630042  0.837554  0.179935  0.249737  4
6000  119228  0.159658  0.00586461  0.837803  0.183263  0.278396  4
6100  118982  0.159745  0.00646333  0.838079  0.183718  0.296393  4
6200  119022  0.157811  0.0067113  0.836675  0.1781  0.29588  4
6300  119164  0.154144  0.00656287  0.838855  0.179279  0.276947  4
6400  119090  0.15687  0.0065206  0.83542  0.172061  0.320952  4
6500  118539  0.155408  0.0057299  0.836321  0.174531  0.349154  4
6600  119223  0.154151  0.00523447  0.836275  0.170419  0.358652  4
6700  118669  0.157562  0.00533081  0.834438  0.163683  0.314211  4
6800  118863  0.154608  0.00441401  0.835186  0.154046  0.282895  4
6900  118973  0.152551  0.00370802  0.834945  0.146912  0.277457  4
7000  119180  0.152838  0.0038724  0.833564  0.139131  0.260969  4
7100  119131  0.156281  0.00411251  0.83502  0.146074  0.282854  4
7200  118854  0.15362  0.00369356  0.832299  0.140239  0.289004  4
7300  119131  0.154182  0.0034103  0.831533  0.133424  0.285198  4
7400  119444  0.152394  0.00320006  0.832972  0.131814  0.25944  4
7500  119147  0.151024  0.0027503  0.831827  0.12378  0.28732  4
7600  118880  0.153433  0.00246338  0.831158  0.122302  0.273429  4
7700  119397  0.150415  0.00233007  0.830358  0.117531  0.251944  4
7800  119681  0.151945  0.00377145  0.831209  0.117028  0.308541  4
7900  118966  0.150313  0.00304158  0.831423  0.12237  0.299689  4
8000  119128  0.151535  0.00321659  0.829041  0.114226  0.291688  4
8100  118793  0.14988  0.00359168  0.829144  0.110505  0.265252  4
8200  119003  0.149989  0.00283247  0.830099  0.108078  0.287945  4
8300  119310  0.150214  0.00303949  0.829099  0.107117  0.30269  4
8400  119407  0.15309  0.00300698  0.829284  0.109067  0.304928  4
8500  118999  0.150206  0.00228818  0.830389  0.110773  0.3112  4
8600  119549  0.14982  0.00254107  0.830812  0.115151  0.283412  4
8700  118448  0.151093  0.00250148  0.829843  0.113249  0.300046  4
8800  119589  0.153137  0.00248277  0.82975  0.11379  0.347822  4
8900  119444  0.153365  0.00191639  0.828125  0.11745  0.337515  4
9000  118835  0.153929  0.00172409  0.828262  0.116957  0.296203  4
9100  119302  0.155814  0.0022995  0.826294  0.110521  0.307683  4
9200  119115  0.153378  0.00221957  0.825463  0.108669  0.318592  4
9300  119101  0.154294  0.00189283  0.825857  0.109125  0.334304  4
9400  119237  0.154084  0.00148555  0.827945  0.118555  0.392456  4
9500  119173  0.151432  0.00172834  0.82952  0.121327  0.36786  4
9600  119330  0.151891  0.00138283  0.829526  0.119681  0.369899  4
9700  119240  0.15202  0.001443  0.832844  0.125869  0.366403  4
9800  119407  0.14851  0.00134757  0.832489  0.122399  0.370196  4
9900  118688  0.150096  0.00114052  0.831284  0.124191  0.379826  4
