t meta_n emi  mean_info  tr1  tr2  tr3  strategy
0  123002  0.099232  0.497964  0.90006  0.000805835  1.31702e-05  4
100  119689  0.110783  0.395507  0.902416  0.0735458  -0.00476432  4
200  119250  0.124263  0.323221  0.894701  0.125052  -0.00144859  4
300  119531  0.137942  0.265735  0.888814  0.168015  -0.00884852  4
400  119111  0.141583  0.237261  0.88489  0.204721  -0.0167537  4
500  119399  0.147586  0.215468  0.88064  0.224738  -0.015515  4
600  118993  0.151868  0.192872  0.876007  0.237601  -0.0155706  4
700  118646  0.152626  0.176667  0.872851  0.231276  0.0067515  4
800  118762  0.155996  0.176562  0.873971  0.243237  -0.00132719  4
900  118381  0.153232  0.177064  0.871165  0.249898  -0.0291722  4
1000  119260  0.15471  0.175279  0.872272  0.253692  -0.0243807  4
1100  118877  0.155916  0.173777  0.870312  0.249964  -0.049263  4
1200  119506  0.152942  0.172228  0.871631  0.250068  -0.0793096  4
1300  118808  0.151277  0.158532  0.877032  0.258633  -0.0632495  4
1400  119488  0.154389  0.157796  0.875503  0.26513  -0.0544691  4
1500  119127  0.157227  0.156477  0.874036  0.278227  -0.0763035  4
1600  119430  0.156091  0.152731  0.874624  0.277375  -0.0522369  4
1700  119113  0.154126  0.139114  0.874571  0.266749  -0.0371921  4
1800  118722  0.153846  0.139356  0.872499  0.279517  -0.0590928  4
1900  119126  0.156284  0.139957  0.873432  0.270822  -0.0227882  4
2000  118472  0.150876  0.135972  0.873449  0.270413  -0.00150605  4
2100  119134  0.155652  0.136037  0.874337  0.278098  -0.0130027  4
2200  119516  0.151464  0.140358  0.879526  0.293188  0.0200488  4
2300  118839  0.151607  0.13645  0.880455  0.293287  -0.0230868  4
2400  118976  0.153317  0.132403  0.880199  0.302314  -0.0403358  4
2500  119073  0.153365  0.125942  0.879818  0.29481  -0.0325845  4
2600  119320  0.152794  0.117365  0.876985  0.297159  0.0150161  4
2700  119510  0.153826  0.1104  0.878345  0.299552  0.038895  4
2800  118504  0.155012  0.104729  0.873371  0.28759  0.0286289  4
2900  119291  0.155443  0.104937  0.871512  0.271423  0.0157359  4
3000  118559  0.15507  0.110594  0.868229  0.263435  -0.00741543  4
3100  118874  0.15419  0.108157  0.869005  0.264057  -0.0305004  4
3200  119085  0.154659  0.105963  0.867824  0.262239  -0.0185147  4
3300  119563  0.152782  0.111822  0.869582  0.269093  -0.0300294  4
3400  119241  0.156076  0.109621  0.867138  0.267929  -0.0562367  4
3500  119159  0.157571  0.107726  0.865764  0.257988  -0.0496822  4
3600  119100  0.153508  0.103478  0.865755  0.256655  -0.0339378  4
3700  119052  0.153714  0.104611  0.869576  0.265472  -0.0116917  4
3800  119524  0.151888  0.102335  0.87142  0.266438  -0.0475332  4
3900  119009  0.15232  0.104392  0.869899  0.27456  -0.0745067  4
4000  119505  0.157491  0.0979061  0.865667  0.268408  -0.0755874  4
4100  119380  0.152775  0.0974426  0.866917  0.266144  -0.0930418  4
4200  119079  0.155336  0.0944079  0.865904  0.262535  -0.0985294  4
4300  119387  0.152677  0.0922954  0.86875  0.269428  -0.1074  4
4400  118712  0.150642  0.0967948  0.865426  0.259761  -0.064172  4
4500  119378  0.156617  0.0907569  0.862142  0.26074  -0.0365794  4
4600  119049  0.151767  0.0927994  0.86342  0.258667  -0.0053484  4
4700  119508  0.153819  0.0931526  0.863761  0.263414  -0.0235498  4
4800  119110  0.158012  0.0886139  0.865015  0.266504  -0.0124044  4
4900  119068  0.153313  0.0875365  0.868406  0.275512  -0.0256632  4
5000  119302  0.152874  0.0893273  0.870827  0.279725  -0.0366987  4
5100  118678  0.155046  0.0870628  0.869717  0.286366  -0.0506667  4
5200  119543  0.157455  0.0917334  0.874645  0.294166  -0.0306463  4
5300  119417  0.157458  0.089337  0.876421  0.303464  0.0119  4
5400  119429  0.150769  0.0957357  0.885169  0.326545  0.0358666  4
5500  118874  0.154636  0.0913062  0.881546  0.317429  0.0877957  4
5600  119779  0.152463  0.0924804  0.884223  0.325576  0.051476  4
5700  119423  0.155006  0.089878  0.886739  0.331175  0.0231488  4
5800  119660  0.157648  0.0851567  0.883753  0.325036  0.0475769  4
5900  118932  0.153458  0.0881723  0.886967  0.326834  0.0702022  4
6000  119369  0.157515  0.0913907  0.8829  0.329018  0.0871794  4
6100  119554  0.158012  0.0957517  0.888536  0.339647  0.0703246  4
6200  118937  0.148133  0.0875169  0.888678  0.334306  0.0658066  4
6300  119876  0.157118  0.0913824  0.891143  0.343739  0.0461718  4
6400  119667  0.154244  0.0935305  0.894393  0.348005  0.0640783  4
6500  119640  0.155011  0.0948399  0.895466  0.348864  0.0927733  4
6600  119143  0.150202  0.0901261  0.894819  0.34433  0.12845  4
6700  119688  0.151118  0.0909553  0.896589  0.351092  0.150728  4
6800  119193  0.155286  0.0920307  0.897314  0.354225  0.155471  4
6900  119718  0.146678  0.0900376  0.89732  0.348005  0.210457  4
7000  119443  0.150502  0.0920384  0.900351  0.357487  0.216609  4
7100  119621  0.151796  0.0947993  0.903617  0.374199  0.247841  4
7200  119458  0.155529  0.107005  0.910719  0.39712  0.224848  4
7300  118897  0.149077  0.102629  0.911455  0.401897  0.242522  4
7400  120132  0.150045  0.0998126  0.912592  0.402234  0.216517  4
7500  120391  0.152333  0.0898302  0.913332  0.399566  0.208853  4
7600  119309  0.148668  0.0917277  0.918599  0.417441  0.192983  4
7700  119734  0.154248  0.0949131  0.921281  0.427233  0.173216  4
7800  119461  0.150301  0.0875144  0.91455  0.407518  0.14729  4
7900  119767  0.147556  0.0950344  0.918926  0.419546  0.174259  4
8000  119561  0.149187  0.0988066  0.927746  0.455729  0.185857  4
8100  119886  0.151364  0.104438  0.930237  0.468361  0.184095  4
8200  119054  0.144912  0.0988722  0.926949  0.449159  0.179806  4
8300  119336  0.150422  0.0953724  0.930181  0.460711  0.175996  4
8400  119683  0.150745  0.0994744  0.934119  0.472988  0.167736  4
8500  119417  0.147886  0.0986037  0.932862  0.466159  0.176973  4
8600  119566  0.150296  0.101439  0.936475  0.483272  0.179819  4
8700  119604  0.148334  0.102439  0.939612  0.491972  0.230513  4
8800  119022  0.15024  0.10668  0.943096  0.503015  0.237772  4
8900  119806  0.145529  0.113899  0.946181  0.512249  0.224401  4
9000  119687  0.150199  0.106607  0.942629  0.497647  0.222865  4
9100  119617  0.14738  0.104433  0.941136  0.489479  0.198747  4
9200  120041  0.147506  0.105128  0.946644  0.503123  0.214653  4
9300  119474  0.146404  0.11298  0.952377  0.522214  0.214095  4
9400  119907  0.149642  0.112927  0.957923  0.541037  0.218822  4
9500  119840  0.14737  0.111022  0.955755  0.533115  0.222628  4
9600  119719  0.150618  0.114521  0.959175  0.541717  0.228167  4
9700  119490  0.150993  0.1117  0.959344  0.539455  0.206493  4
9800  120262  0.148704  0.112882  0.9614  0.545573  0.207774  4
9900  119375  0.144588  0.120628  0.964316  0.553592  0.221364  4
