t meta_n emi  mean_info  tr1  tr2  tr3  strategy
0  123617  0.099792  0.50096  0.90007  0.000861605  -8.2759e-05  4
100  120436  0.117751  0.564113  0.904361  0.0645792  -0.0016731  4
200  120098  0.124376  0.618845  0.90372  0.114659  0.00308803  4
300  120781  0.136199  0.652372  0.90134  0.15144  0.00665948  4
400  120873  0.137258  0.677551  0.906236  0.180286  0.0134326  4
500  120936  0.140854  0.714233  0.908066  0.208529  0.00669421  4
600  120617  0.137426  0.735433  0.912541  0.216869  -0.00459685  4
700  120458  0.135792  0.735632  0.918055  0.226771  -0.00960809  4
800  120677  0.133813  0.733487  0.916375  0.231434  -0.0221844  4
900  120513  0.132874  0.739289  0.914864  0.226814  -0.0326571  4
1000  120754  0.135822  0.757747  0.917482  0.236778  -0.0401074  4
1100  120590  0.134422  0.766576  0.917645  0.237607  -0.0509187  4
1200  120874  0.135454  0.763677  0.917765  0.237885  -0.0429439  4
1300  121244  0.136566  0.758601  0.918895  0.242095  -0.0378244  4
1400  121139  0.130932  0.757204  0.920919  0.249228  -0.0583498  4
1500  121215  0.137744  0.767163  0.915847  0.253632  -0.0722343  4
1600  121094  0.135296  0.779237  0.916206  0.248106  -0.0819223  4
1700  120612  0.134945  0.78583  0.916329  0.251846  -0.0498575  4
1800  120569  0.133985  0.787741  0.912416  0.240946  -0.0786905  4
1900  120616  0.133055  0.786504  0.913825  0.240229  -0.0879715  4
2000  120753  0.136346  0.797118  0.914878  0.243541  -0.119917  4
2100  121386  0.1331  0.805834  0.917922  0.240106  -0.120397  4
2200  120693  0.128878  0.806855  0.91962  0.237757  -0.14469  4
2300  120679  0.125506  0.806084  0.922077  0.245946  -0.136012  4
2400  121192  0.130798  0.799758  0.92  0.247412  -0.172739  4
2500  122105  0.129899  0.796778  0.919321  0.239124  -0.203775  4
2600  120532  0.129459  0.800056  0.918001  0.239882  -0.201713  4
2700  120763  0.128375  0.798132  0.919746  0.238359  -0.190015  4
2800  120691  0.123326  0.801625  0.919069  0.229021  -0.201776  4
2900  121398  0.124803  0.81656  0.920131  0.23429  -0.169405  4
3000  120866  0.125257  0.818896  0.920539  0.240058  -0.177315  4
3100  120761  0.128952  0.82045  0.918826  0.235289  -0.180138  4
3200  120557  0.126441  0.824097  0.917419  0.22414  -0.240141  4
3300  121218  0.126191  0.831923  0.915558  0.219909  -0.276403  4
3400  120874  0.12659  0.830255  0.913258  0.215038  -0.286393  4
3500  120810  0.123301  0.834619  0.914549  0.214198  -0.265962  4
3600  121145  0.124218  0.84064  0.913981  0.212961  -0.324716  4
3700  121366  0.126776  0.841788  0.915769  0.210164  -0.319354  4
3800  120689  0.120707  0.836356  0.915748  0.205792  -0.328833  4
3900  121543  0.12563  0.840477  0.912314  0.207313  -0.345434  4
4000  120876  0.122226  0.83728  0.916233  0.210811  -0.393213  4
4100  121044  0.124964  0.835975  0.91569  0.210348  -0.403526  4
4200  121427  0.123856  0.830757  0.914627  0.212943  -0.391227  4
4300  121206  0.121924  0.832954  0.917608  0.215138  -0.354061  4
4400  121111  0.121876  0.827937  0.919758  0.216453  -0.345138  4
4500  121916  0.119333  0.829916  0.920062  0.205014  -0.280724  4
4600  121374  0.118177  0.828507  0.920516  0.207745  -0.30768  4
4700  122036  0.11797  0.82439  0.920693  0.205377  -0.276191  4
4800  121246  0.112949  0.824319  0.923336  0.210395  -0.267561  4
4900  121237  0.119085  0.832779  0.92027  0.205857  -0.242499  4
5000  121124  0.118022  0.835934  0.921363  0.221039  -0.256406  4
5100  121158  0.118162  0.832673  0.921408  0.227556  -0.280469  4
5200  121169  0.119043  0.840967  0.920332  0.22362  -0.287186  4
5300  121475  0.120357  0.842336  0.919516  0.215864  -0.265513  4
5400  121681  0.117951  0.841866  0.919017  0.211806  -0.267002  4
5500  121194  0.121765  0.843431  0.916627  0.214162  -0.33102  4
5600  121414  0.118156  0.836811  0.917558  0.213134  -0.308778  4
5700  121072  0.119438  0.838104  0.916473  0.212471  -0.272975  4
5800  121638  0.124775  0.841231  0.91511  0.210218  -0.223175  4
5900  122038  0.123485  0.846295  0.913831  0.198689  -0.214527  4
6000  121100  0.115965  0.85253  0.916348  0.19613  -0.193106  4
6100  121191  0.114631  0.85336  0.917797  0.200192  -0.17563  4
6200  120544  0.116903  0.857831  0.920903  0.207592  -0.151808  4
6300  121539  0.114588  0.855312  0.918927  0.20019  -0.134343  4
6400  121523  0.116375  0.852539  0.921141  0.202234  -0.12354  4
6500  121435  0.114908  0.860687  0.922035  0.20498  -0.112654  4
6600  121874  0.111012  0.8586  0.921978  0.203093  -0.12715  4
6700  121336  0.115165  0.858259  0.921071  0.197484  -0.113128  4
6800  121639  0.116258  0.855703  0.920171  0.192387  -0.072934  4
6900  120961  0.113271  0.861471  0.920003  0.189811  -0.0928768  4
7000  121485  0.113588  0.857205  0.919539  0.190171  -0.0952555  4
7100  121227  0.115365  0.856403  0.919826  0.192291  -0.0766307  4
7200  121674  0.115496  0.859137  0.920565  0.198404  -0.075402  4
7300  121192  0.11319  0.85802  0.918909  0.191791  -0.0935656  4
7400  121554  0.112796  0.857701  0.919248  0.191645  -0.0916944  4
7500  120933  0.118188  0.855116  0.918878  0.197377  -0.0901194  4
7600  121685  0.114266  0.854961  0.91597  0.18279  -0.0929785  4
7700  121962  0.118328  0.859761  0.917488  0.187253  -0.104092  4
7800  121431  0.116293  0.85788  0.915517  0.177108  -0.0967651  4
7900  121555  0.116315  0.868678  0.914823  0.172024  -0.150139  4
8000  121838  0.115362  0.866066  0.915195  0.172265  -0.141845  4
8100  120919  0.115189  0.864091  0.915333  0.17495  -0.129037  4
8200  121426  0.113317  0.865488  0.913778  0.168124  -0.121133  4
8300  121242  0.110097  0.857303  0.914064  0.171471  -0.122396  4
8400  121456  0.113786  0.854293  0.910475  0.15595  -0.133022  4
8500  121083  0.119425  0.850456  0.90873  0.149867  -0.114847  4
8600  121133  0.116479  0.860602  0.906702  0.142696  -0.0984087  4
8700  120975  0.116269  0.863203  0.907783  0.145916  -0.149423  4
8800  121273  0.120694  0.87013  0.907572  0.14996  -0.161165  4
8900  121447  0.119002  0.869816  0.908708  0.151633  -0.185456  4
9000  121672  0.115354  0.867014  0.90688  0.147465  -0.12479  4
9100  120974  0.115734  0.865471  0.906582  0.143424  -0.15105  4
9200  121251  0.118002  0.872519  0.906235  0.14217  -0.168367  4
9300  121251  0.116514  0.871062  0.906382  0.147145  -0.175801  4
9400  121272  0.117786  0.876695  0.907745  0.145636  -0.178089  4
9500  120642  0.116277  0.87879  0.907813  0.137772  -0.177807  4
9600  121081  0.114505  0.88196  0.90879  0.145843  -0.172251  4
9700  121098  0.119043  0.883629  0.909697  0.1564  -0.209003  4
9800  120882  0.115239  0.887059  0.909333  0.150995  -0.188932  4
9900  121162  0.116544  0.885476  0.908997  0.153511  -0.212284  4
