t meta_n emi  mean_info  tr1  tr2  tr3  strategy
0  122759  0.100432  0.499559  0.900014  0.000744112  8.53883e-05  4
100  118722  0.114162  0.366943  0.899841  0.0741885  0.00156788  4
200  119191  0.128844  0.273982  0.886628  0.124428  -0.00474301  4
300  119101  0.140284  0.226106  0.880615  0.169386  0.00481964  4
400  118617  0.145092  0.185686  0.877665  0.197495  -0.0072352  4
500  118651  0.1492  0.165717  0.875734  0.214913  -0.0108566  4
600  119124  0.150874  0.15319  0.875804  0.225562  -0.0201402  4
700  118794  0.151402  0.14801  0.8728  0.236359  -0.0368137  4
800  118614  0.156693  0.14598  0.869157  0.24204  -0.0204352  4
900  118790  0.155057  0.134464  0.868228  0.237666  -0.0175532  4
1000  119259  0.161841  0.141368  0.867099  0.24763  -0.0405885  4
1100  118904  0.161666  0.130299  0.862548  0.244732  -0.012769  4
1200  118790  0.159144  0.125088  0.86411  0.243949  -0.0105894  4
1300  118826  0.159026  0.125934  0.864504  0.244518  -0.00635718  4
1400  118734  0.15965  0.11932  0.862316  0.237947  -0.0263906  4
1500  118299  0.158551  0.113934  0.86495  0.251281  -0.0129658  4
1600  118573  0.157869  0.11215  0.866005  0.250682  -0.00852555  4
1700  118299  0.161489  0.119292  0.862363  0.254013  0.0122694  4
1800  118349  0.157255  0.12024  0.8657  0.251988  0.0190663  4
1900  118593  0.155029  0.119717  0.867356  0.250793  0.00455802  4
2000  118629  0.155851  0.11635  0.864295  0.2537  0.0405162  4
2100  119009  0.154528  0.113393  0.865131  0.251496  0.0760373  4
2200  118915  0.156433  0.107727  0.864405  0.249853  0.104705  4
2300  119133  0.160485  0.107511  0.862223  0.248445  0.0962266  4
2400  118707  0.1554  0.108788  0.859291  0.237449  0.116516  4
2500  119277  0.155225  0.111236  0.86003  0.238844  0.157843  4
2600  119367  0.158222  0.106265  0.863944  0.251486  0.124506  4
2700  119109  0.15895  0.100983  0.858071  0.240216  0.107922  4
2800  119333  0.157275  0.0906192  0.861048  0.250271  0.10793  4
2900  119428  0.159829  0.0846666  0.858826  0.266956  0.0937914  4
3000  118683  0.158749  0.0860965  0.861456  0.266236  0.0769156  4
3100  119094  0.156482  0.0819124  0.862437  0.262683  0.0642258  4
3200  119371  0.159374  0.0747753  0.858661  0.263146  0.010273  4
3300  118881  0.155225  0.0760664  0.858933  0.252411  0.0202203  4
3400  119051  0.159308  0.0828816  0.858089  0.260917  0.014536  4
3500  118667  0.160791  0.0866034  0.858617  0.262251  0.020021  4
3600  118516  0.158437  0.0809158  0.860191  0.261789  -0.0057989  4
3700  118968  0.160211  0.0736067  0.858271  0.258003  -0.0313421  4
3800  119099  0.15674  0.0715618  0.861198  0.258335  -0.0422146  4
3900  119347  0.158981  0.0738275  0.85644  0.251688  -0.0518624  4
4000  119525  0.155041  0.0711448  0.856125  0.247186  -0.04918  4
4100  119140  0.156573  0.0634155  0.855225  0.247292  -0.0116072  4
4200  119187  0.158698  0.0642254  0.852456  0.243616  -0.0510549  4
4300  119397  0.158568  0.0614744  0.852616  0.238667  -0.0941513  4
4400  118923  0.153494  0.0604057  0.854181  0.23933  -0.140097  4
4500  119100  0.154619  0.055016  0.852561  0.229321  -0.1791  4
4600  119258  0.154438  0.0574131  0.853241  0.219039  -0.223367  4
4700  119286  0.1529  0.0613721  0.852637  0.214316  -0.226341  4
4800  119660  0.152428  0.0610678  0.85417  0.216317  -0.221647  4
4900  119053  0.152846  0.0633756  0.850727  0.214384  -0.268901  4
5000  119126  0.152004  0.0585042  0.852496  0.219666  -0.271969  4
5100  119284  0.15337  0.0536766  0.852304  0.226789  -0.243063  4
5200  119493  0.159348  0.0495896  0.848058  0.223216  -0.205362  4
5300  119042  0.156315  0.0496675  0.848232  0.214084  -0.167792  4
5400  119290  0.152279  0.0454446  0.848027  0.205744  -0.124353  4
5500  118833  0.154553  0.0416638  0.846659  0.20024  -0.143195  4
5600  118727  0.152848  0.0433258  0.846321  0.203254  -0.161546  4
5700  119877  0.15398  0.0456524  0.846273  0.211188  -0.150817  4
5800  118725  0.155589  0.0463969  0.843345  0.194933  -0.138143  4
5900  118523  0.152148  0.0455925  0.845204  0.19768  -0.0959697  4
6000  118928  0.153419  0.0440111  0.843472  0.196289  -0.106983  4
6100  118920  0.154724  0.0406713  0.845268  0.196586  -0.122755  4
6200  119493  0.155599  0.0392059  0.844959  0.201417  -0.119464  4
6300  118965  0.156336  0.039523  0.843304  0.201934  -0.0282679  4
6400  119430  0.154582  0.0355452  0.842842  0.197121  -0.00564917  4
6500  119189  0.154516  0.0320908  0.841968  0.190956  -0.00154099  4
6600  119864  0.158365  0.0321043  0.840854  0.187416  -0.0102357  4
6700  118599  0.157121  0.0327862  0.839081  0.183519  -0.0248918  4
6800  118585  0.155874  0.030913  0.84062  0.187612  -0.0144854  4
6900  119379  0.153995  0.0277321  0.840312  0.183863  -0.0548181  4
7000  118870  0.152251  0.0283572  0.841528  0.179338  -0.0499703  4
7100  118861  0.152515  0.0279414  0.841101  0.178249  -0.0354405  4
7200  119314  0.149124  0.0318226  0.840884  0.168864  -0.00975225  4
7300  119969  0.154461  0.0307334  0.842042  0.175424  -0.0595465  4
7400  119615  0.152109  0.0290203  0.843762  0.17757  -0.0710571  4
7500  119001  0.14923  0.0264332  0.842553  0.17355  -0.098835  4
7600  119684  0.150404  0.0258502  0.842619  0.173028  -0.0678554  4
7700  119254  0.151575  0.0235666  0.840759  0.17284  -0.0501626  4
7800  118961  0.152427  0.0274432  0.840527  0.167224  -0.0698333  4
7900  119382  0.149533  0.0278997  0.842798  0.162185  -0.0861835  4
8000  119189  0.148864  0.0261575  0.842715  0.163519  -0.113059  4
8100  119396  0.14967  0.0265389  0.843286  0.167806  -0.0958005  4
8200  119351  0.150924  0.0272176  0.84276  0.157209  -0.10649  4
8300  119077  0.148113  0.027952  0.842864  0.155066  -0.0458881  4
8400  119477  0.147777  0.0272534  0.842865  0.154233  -0.0541306  4
8500  119273  0.146706  0.0244282  0.84393  0.154317  -0.0657256  4
8600  118961  0.14865  0.0237392  0.844283  0.161744  -0.0582056  4
8700  119165  0.146729  0.0205311  0.844699  0.157189  -0.0280084  4
8800  119194  0.145506  0.0200375  0.842912  0.155068  -0.00370752  4
8900  119836  0.148934  0.0214574  0.841498  0.147652  0.00743992  4
9000  119348  0.145382  0.0222281  0.842297  0.149518  0.05247  4
9100  118832  0.149077  0.0204841  0.839268  0.143866  0.0308056  4
9200  119507  0.149923  0.0201788  0.840168  0.143455  0.0138525  4
9300  118776  0.148639  0.0200041  0.838819  0.142517  0.0162019  4
9400  119199  0.149693  0.018166  0.839905  0.147267  0.0191785  4
9500  119260  0.14831  0.0175063  0.839137  0.142354  0.0467847  4
9600  119327  0.150676  0.0154504  0.840124  0.14747  0.0602343  4
9700  119445  0.147341  0.016226  0.839308  0.149393  0.0604079  4
9800  119311  0.150417  0.0151994  0.83733  0.144036  0.0492157  4
9900  119291  0.147256  0.0150559  0.83748  0.146725  0.0209345  4
