t meta_n emi  mean_info  tr1  tr2  tr3  strategy
0  121955  0.10152  0.496888  0.900074  0.00088182  7.24971e-05  4
100  119261  0.108079  0.3603  0.903985  0.0719875  -0.00197404  4
200  119262  0.123664  0.267621  0.892077  0.12617  0.000595972  4
300  119045  0.133606  0.212397  0.889091  0.172601  -1.66546e-05  4
400  118914  0.144759  0.174981  0.87991  0.203393  -0.00338332  4
500  118985  0.148347  0.150732  0.877866  0.218346  -0.0132835  4
600  119191  0.15002  0.137894  0.87361  0.219615  -0.0195489  4
700  118772  0.155694  0.132949  0.868754  0.230356  -0.0329624  4
800  118900  0.155534  0.129411  0.871435  0.234106  -0.0415889  4
900  119226  0.156276  0.128858  0.866956  0.238755  -0.0591063  4
1000  118747  0.160227  0.131009  0.864628  0.240752  -0.0506421  4
1100  119015  0.157808  0.125827  0.867237  0.249256  -0.0236684  4
1200  118491  0.152982  0.127375  0.876993  0.264501  0.0146322  4
1300  119087  0.153738  0.128862  0.878078  0.265783  0.011599  4
1400  118811  0.153577  0.113753  0.875564  0.26916  0.0229916  4
1500  119082  0.154749  0.109047  0.87317  0.267814  0.00707076  4
1600  119402  0.153254  0.105141  0.86881  0.255588  0.00965957  4
1700  119128  0.157326  0.106327  0.867583  0.261938  0.0320661  4
1800  118718  0.155243  0.105636  0.866297  0.240402  0.00110219  4
1900  119305  0.152911  0.100446  0.864252  0.237551  -0.023234  4
2000  119037  0.157127  0.102489  0.85986  0.232506  -0.0303015  4
2100  118489  0.156421  0.0968624  0.858089  0.228046  -0.0323772  4
2200  119286  0.159851  0.0942115  0.858095  0.229065  -0.0377674  4
2300  119022  0.157929  0.0914942  0.859403  0.234731  -0.0752619  4
2400  119429  0.158027  0.0939012  0.861296  0.239517  -0.0890768  4
2500  119563  0.15692  0.0877327  0.860176  0.231468  -0.112254  4
2600  119184  0.155675  0.0834545  0.86297  0.247435  -0.101995  4
2700  119196  0.153759  0.081621  0.86058  0.233422  -0.11104  4
2800  119303  0.154434  0.0792451  0.859318  0.224536  -0.0730789  4
2900  118757  0.156701  0.08137  0.855857  0.224107  -0.0758125  4
3000  119130  0.155513  0.081888  0.856598  0.220981  -0.049115  4
3100  118458  0.153693  0.0826551  0.854309  0.219356  -0.0273195  4
3200  119258  0.156805  0.0808774  0.853701  0.227845  -0.052828  4
3300  118996  0.157023  0.0750828  0.855274  0.225925  -0.0840171  4
3400  119135  0.157727  0.076325  0.853691  0.23315  -0.103766  4
3500  119189  0.158571  0.0717357  0.850547  0.229392  -0.0647679  4
3600  119038  0.158966  0.0715409  0.850007  0.226459  -0.111943  4
3700  119138  0.159495  0.0747035  0.851897  0.237993  -0.159085  4
3800  118786  0.158931  0.0675214  0.850489  0.246466  -0.194881  4
3900  119448  0.161539  0.0646848  0.853218  0.241679  -0.1859  4
4000  119129  0.155366  0.0715866  0.855339  0.239138  -0.140218  4
4100  119206  0.155703  0.0688491  0.85977  0.247615  -0.148836  4
4200  118991  0.151422  0.0628191  0.861045  0.248444  -0.152362  4
4300  119048  0.151966  0.0630703  0.857446  0.230542  -0.208462  4
4400  118899  0.15045  0.0620354  0.855701  0.22511  -0.213788  4
4500  119280  0.15366  0.0593169  0.855683  0.219911  -0.243812  4
4600  119549  0.155414  0.0565829  0.856341  0.224135  -0.262261  4
4700  118886  0.149688  0.0531068  0.856714  0.222159  -0.258887  4
4800  119557  0.15319  0.0505291  0.853093  0.212174  -0.232213  4
4900  119357  0.152234  0.0518122  0.853231  0.209224  -0.205857  4
5000  118895  0.154604  0.0503418  0.853786  0.21273  -0.214765  4
5100  119072  0.151414  0.051105  0.8508  0.209118  -0.21379  4
5200  118809  0.152637  0.0512153  0.852592  0.218713  -0.265342  4
5300  119987  0.154552  0.0495944  0.853135  0.219794  -0.295141  4
5400  118849  0.154832  0.0489004  0.853476  0.217844  -0.255952  4
5500  119132  0.156399  0.0478338  0.850848  0.215226  -0.287723  4
5600  119231  0.155975  0.04613  0.847498  0.206239  -0.278732  4
5700  119068  0.155138  0.0449631  0.847824  0.197114  -0.280838  4
5800  119233  0.152896  0.0393951  0.84785  0.197522  -0.253824  4
5900  118580  0.153559  0.0406694  0.846346  0.189303  -0.233302  4
6000  119053  0.156621  0.0384109  0.843843  0.187556  -0.229321  4
6100  118927  0.151506  0.0408679  0.846268  0.193842  -0.23192  4
6200  118747  0.149752  0.0360039  0.846336  0.186476  -0.225995  4
6300  119435  0.151283  0.0342016  0.847145  0.199506  -0.223053  4
6400  119351  0.151359  0.0385922  0.851343  0.206766  -0.21989  4
6500  119321  0.153263  0.0374051  0.85413  0.206977  -0.210245  4
6600  119731  0.150118  0.0426079  0.855574  0.212518  -0.201074  4
6700  119486  0.149153  0.0361649  0.85463  0.204207  -0.208864  4
6800  119158  0.150013  0.0391861  0.855736  0.209709  -0.234988  4
6900  119336  0.150679  0.0362274  0.854903  0.201395  -0.217512  4
7000  118968  0.149444  0.0348183  0.852334  0.190721  -0.180986  4
7100  118953  0.148843  0.0323451  0.851483  0.181698  -0.160999  4
7200  118891  0.147264  0.033752  0.853969  0.184638  -0.149275  4
7300  119645  0.146502  0.0308954  0.853621  0.1889  -0.179607  4
7400  119567  0.150977  0.0335784  0.854914  0.194186  -0.180627  4
7500  119077  0.149632  0.0306632  0.850489  0.184049  -0.133743  4
7600  119146  0.147142  0.0310932  0.850185  0.180186  -0.168396  4
7700  119891  0.150144  0.0330912  0.851906  0.192389  -0.19823  4
7800  119608  0.152565  0.0315635  0.850796  0.186982  -0.181149  4
7900  119194  0.149505  0.0303994  0.851791  0.195455  -0.160805  4
8000  119324  0.154995  0.0290998  0.85111  0.195436  -0.164101  4
8100  119222  0.149029  0.0302664  0.851935  0.196144  -0.152077  4
8200  119262  0.151365  0.0367303  0.854195  0.20555  -0.153404  4
8300  119424  0.154317  0.0420723  0.85836  0.21936  -0.160098  4
8400  119148  0.149826  0.0373525  0.857338  0.208209  -0.163637  4
8500  119627  0.151803  0.043294  0.861858  0.230636  -0.216896  4
8600  119559  0.149267  0.0467824  0.864683  0.235708  -0.228672  4
8700  118992  0.150228  0.0435677  0.865855  0.241067  -0.247918  4
8800  119127  0.149237  0.0458384  0.866622  0.244453  -0.239775  4
8900  119179  0.152604  0.0482466  0.86784  0.247918  -0.244267  4
9000  119784  0.148194  0.0444792  0.867169  0.251253  -0.260881  4
9100  119469  0.148357  0.0421182  0.867665  0.25438  -0.246773  4
9200  119330  0.149691  0.0420073  0.866239  0.248027  -0.238377  4
9300  119483  0.149955  0.0430686  0.868125  0.255821  -0.258852  4
9400  119320  0.152479  0.0426528  0.867914  0.258376  -0.266337  4
9500  119902  0.15088  0.0475576  0.871533  0.272648  -0.275343  4
9600  119306  0.155008  0.0449241  0.869311  0.263936  -0.25085  4
9700  119606  0.149668  0.0436065  0.870472  0.26564  -0.252604  4
9800  119069  0.15224  0.043108  0.870353  0.268572  -0.247641  4
9900  119473  0.15118  0.0425921  0.871761  0.279053  -0.288949  4
