t meta_n emi  mean_info  tr1  tr2  tr3  strategy
0  123148  0.099424  0.496752  0.899974  0.000797845  -2.36492e-05  4
100  118967  0.110196  0.35145  0.901561  0.069623  -0.00161401  4
200  118802  0.125406  0.255571  0.891731  0.124308  0.0069948  4
300  118875  0.136395  0.198438  0.878723  0.154694  -0.0144083  4
400  119200  0.146226  0.168848  0.871404  0.175539  0.00874403  4
500  118285  0.152631  0.150027  0.86526  0.199191  0.0168176  4
600  118454  0.154941  0.133038  0.866243  0.209113  0.0494667  4
700  119071  0.160172  0.122513  0.862416  0.226092  0.0630961  4
800  119370  0.162902  0.118095  0.863536  0.241902  0.0760649  4
900  119184  0.160718  0.121488  0.86484  0.239091  0.0920021  4
1000  119121  0.158995  0.114216  0.865379  0.23825  0.0609329  4
1100  119289  0.159848  0.111903  0.865722  0.248886  0.0457517  4
1200  118410  0.154766  0.113509  0.867688  0.249326  0.0825404  4
1300  119587  0.156366  0.108117  0.870087  0.251688  0.0818643  4
1400  118539  0.156642  0.105926  0.86697  0.252088  0.0677641  4
1500  118695  0.154981  0.100303  0.867558  0.252639  0.0645707  4
1600  119064  0.159633  0.0976091  0.862075  0.245252  0.0900248  4
1700  119316  0.154724  0.0954222  0.865373  0.248557  0.0888082  4
1800  118520  0.156859  0.0932058  0.864542  0.259061  0.12575  4
1900  118968  0.158403  0.091362  0.86366  0.259322  0.104633  4
2000  119190  0.157146  0.091996  0.865628  0.265498  0.0886717  4
2100  118519  0.156458  0.0892226  0.868291  0.277754  0.126386  4
2200  118863  0.158125  0.0846446  0.866406  0.266536  0.114547  4
2300  119269  0.162269  0.0811942  0.861444  0.260355  0.124557  4
2400  118249  0.155115  0.0799148  0.864776  0.264491  0.155579  4
2500  119042  0.157214  0.0791182  0.865627  0.258934  0.175472  4
2600  118559  0.151078  0.0799873  0.868537  0.260923  0.193143  4
2700  118899  0.153941  0.0767662  0.867819  0.256306  0.163931  4
2800  119381  0.159113  0.0783458  0.86747  0.264055  0.179821  4
2900  118874  0.151834  0.07789  0.861507  0.244211  0.1927  4
3000  119209  0.15333  0.0722626  0.861997  0.249277  0.213865  4
3100  118947  0.152605  0.0749518  0.862419  0.250354  0.195383  4
3200  119526  0.157147  0.0715193  0.859943  0.238132  0.216223  4
3300  118839  0.157828  0.0703164  0.856954  0.245887  0.221776  4
3400  119210  0.151331  0.0706397  0.859672  0.243839  0.258384  4
3500  119124  0.156961  0.0650785  0.856419  0.24736  0.260271  4
3600  119398  0.160638  0.0678434  0.857224  0.245956  0.228838  4
3700  118716  0.154039  0.0654424  0.859442  0.237923  0.231687  4
3800  118637  0.15011  0.0669183  0.861539  0.237914  0.247239  4
3900  119518  0.15009  0.0636112  0.862491  0.243836  0.294533  4
4000  118964  0.150532  0.0596268  0.859831  0.235142  0.2961  4
4100  119390  0.149904  0.0554716  0.857835  0.228947  0.259118  4
4200  119307  0.154542  0.0482067  0.855468  0.220771  0.247314  4
4300  118772  0.14989  0.0458948  0.855206  0.222294  0.27044  4
4400  118770  0.156779  0.0455167  0.854785  0.225443  0.262102  4
4500  118791  0.151418  0.0420529  0.857985  0.236604  0.29446  4
4600  119600  0.151968  0.0414348  0.858662  0.242727  0.300084  4
4700  118938  0.153461  0.0389361  0.856625  0.243054  0.316184  4
4800  119169  0.149474  0.0452043  0.858442  0.238239  0.30557  4
4900  119501  0.151532  0.0435472  0.856392  0.235661  0.326535  4
5000  118978  0.151295  0.0468456  0.854233  0.237723  0.297771  4
5100  118634  0.150356  0.0491092  0.852562  0.225059  0.29201  4
5200  119284  0.157288  0.0451003  0.851505  0.223859  0.296756  4
5300  119464  0.1514  0.041544  0.855178  0.226826  0.23679  4
5400  119597  0.153319  0.0393965  0.852673  0.221256  0.211735  4
5500  119332  0.152113  0.0390432  0.854247  0.222466  0.193131  4
5600  119661  0.149347  0.0397344  0.854584  0.224439  0.174333  4
5700  119507  0.152846  0.0378336  0.851402  0.225282  0.163091  4
5800  119087  0.154109  0.0370261  0.852919  0.228576  0.22126  4
5900  118787  0.15127  0.0348719  0.854052  0.223388  0.203714  4
6000  118610  0.150882  0.0347045  0.854233  0.228101  0.214613  4
6100  119272  0.155033  0.0331719  0.854424  0.229636  0.236839  4
6200  118870  0.15209  0.0338314  0.853495  0.229405  0.230108  4
6300  118967  0.148854  0.0295065  0.855903  0.237716  0.223898  4
6400  119147  0.15109  0.0291  0.855615  0.236975  0.219508  4
6500  119818  0.152012  0.0274616  0.853528  0.220408  0.182651  4
6600  119157  0.148897  0.0263384  0.852125  0.214209  0.200453  4
6700  118798  0.14868  0.0278651  0.852754  0.222222  0.196114  4
6800  119194  0.150429  0.0269653  0.855066  0.229913  0.210571  4
6900  119254  0.14759  0.0281161  0.855077  0.226674  0.210469  4
7000  119291  0.14762  0.0250465  0.855204  0.226242  0.219542  4
7100  119643  0.147663  0.0246889  0.855874  0.225186  0.234217  4
7200  119783  0.147111  0.0238051  0.855137  0.224962  0.229901  4
7300  119156  0.151481  0.0211305  0.854051  0.229378  0.278772  4
7400  119350  0.150051  0.0220336  0.852882  0.22717  0.285271  4
7500  119193  0.148931  0.0245839  0.852332  0.223393  0.295488  4
7600  119017  0.148015  0.0220318  0.851668  0.216513  0.317827  4
7700  118940  0.152039  0.0198079  0.85125  0.219434  0.298269  4
7800  118918  0.152959  0.0200683  0.849868  0.215708  0.325893  4
7900  118772  0.153316  0.0202016  0.849084  0.210452  0.31833  4
8000  119284  0.151779  0.0170164  0.84718  0.203163  0.282468  4
8100  119018  0.151844  0.0146714  0.84652  0.200557  0.26144  4
8200  119850  0.154275  0.0144348  0.846375  0.198063  0.265595  4
8300  119214  0.15287  0.0153115  0.846097  0.200349  0.264676  4
8400  119949  0.153445  0.0147081  0.844832  0.193207  0.255428  4
8500  119458  0.154595  0.0137242  0.842753  0.184734  0.246153  4
8600  119474  0.152364  0.014016  0.842327  0.185419  0.265769  4
8700  119007  0.151918  0.0127783  0.84224  0.186627  0.28551  4
8800  119097  0.152307  0.0123315  0.843707  0.19697  0.345926  4
8900  119142  0.153031  0.0121264  0.844874  0.200258  0.360185  4
9000  118837  0.152809  0.0117595  0.843262  0.194405  0.388881  4
9100  119293  0.156684  0.0123666  0.843978  0.195931  0.408169  4
9200  118597  0.151314  0.0113718  0.843146  0.18794  0.377664  4
9300  119431  0.15281  0.0104471  0.846226  0.198085  0.434408  4
9400  118916  0.151946  0.00857152  0.844813  0.187297  0.39026  4
9500  119656  0.154481  0.00774962  0.842426  0.178749  0.363481  4
9600  118791  0.153324  0.00781506  0.841718  0.18034  0.350576  4
9700  119429  0.151419  0.00899269  0.841191  0.169542  0.323386  4
9800  119185  0.150761  0.00972611  0.840897  0.163768  0.344716  4
9900  118983  0.148558  0.0092188  0.84075  0.158334  0.386654  4
