t meta_n emi  mean_info  tr1  tr2  tr3  strategy
0  120932  0.101096  0.494062  0.899889  0.000801167  -4.63248e-05  4
100  118131  0.109081  0.151545  0.895733  0.0726136  0.00156823  4
200  118921  0.12887  0.0791505  0.885419  0.123635  0.0157657  4
300  118356  0.139896  0.0589798  0.880058  0.159068  -0.00435622  4
400  118379  0.144779  0.0525926  0.873963  0.180762  0.00132491  4
500  118377  0.148378  0.0471117  0.869928  0.198301  -0.0021223  4
600  119419  0.154025  0.0484314  0.866952  0.216552  0.0040111  4
700  118641  0.155187  0.04719  0.869002  0.222972  0.0154328  4
800  118429  0.156571  0.0428389  0.864466  0.22899  0.0196744  4
900  118547  0.158374  0.0435792  0.865408  0.243951  0.00255532  4
1000  118357  0.160428  0.0436185  0.865007  0.253769  0.00330123  4
1100  118404  0.160674  0.042371  0.861214  0.244832  0.0439837  4
1200  118439  0.162272  0.0407224  0.864148  0.251868  0.0471582  4
1300  118687  0.162297  0.0387848  0.863565  0.256993  0.0269319  4
1400  118321  0.165099  0.0385618  0.85881  0.258396  0.0279403  4
1500  118551  0.16162  0.0369633  0.862086  0.249638  0.0381168  4
1600  118539  0.158879  0.0358256  0.861073  0.241468  0.0485708  4
1700  118295  0.160057  0.0322801  0.861516  0.248469  0.0237396  4
1800  118862  0.163109  0.0303978  0.858153  0.245286  0.0336191  4
1900  118899  0.162154  0.0318465  0.859239  0.249898  0.0209781  4
2000  118632  0.158711  0.0305645  0.860796  0.249879  0.0306376  4
2100  118596  0.162277  0.028388  0.857384  0.250129  -0.022467  4
2200  118254  0.159923  0.0278269  0.854631  0.235075  -0.00656194  4
2300  119111  0.161198  0.027374  0.857218  0.236178  -0.0197431  4
2400  118233  0.158987  0.0287095  0.856957  0.242544  0.000373636  4
2500  118782  0.154913  0.0276733  0.859647  0.242533  -0.0021354  4
2600  118731  0.155381  0.0261605  0.860074  0.235123  -0.0194543  4
2700  118932  0.15482  0.026116  0.857151  0.225688  -0.0290483  4
2800  118853  0.154827  0.0244812  0.859374  0.230362  0.0167334  4
2900  118167  0.155679  0.0217375  0.859557  0.237616  0.0313919  4
3000  118714  0.155757  0.021326  0.858041  0.236546  0.0420616  4
3100  118997  0.159747  0.0194358  0.852044  0.220779  0.0180076  4
3200  118533  0.159898  0.0170603  0.850654  0.214432  -0.00528339  4
3300  118451  0.156022  0.0190074  0.84796  0.198815  -0.0170334  4
3400  118924  0.157242  0.0186894  0.845765  0.198279  -0.05175  4
3500  119179  0.159202  0.0170443  0.842394  0.198247  -0.0111753  4
3600  119124  0.158901  0.0195416  0.846853  0.198689  -0.0379754  4
3700  118054  0.155988  0.0166761  0.845429  0.205281  -0.00969633  4
3800  118930  0.155244  0.0157022  0.848068  0.202353  0.00302818  4
3900  119194  0.15833  0.0159551  0.847689  0.204368  -0.00679959  4
4000  119197  0.157303  0.0156856  0.845505  0.209309  0.0421915  4
4100  119071  0.161395  0.0153449  0.844948  0.217531  0.0409378  4
4200  119003  0.158724  0.014001  0.845265  0.214285  0.0072732  4
4300  118392  0.157035  0.0136377  0.842984  0.207155  0.0311755  4
4400  118543  0.154343  0.0114765  0.844557  0.199926  0.00619182  4
4500  119639  0.157783  0.0121657  0.846822  0.201941  0.00205272  4
4600  118945  0.151983  0.0115402  0.849426  0.206283  0.0295402  4
4700  118736  0.151597  0.0132058  0.848868  0.204369  0.0412042  4
4800  119294  0.15643  0.0111445  0.844352  0.19934  0.0556899  4
4900  119305  0.159245  0.00994725  0.842044  0.196251  0.0973422  4
5000  118993  0.155792  0.00983229  0.844234  0.200865  0.143106  4
5100  119264  0.155598  0.0102838  0.842698  0.205469  0.137697  4
5200  119368  0.160582  0.00929902  0.838902  0.196317  0.115417  4
5300  118793  0.16009  0.00912928  0.838309  0.196137  0.118262  4
5400  119149  0.162028  0.00937146  0.839104  0.19777  0.13841  4
5500  118919  0.159446  0.00872905  0.838661  0.188715  0.130589  4
5600  118623  0.154856  0.00839209  0.840333  0.187778  0.167839  4
5700  119209  0.155046  0.0086708  0.840164  0.185981  0.203708  4
5800  119202  0.157734  0.00802065  0.83982  0.182883  0.161056  4
5900  118979  0.153331  0.00718892  0.840179  0.177542  0.138684  4
6000  119185  0.153031  0.0074618  0.84061  0.176096  0.13218  4
6100  118733  0.150961  0.00733961  0.84139  0.173993  0.145863  4
6200  119132  0.154033  0.00749461  0.84306  0.171986  0.168501  4
6300  119461  0.147806  0.00695782  0.844639  0.176581  0.142507  4
6400  119163  0.150965  0.00662351  0.843949  0.17879  0.0909868  4
6500  119089  0.150402  0.00601144  0.843774  0.178949  0.0614827  4
6600  119126  0.153181  0.00566374  0.843052  0.170577  0.0773451  4
6700  119226  0.149504  0.00613543  0.844554  0.17403  0.0481338  4
6800  118757  0.148751  0.00537538  0.844418  0.179684  0.0683893  4
6900  119622  0.151933  0.00491796  0.8456  0.184146  0.0905578  4
7000  119126  0.151562  0.00472168  0.843978  0.182744  0.097499  4
7100  119156  0.153087  0.00533204  0.842027  0.178358  0.113228  4
7200  119055  0.151693  0.0050138  0.842231  0.182179  0.125642  4
7300  119067  0.153463  0.00501046  0.840152  0.178616  0.13664  4
7400  118817  0.152973  0.00454011  0.839301  0.167522  0.154659  4
7500  119371  0.153312  0.00399037  0.837998  0.160367  0.163276  4
7600  119421  0.1509  0.0031205  0.839452  0.159122  0.156299  4
7700  119115  0.149485  0.00420712  0.839467  0.151432  0.16651  4
7800  119034  0.153449  0.00433203  0.837743  0.156429  0.165747  4
7900  118971  0.15147  0.00396885  0.837021  0.149674  0.190731  4
8000  119497  0.155488  0.00305241  0.836376  0.145031  0.247799  4
8100  119829  0.15348  0.00419975  0.836063  0.146524  0.243224  4
8200  118829  0.150659  0.00329612  0.835172  0.145534  0.277618  4
8300  118890  0.152125  0.00315536  0.834335  0.138141  0.27956  4
8400  119549  0.154143  0.00266958  0.834605  0.140333  0.289304  4
8500  119516  0.150733  0.003465  0.835231  0.142348  0.256227  4
8600  119256  0.151651  0.00264369  0.835482  0.144137  0.285085  4
8700  119443  0.15159  0.0023865  0.835931  0.149584  0.304113  4
8800  119039  0.151852  0.0028058  0.83697  0.154407  0.296058  4
8900  119050  0.155416  0.00283032  0.836109  0.153072  0.311269  4
9000  119081  0.150481  0.00264783  0.837196  0.151052  0.337635  4
9100  119051  0.151546  0.00200571  0.837489  0.151514  0.335966  4
9200  119799  0.150816  0.00172654  0.83876  0.157992  0.336224  4
9300  119208  0.151933  0.0020584  0.838507  0.157499  0.325414  4
9400  119695  0.149003  0.00225602  0.836556  0.154923  0.323018  4
9500  119184  0.150842  0.00158293  0.835163  0.14861  0.343801  4
9600  119347  0.153907  0.00170514  0.83503  0.149593  0.361277  4
9700  119213  0.149956  0.00170342  0.834512  0.145094  0.377232  4
9800  119101  0.151378  0.00185374  0.834365  0.14788  0.397294  4
9900  118502  0.152514  0.00104061  0.834516  0.144112  0.3776  4
