t meta_n emi  mean_info  tr1  tr2  tr3  strategy
0  122165  0.099824  0.495225  0.900066  0.000812735  5.52512e-05  4
100  118413  0.108058  0.265773  0.898508  0.0681508  -0.000650527  4
200  118957  0.127046  0.157396  0.888612  0.121452  -0.00201692  4
300  119003  0.138626  0.108712  0.881308  0.155993  -0.0139459  4
400  118720  0.145687  0.097166  0.876482  0.184943  -0.0196091  4
500  118306  0.148945  0.0889611  0.871886  0.203723  -0.0264061  4
600  118795  0.151807  0.0878325  0.868331  0.212754  -0.0186911  4
700  118867  0.156266  0.0752512  0.867816  0.235383  0.0204383  4
800  118646  0.158831  0.0773194  0.864027  0.241348  0.0172188  4
900  118761  0.157669  0.0776959  0.86795  0.248869  0.0107985  4
1000  117808  0.160366  0.0758242  0.862697  0.253917  0.00493935  4
1100  118919  0.162326  0.0713423  0.863308  0.247673  0.0144152  4
1200  118692  0.162781  0.0672912  0.860205  0.23895  0.0210794  4
1300  118201  0.159933  0.0622367  0.861333  0.237096  -0.000651089  4
1400  119458  0.164675  0.0616612  0.857917  0.240754  0.0191934  4
1500  118273  0.165642  0.0624386  0.852005  0.228586  0.024201  4
1600  118546  0.159982  0.0605543  0.856653  0.229811  0.0196457  4
1700  118100  0.157214  0.0597008  0.859679  0.230312  0.010779  4
1800  118600  0.159525  0.0611392  0.856326  0.229674  -0.0191945  4
1900  118200  0.160453  0.0570966  0.851879  0.218242  -0.0311537  4
2000  118731  0.159254  0.0587627  0.853203  0.209866  -0.0174394  4
2100  118804  0.155611  0.0539  0.860455  0.224021  0.0157165  4
2200  118962  0.154618  0.0523478  0.855983  0.218397  0.0512708  4
2300  118854  0.156776  0.0524015  0.85611  0.215116  0.0277273  4
2400  118648  0.154886  0.0516144  0.856888  0.228293  0.0569292  4
2500  119510  0.156801  0.0445976  0.8531  0.208909  0.0436337  4
2600  119238  0.15333  0.0466098  0.853475  0.20872  0.0249055  4
2700  118957  0.158329  0.0464834  0.852139  0.214102  0.0187296  4
2800  118698  0.160056  0.0442393  0.851212  0.220378  -0.0118285  4
2900  118586  0.160049  0.0452763  0.851408  0.220049  0.00494642  4
3000  119191  0.157625  0.0419409  0.85377  0.219115  0.0262171  4
3100  118627  0.158939  0.0417596  0.853759  0.22029  -0.00187991  4
3200  119361  0.15827  0.0367113  0.854462  0.228363  -0.0656522  4
3300  118914  0.156222  0.0382289  0.856307  0.233483  -0.0556057  4
3400  119511  0.157037  0.0376722  0.854675  0.239019  -0.0469  4
3500  119223  0.155628  0.0366886  0.856442  0.231396  -0.0546118  4
3600  118534  0.154525  0.035111  0.856828  0.228863  -0.0568656  4
3700  119159  0.154863  0.0326629  0.857893  0.232968  -0.073996  4
3800  118961  0.154789  0.0316636  0.85828  0.230875  -0.071738  4
3900  118994  0.155008  0.0265088  0.854583  0.223442  -0.081238  4
4000  119088  0.152949  0.0270141  0.853826  0.212353  -0.116736  4
4100  118921  0.153738  0.0289081  0.853068  0.215322  -0.134566  4
4200  118955  0.154603  0.026664  0.853133  0.22308  -0.176182  4
4300  118265  0.154481  0.025208  0.85073  0.212739  -0.153167  4
4400  119094  0.157195  0.0249489  0.848359  0.209655  -0.163918  4
4500  119481  0.156957  0.0235288  0.846718  0.213048  -0.155243  4
4600  119073  0.158358  0.0220501  0.845534  0.200379  -0.192675  4
4700  118698  0.158458  0.0222817  0.844853  0.196566  -0.155794  4
4800  119556  0.155738  0.0205389  0.843105  0.189053  -0.181623  4
4900  119165  0.155293  0.0226257  0.843919  0.188534  -0.188326  4
5000  119070  0.158188  0.0209955  0.844026  0.191561  -0.189941  4
5100  118772  0.156655  0.0213991  0.840652  0.186799  -0.180559  4
5200  118761  0.155943  0.0199757  0.838455  0.173952  -0.175458  4
5300  118842  0.153898  0.0206814  0.838072  0.172162  -0.183322  4
5400  119220  0.15559  0.0200949  0.839251  0.176709  -0.175291  4
5500  119058  0.155017  0.0182098  0.840953  0.178913  -0.159822  4
5600  118818  0.155103  0.0170034  0.841968  0.181277  -0.209338  4
5700  119956  0.153631  0.0180712  0.842421  0.182004  -0.227215  4
5800  119244  0.155598  0.0176689  0.842528  0.183426  -0.241598  4
5900  118749  0.154643  0.0180262  0.844197  0.189619  -0.240715  4
6000  119148  0.15273  0.0180027  0.8468  0.201807  -0.213497  4
6100  119013  0.154493  0.0160844  0.84832  0.208277  -0.263966  4
6200  119648  0.152245  0.0158672  0.849825  0.213421  -0.253591  4
6300  119025  0.152642  0.0158308  0.848923  0.213042  -0.21582  4
6400  119215  0.1544  0.0158268  0.846527  0.202096  -0.157551  4
6500  119639  0.150937  0.016667  0.847222  0.19871  -0.150455  4
6600  119337  0.154278  0.0135214  0.846629  0.196459  -0.160389  4
6700  118471  0.151311  0.0119981  0.845397  0.190423  -0.134937  4
6800  118962  0.151673  0.0129187  0.846106  0.18559  -0.181027  4
6900  119168  0.149018  0.011175  0.843105  0.172343  -0.178122  4
7000  119137  0.15094  0.0107267  0.840512  0.166825  -0.171404  4
7100  119045  0.151309  0.0112348  0.840631  0.169307  -0.178261  4
7200  119403  0.150893  0.00975744  0.839366  0.157714  -0.232899  4
7300  119213  0.148962  0.00809925  0.838742  0.150977  -0.230513  4
7400  120138  0.154129  0.00725094  0.837069  0.144653  -0.231574  4
7500  118620  0.150844  0.00795451  0.835226  0.135091  -0.260591  4
7600  118801  0.1516  0.0076896  0.832869  0.127804  -0.3133  4
7700  119773  0.149598  0.00756547  0.832889  0.132252  -0.306951  4
7800  118756  0.152835  0.00727591  0.833312  0.145562  -0.298397  4
7900  119313  0.155801  0.00765878  0.834382  0.151534  -0.325988  4
8000  119223  0.152212  0.00717894  0.835405  0.14994  -0.284446  4
8100  119022  0.150897  0.00756472  0.83517  0.149008  -0.348717  4
8200  119178  0.150184  0.00923828  0.837414  0.151912  -0.349605  4
8300  119121  0.151544  0.00838297  0.837124  0.156368  -0.346609  4
8400  119400  0.150785  0.0087038  0.839835  0.168324  -0.294311  4
8500  119846  0.15336  0.00669549  0.837813  0.157768  -0.302723  4
8600  118818  0.149749  0.00551327  0.837377  0.152554  -0.287868  4
8700  119347  0.149248  0.00643357  0.836949  0.146863  -0.277639  4
8800  119290  0.151816  0.00556292  0.8363  0.146694  -0.289628  4
8900  118960  0.149182  0.00502792  0.836634  0.1499  -0.25786  4
9000  118862  0.152043  0.00507993  0.837486  0.14708  -0.255202  4
9100  118893  0.150126  0.00478131  0.837614  0.148499  -0.27975  4
9200  119357  0.153764  0.00430624  0.836554  0.147833  -0.249848  4
9300  118683  0.155274  0.00438793  0.835137  0.146237  -0.242061  4
9400  119397  0.150363  0.00448941  0.835534  0.144188  -0.285185  4
9500  118781  0.151282  0.00366567  0.835388  0.14711  -0.269888  4
9600  119182  0.151464  0.00329769  0.836747  0.153798  -0.280182  4
9700  119429  0.151565  0.00344608  0.83559  0.151065  -0.309603  4
9800  119105  0.152687  0.0036106  0.834902  0.14716  -0.291409  4
9900  119791  0.152308  0.00229333  0.835478  0.154905  -0.319036  4
