t meta_n emi  mean_info  tr1  tr2  tr3  strategy
0  122963  0.099968  0.497889  0.900009  0.000807918  -7.32451e-05  4
100  120492  0.115983  0.522745  0.904245  0.0751325  -0.000718785  4
200  119963  0.125966  0.538352  0.899327  0.126238  -0.00957181  4
300  120652  0.133228  0.560802  0.897957  0.162522  -0.0183191  4
400  119615  0.138083  0.558844  0.89909  0.189613  -0.0169274  4
500  119966  0.140157  0.567853  0.897542  0.205931  -0.0174447  4
600  119958  0.147357  0.583667  0.892807  0.231867  -0.0133842  4
700  119926  0.147104  0.585045  0.896055  0.240211  0.0156916  4
800  119283  0.147853  0.580062  0.896796  0.255941  0.0376514  4
900  119452  0.143616  0.58122  0.904426  0.274599  0.034605  4
1000  120212  0.145105  0.58099  0.901982  0.275325  0.021698  4
1100  119802  0.144235  0.587391  0.90733  0.290887  0.0196249  4
1200  120825  0.139907  0.584065  0.909994  0.285853  0.0115855  4
1300  120104  0.13892  0.592813  0.909546  0.284581  0.0139954  4
1400  120506  0.141335  0.589144  0.910943  0.292189  0.00382709  4
1500  120267  0.141338  0.594173  0.909201  0.288198  0.00229146  4
1600  119966  0.140314  0.588089  0.906781  0.265307  -0.0234557  4
1700  120238  0.137568  0.588662  0.903128  0.273047  0.00472616  4
1800  120444  0.141701  0.58673  0.904865  0.269685  0.0333687  4
1900  120138  0.137754  0.565185  0.904824  0.281493  -0.000564489  4
2000  119937  0.136033  0.570946  0.906232  0.282849  -0.0141864  4
2100  120249  0.139111  0.578182  0.903723  0.277932  0.0414625  4
2200  120245  0.142297  0.580259  0.906762  0.283008  0.0403739  4
2300  120007  0.136851  0.580183  0.904187  0.279027  0.069073  4
2400  120351  0.135379  0.579154  0.902698  0.274591  0.0504999  4
2500  120422  0.137072  0.578355  0.902298  0.276728  0.0151457  4
2600  120266  0.138758  0.577988  0.901249  0.260775  0.00749382  4
2700  120342  0.136915  0.572612  0.902661  0.267397  0.0267386  4
2800  120229  0.13465  0.570703  0.901988  0.258758  0.0132253  4
2900  120089  0.134515  0.560728  0.904245  0.277002  -0.019768  4
3000  120268  0.139324  0.564772  0.901203  0.275288  -0.00448183  4
3100  120863  0.141353  0.563296  0.901024  0.278383  -0.0214107  4
3200  120035  0.133907  0.548521  0.904623  0.285204  -0.0175309  4
3300  120150  0.134891  0.538876  0.902912  0.284762  -0.0378826  4
3400  120820  0.140489  0.545763  0.903768  0.305534  -0.0277404  4
3500  120197  0.133257  0.536483  0.907645  0.317734  -0.0376811  4
3600  120657  0.140051  0.539523  0.908116  0.318628  -0.0484339  4
3700  120511  0.136337  0.527803  0.907317  0.319541  -0.0871744  4
3800  120291  0.138279  0.537309  0.907905  0.327555  -0.108827  4
3900  120412  0.134675  0.542091  0.91049  0.341809  -0.0984291  4
4000  120460  0.135184  0.53482  0.910221  0.331553  -0.0802007  4
4100  120371  0.132502  0.532354  0.908284  0.327364  -0.0544385  4
4200  120304  0.139178  0.529359  0.905319  0.325225  -0.0603051  4
4300  119969  0.135808  0.537998  0.903658  0.323973  -0.0746778  4
4400  120780  0.138264  0.5286  0.904467  0.325514  -0.12316  4
4500  120583  0.136735  0.523551  0.905493  0.326942  -0.161377  4
4600  120315  0.13587  0.523308  0.904965  0.32514  -0.172119  4
4700  121260  0.139429  0.515802  0.903581  0.331952  -0.208559  4
4800  120506  0.133418  0.516374  0.904615  0.327941  -0.169532  4
4900  120544  0.136779  0.516254  0.902787  0.321475  -0.178496  4
5000  120224  0.13291  0.519972  0.903189  0.318135  -0.14313  4
5100  120248  0.132584  0.528196  0.907245  0.336854  -0.137284  4
5200  120705  0.132412  0.529833  0.909219  0.343258  -0.131081  4
5300  120440  0.13367  0.531124  0.908258  0.339421  -0.128443  4
5400  120123  0.129643  0.532047  0.909133  0.339545  -0.0876713  4
5500  120582  0.129105  0.53915  0.910686  0.342861  -0.0843691  4
5600  120935  0.13401  0.530543  0.907902  0.335087  -0.0335251  4
5700  120189  0.133864  0.515185  0.908186  0.341873  -0.0113327  4
5800  120715  0.129103  0.512811  0.911842  0.358707  -0.0338607  4
5900  120347  0.125771  0.504213  0.912723  0.356653  -0.0164125  4
6000  120645  0.129067  0.499359  0.915989  0.372806  -0.0791733  4
6100  120557  0.130419  0.494913  0.914484  0.376663  -0.062945  4
6200  120544  0.12698  0.498261  0.91414  0.37025  -0.0879948  4
6300  120421  0.127098  0.49712  0.913865  0.375869  -0.0971069  4
6400  121320  0.134369  0.502699  0.913541  0.37684  -0.163616  4
6500  120752  0.131848  0.502902  0.915499  0.394422  -0.175627  4
6600  120647  0.131068  0.508453  0.915445  0.384129  -0.15315  4
6700  120174  0.132853  0.508827  0.911743  0.37111  -0.153844  4
6800  119867  0.125986  0.507044  0.913496  0.37771  -0.109745  4
6900  120339  0.129026  0.508397  0.915141  0.386328  -0.0734144  4
7000  120666  0.127784  0.49988  0.916561  0.387598  -0.046007  4
7100  121037  0.130576  0.497683  0.914933  0.385309  -0.023838  4
7200  120004  0.127208  0.500444  0.913329  0.382923  -0.0361682  4
7300  119882  0.128197  0.490126  0.913896  0.39298  -0.0482791  4
7400  120416  0.125756  0.498506  0.916583  0.402287  0.0196176  4
7500  120783  0.129659  0.491827  0.917635  0.415153  0.0325879  4
7600  120916  0.127662  0.493814  0.92047  0.421195  0.00942948  4
7700  120967  0.128035  0.493039  0.921364  0.430777  0.00969208  4
7800  120650  0.128584  0.487975  0.922353  0.432575  -0.0109302  4
7900  120274  0.124862  0.486038  0.92565  0.448258  -0.0719388  4
8000  121124  0.127645  0.484563  0.927359  0.459096  -0.0873118  4
8100  120513  0.129026  0.485333  0.927831  0.465301  -0.0880812  4
8200  120314  0.128252  0.487817  0.930368  0.479073  -0.0906902  4
8300  120762  0.126808  0.484889  0.929729  0.473713  -0.0861374  4
8400  120880  0.126463  0.484399  0.930639  0.482253  -0.0325052  4
8500  119846  0.125004  0.489378  0.933762  0.499962  0.0137172  4
8600  120548  0.133363  0.494445  0.934003  0.49702  0.0365623  4
8700  120499  0.126616  0.495123  0.934172  0.501823  0.0498834  4
8800  120965  0.125975  0.48838  0.93609  0.509941  0.0392259  4
8900  120712  0.128099  0.490801  0.935098  0.512902  0.0173102  4
9000  120871  0.131651  0.487554  0.934744  0.514535  -0.000477387  4
9100  120637  0.127255  0.48213  0.934885  0.517194  0.0248423  4
9200  120780  0.12718  0.489594  0.936885  0.524515  0.0308843  4
9300  120951  0.128157  0.485351  0.93758  0.521406  0.0430741  4
9400  120147  0.128494  0.478285  0.937753  0.523496  0.0409859  4
9500  120133  0.128143  0.477104  0.936134  0.516707  0.0394593  4
9600  121017  0.129235  0.473024  0.93722  0.524513  -0.00247215  4
9700  120546  0.125282  0.473713  0.937026  0.52075  0.0461572  4
9800  120492  0.128517  0.473617  0.937471  0.529953  0.0719747  4
9900  120933  0.12925  0.472159  0.935248  0.520048  0.101731  4
