t meta_n emi  mean_info  tr1  tr2  tr3  strategy
0  121639  0.100176  0.494614  0.900085  0.000815342  0.000126697  4
100  119283  0.111168  0.238423  0.896535  0.0663798  0.000240628  4
200  119427  0.126522  0.132039  0.888303  0.117353  -0.00137325  4
300  118890  0.137848  0.0978082  0.87851  0.154397  0.0099203  4
400  118705  0.144396  0.0804657  0.875229  0.183928  -0.000115601  4
500  118937  0.156234  0.075456  0.868563  0.207045  -0.00665045  4
600  118801  0.154597  0.067168  0.868137  0.221437  0.000633774  4
700  118591  0.160524  0.0653704  0.863537  0.235946  -0.00915465  4
800  118219  0.156898  0.0639198  0.865288  0.239358  -0.00595227  4
900  118661  0.161397  0.0634731  0.862454  0.250691  -0.000172729  4
1000  118791  0.161785  0.066196  0.86533  0.262523  0.0143524  4
1100  118585  0.156826  0.0633507  0.870947  0.26708  0.0197268  4
1200  119214  0.157316  0.0614791  0.872135  0.262979  0.0144928  4
1300  118600  0.154756  0.0556297  0.871675  0.255911  0.0341449  4
1400  119086  0.154215  0.052667  0.872798  0.256346  0.0474979  4
1500  118986  0.154689  0.0536865  0.872411  0.254593  0.0459037  4
1600  118426  0.149977  0.05385  0.872913  0.256195  0.0512355  4
1700  119216  0.153776  0.0533033  0.867931  0.247054  0.0189971  4
1800  119024  0.152088  0.0520013  0.866654  0.243844  0.0497999  4
1900  119074  0.156968  0.0467686  0.863016  0.253517  0.0172809  4
2000  119005  0.153466  0.0453262  0.863546  0.251841  0.0194381  4
2100  119278  0.153218  0.047207  0.863851  0.253754  -0.00700947  4
2200  118754  0.155176  0.0476096  0.864856  0.250914  -0.00469598  4
2300  119209  0.156521  0.0448604  0.863834  0.247559  -0.0104943  4
2400  118689  0.15644  0.0421234  0.859106  0.244402  0.00415252  4
2500  118377  0.156007  0.0412246  0.858762  0.246482  -0.019631  4
2600  119134  0.15828  0.0416138  0.858092  0.237549  -0.0227003  4
2700  118939  0.160229  0.0376356  0.85294  0.239988  -0.0402818  4
2800  119215  0.158379  0.0365768  0.854245  0.232659  -0.0354725  4
2900  119075  0.159231  0.0347936  0.852333  0.230299  -0.048221  4
3000  119462  0.156423  0.0350948  0.856408  0.241944  -0.0256194  4
3100  119272  0.160124  0.0328658  0.855599  0.240962  -0.0334138  4
3200  118973  0.157182  0.0317607  0.856486  0.240861  -0.0165456  4
3300  118298  0.152782  0.0310865  0.857957  0.247669  0.00286912  4
3400  119423  0.157008  0.0319559  0.856634  0.240355  -0.0133698  4
3500  118977  0.156816  0.0313311  0.855701  0.239945  0.00325243  4
3600  118568  0.155126  0.0282062  0.853296  0.233431  0.0185987  4
3700  118838  0.157354  0.0274016  0.852171  0.23473  0.00646735  4
3800  118928  0.157024  0.0294418  0.85465  0.24196  0.00427801  4
3900  119315  0.157356  0.0275348  0.854088  0.240103  0.0167996  4
4000  119740  0.156627  0.0246425  0.8534  0.239795  0.0411178  4
4100  119130  0.155855  0.024128  0.853062  0.231517  0.0580447  4
4200  119202  0.156163  0.0241191  0.858276  0.236523  0.0241139  4
4300  118484  0.150884  0.0229878  0.856919  0.229918  0.0550812  4
4400  119714  0.153533  0.0228236  0.853518  0.228685  0.0503381  4
4500  119401  0.156124  0.01882  0.852851  0.237018  0.0415715  4
4600  118694  0.156122  0.0209247  0.854969  0.246566  0.0452524  4
4700  119411  0.160136  0.020397  0.851713  0.241755  0.0231458  4
4800  118200  0.157243  0.0181509  0.851882  0.236756  0.0305435  4
4900  119204  0.15599  0.0191789  0.852075  0.240885  0.0716622  4
5000  119030  0.15402  0.0192891  0.85017  0.24287  0.0581333  4
5100  118769  0.156326  0.0178561  0.85095  0.245254  0.0468599  4
5200  119139  0.157487  0.0179485  0.850813  0.24111  0.0441009  4
5300  119286  0.154602  0.016501  0.850351  0.228356  0.0606141  4
5400  119570  0.156764  0.0180529  0.851864  0.232796  0.017979  4
5500  119409  0.153675  0.0169496  0.849507  0.218803  -0.00339173  4
5600  119233  0.15483  0.0146397  0.849305  0.218255  -0.00898179  4
5700  118919  0.152967  0.0145256  0.848912  0.213805  -0.00670965  4
5800  118958  0.150942  0.0143711  0.849612  0.218642  -0.0368237  4
5900  119207  0.15377  0.012608  0.849622  0.217901  -0.0160233  4
6000  119180  0.154043  0.0122754  0.84884  0.219781  -0.00345014  4
6100  119215  0.155572  0.0123435  0.848321  0.217808  -0.00215493  4
6200  119250  0.153327  0.0109381  0.847599  0.213366  -0.0158792  4
6300  119277  0.151247  0.0111601  0.84885  0.207793  0.0128921  4
6400  119348  0.151256  0.00959716  0.848395  0.212617  -0.0290005  4
6500  119007  0.152716  0.0102135  0.848588  0.214749  -0.0221112  4
6600  119505  0.151961  0.0107985  0.850234  0.21706  0.0506474  4
6700  118963  0.15061  0.0117804  0.848256  0.205565  0.0509945  4
6800  119267  0.150531  0.0119866  0.846841  0.206183  0.0600028  4
6900  118911  0.152409  0.0107823  0.84564  0.204432  0.0565065  4
7000  119447  0.153495  0.0100004  0.845624  0.20386  0.0512145  4
7100  119066  0.153375  0.00973349  0.845205  0.210638  0.0628044  4
7200  118860  0.154618  0.00913611  0.845662  0.211868  0.0593856  4
7300  119239  0.152741  0.00839566  0.844455  0.205486  0.0698476  4
7400  119036  0.152679  0.00860436  0.844819  0.199279  0.041048  4
7500  118969  0.14824  0.00687827  0.845242  0.19817  0.0627695  4
7600  118703  0.152521  0.00554925  0.845348  0.197535  0.0261254  4
7700  119460  0.150046  0.00571199  0.844213  0.192113  0.0129128  4
7800  119127  0.151813  0.00585421  0.843688  0.187405  -0.0239489  4
7900  119017  0.152418  0.00467577  0.842971  0.185013  -0.0656542  4
8000  119605  0.152482  0.00534176  0.84273  0.181973  -0.0600031  4
8100  119298  0.150495  0.00479937  0.841103  0.180356  -0.0777973  4
8200  119552  0.149377  0.00561321  0.843156  0.184163  -0.112725  4
8300  118722  0.153498  0.0054101  0.841629  0.187017  -0.0959093  4
8400  118928  0.152759  0.00559383  0.839728  0.177738  -0.089595  4
8500  119461  0.153378  0.00546131  0.840617  0.187725  -0.0629412  4
8600  119251  0.154301  0.00468821  0.840646  0.184345  -0.0620159  4
8700  119470  0.150804  0.00470691  0.83967  0.180093  -0.0365751  4
8800  118975  0.15464  0.0054115  0.840161  0.183461  0.00833444  4
8900  118768  0.151231  0.00609143  0.840799  0.18515  -0.00746601  4
9000  118478  0.151656  0.00567126  0.84284  0.18688  -0.0214629  4
9100  119053  0.151365  0.00539104  0.841934  0.182982  0.0236272  4
9200  119590  0.148042  0.0042604  0.840649  0.179536  0.00671336  4
9300  119018  0.153157  0.00429288  0.84152  0.182511  -0.0279998  4
9400  118908  0.150483  0.00445349  0.842175  0.184216  -0.0542466  4
9500  119782  0.152411  0.00396146  0.841706  0.177645  -0.0789387  4
9600  119171  0.153212  0.00428283  0.841313  0.185316  -0.0792041  4
9700  119750  0.153109  0.00317506  0.841418  0.185639  -0.0437992  4
9800  119220  0.151007  0.00349524  0.841331  0.185096  -0.0913956  4
9900  118687  0.153593  0.00372207  0.842594  0.194759  -0.144169  4
