t meta_n emi  mean_info  tr1  tr2  tr3  strategy
0  122926  0.099256  0.498745  0.900019  0.000839732  -0.000157594  4
100  120339  0.11432  0.462281  0.902695  0.0696719  -0.00818305  4
200  119964  0.121612  0.442825  0.900931  0.125858  -0.00283204  4
300  119395  0.134763  0.407618  0.894566  0.169707  0.0205314  4
400  119397  0.137284  0.373246  0.893848  0.20672  0.0209729  4
500  119148  0.143722  0.382404  0.892387  0.239335  0.0211002  4
600  119043  0.146806  0.360289  0.892263  0.264812  0.015811  4
700  119398  0.148379  0.352158  0.896428  0.278927  0.0422704  4
800  118893  0.148296  0.339926  0.893868  0.290366  0.0466158  4
900  119254  0.149061  0.326258  0.891321  0.301116  0.060554  4
1000  119403  0.153365  0.317977  0.89124  0.311007  0.0622328  4
1100  119380  0.151991  0.324731  0.891759  0.298741  0.0911729  4
1200  119458  0.154652  0.322952  0.88936  0.30775  0.0838689  4
1300  119563  0.148718  0.320511  0.892215  0.310167  0.0956419  4
1400  119669  0.155108  0.298916  0.891942  0.320193  0.104297  4
1500  119436  0.151043  0.304145  0.892399  0.32122  0.106267  4
1600  119241  0.147667  0.300868  0.892892  0.314816  0.110109  4
1700  119388  0.147753  0.292124  0.89341  0.29611  0.102267  4
1800  119528  0.149034  0.289762  0.889807  0.295789  0.0772118  4
1900  119601  0.150677  0.274881  0.889597  0.301128  0.0797319  4
2000  119754  0.146067  0.273141  0.891052  0.307917  0.0883452  4
2100  119723  0.149046  0.270596  0.887723  0.312084  0.0858253  4
2200  119740  0.151045  0.27732  0.888978  0.312553  0.142806  4
2300  119947  0.150926  0.275039  0.887488  0.320448  0.120924  4
2400  120051  0.151545  0.271342  0.889119  0.329034  0.103781  4
2500  118804  0.14901  0.26482  0.892482  0.33314  0.0990403  4
2600  119844  0.151464  0.259941  0.885717  0.317952  0.0795809  4
2700  119936  0.152419  0.252112  0.88595  0.326412  0.0707118  4
2800  119080  0.152147  0.257194  0.88643  0.328175  0.0140679  4
2900  119720  0.15306  0.266837  0.890664  0.342805  0.0320657  4
3000  120166  0.148216  0.273178  0.892481  0.341172  0.0188365  4
3100  120067  0.147542  0.266945  0.893511  0.342159  0.0101664  4
3200  119438  0.149458  0.263033  0.892639  0.330055  0.018645  4
3300  119536  0.147675  0.265271  0.895745  0.340981  0.0540843  4
3400  119504  0.148709  0.261197  0.901251  0.360221  -0.018694  4
3500  119672  0.152592  0.252897  0.900771  0.368291  0.0310746  4
3600  120046  0.15067  0.261297  0.906041  0.386743  0.0183717  4
3700  119922  0.152324  0.26797  0.907305  0.389356  0.020375  4
3800  120009  0.154182  0.259075  0.906293  0.387169  0.0470284  4
3900  119867  0.15034  0.250328  0.910492  0.395119  0.0247509  4
4000  119569  0.146536  0.246457  0.911961  0.393468  -0.00610543  4
4100  119662  0.145983  0.246111  0.910778  0.39126  0.0293942  4
4200  119942  0.149096  0.239882  0.90921  0.387549  0.0446177  4
4300  120103  0.144889  0.239107  0.910786  0.388602  0.0847761  4
4400  119759  0.145974  0.242551  0.91347  0.403105  0.130824  4
4500  120109  0.148192  0.243022  0.916281  0.4221  0.137788  4
4600  119722  0.148638  0.242451  0.920424  0.422824  0.12734  4
4700  120197  0.148473  0.233807  0.924489  0.438062  0.168155  4
4800  119872  0.144345  0.228175  0.932473  0.455197  0.200577  4
4900  119990  0.146915  0.228361  0.933075  0.455506  0.202653  4
5000  119650  0.147226  0.23078  0.937559  0.465073  0.186639  4
5100  119490  0.144206  0.231937  0.941973  0.468973  0.158747  4
5200  119868  0.142671  0.228395  0.948793  0.495861  0.185871  4
5300  119693  0.141066  0.22835  0.955048  0.511394  0.19166  4
5400  120547  0.147405  0.224356  0.954988  0.507997  0.157957  4
5500  120362  0.147806  0.232094  0.957071  0.526561  0.188331  4
5600  119646  0.14526  0.238894  0.959768  0.543541  0.185689  4
5700  120532  0.144137  0.231791  0.964718  0.557683  0.224153  4
5800  120051  0.149725  0.240565  0.973639  0.595394  0.242998  4
5900  119611  0.147002  0.238571  0.978934  0.602603  0.249518  4
6000  119592  0.145327  0.226354  0.970708  0.576796  0.237527  4
6100  119362  0.144895  0.224045  0.972277  0.579698  0.241045  4
6200  119174  0.14346  0.228235  0.977104  0.595553  0.272005  4
6300  119757  0.142206  0.226849  0.97874  0.597593  0.266186  4
6400  120314  0.145721  0.23372  0.980753  0.606342  0.258574  4
6500  120239  0.150945  0.234669  0.979805  0.6038  0.264277  4
6600  119675  0.146981  0.230817  0.983694  0.616506  0.276638  4
6700  119727  0.145029  0.219738  0.978363  0.600373  0.226213  4
6800  120030  0.146194  0.228729  0.982215  0.618158  0.228143  4
6900  119064  0.14308  0.22475  0.987193  0.628498  0.256713  4
7000  120152  0.146834  0.226853  0.986602  0.624108  0.252508  4
7100  119515  0.143497  0.221762  0.98374  0.607278  0.262897  4
7200  119626  0.147271  0.22552  0.9878  0.620335  0.260998  4
7300  119609  0.149102  0.225387  0.986263  0.61313  0.258397  4
7400  120053  0.152305  0.227088  0.985812  0.618071  0.249864  4
7500  119580  0.143341  0.218492  0.989968  0.627417  0.273162  4
7600  119890  0.146174  0.212306  0.993902  0.636795  0.297904  4
7700  120197  0.142849  0.211566  0.995585  0.643908  0.319118  4
7800  120251  0.148175  0.213532  0.997204  0.651005  0.330713  4
7900  119804  0.142903  0.209307  0.994928  0.642437  0.356865  4
8000  119870  0.14879  0.213905  0.996923  0.656946  0.381317  4
8100  119974  0.151684  0.213376  1.00221  0.6749  0.409896  4
8200  120756  0.151703  0.214409  1.00295  0.674936  0.428624  4
8300  119788  0.147651  0.215628  1.00574  0.687148  0.441709  4
8400  120455  0.153138  0.215037  1.00721  0.696689  0.433198  4
8500  119793  0.147827  0.221398  1.00948  0.701592  0.458241  4
8600  119854  0.148997  0.219855  1.01097  0.710135  0.460341  4
8700  119987  0.152432  0.215188  1.00598  0.692595  0.421931  4
8800  119292  0.149166  0.211006  1.00539  0.695718  0.420465  4
8900  119422  0.151059  0.218443  1.00935  0.7039  0.421474  4
9000  119511  0.145202  0.215354  1.0087  0.701529  0.426394  4
9100  120139  0.145294  0.222623  1.0128  0.714695  0.422392  4
9200  119921  0.153628  0.217485  1.01273  0.718028  0.415797  4
9300  120375  0.147975  0.210757  1.01365  0.715744  0.425938  4
9400  120429  0.147216  0.210379  1.01587  0.722246  0.436819  4
9500  120228  0.14752  0.213346  1.01816  0.733545  0.441682  4
9600  120073  0.148925  0.2175  1.02079  0.73954  0.447146  4
9700  120299  0.148024  0.217819  1.02384  0.748249  0.466517  4
9800  120357  0.150682  0.222004  1.02784  0.756805  0.491909  4
9900  120314  0.147354  0.220488  1.02784  0.757474  0.490449  4
