t meta_n emi  mean_info  tr1  tr2  tr3  strategy
0  120478  0.099936  0.492439  0.89995  0.000789318  -5.41973e-05  4
100  118126  0.113238  0.127688  0.89367  0.0730254  -0.000290431  4
200  118697  0.131242  0.0650176  0.885865  0.122488  -0.00648954  4
300  118729  0.144756  0.0527063  0.873672  0.160055  -0.0204942  4
400  118237  0.144911  0.0445325  0.877846  0.197832  -0.0269518  4
500  118751  0.149822  0.0400287  0.874421  0.215759  -0.00163536  4
600  118413  0.154452  0.0405643  0.873229  0.234275  0.00728339  4
700  118808  0.15382  0.0380535  0.872299  0.245949  0.00825763  4
800  118853  0.160021  0.0372463  0.867311  0.244591  0.00482176  4
900  118891  0.160458  0.0347923  0.867517  0.257833  -0.014745  4
1000  118180  0.159815  0.0340624  0.864878  0.259281  0.0107647  4
1100  118395  0.157974  0.0335052  0.865547  0.267966  0.0407467  4
1200  118777  0.164026  0.0342423  0.865974  0.273768  0.0744133  4
1300  118735  0.1605  0.0326149  0.864911  0.264231  0.0585151  4
1400  118264  0.156789  0.0290295  0.865487  0.267834  0.0934828  4
1500  118851  0.162958  0.0295869  0.863818  0.265346  0.102975  4
1600  118435  0.160807  0.0301917  0.863712  0.264906  0.097071  4
1700  118569  0.160427  0.0263844  0.858956  0.248235  0.0847262  4
1800  118417  0.157855  0.0267076  0.859788  0.240712  0.0793222  4
1900  118549  0.159705  0.0256724  0.858186  0.234093  0.120303  4
2000  118938  0.156383  0.0229957  0.861281  0.228563  0.137072  4
2100  119174  0.156343  0.0227642  0.860138  0.221517  0.171336  4
2200  118332  0.15344  0.0235032  0.864961  0.229435  0.206919  4
2300  119052  0.154882  0.0231166  0.861961  0.235115  0.19187  4
2400  118516  0.154318  0.0231049  0.862336  0.230754  0.216431  4
2500  118884  0.157979  0.0207049  0.86231  0.24424  0.205174  4
2600  118687  0.157473  0.0205739  0.857085  0.232914  0.206734  4
2700  118331  0.155757  0.0208834  0.855993  0.225604  0.197637  4
2800  119229  0.158834  0.0202523  0.852931  0.222629  0.138464  4
2900  119142  0.159412  0.0171959  0.849404  0.211059  0.113118  4
3000  118442  0.153475  0.0183491  0.853239  0.213405  0.0938216  4
3100  118996  0.153321  0.0160166  0.85357  0.2126  0.167634  4
3200  118446  0.152598  0.0168721  0.852742  0.208966  0.170386  4
3300  118708  0.155053  0.0147449  0.854046  0.208501  0.166177  4
3400  118952  0.152608  0.0157569  0.850874  0.212032  0.153615  4
3500  118468  0.152997  0.0155074  0.852175  0.215091  0.117277  4
3600  118650  0.153967  0.0147377  0.85251  0.218003  0.0986878  4
3700  119026  0.155732  0.0121588  0.849946  0.201683  0.126844  4
3800  119294  0.156354  0.0130397  0.848035  0.203843  0.157227  4
3900  119075  0.158339  0.01341  0.848559  0.209248  0.167961  4
4000  118560  0.156459  0.0125999  0.843836  0.204981  0.21112  4
4100  119145  0.15894  0.0124643  0.841131  0.194924  0.240402  4
4200  119214  0.158113  0.0126706  0.842739  0.203213  0.234475  4
4300  118807  0.157165  0.0108837  0.843874  0.208558  0.236408  4
4400  118712  0.155646  0.0116725  0.846936  0.201681  0.255779  4
4500  119192  0.155108  0.0118714  0.844368  0.20062  0.217992  4
4600  119894  0.157648  0.0101339  0.845827  0.204254  0.161755  4
4700  119306  0.150909  0.00937844  0.845761  0.19733  0.171236  4
4800  118694  0.153862  0.00920374  0.84508  0.201616  0.168779  4
4900  118891  0.159657  0.00920555  0.842764  0.204897  0.132619  4
5000  119476  0.159745  0.00922339  0.842299  0.206406  0.0849101  4
5100  119717  0.158832  0.00901976  0.842034  0.19827  0.0731225  4
5200  118923  0.156138  0.00825281  0.843772  0.20507  0.126161  4
5300  119097  0.159685  0.00889435  0.844223  0.212431  0.107555  4
5400  118899  0.153325  0.00867743  0.844012  0.20836  0.124392  4
5500  119237  0.158594  0.00820937  0.844967  0.206514  0.144919  4
5600  118395  0.156768  0.00750517  0.842878  0.20342  0.158754  4
5700  119355  0.157491  0.006851  0.843092  0.202759  0.171631  4
5800  119842  0.158222  0.00695817  0.842258  0.200656  0.137133  4
5900  119519  0.156746  0.00549116  0.841774  0.193169  0.102953  4
6000  119759  0.159136  0.00566791  0.840699  0.196018  0.141708  4
6100  118442  0.155645  0.00592885  0.842206  0.203825  0.13142  4
6200  119006  0.156541  0.00558529  0.841823  0.200293  0.157903  4
6300  119238  0.154865  0.00497915  0.843128  0.201339  0.165757  4
6400  119686  0.153763  0.00490377  0.843157  0.19425  0.131303  4
6500  119001  0.154759  0.00397706  0.843808  0.189529  0.138986  4
6600  118868  0.155602  0.00491914  0.844851  0.189566  0.114366  4
6700  118764  0.151202  0.00422864  0.844805  0.176363  0.128159  4
6800  118757  0.152819  0.00461411  0.845909  0.185435  0.13468  4
6900  118772  0.148162  0.00420086  0.848087  0.187999  0.12851  4
7000  119806  0.150384  0.00330606  0.845111  0.178853  0.123576  4
7100  119213  0.150498  0.0035737  0.847463  0.186405  0.131815  4
7200  119726  0.148835  0.00314828  0.846543  0.182103  0.148664  4
7300  118900  0.147903  0.00368544  0.847548  0.183391  0.15571  4
7400  119391  0.149446  0.00302823  0.846977  0.185953  0.196011  4
7500  119067  0.147331  0.00336043  0.846463  0.175172  0.132593  4
7600  119310  0.150025  0.00395951  0.844674  0.168918  0.0846312  4
7700  119081  0.149227  0.00309845  0.84401  0.167929  0.0651322  4
7800  119768  0.150558  0.00346562  0.842291  0.163737  0.0776732  4
7900  118974  0.147376  0.00318407  0.841286  0.158112  0.0625359  4
8000  118983  0.147474  0.00260358  0.841666  0.15553  0.102905  4
8100  119700  0.150348  0.00198949  0.843146  0.163251  0.141114  4
8200  119395  0.149579  0.00243463  0.84249  0.164201  0.173893  4
8300  119515  0.150917  0.00195363  0.842766  0.171105  0.178441  4
8400  119101  0.149095  0.00186829  0.843234  0.175009  0.172221  4
8500  119166  0.147912  0.00158732  0.843547  0.175922  0.147195  4
8600  119144  0.151561  0.00186714  0.842481  0.183406  0.170427  4
8700  119431  0.153596  0.00200752  0.842004  0.181133  0.198205  4
8800  120295  0.154538  0.00170598  0.840965  0.181537  0.202936  4
8900  118803  0.152588  0.00150733  0.842703  0.182402  0.177935  4
9000  119565  0.150932  0.00106734  0.841868  0.175183  0.146563  4
9100  119564  0.152138  0.00128048  0.840009  0.16587  0.123383  4
9200  119084  0.146393  0.0012549  0.84126  0.160554  0.145025  4
9300  119911  0.150535  0.00116898  0.841598  0.158172  0.172229  4
9400  119035  0.143704  0.00182481  0.841313  0.150229  0.149705  4
9500  119542  0.147892  0.00174247  0.840568  0.158213  0.0857533  4
9600  119421  0.147128  0.00172209  0.840462  0.154418  0.0681879  4
9700  119522  0.150146  0.00139727  0.840626  0.152716  0.0745746  4
9800  119865  0.149085  0.000906413  0.841947  0.149939  0.0427818  4
9900  119578  0.145338  0.00113235  0.841885  0.148624  0.00960502  4
