t meta_n emi  mean_info  tr1  tr2  tr3  strategy
0  121517  0.099736  0.49414  0.900088  0.000850423  0.000106531  4
100  118984  0.109383  0.192333  0.895834  0.0737673  -0.00427672  4
200  119541  0.128083  0.0993835  0.890272  0.121898  0.0087749  4
300  118634  0.133129  0.0727672  0.884452  0.152155  0.00885956  4
400  119278  0.146527  0.0605053  0.873961  0.180548  0.0273146  4
500  118566  0.151106  0.0575925  0.869121  0.202941  0.0258872  4
600  119126  0.155346  0.05548  0.869223  0.213702  0.00837779  4
700  118705  0.153237  0.0546105  0.868667  0.229475  0.0134522  4
800  118920  0.163079  0.0522613  0.864549  0.239515  0.00553297  4
900  118391  0.165262  0.0495828  0.857115  0.235416  -0.0140424  4
1000  118374  0.162  0.0471787  0.853631  0.229198  -0.0358018  4
1100  118373  0.164524  0.048855  0.855716  0.235138  -0.023704  4
1200  118796  0.162726  0.047066  0.859403  0.241337  -0.0411428  4
1300  118646  0.162536  0.0458437  0.859703  0.248298  -0.0476087  4
1400  118464  0.163574  0.0421687  0.853231  0.23717  -0.0132864  4
1500  118738  0.166867  0.0418566  0.854099  0.236166  -0.00946665  4
1600  118250  0.162699  0.039249  0.85644  0.239024  -0.0488099  4
1700  118676  0.161932  0.0394771  0.851998  0.228085  -0.0608404  4
1800  118280  0.161193  0.0405356  0.853149  0.233988  -0.0680458  4
1900  118685  0.159175  0.0376983  0.855353  0.237361  -0.0649463  4
2000  119151  0.164347  0.035464  0.854595  0.241453  -0.0752582  4
2100  119266  0.163151  0.0354592  0.857533  0.242355  -0.0833658  4
2200  118198  0.158531  0.031837  0.855261  0.233127  -0.0656006  4
2300  118759  0.160433  0.034425  0.850719  0.222752  -0.0764081  4
2400  118247  0.157601  0.0305318  0.85451  0.236654  -0.0894594  4
2500  118559  0.160504  0.030299  0.855386  0.243197  -0.0807316  4
2600  118554  0.161986  0.0326872  0.855087  0.244736  -0.0913573  4
2700  118461  0.161291  0.0310119  0.855937  0.252806  -0.0982997  4
2800  118963  0.159994  0.0274165  0.854847  0.242374  -0.0867596  4
2900  118372  0.158365  0.0269265  0.859126  0.241367  -0.0720683  4
3000  119125  0.162694  0.0263988  0.851183  0.235589  -0.0644657  4
3100  118900  0.160903  0.0251817  0.851611  0.23867  -0.0629757  4
3200  118590  0.156362  0.0238339  0.853836  0.24054  -0.0456125  4
3300  119315  0.162264  0.0226509  0.85295  0.244043  -0.0464522  4
3400  118905  0.157752  0.0219761  0.852083  0.240476  -0.0538648  4
3500  118903  0.160703  0.0218548  0.850667  0.235525  -0.038234  4
3600  119235  0.157364  0.0216603  0.849524  0.225951  -0.0231612  4
3700  119147  0.157275  0.0211525  0.846929  0.218436  0.00695681  4
3800  118783  0.158289  0.0213723  0.848699  0.218106  0.00566642  4
3900  118677  0.15478  0.0226015  0.84609  0.216963  0.00743516  4
4000  118442  0.160425  0.0203845  0.847349  0.217127  0.0407183  4
4100  119186  0.159577  0.0183368  0.847408  0.208607  0.0446765  4
4200  119488  0.157065  0.017939  0.848414  0.206116  0.0270933  4
4300  118957  0.157313  0.0174311  0.844037  0.197558  0.0227591  4
4400  118817  0.156493  0.0168376  0.843302  0.194302  0.033587  4
4500  118468  0.155182  0.0170275  0.842784  0.193404  0.0248015  4
4600  118941  0.155573  0.0165539  0.842986  0.193422  -0.000548616  4
4700  118598  0.159493  0.014608  0.840378  0.19835  -0.000459777  4
4800  118805  0.160823  0.0143636  0.838959  0.202555  0.0319862  4
4900  118432  0.158399  0.0137645  0.839092  0.195845  0.0247551  4
5000  119721  0.157871  0.0147668  0.841702  0.199251  0.0445362  4
5100  119629  0.16101  0.0129182  0.839091  0.19737  0.0855659  4
5200  118532  0.158852  0.0125419  0.83668  0.19212  0.106444  4
5300  119059  0.159884  0.0118753  0.835652  0.190874  0.114062  4
5400  118793  0.160236  0.0118928  0.83694  0.191324  0.0925846  4
5500  118879  0.155683  0.011481  0.839862  0.196534  0.112065  4
5600  118966  0.155296  0.0108218  0.839331  0.191152  0.115741  4
5700  119188  0.155621  0.0104352  0.841817  0.200602  0.17021  4
5800  119321  0.154233  0.0104547  0.841671  0.201129  0.234673  4
5900  119096  0.158609  0.0102747  0.838284  0.197967  0.255395  4
6000  119349  0.161217  0.00894635  0.838828  0.1971  0.307488  4
6100  119998  0.158898  0.00827271  0.838095  0.19348  0.3038  4
6200  119069  0.155533  0.00854303  0.839184  0.191854  0.278491  4
6300  119114  0.159384  0.0067744  0.836411  0.184124  0.281031  4
6400  119585  0.157865  0.00688249  0.837311  0.188193  0.253793  4
6500  119769  0.155658  0.0067108  0.83808  0.176925  0.252915  4
6600  118907  0.15471  0.00784336  0.837478  0.172186  0.224299  4
6700  119288  0.157599  0.00684646  0.834728  0.166018  0.222706  4
6800  118775  0.156789  0.00862046  0.834365  0.164796  0.2076  4
6900  119456  0.156364  0.00709776  0.834364  0.167566  0.19077  4
7000  119044  0.157792  0.0054863  0.833778  0.168466  0.210647  4
7100  119184  0.160055  0.00608174  0.833479  0.162511  0.228177  4
7200  119239  0.157245  0.00627505  0.83573  0.16819  0.231097  4
7300  119515  0.153842  0.00649233  0.836636  0.167691  0.211203  4
7400  119546  0.154495  0.00482629  0.835508  0.157149  0.171885  4
7500  119187  0.152488  0.00423412  0.838263  0.166488  0.138424  4
7600  119190  0.153663  0.00442816  0.838368  0.163567  0.154785  4
7700  118996  0.149652  0.0040979  0.839823  0.16352  0.152066  4
7800  119213  0.148381  0.00486952  0.841658  0.16811  0.166828  4
7900  118944  0.151852  0.00492762  0.839786  0.163571  0.18006  4
8000  119277  0.148621  0.0041807  0.838855  0.161109  0.148808  4
8100  118248  0.149454  0.0042331  0.83976  0.163269  0.141164  4
8200  118632  0.149311  0.00394108  0.839787  0.156891  0.125606  4
8300  118989  0.149539  0.00396338  0.840221  0.160753  0.120878  4
8400  119135  0.152227  0.00381762  0.8405  0.157469  0.146116  4
8500  118566  0.148292  0.00417886  0.841279  0.16027  0.159563  4
8600  118831  0.148989  0.00361236  0.841817  0.163844  0.153484  4
8700  119473  0.15101  0.00330484  0.840978  0.165175  0.0862664  4
8800  118477  0.153375  0.00307802  0.840445  0.168051  0.090812  4
8900  118885  0.151849  0.00323327  0.838823  0.163282  0.0829132  4
9000  119231  0.153949  0.00343978  0.838831  0.161933  0.120308  4
9100  119047  0.150057  0.00250739  0.836859  0.160491  0.156819  4
9200  119771  0.154641  0.0032338  0.836914  0.161378  0.156649  4
9300  119693  0.153064  0.00328583  0.838112  0.16161  0.160562  4
9400  118876  0.152479  0.00295552  0.838494  0.157346  0.170908  4
9500  119505  0.152324  0.00307101  0.838712  0.151701  0.14465  4
9600  119112  0.147916  0.00274338  0.83972  0.15867  0.143558  4
9700  119041  0.148977  0.00223891  0.843245  0.175237  0.134843  4
9800  119395  0.147819  0.00209295  0.846099  0.181734  0.139033  4
9900  119015  0.149489  0.00233656  0.844985  0.170984  0.127502  4
