t meta_n emi  mean_info  tr1  tr2  tr3  strategy
0  120275  0.099112  0.495015  0.899986  0.000834981  1.04547e-05  4
100  118759  0.110106  0.14724  0.898604  0.07131  -0.00399359  4
200  118443  0.125865  0.0735071  0.887867  0.119  0.00227494  4
300  118487  0.139975  0.0568075  0.876437  0.156382  -0.0112773  4
400  118416  0.150038  0.0494742  0.872809  0.191024  -0.0172747  4
500  118842  0.152791  0.0458108  0.871854  0.205193  -0.0282786  4
600  118251  0.148556  0.0440066  0.873931  0.221543  -0.0329091  4
700  119118  0.157784  0.0422149  0.867369  0.225018  -0.0355925  4
800  119327  0.162363  0.0398147  0.863641  0.238866  -0.0505263  4
900  118565  0.160222  0.0387119  0.863603  0.242299  -0.0600224  4
1000  118611  0.161077  0.0368546  0.868092  0.253737  -0.0497162  4
1100  118464  0.157273  0.0366521  0.86887  0.258921  -0.0545668  4
1200  118114  0.156339  0.0367777  0.866796  0.252813  -0.0507842  4
1300  119007  0.160595  0.0350319  0.864954  0.252774  -0.0582582  4
1400  118888  0.163193  0.0336849  0.862489  0.255234  -0.0870656  4
1500  118869  0.162346  0.0305488  0.860784  0.24928  -0.077113  4
1600  118704  0.162402  0.0310244  0.855076  0.230986  -0.121836  4
1700  118239  0.161117  0.027394  0.853481  0.226068  -0.119869  4
1800  118538  0.159043  0.0305588  0.856097  0.229775  -0.120853  4
1900  118761  0.157588  0.0285311  0.857019  0.225235  -0.132984  4
2000  118527  0.156401  0.0284913  0.852452  0.208738  -0.117929  4
2100  118729  0.160476  0.0262918  0.850579  0.21443  -0.128616  4
2200  118795  0.162063  0.0263324  0.85026  0.21794  -0.125329  4
2300  119059  0.156051  0.0269397  0.854333  0.214713  -0.144736  4
2400  119047  0.156395  0.0234545  0.853409  0.210444  -0.160695  4
2500  118308  0.158426  0.0237383  0.846633  0.208008  -0.191229  4
2600  118817  0.156529  0.0234549  0.84931  0.209011  -0.216884  4
2700  119203  0.161352  0.0228497  0.84848  0.211512  -0.225357  4
2800  118559  0.153881  0.0232065  0.851066  0.207569  -0.273589  4
2900  118931  0.154204  0.0208536  0.854246  0.208965  -0.279005  4
3000  119671  0.152778  0.0211994  0.854851  0.212594  -0.289415  4
3100  118849  0.154788  0.0216658  0.852994  0.209654  -0.280492  4
3200  118831  0.152878  0.0208605  0.851724  0.211844  -0.245061  4
3300  118742  0.155496  0.0184375  0.855718  0.22168  -0.246882  4
3400  118933  0.154019  0.0182687  0.854184  0.217903  -0.303567  4
3500  118800  0.155812  0.0155053  0.849309  0.216819  -0.331969  4
3600  118579  0.15747  0.0171176  0.850131  0.217685  -0.356027  4
3700  119340  0.154744  0.0158874  0.850902  0.21793  -0.349884  4
3800  118723  0.157323  0.0149665  0.850616  0.219335  -0.326651  4
3900  119360  0.158935  0.0156683  0.850498  0.221385  -0.308136  4
4000  118819  0.154891  0.0141033  0.851178  0.217398  -0.27925  4
4100  119024  0.15853  0.0137013  0.850434  0.213408  -0.271935  4
4200  118757  0.155821  0.0127867  0.849106  0.21297  -0.316458  4
4300  119239  0.156645  0.0112648  0.845821  0.199548  -0.3211  4
4400  118995  0.153333  0.0125456  0.849275  0.206374  -0.37836  4
4500  118753  0.15452  0.0110187  0.850552  0.212125  -0.385257  4
4600  118317  0.154892  0.0116162  0.847997  0.197124  -0.390636  4
4700  118433  0.150684  0.00961882  0.847102  0.18183  -0.399452  4
4800  119013  0.152707  0.0113718  0.847078  0.186514  -0.395724  4
4900  119468  0.155447  0.00952918  0.844475  0.184143  -0.395996  4
5000  118932  0.15462  0.00956651  0.843275  0.180198  -0.392764  4
5100  119271  0.153194  0.00849457  0.844735  0.187537  -0.369708  4
5200  118665  0.153553  0.00897992  0.847574  0.194984  -0.41276  4
5300  119080  0.154063  0.00813032  0.847053  0.193079  -0.408463  4
5400  118760  0.151941  0.00851061  0.846388  0.186151  -0.379834  4
5500  119269  0.155407  0.00735392  0.845906  0.18554  -0.354077  4
5600  119537  0.15441  0.0077612  0.842432  0.169906  -0.370678  4
5700  118604  0.153543  0.00815123  0.843135  0.177017  -0.335275  4
5800  118932  0.152338  0.00877548  0.844573  0.176361  -0.361593  4
5900  119101  0.152996  0.0073529  0.847018  0.178845  -0.343986  4
6000  118969  0.150206  0.00693823  0.845211  0.171296  -0.346851  4
6100  118738  0.150267  0.00627721  0.842147  0.159439  -0.371796  4
6200  119023  0.147937  0.00656217  0.839703  0.156921  -0.380467  4
6300  119522  0.150904  0.00642288  0.838392  0.150923  -0.380339  4
6400  118975  0.152997  0.0066868  0.835868  0.144984  -0.388661  4
6500  118728  0.15285  0.00548512  0.837045  0.149657  -0.399004  4
6600  119862  0.154629  0.00518658  0.836267  0.143942  -0.421739  4
6700  119797  0.154754  0.00479245  0.836798  0.149227  -0.429754  4
6800  119673  0.152285  0.00558471  0.836682  0.142777  -0.436794  4
6900  118883  0.150616  0.00480146  0.836584  0.144646  -0.420929  4
7000  119488  0.150918  0.00456236  0.835762  0.13806  -0.412909  4
7100  119232  0.149473  0.00392868  0.835804  0.132898  -0.447489  4
7200  119097  0.154203  0.00433315  0.83302  0.12159  -0.46529  4
7300  119146  0.153798  0.00433291  0.830957  0.124796  -0.459587  4
7400  119376  0.152221  0.00431133  0.831033  0.121572  -0.460621  4
7500  119608  0.149812  0.00361123  0.833158  0.12992  -0.446355  4
7600  118930  0.150742  0.00351995  0.833193  0.132055  -0.485827  4
7700  119211  0.150905  0.00388947  0.834472  0.129555  -0.54076  4
7800  119304  0.150318  0.00402245  0.834958  0.132599  -0.581318  4
7900  119172  0.151408  0.0043029  0.834956  0.135747  -0.63675  4
8000  118972  0.150791  0.00356015  0.834917  0.13694  -0.681324  4
8100  119326  0.154097  0.00287118  0.835815  0.141428  -0.667287  4
8200  118898  0.15137  0.00307265  0.836006  0.140026  -0.686566  4
8300  119094  0.1525  0.00319507  0.835579  0.141266  -0.684501  4
8400  119477  0.150052  0.00273313  0.835036  0.135806  -0.722113  4
8500  120090  0.149094  0.00298156  0.833805  0.126912  -0.771643  4
8600  119077  0.152162  0.00287821  0.832105  0.131052  -0.754904  4
8700  119358  0.15446  0.00329243  0.831054  0.125716  -0.740903  4
8800  118729  0.153073  0.00283064  0.830223  0.117546  -0.737887  4
8900  119465  0.15302  0.00313322  0.830341  0.113008  -0.755817  4
9000  118884  0.14884  0.00321247  0.830086  0.107217  -0.750567  4
9100  119416  0.150767  0.00348301  0.830515  0.111056  -0.777364  4
9200  118742  0.148087  0.00214225  0.829596  0.107373  -0.746248  4
9300  118978  0.151305  0.00185885  0.8288  0.104515  -0.747365  4
9400  119240  0.153004  0.00172616  0.827631  0.109917  -0.80851  4
9500  119639  0.152285  0.00144905  0.827269  0.108378  -0.808363  4
9600  118858  0.155029  0.0016843  0.827079  0.107006  -0.763271  4
9700  119089  0.153984  0.00149596  0.826722  0.106042  -0.773574  4
9800  119145  0.151568  0.00132108  0.827931  0.106195  -0.81838  4
9900  119184  0.149255  0.000924322  0.82808  0.109014  -0.799326  4
