t meta_n emi  mean_info  tr1  tr2  tr3  strategy
0  121598  0.101144  0.4954  0.899946  0.000771992  -4.79931e-06  4
100  118866  0.107761  0.180612  0.898116  0.0676395  -0.00411852  4
200  118635  0.1285  0.0968529  0.886047  0.120149  -0.00701057  4
300  118759  0.13622  0.0743509  0.882409  0.163993  -0.00946599  4
400  118346  0.1507  0.065091  0.873039  0.18787  -0.0178762  4
500  119100  0.149984  0.0597128  0.873992  0.213612  0.0033886  4
600  118715  0.153884  0.0543584  0.873045  0.226591  -0.00627324  4
700  118495  0.15123  0.0545495  0.870716  0.227255  0.0024136  4
800  118298  0.157733  0.0502384  0.860159  0.230984  0.0106173  4
900  118601  0.164228  0.0506999  0.861679  0.249287  0.0211997  4
1000  119007  0.160678  0.0510731  0.866454  0.251865  0.00548185  4
1100  118802  0.159009  0.0489309  0.868203  0.253251  -0.00422144  4
1200  118695  0.160236  0.0454347  0.866035  0.253192  0.0249136  4
1300  118588  0.157632  0.0418509  0.865435  0.254675  0.0374292  4
1400  118735  0.161869  0.0441929  0.862767  0.257391  0.0156559  4
1500  118313  0.160108  0.0429299  0.859052  0.24399  0.00885311  4
1600  118614  0.159256  0.0421992  0.862261  0.243183  0.00333597  4
1700  118523  0.160852  0.040536  0.862402  0.251543  -0.0136313  4
1800  118873  0.155292  0.0397396  0.862365  0.253812  -0.028114  4
1900  119019  0.156562  0.0384855  0.859962  0.251126  -0.00816252  4
2000  118840  0.154855  0.034686  0.860012  0.242652  0.0287003  4
2100  118801  0.157095  0.0314123  0.858687  0.239117  0.0362209  4
2200  118312  0.158877  0.0325968  0.856234  0.229166  0.0403046  4
2300  119082  0.15802  0.033974  0.852197  0.213546  0.0251716  4
2400  118436  0.157893  0.0330667  0.852959  0.22015  0.0321938  4
2500  118895  0.160772  0.0318559  0.850741  0.219374  0.0132634  4
2600  118447  0.156437  0.03174  0.85387  0.224541  0.00474336  4
2700  118680  0.156765  0.0303981  0.852994  0.222076  0.0238678  4
2800  118582  0.156478  0.030804  0.852229  0.221845  0.037286  4
2900  119245  0.158168  0.0267085  0.85224  0.222491  0.0205758  4
3000  118030  0.154687  0.0244435  0.853474  0.224356  -0.0300166  4
3100  119117  0.158712  0.0240876  0.853234  0.224465  -0.0638772  4
3200  119257  0.152692  0.0233782  0.855328  0.215381  -0.0230185  4
3300  118951  0.153788  0.0241519  0.854491  0.218649  0.00494411  4
3400  119476  0.155962  0.022677  0.851451  0.209844  0.00139537  4
3500  118859  0.155938  0.0216855  0.852732  0.216998  0.00889831  4
3600  119204  0.153698  0.0239987  0.854925  0.228669  0.0214633  4
3700  118602  0.156227  0.0223716  0.854286  0.228088  0.0104668  4
3800  118601  0.156719  0.0217382  0.850329  0.22074  -0.00789883  4
3900  119129  0.158996  0.0212123  0.848659  0.224224  0.0380439  4
4000  118873  0.157416  0.0188968  0.847427  0.21435  0.0269217  4
4100  119145  0.157363  0.0186996  0.844849  0.208721  0.0129976  4
4200  119583  0.156333  0.0177124  0.848856  0.206601  0.0482284  4
4300  119279  0.157797  0.0170376  0.847554  0.216051  0.0792699  4
4400  119374  0.158161  0.0177139  0.848064  0.218545  0.0404848  4
4500  119228  0.152845  0.0162522  0.852089  0.210452  0.044754  4
4600  118513  0.155818  0.017121  0.849579  0.219091  0.0326883  4
4700  118908  0.152531  0.0159012  0.850168  0.212172  -0.00677065  4
4800  118930  0.156233  0.0141853  0.848593  0.217502  0.0137354  4
4900  118751  0.1503  0.0135864  0.848701  0.209813  0.0248483  4
5000  119376  0.155759  0.0138609  0.847351  0.212322  0.0604981  4
5100  119516  0.155885  0.0141955  0.845058  0.206226  0.0462672  4
5200  119228  0.158408  0.0120718  0.842621  0.2029  0.0611273  4
5300  119279  0.15442  0.0126083  0.843845  0.20297  0.0266888  4
5400  119699  0.154764  0.0110205  0.843323  0.195736  0.0205556  4
5500  119056  0.156192  0.0106881  0.843878  0.188469  -0.0161562  4
5600  119530  0.152738  0.0113062  0.84333  0.183193  -0.0437391  4
5700  119478  0.152913  0.0116118  0.843639  0.182238  -0.0155977  4
5800  119128  0.156472  0.0111885  0.844927  0.185574  0.0498325  4
5900  119117  0.152678  0.0105702  0.84758  0.188243  0.0550961  4
6000  118877  0.150205  0.00962829  0.847911  0.191837  0.0631675  4
6100  118844  0.150389  0.0104338  0.849624  0.199171  0.0541053  4
6200  119204  0.150818  0.00977302  0.849567  0.203203  0.055675  4
6300  119193  0.151051  0.0081105  0.845949  0.199464  0.08366  4
6400  119174  0.151902  0.0088369  0.84574  0.193155  0.0766688  4
6500  118966  0.152387  0.00812492  0.845823  0.187771  0.102375  4
6600  118930  0.151242  0.00705397  0.846485  0.186704  0.144049  4
6700  119284  0.152622  0.00746336  0.845046  0.185188  0.151005  4
6800  119258  0.151268  0.00827031  0.844712  0.183851  0.111408  4
6900  118635  0.152954  0.00621465  0.843185  0.182577  0.0685611  4
7000  119251  0.154276  0.00583719  0.841139  0.178104  0.0873797  4
7100  119468  0.154048  0.0069241  0.842165  0.18406  0.139099  4
7200  119129  0.151798  0.00689409  0.84326  0.191127  0.126596  4
7300  119201  0.153608  0.0068102  0.843056  0.183472  0.104229  4
7400  119477  0.153752  0.00559649  0.841065  0.176676  0.0930946  4
7500  119006  0.152723  0.00601308  0.840621  0.166665  0.0760326  4
7600  119759  0.149947  0.00563379  0.840062  0.164522  0.111021  4
7700  119146  0.153199  0.00507068  0.840836  0.16775  0.10049  4
7800  118736  0.154215  0.00448196  0.839426  0.170386  0.134133  4
7900  119340  0.154314  0.00516739  0.837644  0.158404  0.0972335  4
8000  118867  0.152204  0.00500192  0.837983  0.15982  0.147678  4
8100  118909  0.152375  0.00472366  0.838206  0.152168  0.141848  4
8200  119127  0.151436  0.00477486  0.838558  0.152593  0.137811  4
8300  119003  0.151064  0.00465562  0.839271  0.159744  0.109396  4
8400  119292  0.14897  0.00517003  0.836185  0.145301  0.0550148  4
8500  119260  0.151283  0.00400707  0.83705  0.147168  0.0668006  4
8600  119141  0.151124  0.00339427  0.838334  0.147066  0.0622759  4
8700  118708  0.148088  0.0038961  0.838166  0.145029  0.0613714  4
8800  119509  0.150315  0.00401307  0.83813  0.142815  0.0749073  4
8900  119881  0.149076  0.00382538  0.837309  0.137767  0.10182  4
9000  119353  0.149897  0.00391218  0.837075  0.135935  0.0965182  4
9100  119694  0.15057  0.00361437  0.835882  0.130565  0.082543  4
9200  118898  0.150213  0.00345112  0.835552  0.129922  0.0928872  4
9300  119278  0.147151  0.00298538  0.833861  0.121  0.0902572  4
9400  119647  0.149634  0.00231819  0.833769  0.117521  0.126084  4
9500  118898  0.148576  0.00242597  0.833666  0.118894  0.185077  4
9600  119119  0.148607  0.00247697  0.834735  0.11859  0.166279  4
9700  119146  0.148998  0.00269128  0.834559  0.12334  0.157963  4
9800  119046  0.148494  0.00261581  0.834794  0.121527  0.171123  4
9900  119094  0.147172  0.00243581  0.834371  0.119563  0.159702  4
