t meta_n emi  mean_info  tr1  tr2  tr3  strategy
0  123491  0.100144  0.500132  0.899996  0.000796987  -2.79295e-05  4
100  120027  0.117134  0.501623  0.900954  0.0680978  0.00539201  4
200  119916  0.127568  0.507037  0.895766  0.119342  0.0054412  4
300  120403  0.13314  0.508283  0.895141  0.157529  0.00862342  4
400  119581  0.137818  0.520167  0.890484  0.186544  0.024294  4
500  120562  0.13746  0.51225  0.894355  0.201041  0.0193952  4
600  120154  0.141878  0.50119  0.892383  0.216031  0.00549792  4
700  119996  0.140869  0.509167  0.894696  0.228424  0.0220638  4
800  120389  0.145118  0.509605  0.893055  0.234835  0.0318532  4
900  119855  0.146579  0.511094  0.888162  0.236176  0.0206832  4
1000  119138  0.146223  0.524284  0.889578  0.244064  0.0464335  4
1100  119992  0.144523  0.519302  0.89361  0.245773  0.0732463  4
1200  119655  0.145378  0.513408  0.897262  0.257094  0.0468003  4
1300  120120  0.144153  0.52014  0.900179  0.259268  0.0575312  4
1400  120423  0.143569  0.522868  0.897153  0.264128  0.0698063  4
1500  119664  0.137882  0.523568  0.901733  0.271772  0.0665543  4
1600  120335  0.144052  0.517885  0.90154  0.277022  0.0828459  4
1700  119930  0.139256  0.488566  0.899664  0.267932  0.12683  4
1800  119866  0.138207  0.488883  0.899911  0.268404  0.136679  4
1900  120286  0.140611  0.493638  0.902067  0.279999  0.137252  4
2000  119671  0.139164  0.499842  0.902023  0.282002  0.175905  4
2100  120485  0.139697  0.488901  0.900682  0.275212  0.210951  4
2200  120390  0.139235  0.503959  0.902333  0.283774  0.265894  4
2300  119674  0.141078  0.508782  0.897677  0.298152  0.271179  4
2400  120812  0.140859  0.511083  0.900248  0.302168  0.256102  4
2500  119971  0.138173  0.505202  0.901904  0.304555  0.283947  4
2600  119713  0.138372  0.503535  0.903787  0.306474  0.274306  4
2700  120258  0.142288  0.501474  0.901642  0.305862  0.275066  4
2800  119937  0.13673  0.496727  0.904449  0.318855  0.279656  4
2900  120129  0.134788  0.494283  0.907279  0.330073  0.278083  4
3000  120054  0.141416  0.481961  0.904842  0.322645  0.307427  4
3100  119837  0.140047  0.486644  0.90434  0.335186  0.252209  4
3200  119822  0.141025  0.47469  0.90538  0.340803  0.264685  4
3300  120682  0.144354  0.475487  0.900847  0.3245  0.238152  4
3400  119590  0.138775  0.484504  0.900438  0.321223  0.245928  4
3500  119604  0.137483  0.478115  0.90142  0.334541  0.220516  4
3600  120816  0.139109  0.47604  0.903829  0.341195  0.233911  4
3700  119966  0.138138  0.476938  0.905133  0.346157  0.180406  4
3800  120023  0.136898  0.469142  0.907009  0.350179  0.188982  4
3900  120017  0.140187  0.463325  0.908742  0.361833  0.17961  4
4000  119915  0.135609  0.458714  0.90817  0.356287  0.176118  4
4100  119706  0.133192  0.456054  0.909753  0.355007  0.134327  4
4200  120320  0.137587  0.444304  0.908105  0.355511  0.143725  4
4300  120082  0.13577  0.449081  0.908441  0.352233  0.121099  4
4400  120168  0.131374  0.438749  0.908282  0.348832  0.103889  4
4500  120300  0.134443  0.445948  0.912359  0.359729  0.0402177  4
4600  119846  0.133325  0.445014  0.914967  0.362956  0.0214036  4
4700  120865  0.132942  0.443403  0.912255  0.360803  0.0422929  4
4800  120322  0.136797  0.450925  0.917281  0.387812  0.0598393  4
4900  120165  0.133039  0.457431  0.916638  0.384077  0.0829365  4
5000  120344  0.134265  0.448076  0.916899  0.392013  0.0792275  4
5100  120435  0.137567  0.456767  0.918614  0.396472  0.0339353  4
5200  120335  0.133406  0.456648  0.920929  0.405217  0.0295099  4
5300  120027  0.132715  0.464154  0.922215  0.410128  0.00897869  4
5400  120164  0.138499  0.469323  0.919006  0.405943  0.0514414  4
5500  120644  0.136812  0.452999  0.92237  0.416612  0.0412737  4
5600  120611  0.13773  0.44312  0.923041  0.41899  0.0413832  4
5700  120524  0.134042  0.448555  0.926699  0.430846  0.0816477  4
5800  120160  0.136127  0.451716  0.929616  0.44307  0.0448368  4
5900  120781  0.133449  0.438961  0.93365  0.453941  0.0523437  4
6000  120643  0.133989  0.441212  0.937784  0.467548  0.0396541  4
6100  120059  0.132195  0.445661  0.939456  0.47762  0.0102695  4
6200  120666  0.135504  0.430326  0.939123  0.473682  0.0107825  4
6300  120340  0.132954  0.424698  0.938989  0.471412  0.00336451  4
6400  119882  0.129431  0.430574  0.941664  0.480336  -0.0508557  4
6500  120196  0.133103  0.43123  0.941298  0.479972  -0.0758609  4
6600  120325  0.133434  0.423842  0.948691  0.506269  -0.09889  4
6700  120366  0.133323  0.425319  0.950298  0.51757  -0.0484937  4
6800  120725  0.133243  0.418561  0.953825  0.531485  -0.0771101  4
6900  119942  0.132454  0.418197  0.955346  0.539366  -0.130082  4
7000  120082  0.13492  0.413971  0.953992  0.542903  -0.0815646  4
7100  121009  0.13435  0.41237  0.958028  0.55415  -0.0861806  4
7200  120750  0.133992  0.414477  0.960079  0.568291  -0.115233  4
7300  120144  0.136028  0.410676  0.962718  0.584756  -0.103179  4
7400  119891  0.137531  0.40776  0.964724  0.598911  -0.13193  4
7500  120043  0.13475  0.406064  0.966872  0.605218  -0.156605  4
7600  120512  0.134192  0.398479  0.967662  0.609847  -0.176431  4
7700  120062  0.133578  0.389696  0.971781  0.623929  -0.212516  4
7800  120099  0.133606  0.385815  0.973993  0.627735  -0.240746  4
7900  120484  0.133719  0.377508  0.976813  0.638062  -0.26179  4
8000  119862  0.125043  0.370712  0.980775  0.650059  -0.253715  4
8100  120655  0.13021  0.361981  0.984338  0.660892  -0.268474  4
8200  120569  0.130823  0.352665  0.989861  0.679989  -0.2877  4
8300  120363  0.136198  0.34998  0.993456  0.692984  -0.319336  4
8400  120166  0.132865  0.345799  1.002  0.718142  -0.329834  4
8500  120338  0.131518  0.340686  1.00801  0.738435  -0.363356  4
8600  120587  0.129105  0.338576  1.01552  0.763332  -0.389662  4
8700  120180  0.131461  0.339653  1.01986  0.779626  -0.405178  4
8800  120194  0.132209  0.343807  1.02426  0.790792  -0.418191  4
8900  120821  0.134461  0.341947  1.02757  0.799263  -0.430388  4
9000  120381  0.128474  0.334958  1.02879  0.803225  -0.424859  4
9100  120691  0.138868  0.330108  1.02974  0.812402  -0.457585  4
9200  120726  0.136519  0.329139  1.02887  0.81144  -0.464306  4
9300  120354  0.130125  0.334489  1.028  0.812895  -0.460659  4
9400  120260  0.134771  0.334218  1.02934  0.816924  -0.466474  4
9500  120409  0.13026  0.332392  1.03095  0.822152  -0.459564  4
9600  120557  0.131339  0.330188  1.03191  0.825779  -0.441092  4
9700  120155  0.13484  0.327845  1.03137  0.825931  -0.433815  4
9800  120193  0.134955  0.334933  1.0351  0.835243  -0.432509  4
9900  120489  0.133798  0.337924  1.03538  0.837023  -0.442362  4
