t meta_n emi  mean_info  tr1  tr2  tr3  strategy
0  122609  0.099848  0.49664  0.900008  0.000810847  6.91605e-05  4
100  118899  0.109352  0.319085  0.903662  0.0719504  -0.000509881  4
200  118999  0.129575  0.212006  0.886799  0.126044  -0.00662569  4
300  118891  0.139036  0.148802  0.877242  0.166951  -0.0111775  4
400  119011  0.148597  0.131636  0.870825  0.188671  -0.0231753  4
500  119114  0.155523  0.11894  0.869549  0.219867  -0.0501016  4
600  118765  0.154854  0.114991  0.868203  0.226168  -0.0592917  4
700  118630  0.153392  0.105401  0.869336  0.240963  -0.0509339  4
800  119140  0.155118  0.102586  0.872121  0.244253  -0.0628265  4
900  119595  0.154976  0.0985988  0.873539  0.245775  -0.0594621  4
1000  118659  0.154244  0.0990725  0.873254  0.242805  -0.039446  4
1100  118944  0.156704  0.0972919  0.86627  0.242152  -0.049411  4
1200  118934  0.158157  0.0957914  0.86653  0.253617  -0.0433914  4
1300  118350  0.157729  0.0948431  0.865099  0.262528  -0.0335751  4
1400  118833  0.157021  0.0945796  0.864338  0.267981  -0.031756  4
1500  118405  0.160037  0.0893734  0.869368  0.276388  -0.0393343  4
1600  119198  0.158591  0.0869319  0.866577  0.262661  -0.0417734  4
1700  118798  0.159892  0.0854712  0.865266  0.260696  -0.0356113  4
1800  119479  0.161579  0.0843891  0.866673  0.274751  -0.0352712  4
1900  118259  0.158907  0.0837876  0.864429  0.26905  -0.0604159  4
2000  119345  0.159652  0.079618  0.865023  0.26638  -0.0468599  4
2100  119260  0.157412  0.0797422  0.864537  0.254923  -0.0413989  4
2200  118857  0.155357  0.0759555  0.863789  0.258302  -0.0499507  4
2300  118945  0.157734  0.0787061  0.863294  0.255228  -0.0352139  4
2400  119494  0.157262  0.0717783  0.862712  0.248942  -0.0822316  4
2500  118864  0.156949  0.0666291  0.863654  0.254267  -0.146467  4
2600  119004  0.156722  0.0671952  0.865937  0.250725  -0.187396  4
2700  119290  0.157257  0.0663579  0.86627  0.253439  -0.204616  4
2800  119123  0.153591  0.0685603  0.868072  0.252101  -0.244944  4
2900  119255  0.152509  0.0604629  0.869514  0.248468  -0.235377  4
3000  118902  0.153133  0.0616811  0.86294  0.238136  -0.270059  4
3100  119184  0.152693  0.0602949  0.860536  0.233007  -0.28123  4
3200  119049  0.155627  0.0612146  0.858151  0.230049  -0.244881  4
3300  119128  0.150853  0.0587126  0.860999  0.220494  -0.216202  4
3400  119745  0.152639  0.0536065  0.857588  0.211838  -0.243942  4
3500  119567  0.152221  0.0538567  0.854005  0.200359  -0.250356  4
3600  119144  0.151402  0.0504922  0.851948  0.187488  -0.257693  4
3700  119066  0.153254  0.0478285  0.846661  0.180745  -0.258945  4
3800  119094  0.15516  0.0441932  0.844548  0.176517  -0.262  4
3900  119114  0.153674  0.0403688  0.845311  0.181053  -0.268438  4
4000  118813  0.155547  0.0391948  0.843726  0.184105  -0.266757  4
4100  119099  0.15736  0.0436106  0.842511  0.189377  -0.246016  4
4200  118540  0.155799  0.0429919  0.844973  0.198139  -0.250466  4
4300  119181  0.153332  0.0414608  0.847013  0.195003  -0.265531  4
4400  118900  0.154815  0.0413026  0.849882  0.201598  -0.239719  4
4500  119736  0.157063  0.0407154  0.846134  0.199882  -0.229481  4
4600  119478  0.154565  0.0374526  0.847113  0.193148  -0.264494  4
4700  119073  0.151682  0.0377578  0.848547  0.199026  -0.258442  4
4800  119126  0.15281  0.0363035  0.846886  0.199353  -0.247998  4
4900  118977  0.153194  0.0322951  0.847058  0.190065  -0.227246  4
5000  119064  0.152507  0.0336788  0.846932  0.188092  -0.236972  4
5100  118609  0.150113  0.0340762  0.849301  0.189409  -0.272521  4
5200  118738  0.152051  0.0335046  0.84634  0.184309  -0.309763  4
5300  118832  0.153686  0.0315246  0.846688  0.191508  -0.283794  4
5400  119595  0.153678  0.0325915  0.845501  0.19715  -0.248082  4
5500  118949  0.15416  0.0303411  0.845834  0.20131  -0.243737  4
5600  119344  0.156575  0.0298729  0.845612  0.196456  -0.232904  4
5700  118867  0.152652  0.0296053  0.848036  0.204691  -0.225864  4
5800  119678  0.155178  0.0301777  0.849725  0.208075  -0.214223  4
5900  119414  0.153849  0.0282154  0.848955  0.212098  -0.207672  4
6000  118714  0.152316  0.0277493  0.850814  0.20922  -0.242426  4
6100  119264  0.15359  0.0301595  0.85002  0.217554  -0.233684  4
6200  119429  0.152497  0.0265717  0.849242  0.205772  -0.182594  4
6300  119420  0.148613  0.0237293  0.85126  0.208956  -0.159263  4
6400  119373  0.150302  0.0248442  0.851044  0.210262  -0.155476  4
6500  119464  0.148403  0.022992  0.851918  0.214258  -0.170182  4
6600  119042  0.151039  0.0212174  0.851866  0.221883  -0.198799  4
6700  118728  0.150159  0.0206661  0.85086  0.219264  -0.169098  4
6800  119178  0.151812  0.0186615  0.851171  0.221756  -0.133519  4
6900  119086  0.150755  0.0178106  0.853353  0.22833  -0.12355  4
7000  119867  0.148453  0.0144645  0.857316  0.233732  -0.135584  4
7100  119695  0.151573  0.0130093  0.854538  0.221576  -0.115093  4
7200  119510  0.150415  0.0144729  0.856764  0.233223  -0.128148  4
7300  119745  0.148808  0.0124815  0.858328  0.235706  -0.101912  4
7400  118757  0.146566  0.0146625  0.859841  0.233058  -0.0908933  4
7500  119535  0.145789  0.0128298  0.859352  0.23438  -0.111737  4
7600  119338  0.147869  0.0136313  0.861485  0.244532  -0.148598  4
7700  119570  0.148387  0.0117147  0.859223  0.239652  -0.147248  4
7800  118869  0.149497  0.00982148  0.857754  0.238233  -0.146079  4
7900  119689  0.148854  0.0106266  0.855915  0.233017  -0.146527  4
8000  119168  0.152684  0.0109252  0.85931  0.245689  -0.16663  4
8100  119279  0.152684  0.0127825  0.856623  0.241259  -0.144726  4
8200  119477  0.149985  0.0110122  0.857655  0.24202  -0.139642  4
8300  118929  0.149142  0.0108759  0.857287  0.236985  -0.176273  4
8400  119204  0.151024  0.0107122  0.857697  0.240433  -0.142254  4
8500  118787  0.152644  0.0104004  0.856022  0.241621  -0.132139  4
8600  118924  0.150885  0.010879  0.856188  0.242412  -0.145009  4
8700  118744  0.151043  0.011182  0.855112  0.23929  -0.155984  4
8800  118945  0.145302  0.00909251  0.857327  0.243932  -0.157726  4
8900  119278  0.150297  0.00885953  0.856185  0.235925  -0.162799  4
9000  119230  0.14838  0.00863751  0.856179  0.23668  -0.139321  4
9100  119423  0.15189  0.0108359  0.85715  0.249891  -0.138584  4
9200  118420  0.151173  0.00938793  0.856711  0.24485  -0.161423  4
9300  119728  0.151422  0.00960048  0.856042  0.240098  -0.211801  4
9400  119190  0.149814  0.00899956  0.854973  0.235898  -0.222139  4
9500  119084  0.151817  0.00840748  0.854879  0.239951  -0.205669  4
9600  119537  0.148475  0.0083296  0.854455  0.234161  -0.239367  4
9700  119377  0.149624  0.0073457  0.854545  0.231802  -0.222878  4
9800  118832  0.148198  0.0058484  0.853623  0.228545  -0.195527  4
9900  119175  0.149026  0.00658009  0.853198  0.224554  -0.189075  4
