t meta_n emi  mean_info  tr1  tr2  tr3  strategy
0  120578  0.099984  0.490919  0.899992  0.000814542  1.0984e-05  4
100  118073  0.11303  0.12494  0.891394  0.0700684  0.00157066  4
200  117757  0.132091  0.0662735  0.882474  0.123651  0.020146  4
300  117838  0.140128  0.0495501  0.878315  0.157392  0.0188102  4
400  118211  0.14632  0.0447326  0.868257  0.177505  0.0114645  4
500  119010  0.150999  0.0427944  0.866995  0.183322  0.00849799  4
600  118980  0.153536  0.0397836  0.86554  0.201064  0.0017008  4
700  118656  0.156135  0.039029  0.862962  0.216255  0.00145184  4
800  118451  0.15639  0.0390139  0.863267  0.222221  -0.00353417  4
900  118171  0.159045  0.0363253  0.85753  0.219963  -0.0263738  4
1000  118147  0.157163  0.0346474  0.861281  0.23262  -0.0381632  4
1100  118493  0.158734  0.0317289  0.861123  0.23318  -0.0290016  4
1200  118859  0.156954  0.0318678  0.864885  0.244427  -0.0503723  4
1300  118277  0.16133  0.0308501  0.859685  0.239356  0.00265596  4
1400  118945  0.167677  0.0283379  0.850838  0.231515  0.0277247  4
1500  118673  0.161355  0.0287521  0.855224  0.237688  0.011659  4
1600  118288  0.163415  0.0280383  0.85372  0.222031  0.046057  4
1700  118475  0.163886  0.0261406  0.853704  0.22822  0.0642921  4
1800  118518  0.162736  0.0261861  0.851514  0.230012  0.0453552  4
1900  119074  0.158247  0.0245555  0.852067  0.216247  0.0538138  4
2000  118669  0.159261  0.024901  0.851647  0.216912  0.022754  4
2100  118584  0.156425  0.0275908  0.852184  0.209213  -0.0230577  4
2200  118463  0.158244  0.0229548  0.851922  0.205211  -0.0187025  4
2300  118502  0.158396  0.0222633  0.84956  0.203862  -0.0348827  4
2400  118914  0.159807  0.0202963  0.848402  0.198623  -0.0655479  4
2500  118459  0.158988  0.0207264  0.847406  0.199109  -0.0755225  4
2600  119057  0.160123  0.0199289  0.846276  0.206909  -0.0769368  4
2700  118665  0.162587  0.0191146  0.845947  0.205783  -0.0928274  4
2800  118556  0.161645  0.0181588  0.846224  0.212292  -0.0924473  4
2900  118666  0.16337  0.0175274  0.847484  0.226954  -0.10139  4
3000  118645  0.159527  0.0182065  0.85373  0.230035  -0.125303  4
3100  119012  0.161793  0.0168689  0.85051  0.226373  -0.121852  4
3200  119130  0.159547  0.0166031  0.851564  0.226062  -0.129046  4
3300  118754  0.160898  0.0158787  0.849988  0.229398  -0.112038  4
3400  118577  0.158035  0.0138591  0.849743  0.235926  -0.116501  4
3500  118956  0.162615  0.01331  0.848295  0.235253  -0.136823  4
3600  118793  0.162966  0.0133825  0.846904  0.233993  -0.144879  4
3700  119310  0.161808  0.0139156  0.847498  0.229512  -0.137453  4
3800  118677  0.161174  0.0130225  0.851433  0.237795  -0.184208  4
3900  118775  0.157544  0.0142599  0.849356  0.22978  -0.167185  4
4000  119152  0.160786  0.0133683  0.847712  0.220536  -0.169654  4
4100  119034  0.15887  0.0118574  0.845978  0.215451  -0.175683  4
4200  119222  0.156174  0.011552  0.845283  0.211173  -0.180764  4
4300  119179  0.16007  0.0124668  0.846135  0.210009  -0.167138  4
4400  118532  0.155929  0.0109615  0.846845  0.207659  -0.175487  4
4500  118725  0.154612  0.010764  0.846381  0.209554  -0.168686  4
4600  118960  0.154093  0.0106875  0.846843  0.211823  -0.181457  4
4700  119287  0.15939  0.00942855  0.843672  0.21249  -0.11668  4
4800  118328  0.158014  0.00798279  0.842098  0.209073  -0.134452  4
4900  118297  0.155503  0.00886185  0.842145  0.195919  -0.11017  4
5000  119014  0.159163  0.00815709  0.842515  0.204716  -0.117484  4
5100  119202  0.160141  0.0087621  0.841743  0.207104  -0.10876  4
5200  118924  0.156158  0.00740366  0.844268  0.200682  -0.122305  4
5300  119002  0.156646  0.00759242  0.842556  0.198757  -0.167904  4
5400  119123  0.157063  0.00809065  0.843549  0.206026  -0.14161  4
5500  119105  0.156402  0.00707208  0.844647  0.206014  -0.126468  4
5600  119119  0.157684  0.00651866  0.844279  0.205954  -0.121863  4
5700  118983  0.158954  0.00579557  0.842044  0.205057  -0.0917911  4
5800  119273  0.158024  0.00574571  0.843405  0.207442  -0.119011  4
5900  118723  0.160169  0.00623705  0.84209  0.198639  -0.100881  4
6000  119596  0.158222  0.00509713  0.840364  0.198281  -0.0667661  4
6100  119047  0.156437  0.00598596  0.8433  0.204382  -0.0714652  4
6200  118821  0.1532  0.00494137  0.8454  0.209651  -0.0845503  4
6300  119472  0.155937  0.00474382  0.843727  0.201123  -0.105016  4
6400  119191  0.156982  0.00498541  0.840578  0.188576  -0.123194  4
6500  119060  0.154641  0.00537275  0.839257  0.183271  -0.0716374  4
6600  119627  0.157594  0.00545705  0.839119  0.181908  -0.0567571  4
6700  119094  0.155474  0.00474924  0.838219  0.17555  -0.0247056  4
6800  119268  0.154784  0.00395766  0.840692  0.188459  -0.0775741  4
6900  118878  0.155212  0.00407605  0.84065  0.196119  -0.0970062  4
7000  119146  0.15515  0.00416205  0.839636  0.193636  -0.0341339  4
7100  118683  0.155602  0.00309408  0.839278  0.186857  -0.0394925  4
7200  119708  0.15516  0.00346046  0.840232  0.187877  -0.0281046  4
7300  119035  0.156578  0.00355935  0.840248  0.195198  -0.0357009  4
7400  119105  0.156041  0.00411273  0.842794  0.200603  -0.0709446  4
7500  119200  0.155347  0.00398198  0.842976  0.200629  -0.0443713  4
7600  119515  0.15128  0.00363986  0.841562  0.191592  -0.0143829  4
7700  118563  0.153323  0.00325478  0.841878  0.189865  -0.0303985  4
7800  119729  0.150202  0.00319351  0.843405  0.189507  -0.0438663  4
7900  119396  0.152498  0.00296824  0.842772  0.193237  -0.0771424  4
8000  118624  0.153317  0.0034517  0.838815  0.179247  -0.0802804  4
8100  119125  0.156879  0.00293807  0.8387  0.181281  -0.0732318  4
8200  119468  0.153468  0.00319328  0.839043  0.177859  -0.135604  4
8300  119787  0.15692  0.00314547  0.837487  0.167992  -0.125379  4
8400  119235  0.153827  0.00234967  0.836159  0.170013  -0.103528  4
8500  119404  0.154131  0.00217288  0.837956  0.172802  -0.125224  4
8600  118523  0.15387  0.0027626  0.835283  0.160194  -0.121696  4
8700  118950  0.155031  0.0027551  0.833688  0.151849  -0.130247  4
8800  119299  0.153894  0.00191388  0.833947  0.153497  -0.179587  4
8900  118939  0.154398  0.00204474  0.835338  0.156554  -0.201827  4
9000  118662  0.153098  0.00175516  0.833412  0.15359  -0.250512  4
9100  118952  0.15286  0.00133796  0.833947  0.156165  -0.226004  4
9200  119103  0.157545  0.00234147  0.83298  0.157546  -0.229203  4
9300  119021  0.156543  0.00174541  0.833737  0.155383  -0.25531  4
9400  119653  0.156139  0.00129578  0.834269  0.150779  -0.258537  4
9500  119768  0.15565  0.00193742  0.832572  0.146248  -0.289844  4
9600  118628  0.1513  0.00152902  0.833087  0.144943  -0.347845  4
9700  119065  0.153157  0.00127451  0.833873  0.148635  -0.345771  4
9800  118995  0.15584  0.00103098  0.834197  0.15478  -0.342246  4
9900  119305  0.154393  0.00134713  0.833125  0.149015  -0.334275  4
