t meta_n emi  mean_info  tr1  tr2  tr3  strategy
0  121251  0.099872  0.49472  0.899917  0.000771449  -1.2004e-05  4
100  118260  0.107832  0.183734  0.898911  0.0666483  -0.00291532  4
200  118127  0.124177  0.0910524  0.894721  0.119851  -0.0084874  4
300  118813  0.136061  0.0710167  0.882626  0.150241  -0.01752  4
400  119415  0.149363  0.0606024  0.873012  0.182286  -0.0248226  4
500  118746  0.147479  0.0557071  0.875867  0.207805  -0.0189416  4
600  118709  0.14931  0.05093  0.876306  0.21643  -0.0127486  4
700  118870  0.150689  0.0517191  0.877041  0.230551  0.000947419  4
800  119265  0.155022  0.0517048  0.872413  0.242969  0.0126801  4
900  118792  0.156481  0.0527483  0.867891  0.246802  0.0270336  4
1000  118968  0.155225  0.0470369  0.865779  0.236611  0.0277196  4
1100  119164  0.15454  0.0430564  0.865256  0.231488  0.035506  4
1200  118748  0.152701  0.0419214  0.867232  0.247446  0.0130651  4
1300  118570  0.15715  0.0424212  0.868344  0.250929  0.013396  4
1400  119227  0.160889  0.0413227  0.863754  0.24721  0.00349142  4
1500  118818  0.159169  0.0384782  0.862348  0.247361  -0.0214792  4
1600  118708  0.165511  0.0389726  0.854389  0.238003  -0.0605121  4
1700  118915  0.163105  0.037984  0.855293  0.235288  -0.0744594  4
1800  119033  0.162411  0.0374258  0.852206  0.238468  -0.0790675  4
1900  118685  0.161621  0.0369944  0.851156  0.24025  -0.100012  4
2000  119009  0.163761  0.0360096  0.851414  0.235658  -0.101675  4
2100  118557  0.161359  0.0339777  0.855694  0.241398  -0.0984743  4
2200  118946  0.163768  0.0293758  0.85393  0.238238  -0.0901847  4
2300  118684  0.159003  0.0315062  0.859605  0.240599  -0.126257  4
2400  118579  0.154507  0.0318347  0.860711  0.237311  -0.134798  4
2500  117959  0.156412  0.0315687  0.859199  0.243888  -0.122919  4
2600  119278  0.156482  0.0332544  0.856554  0.229702  -0.167242  4
2700  119257  0.158304  0.0308093  0.853169  0.226136  -0.147371  4
2800  118769  0.155376  0.0280532  0.852168  0.222059  -0.147143  4
2900  119204  0.157808  0.0257481  0.851553  0.216862  -0.176805  4
3000  118847  0.153532  0.024952  0.85291  0.216331  -0.177047  4
3100  118639  0.155518  0.0256794  0.852724  0.215191  -0.135136  4
3200  118604  0.157979  0.0239156  0.851121  0.21717  -0.0802178  4
3300  118421  0.156176  0.0237901  0.849936  0.21168  -0.0689783  4
3400  118869  0.156674  0.0233818  0.847103  0.2062  -0.0597917  4
3500  118411  0.161611  0.0225272  0.845223  0.21129  -0.0225246  4
3600  118681  0.159656  0.0205656  0.846334  0.210527  -0.0555038  4
3700  118449  0.157913  0.0198635  0.84646  0.213136  -0.0498062  4
3800  119346  0.156973  0.0199015  0.847144  0.218667  -0.0410831  4
3900  118660  0.154767  0.0199887  0.848982  0.205995  -0.0404186  4
4000  118900  0.158756  0.0182512  0.845236  0.20819  0.00566848  4
4100  118767  0.159343  0.0173255  0.844255  0.20268  0.0525408  4
4200  119194  0.156328  0.015793  0.845748  0.198033  0.0534508  4
4300  119224  0.156011  0.0154945  0.847278  0.204566  0.0129577  4
4400  119401  0.153786  0.0158238  0.846164  0.195148  -0.0172301  4
4500  119315  0.154283  0.0149046  0.851706  0.206866  0.0300073  4
4600  119153  0.154985  0.0140209  0.851387  0.216405  0.00980057  4
4700  119206  0.156412  0.0138864  0.854354  0.232666  0.0271407  4
4800  119455  0.155014  0.0130993  0.853181  0.230003  0.0699622  4
4900  118754  0.152643  0.0113558  0.853745  0.234335  0.0456756  4
5000  119195  0.157806  0.011555  0.849134  0.218547  0.0207834  4
5100  119358  0.153015  0.0123506  0.851188  0.220282  0.0174206  4
5200  119419  0.15292  0.0114861  0.850127  0.215488  0.0201566  4
5300  119299  0.154616  0.0106942  0.850266  0.227198  -0.0236445  4
5400  118606  0.153104  0.0110368  0.853741  0.232809  -0.0547164  4
5500  118822  0.15444  0.0106986  0.854169  0.237017  -0.0813449  4
5600  120196  0.154002  0.0111732  0.85425  0.238664  -0.0774122  4
5700  118663  0.151971  0.00933972  0.856091  0.242071  -0.049181  4
5800  118913  0.151612  0.00947007  0.856156  0.244204  -0.0635967  4
5900  119157  0.150913  0.00868257  0.853339  0.242081  -0.0289626  4
6000  119066  0.148022  0.00769489  0.854808  0.235562  -0.058754  4
6100  119015  0.151924  0.00812089  0.851667  0.230204  -0.0747437  4
6200  118585  0.151246  0.00817193  0.854523  0.235287  -0.076814  4
6300  119309  0.152324  0.00964642  0.855989  0.248281  -0.0416933  4
6400  119313  0.152304  0.00857645  0.855563  0.245372  -0.0175356  4
6500  119435  0.155407  0.00759987  0.853735  0.238439  -0.0351707  4
6600  119194  0.149665  0.00726777  0.85496  0.235864  -0.0339588  4
6700  119185  0.149259  0.00560542  0.8551  0.237934  -0.050572  4
6800  119378  0.154127  0.0054958  0.855064  0.245374  -0.0540669  4
6900  119276  0.153796  0.00601268  0.852231  0.234919  -0.0792169  4
7000  119316  0.153939  0.00580447  0.850455  0.229016  -0.0765193  4
7100  118748  0.153911  0.00526436  0.847756  0.216189  -0.117766  4
7200  118826  0.153745  0.00538323  0.849054  0.216527  -0.102738  4
7300  119770  0.152683  0.00504095  0.849928  0.220822  -0.0935851  4
7400  118865  0.151355  0.00483819  0.850371  0.21969  -0.0992757  4
7500  119025  0.150329  0.00521791  0.847803  0.206824  -0.156877  4
7600  119135  0.150505  0.00474737  0.849496  0.214996  -0.132873  4
7700  119592  0.154442  0.00507765  0.85154  0.221253  -0.152993  4
7800  118703  0.152651  0.00535487  0.85167  0.227717  -0.16969  4
7900  119299  0.150722  0.00551366  0.850548  0.217404  -0.186897  4
8000  119017  0.151338  0.00380726  0.850576  0.214661  -0.210433  4
8100  119195  0.150712  0.00345453  0.848283  0.200364  -0.2052  4
8200  119568  0.150446  0.00390142  0.846845  0.201608  -0.190028  4
8300  119027  0.150182  0.00385867  0.845581  0.200362  -0.205804  4
8400  119236  0.150602  0.00386549  0.84578  0.200021  -0.181784  4
8500  119045  0.150728  0.00367572  0.844801  0.198711  -0.192773  4
8600  119327  0.152138  0.00297241  0.843691  0.185695  -0.21038  4
8700  119377  0.149105  0.00275495  0.843477  0.181429  -0.21292  4
8800  119954  0.150644  0.00299253  0.843013  0.185336  -0.169296  4
8900  118849  0.151539  0.00294306  0.840972  0.181545  -0.18477  4
9000  118736  0.152842  0.00261292  0.840051  0.174627  -0.180082  4
9100  119078  0.148675  0.00267259  0.840817  0.174928  -0.145952  4
9200  119010  0.151086  0.00296005  0.839725  0.177442  -0.17051  4
9300  118561  0.152861  0.00251903  0.839346  0.179833  -0.181273  4
9400  118785  0.149347  0.00217072  0.839035  0.183613  -0.166396  4
9500  119272  0.152253  0.0022595  0.838313  0.179121  -0.142501  4
9600  119424  0.152051  0.00255687  0.8396  0.180657  -0.133335  4
9700  119015  0.151883  0.00221035  0.839582  0.18171  -0.127348  4
9800  118804  0.151659  0.00201497  0.840545  0.178981  -0.12532  4
9900  120048  0.151176  0.00221383  0.840905  0.18007  -0.132198  4
