t meta_n emi  mean_info  tr1  tr2  tr3  strategy
0  122099  0.099176  0.498628  0.900008  0.000846205  -9.0366e-05  4
100  118841  0.107372  0.335039  0.903832  0.0724291  0.00278454  4
200  119159  0.121173  0.236335  0.895788  0.122669  -0.0179867  4
300  119197  0.137876  0.18096  0.879955  0.16755  -0.0151631  4
400  118900  0.145429  0.156798  0.875995  0.198385  0.00417923  4
500  118985  0.146352  0.137303  0.875695  0.215361  0.00398403  4
600  118994  0.154626  0.128733  0.871423  0.227218  -0.0148183  4
700  118700  0.155422  0.119759  0.871665  0.233302  0.0168662  4
800  119562  0.16179  0.12084  0.865802  0.241348  0.0345303  4
900  119546  0.15784  0.109669  0.87066  0.257094  0.0142609  4
1000  119285  0.155554  0.102661  0.871957  0.263708  0.0206754  4
1100  118259  0.156995  0.107282  0.868923  0.26243  0.0410923  4
1200  118458  0.156132  0.104139  0.873104  0.258384  0.0396884  4
1300  118862  0.157001  0.0996744  0.871325  0.260082  0.0545517  4
1400  118318  0.155418  0.0992216  0.875697  0.263596  0.0544187  4
1500  118805  0.157789  0.0992176  0.874578  0.271077  0.0705877  4
1600  118970  0.153303  0.102282  0.876476  0.273363  0.0503024  4
1700  118556  0.157618  0.0949666  0.871921  0.273205  0.0271832  4
1800  119119  0.158849  0.0930824  0.873234  0.274185  0.0578265  4
1900  119556  0.155623  0.0923972  0.871297  0.270428  0.0922185  4
2000  118814  0.156717  0.0916388  0.87137  0.281147  0.117069  4
2100  119130  0.150702  0.0847383  0.876426  0.278412  0.102637  4
2200  118348  0.152542  0.0829882  0.876568  0.282698  0.0563928  4
2300  118654  0.153613  0.0816785  0.878237  0.292395  0.071474  4
2400  119145  0.152858  0.0791554  0.87388  0.277588  0.0567233  4
2500  118347  0.153424  0.0820648  0.875425  0.275637  0.0380571  4
2600  119234  0.151466  0.0740701  0.873764  0.260257  0.0556215  4
2700  118606  0.147759  0.06363  0.87027  0.243725  0.0778846  4
2800  119115  0.150661  0.0626706  0.866972  0.239472  0.0816163  4
2900  118640  0.150144  0.0646415  0.862687  0.232032  0.0754931  4
3000  118559  0.15279  0.0700969  0.860634  0.226087  0.149648  4
3100  119323  0.151833  0.0612826  0.859228  0.214557  0.1609  4
3200  118914  0.153783  0.054463  0.85355  0.205739  0.12341  4
3300  118874  0.153478  0.0571652  0.854567  0.214495  0.124059  4
3400  119324  0.158276  0.0592894  0.852454  0.226443  0.150017  4
3500  119194  0.154572  0.0536476  0.855488  0.226244  0.146433  4
3600  118727  0.152502  0.0549867  0.853798  0.223855  0.139749  4
3700  118754  0.157538  0.0557409  0.854317  0.231448  0.163167  4
3800  119053  0.153081  0.0528522  0.857638  0.243751  0.173756  4
3900  118943  0.152693  0.0553495  0.857041  0.236591  0.161825  4
4000  119604  0.155552  0.0538493  0.857879  0.242671  0.154553  4
4100  119016  0.153745  0.0516384  0.860751  0.25487  0.197613  4
4200  118477  0.151579  0.0502825  0.860735  0.256096  0.217655  4
4300  119671  0.154714  0.0478301  0.859526  0.252416  0.24626  4
4400  118813  0.152481  0.0490047  0.859881  0.250409  0.239856  4
4500  118585  0.150517  0.0471296  0.85876  0.240463  0.216734  4
4600  119258  0.151701  0.0463862  0.860402  0.240896  0.182344  4
4700  118844  0.151463  0.047182  0.858602  0.234358  0.178896  4
4800  119597  0.152253  0.0474289  0.858032  0.231498  0.152393  4
4900  119104  0.150266  0.040451  0.857511  0.220247  0.140748  4
5000  119297  0.148758  0.0382653  0.855069  0.219042  0.11736  4
5100  119248  0.153217  0.0399222  0.853183  0.224253  0.113392  4
5200  119433  0.1555  0.0359326  0.85108  0.226328  0.1422  4
5300  119387  0.156155  0.0350031  0.851131  0.223739  0.101866  4
5400  119494  0.1535  0.0344672  0.852497  0.227419  0.101064  4
5500  119492  0.1513  0.0359531  0.854811  0.231196  0.102959  4
5600  118782  0.15578  0.0356342  0.853308  0.229455  0.0955543  4
5700  119244  0.152828  0.0306656  0.854416  0.2296  0.0899495  4
5800  118615  0.152587  0.0271823  0.852491  0.225927  0.0996818  4
5900  119964  0.156326  0.0251972  0.847143  0.217514  0.102201  4
6000  119199  0.151462  0.0255863  0.85092  0.214685  0.116893  4
6100  119302  0.153187  0.0280113  0.849837  0.209852  0.107128  4
6200  119548  0.149998  0.0255068  0.850288  0.20696  0.101398  4
6300  119251  0.151483  0.0274411  0.851843  0.209521  0.124206  4
6400  119315  0.151942  0.0239587  0.849379  0.207761  0.128868  4
6500  119374  0.155643  0.0239108  0.849347  0.206934  0.115083  4
6600  119320  0.153983  0.0212903  0.846818  0.201786  0.112782  4
6700  119105  0.152785  0.0195802  0.846239  0.195749  0.112965  4
6800  119333  0.151983  0.019376  0.844921  0.190255  0.124724  4
6900  119341  0.154519  0.0183054  0.844251  0.196017  0.125227  4
7000  118875  0.15079  0.0193357  0.844524  0.186199  0.146042  4
7100  119131  0.148405  0.0183906  0.845837  0.191393  0.123215  4
7200  119384  0.147953  0.017639  0.847714  0.197837  0.128107  4
7300  118857  0.149064  0.0196692  0.845681  0.196003  0.12996  4
7400  119746  0.153988  0.0222563  0.844367  0.199308  0.153203  4
7500  119287  0.150594  0.0219015  0.845119  0.201107  0.178487  4
7600  119138  0.148937  0.0197073  0.845814  0.199887  0.183297  4
7700  119665  0.153538  0.0171872  0.84866  0.210889  0.197097  4
7800  118900  0.148126  0.0167395  0.84861  0.214384  0.202458  4
7900  119203  0.150955  0.0167196  0.848186  0.213819  0.190694  4
8000  119718  0.151999  0.0159407  0.846916  0.208162  0.200128  4
8100  119284  0.146969  0.0130398  0.846619  0.203187  0.201605  4
8200  119034  0.153435  0.0121411  0.845518  0.200506  0.219843  4
8300  119610  0.151795  0.0124495  0.845529  0.198321  0.223329  4
8400  118823  0.151145  0.0123779  0.845054  0.201016  0.207663  4
8500  119315  0.150988  0.0117499  0.845037  0.200964  0.240801  4
8600  119237  0.155287  0.0120283  0.844654  0.20378  0.242542  4
8700  118816  0.151261  0.0118501  0.845799  0.209231  0.268905  4
8800  119423  0.152684  0.0115949  0.847924  0.21394  0.272868  4
8900  119758  0.152152  0.0107327  0.848482  0.214196  0.255507  4
9000  119042  0.151675  0.00999035  0.849454  0.211932  0.270795  4
9100  119365  0.149611  0.0120089  0.849997  0.208  0.314915  4
9200  119739  0.151532  0.0117036  0.849517  0.206263  0.273956  4
9300  119224  0.151197  0.00993939  0.8489  0.201587  0.2266  4
9400  119675  0.15026  0.0092841  0.848346  0.202113  0.244758  4
9500  119269  0.14889  0.00947659  0.848341  0.197177  0.262296  4
9600  119081  0.150023  0.00958373  0.847057  0.193577  0.275943  4
9700  118888  0.150949  0.0102518  0.845603  0.190445  0.247672  4
9800  119697  0.149849  0.011214  0.846194  0.191368  0.208883  4
9900  119368  0.149697  0.00908728  0.84414  0.179648  0.183883  4
