t meta_n emi  mean_info  tr1  tr2  tr3  strategy
0  123075  0.100264  0.494297  0.899981  0.000777127  1.37006e-07  4
100  119261  0.110744  0.400465  0.901833  0.0666974  0.000104884  4
200  119598  0.126844  0.328796  0.893533  0.117098  0.00332415  4
300  119311  0.136897  0.28068  0.886523  0.158651  0.00650857  4
400  119179  0.14608  0.242859  0.876269  0.188893  0.0338534  4
500  118592  0.145423  0.220118  0.879189  0.208383  0.0403748  4
600  119341  0.15104  0.197575  0.876698  0.22169  0.0388654  4
700  119367  0.153584  0.191437  0.876326  0.237874  0.061945  4
800  119507  0.156626  0.190121  0.877224  0.258256  0.0524948  4
900  118775  0.157441  0.185425  0.876026  0.268719  0.0539413  4
1000  118901  0.155573  0.184769  0.880927  0.279228  0.0562038  4
1100  119419  0.152306  0.178918  0.88082  0.288327  0.0554459  4
1200  118438  0.151501  0.178037  0.882559  0.285749  0.0657626  4
1300  118704  0.155759  0.167979  0.885348  0.306341  0.0621773  4
1400  119300  0.153204  0.167693  0.888377  0.301762  0.0797326  4
1500  119181  0.151574  0.1717  0.893185  0.326709  0.0793919  4
1600  119743  0.150761  0.16837  0.896322  0.333099  0.0582064  4
1700  119471  0.149057  0.169307  0.896481  0.325801  0.0276326  4
1800  119212  0.153096  0.167625  0.883785  0.307484  0.0142131  4
1900  119141  0.153137  0.17029  0.885977  0.312482  0.0100606  4
2000  118999  0.153385  0.164295  0.882449  0.306264  0.0289718  4
2100  119361  0.150675  0.163654  0.887707  0.304709  0.0424046  4
2200  118604  0.150524  0.162846  0.88762  0.30871  0.0413959  4
2300  118777  0.152866  0.159445  0.884889  0.313227  0.0579213  4
2400  119389  0.154658  0.157069  0.884819  0.318171  0.0838939  4
2500  119886  0.15518  0.153998  0.885959  0.325026  0.0763084  4
2600  119494  0.155446  0.146382  0.885268  0.328393  0.0959326  4
2700  118845  0.15984  0.145433  0.878459  0.320688  0.0754326  4
2800  119486  0.155698  0.140911  0.882637  0.31899  0.0967821  4
2900  119095  0.152075  0.135066  0.883023  0.321254  0.0947724  4
3000  118791  0.152853  0.134766  0.880155  0.312169  0.0965231  4
3100  119509  0.153366  0.130306  0.882227  0.312422  0.110674  4
3200  119047  0.150123  0.135214  0.883342  0.308902  0.132884  4
3300  119559  0.1524  0.135796  0.883604  0.309687  0.130737  4
3400  119577  0.152833  0.129406  0.878876  0.29946  0.0761603  4
3500  119333  0.150881  0.128658  0.878755  0.292137  0.0812357  4
3600  119222  0.152265  0.127569  0.875194  0.284118  0.0327953  4
3700  119470  0.151753  0.126913  0.877493  0.289596  0.037164  4
3800  119347  0.149087  0.121216  0.877944  0.290325  0.0414338  4
3900  119478  0.152543  0.120287  0.876383  0.286626  0.0573144  4
4000  118999  0.150783  0.123531  0.879645  0.303754  0.0723762  4
4100  119053  0.148736  0.124533  0.884185  0.311627  0.0792274  4
4200  119340  0.153874  0.125247  0.885652  0.327043  0.0926753  4
4300  119201  0.152423  0.128938  0.884266  0.319243  0.125775  4
4400  119250  0.151349  0.13107  0.887812  0.330083  0.120076  4
4500  119235  0.151263  0.131678  0.891523  0.343507  0.0958572  4
4600  119269  0.153198  0.127917  0.891363  0.348802  0.0704724  4
4700  118860  0.152096  0.121137  0.89096  0.343726  0.0733386  4
4800  119083  0.147033  0.1202  0.894818  0.355247  0.0396601  4
4900  119604  0.151165  0.121523  0.897199  0.361894  0.0489573  4
5000  119584  0.149257  0.118806  0.89642  0.360222  0.0685795  4
5100  120247  0.153432  0.119758  0.897264  0.355751  0.0269732  4
5200  119164  0.148941  0.113302  0.896325  0.349806  -0.0577936  4
5300  118674  0.15188  0.106249  0.895146  0.345985  -0.0874161  4
5400  118786  0.151744  0.102403  0.893269  0.341071  -0.0678519  4
5500  119842  0.153329  0.111083  0.897096  0.357891  -0.0611335  4
5600  119611  0.146531  0.113632  0.901167  0.361001  -0.0565888  4
5700  119533  0.148867  0.112549  0.903597  0.37541  -0.0622599  4
5800  119184  0.15158  0.112694  0.903631  0.383652  -0.0530536  4
5900  119282  0.152823  0.120759  0.915589  0.421203  -0.0736087  4
6000  119074  0.151883  0.116279  0.916442  0.422817  -0.0651114  4
6100  119484  0.150405  0.123382  0.91961  0.433747  -0.0711117  4
6200  118652  0.14666  0.128029  0.923486  0.44432  -0.103699  4
6300  120015  0.151046  0.116747  0.917574  0.427214  -0.0887421  4
6400  119499  0.154387  0.112579  0.918673  0.424777  -0.111297  4
6500  119012  0.151713  0.109762  0.921077  0.426463  -0.103086  4
6600  119367  0.148105  0.114314  0.927918  0.445547  -0.097269  4
6700  119910  0.145787  0.122204  0.934933  0.46563  -0.0985633  4
6800  119441  0.149251  0.120908  0.93978  0.477453  -0.0854168  4
6900  119482  0.148641  0.126492  0.943653  0.486642  -0.077005  4
7000  118912  0.146432  0.128598  0.94769  0.498669  -0.116543  4
7100  119968  0.153397  0.135825  0.953494  0.519239  -0.109083  4
7200  120007  0.150284  0.133688  0.953033  0.517503  -0.120694  4
7300  119467  0.149244  0.137401  0.957739  0.53005  -0.121012  4
7400  119270  0.147554  0.13471  0.953969  0.510579  -0.0952929  4
7500  119675  0.152093  0.138915  0.959435  0.529887  -0.129904  4
7600  119532  0.147277  0.133478  0.960166  0.531943  -0.129903  4
7700  119640  0.145968  0.130119  0.96637  0.548151  -0.104094  4
7800  120013  0.148325  0.130983  0.97017  0.562436  -0.105808  4
7900  119732  0.153394  0.129254  0.967284  0.563084  -0.103432  4
8000  119685  0.150286  0.129112  0.965844  0.556124  -0.101068  4
8100  120096  0.152215  0.128562  0.970044  0.563913  -0.0630808  4
8200  119654  0.152051  0.123351  0.968841  0.554207  -0.0524562  4
8300  119609  0.149397  0.12339  0.971234  0.559493  -0.0572387  4
8400  120026  0.147853  0.118828  0.967944  0.543787  -0.0845207  4
8500  119456  0.148934  0.120424  0.965908  0.534736  -0.0889941  4
8600  119398  0.150132  0.126855  0.969745  0.547846  -0.123366  4
8700  120457  0.149789  0.128988  0.971591  0.553064  -0.0865575  4
8800  119742  0.143931  0.125061  0.980455  0.579782  -0.0839228  4
8900  119734  0.152773  0.12519  0.984202  0.594004  -0.114876  4
9000  119677  0.143772  0.124827  0.98682  0.595211  -0.109076  4
9100  120077  0.147733  0.119743  0.985569  0.588471  -0.119264  4
9200  119135  0.143033  0.118598  0.985625  0.585645  -0.150451  4
9300  120105  0.14631  0.12037  0.985753  0.589211  -0.13779  4
9400  120394  0.149035  0.118016  0.990557  0.60311  -0.12411  4
9500  120180  0.144327  0.116943  0.996161  0.612225  -0.147731  4
9600  119765  0.14394  0.12011  1.00224  0.634548  -0.139413  4
9700  119685  0.144863  0.117003  1.00482  0.633172  -0.137758  4
9800  119776  0.143966  0.110293  1.01071  0.644549  -0.18576  4
9900  119292  0.144242  0.110807  1.00993  0.643738  -0.195675  4
