t meta_n emi  mean_info  tr1  tr2  tr3  strategy
0  121110  0.10096  0.497022  0.900063  0.000820362  -6.81815e-05  4
100  118471  0.110587  0.181917  0.898184  0.0639651  0.00150299  4
200  118266  0.125171  0.0957523  0.889125  0.113116  -0.00454793  4
300  118380  0.137969  0.0747043  0.876667  0.148468  0.00219896  4
400  118582  0.144789  0.064017  0.872431  0.174363  0.0281846  4
500  118699  0.150776  0.0587068  0.871254  0.198972  0.0356776  4
600  118774  0.15293  0.0550963  0.868949  0.215117  0.0583314  4
700  118553  0.155536  0.0525874  0.871207  0.224352  0.0606767  4
800  118865  0.153588  0.0494774  0.870028  0.230845  0.0805402  4
900  118305  0.159472  0.0512906  0.869856  0.249783  0.07838  4
1000  118491  0.155068  0.0475851  0.876475  0.26641  0.0727604  4
1100  118670  0.158784  0.0489625  0.873382  0.281223  0.0544587  4
1200  118803  0.156977  0.0466081  0.872007  0.282845  0.0677132  4
1300  118599  0.157541  0.0450628  0.875983  0.286306  0.0664405  4
1400  118344  0.155459  0.0470694  0.877565  0.293134  0.0682289  4
1500  118304  0.157588  0.0446348  0.873564  0.286363  0.0774926  4
1600  118866  0.161297  0.0412042  0.869145  0.284805  0.0708787  4
1700  118124  0.159976  0.0408241  0.867205  0.273123  0.0770261  4
1800  118646  0.162912  0.0398091  0.861243  0.262817  0.062639  4
1900  119187  0.155797  0.0388701  0.862015  0.251114  0.0865458  4
2000  119036  0.160381  0.0370275  0.861384  0.255252  0.0941125  4
2100  118567  0.159614  0.0365073  0.858666  0.253666  0.0930763  4
2200  118425  0.160677  0.0329632  0.856728  0.250723  0.0868191  4
2300  118554  0.162984  0.034236  0.856287  0.256164  0.0943579  4
2400  118772  0.163502  0.0292139  0.855633  0.252772  0.109766  4
2500  118582  0.164635  0.0275066  0.853736  0.256969  0.10015  4
2600  118710  0.162711  0.029953  0.853545  0.252824  0.119036  4
2700  118999  0.156827  0.0280996  0.85846  0.240541  0.0995854  4
2800  118931  0.154861  0.0265629  0.861035  0.246418  0.086497  4
2900  118624  0.156273  0.0270685  0.858478  0.249189  0.068931  4
3000  118637  0.153144  0.0264437  0.863372  0.2544  0.0476387  4
3100  119201  0.155544  0.0255764  0.860893  0.25054  0.0381581  4
3200  118650  0.156295  0.0249973  0.85936  0.252898  0.032477  4
3300  118678  0.156847  0.0220953  0.857949  0.242363  0.0628532  4
3400  119103  0.151191  0.0225546  0.859361  0.237319  0.0538567  4
3500  119447  0.155407  0.0229143  0.861058  0.237622  0.0781552  4
3600  118855  0.154048  0.0219475  0.859361  0.241267  0.0905016  4
3700  118690  0.153898  0.020515  0.859898  0.238086  0.111621  4
3800  119573  0.152016  0.0208685  0.859545  0.236707  0.112351  4
3900  118893  0.153018  0.0189337  0.857676  0.22492  0.0817796  4
4000  119548  0.154706  0.0179607  0.852674  0.218701  0.107048  4
4100  119216  0.152178  0.017921  0.852868  0.22034  0.0939497  4
4200  118917  0.151803  0.0171828  0.852394  0.211268  0.0926269  4
4300  119030  0.151487  0.0175466  0.851815  0.210425  0.0774222  4
4400  118911  0.149902  0.0178722  0.850273  0.211904  0.0208185  4
4500  118902  0.153146  0.0148587  0.850127  0.212388  -0.0342046  4
4600  118273  0.151052  0.0136182  0.851225  0.2169  -0.0198326  4
4700  118890  0.152214  0.0134142  0.850199  0.217038  -0.0364124  4
4800  119273  0.152258  0.0137344  0.848837  0.216451  -0.0105097  4
4900  118879  0.153957  0.0123095  0.849157  0.209143  -0.0425249  4
5000  119015  0.154195  0.011255  0.848229  0.203925  -0.0320389  4
5100  118836  0.152753  0.00961868  0.847516  0.204601  -0.0281607  4
5200  120012  0.152832  0.0109918  0.848384  0.201106  -0.0542316  4
5300  119108  0.153415  0.0144125  0.846095  0.197076  -0.0739385  4
5400  119707  0.151118  0.0114707  0.848162  0.195187  -0.108813  4
5500  119383  0.151113  0.0116154  0.849039  0.19151  -0.084128  4
5600  119046  0.150002  0.0109401  0.84649  0.187141  -0.0759619  4
5700  118988  0.149683  0.00972957  0.84807  0.189689  -0.0811619  4
5800  119780  0.150907  0.00984231  0.845574  0.182026  -0.0274592  4
5900  119167  0.152009  0.00942245  0.845183  0.191273  -0.0526338  4
6000  119264  0.152344  0.00872613  0.843771  0.182131  -0.052706  4
6100  119146  0.148904  0.0086818  0.84482  0.179927  -0.0669452  4
6200  118859  0.150476  0.00891161  0.844977  0.177586  -0.0356839  4
6300  119010  0.150677  0.00836898  0.841919  0.177235  -0.0175235  4
6400  119865  0.151581  0.00762104  0.841915  0.180467  -0.00454829  4
6500  119105  0.154103  0.0077385  0.841802  0.191699  -0.0165408  4
6600  119169  0.151557  0.00717689  0.841992  0.187624  0.00216418  4
6700  118930  0.151448  0.00674098  0.842251  0.195928  0.0377248  4
6800  118862  0.156663  0.00671594  0.840787  0.19371  -0.0175252  4
6900  118934  0.154573  0.00727114  0.838369  0.18883  -0.0613207  4
7000  119795  0.158002  0.00644892  0.837455  0.179906  -0.0704928  4
7100  119093  0.154545  0.00658182  0.837322  0.177057  -0.0819271  4
7200  119250  0.153577  0.00654091  0.836616  0.168398  -0.0505127  4
7300  119227  0.154048  0.00698477  0.836076  0.168618  -0.054075  4
7400  118905  0.15232  0.0054179  0.838084  0.172504  -0.0351994  4
7500  119850  0.154592  0.00455416  0.839817  0.173485  -0.0174067  4
7600  119120  0.152952  0.00502236  0.838491  0.177717  -0.00879677  4
7700  118497  0.153877  0.00462789  0.83859  0.182555  0.00675017  4
7800  119437  0.151624  0.00379945  0.838621  0.176889  -0.0180143  4
7900  119675  0.154774  0.00391169  0.836728  0.176491  -0.00707316  4
8000  119247  0.156101  0.00487788  0.83878  0.183594  0.0226198  4
8100  119737  0.152601  0.00478558  0.839798  0.179577  0.0806613  4
8200  119058  0.150549  0.00464549  0.838743  0.181834  0.0271922  4
8300  119429  0.155548  0.00410009  0.839682  0.181796  0.0236312  4
8400  119864  0.153467  0.00442966  0.839389  0.180227  0.05144  4
8500  119664  0.154156  0.0030932  0.838486  0.175183  0.0129644  4
8600  118853  0.153885  0.00308188  0.837625  0.174254  -0.0170003  4
8700  119006  0.151745  0.0030922  0.838116  0.170983  -0.0105335  4
8800  119396  0.154376  0.0028263  0.837834  0.170257  -0.0587072  4
8900  119037  0.154555  0.00334087  0.837177  0.170318  -0.0293656  4
9000  119494  0.153883  0.0027579  0.837551  0.171559  -0.00681653  4
9100  118901  0.152284  0.00263716  0.836309  0.168573  -0.00147581  4
9200  118986  0.149014  0.00264752  0.836963  0.166557  0.0106344  4
9300  118907  0.153473  0.00287528  0.836371  0.167371  0.00440034  4
9400  119083  0.152554  0.0026866  0.836443  0.174325  0.0730596  4
9500  118881  0.152296  0.00217435  0.836173  0.170909  0.0782752  4
9600  119091  0.15296  0.00207269  0.836585  0.173903  0.0896712  4
9700  118976  0.153345  0.00289561  0.837652  0.173017  0.11482  4
9800  119109  0.152841  0.00224782  0.8382  0.177765  0.137335  4
9900  119345  0.154453  0.00243647  0.83872  0.179903  0.153162  4
