t meta_n emi  mean_info  tr1  tr2  tr3  strategy
0  120492  0.100648  0.492029  0.900019  0.000793392  5.31444e-05  4
100  118521  0.112642  0.15471  0.893741  0.072196  -0.00153508  4
200  118749  0.133976  0.079041  0.878554  0.121471  -0.00351523  4
300  118788  0.142814  0.0631214  0.875944  0.159928  0.00289082  4
400  118937  0.148557  0.052677  0.871129  0.184626  0.00145607  4
500  118652  0.154079  0.0472511  0.867989  0.208939  0.0102747  4
600  118008  0.151881  0.046268  0.866595  0.212063  0.00791215  4
700  118215  0.158351  0.0411905  0.864657  0.224036  0.00227147  4
800  118569  0.158298  0.0400604  0.866066  0.232292  -0.00498469  4
900  118229  0.158311  0.0412529  0.866761  0.245709  -0.0174534  4
1000  118668  0.165209  0.0415065  0.861008  0.251456  -0.0178161  4
1100  118605  0.16231  0.0385041  0.863737  0.259372  -0.0268212  4
1200  118337  0.162804  0.0395022  0.865468  0.27409  -0.0165954  4
1300  118524  0.157269  0.0389312  0.873118  0.274861  -0.0244461  4
1400  118682  0.161821  0.0351682  0.8627  0.261682  -0.0350703  4
1500  118232  0.158721  0.0336629  0.862747  0.252555  -0.0499568  4
1600  118811  0.156937  0.0317877  0.86037  0.24394  -0.0328158  4
1700  118735  0.164547  0.0335177  0.859667  0.249583  -0.0423913  4
1800  118618  0.155099  0.0294324  0.861866  0.245455  -0.0658557  4
1900  118679  0.159407  0.0279994  0.860042  0.23791  -0.078171  4
2000  118827  0.163128  0.0276904  0.857666  0.238738  -0.0809404  4
2100  119243  0.164242  0.0291919  0.853449  0.233369  -0.0578796  4
2200  118909  0.16085  0.0269026  0.850422  0.229116  -0.0318665  4
2300  118688  0.161472  0.0260697  0.850725  0.224133  -0.0286944  4
2400  118708  0.162674  0.0260442  0.852798  0.236558  -0.00394311  4
2500  119008  0.158483  0.0245027  0.851878  0.234478  0.0048728  4
2600  119020  0.159743  0.0256996  0.852713  0.235764  -0.0217657  4
2700  119084  0.161173  0.0250682  0.851939  0.235024  -0.0547588  4
2800  119178  0.157288  0.0227732  0.856372  0.232799  -0.00477494  4
2900  118850  0.155409  0.0215765  0.855264  0.230595  -0.0150225  4
3000  118873  0.155736  0.0204971  0.857428  0.223224  0.00273078  4
3100  118927  0.154343  0.0208532  0.853057  0.211884  0.0211191  4
3200  118337  0.153654  0.0220008  0.855491  0.206737  -0.00919611  4
3300  119336  0.150757  0.0209008  0.854557  0.200709  0.003917  4
3400  118872  0.155788  0.0184203  0.850636  0.201473  0.00355242  4
3500  119166  0.151562  0.019083  0.853173  0.201576  -0.0116131  4
3600  119257  0.154937  0.0184817  0.850106  0.201049  -0.0158113  4
3700  119156  0.150865  0.0164577  0.84997  0.196578  -0.00386864  4
3800  119075  0.154217  0.0159236  0.849356  0.194184  0.00821267  4
3900  118696  0.151224  0.0134352  0.84926  0.192741  0.00874248  4
4000  118795  0.149617  0.0133979  0.848694  0.197173  0.0451939  4
4100  118590  0.150541  0.0144658  0.851706  0.202238  0.0842878  4
4200  119377  0.15206  0.0139547  0.849683  0.200794  0.0706291  4
4300  118629  0.150381  0.0135383  0.848119  0.198368  0.0403333  4
4400  119354  0.15409  0.0125924  0.84758  0.193929  0.0476956  4
4500  119365  0.154707  0.0127685  0.846839  0.194948  0.0451766  4
4600  119191  0.152241  0.0119152  0.847662  0.190358  0.0334893  4
4700  118694  0.150414  0.0117006  0.849344  0.195545  0.0314557  4
4800  119501  0.149973  0.0100239  0.848803  0.199828  0.0345061  4
4900  119002  0.152557  0.00999849  0.84959  0.203281  0.0441913  4
5000  118581  0.153768  0.0103783  0.849758  0.206714  0.0267075  4
5100  118924  0.152983  0.0114718  0.850745  0.208178  0.0431867  4
5200  119414  0.154021  0.011124  0.847617  0.207782  0.0739183  4
5300  118990  0.153333  0.0109149  0.848073  0.21792  0.0983  4
5400  119453  0.155497  0.0100043  0.847716  0.221296  0.102682  4
5500  119484  0.158725  0.00872021  0.849617  0.227612  0.122405  4
5600  119231  0.154721  0.00846962  0.8482  0.22089  0.157088  4
5700  118845  0.15268  0.0080172  0.851703  0.226458  0.168904  4
5800  119121  0.152448  0.00741555  0.853869  0.234427  0.170912  4
5900  119053  0.153749  0.00676436  0.852737  0.226144  0.180492  4
6000  119125  0.153002  0.00674322  0.852617  0.227322  0.183482  4
6100  119211  0.152395  0.00785024  0.84985  0.213785  0.186605  4
6200  119491  0.152478  0.00618623  0.847313  0.204291  0.171112  4
6300  119214  0.150461  0.00673524  0.848465  0.198541  0.190661  4
6400  118984  0.151858  0.00792334  0.846456  0.197706  0.190418  4
6500  118973  0.152705  0.00652733  0.847693  0.204932  0.172946  4
6600  118817  0.152855  0.0060369  0.846596  0.19623  0.190675  4
6700  119060  0.147996  0.00526373  0.848389  0.201964  0.241701  4
6800  118875  0.14939  0.00612101  0.848802  0.195702  0.219382  4
6900  119557  0.151784  0.00495602  0.848417  0.197882  0.192485  4
7000  119406  0.153214  0.00501423  0.847485  0.196361  0.168946  4
7100  119637  0.154196  0.00447415  0.844916  0.188216  0.192356  4
7200  119356  0.153216  0.00531542  0.84559  0.185672  0.208855  4
7300  119379  0.149639  0.00462093  0.846895  0.192394  0.233163  4
7400  119129  0.147735  0.00412227  0.845836  0.185013  0.214495  4
7500  119427  0.148574  0.00411983  0.846794  0.183029  0.226401  4
7600  119208  0.149857  0.00333884  0.846764  0.19081  0.256974  4
7700  118779  0.148824  0.00348906  0.847003  0.185799  0.330106  4
7800  119273  0.148698  0.00321372  0.847198  0.183904  0.315701  4
7900  119023  0.145021  0.00359486  0.849137  0.187379  0.320784  4
8000  119540  0.14867  0.00307538  0.849711  0.184289  0.333142  4
8100  119673  0.146517  0.00308125  0.851687  0.192392  0.325935  4
8200  119183  0.146643  0.00374248  0.851472  0.188884  0.237993  4
8300  119351  0.143929  0.00302135  0.851236  0.184494  0.212061  4
8400  119262  0.144843  0.00266061  0.850853  0.182  0.241282  4
8500  119171  0.145929  0.00356235  0.849534  0.184676  0.264718  4
8600  119441  0.14708  0.0031027  0.848764  0.180529  0.250899  4
8700  119155  0.146471  0.00251492  0.848589  0.183213  0.249311  4
8800  118952  0.149412  0.00218773  0.846545  0.17562  0.266528  4
8900  119045  0.146453  0.00269134  0.845653  0.169309  0.275398  4
9000  119286  0.145898  0.00240258  0.846993  0.171963  0.328344  4
9100  118824  0.143023  0.00217518  0.8467  0.165369  0.353901  4
9200  118926  0.148499  0.00229702  0.845952  0.162509  0.333294  4
9300  119485  0.146568  0.00215653  0.846832  0.16634  0.350731  4
9400  119570  0.147583  0.00220965  0.846418  0.165409  0.331669  4
9500  119060  0.145212  0.00178254  0.845824  0.15954  0.305334  4
9600  119245  0.144873  0.0014804  0.845453  0.154782  0.375903  4
9700  119525  0.14469  0.00127483  0.845611  0.152516  0.394958  4
9800  119648  0.147261  0.00124717  0.847451  0.162153  0.391563  4
9900  119424  0.144778  0.00137  0.847921  0.166684  0.410702  4
