t meta_n emi  mean_info  tr1  tr2  tr3  strategy
0  121862  0.100352  0.494907  0.900062  0.000805412  3.92146e-05  4
100  118830  0.112058  0.218306  0.895715  0.0709963  -0.00115445  4
200  118670  0.124586  0.119021  0.889319  0.123622  0.0043307  4
300  118918  0.137761  0.0888764  0.880725  0.163486  0.00415923  4
400  118754  0.144316  0.0720808  0.875229  0.178462  0.0179677  4
500  118299  0.150461  0.0642505  0.872346  0.200621  0.00834097  4
600  119038  0.155272  0.0639538  0.868041  0.213902  0.0058809  4
700  118828  0.15614  0.058934  0.867124  0.215865  -0.00641783  4
800  118627  0.161622  0.0585911  0.859956  0.217236  -0.0276813  4
900  118381  0.157366  0.0579339  0.859849  0.223972  -0.0107589  4
1000  118765  0.158782  0.0561587  0.865101  0.231075  -0.0121575  4
1100  118304  0.158953  0.052287  0.863587  0.239624  -0.00982676  4
1200  118695  0.163  0.0530359  0.85882  0.238628  -0.00457916  4
1300  118556  0.162537  0.0538527  0.859292  0.249213  -0.0105008  4
1400  118410  0.161621  0.0517037  0.858902  0.256229  0.00215548  4
1500  118400  0.165415  0.0487195  0.854646  0.244299  -0.02298  4
1600  118738  0.160525  0.0464668  0.857762  0.244508  0.00195659  4
1700  118441  0.162724  0.04852  0.85839  0.247938  0.01089  4
1800  118693  0.158933  0.0439372  0.860644  0.257966  -0.00837117  4
1900  118677  0.168537  0.0414178  0.855116  0.254186  -0.0313118  4
2000  119064  0.167201  0.0408683  0.8546  0.245988  -0.0222596  4
2100  118693  0.160918  0.0392031  0.85498  0.242736  -0.0257089  4
2200  118443  0.160562  0.0387237  0.856172  0.247211  -0.0363309  4
2300  118518  0.161134  0.0383718  0.852999  0.240541  -0.0433304  4
2400  119208  0.160468  0.0376018  0.856816  0.238565  -0.0859693  4
2500  118785  0.161116  0.0358552  0.852129  0.230044  -0.0865268  4
2600  119107  0.160116  0.0352972  0.848634  0.218994  -0.0692085  4
2700  118481  0.157213  0.0345745  0.853179  0.220596  -0.0403991  4
2800  119081  0.160943  0.0318249  0.848763  0.219442  -0.0870515  4
2900  118402  0.161215  0.0306055  0.849242  0.217551  -0.0889286  4
3000  118250  0.162823  0.0281082  0.846049  0.222487  -0.117883  4
3100  119007  0.162179  0.0295863  0.846911  0.211236  -0.116117  4
3200  118729  0.159198  0.0293905  0.845272  0.20477  -0.108181  4
3300  118943  0.158707  0.0269723  0.84464  0.205338  -0.121364  4
3400  118952  0.159695  0.0281961  0.843849  0.201576  -0.138246  4
3500  118980  0.159919  0.0240247  0.840932  0.194958  -0.123913  4
3600  119578  0.160862  0.0238193  0.841567  0.191191  -0.12596  4
3700  118452  0.161716  0.0245226  0.84127  0.194275  -0.151452  4
3800  119136  0.156055  0.0264419  0.844124  0.195128  -0.156584  4
3900  118864  0.156851  0.0239286  0.845198  0.19345  -0.154215  4
4000  118912  0.154886  0.0218659  0.845067  0.191129  -0.168368  4
4100  119082  0.157529  0.0227632  0.84277  0.186004  -0.144611  4
4200  118324  0.153572  0.0208635  0.844685  0.179925  -0.12999  4
4300  118871  0.154892  0.0205144  0.844196  0.192605  -0.130976  4
4400  118781  0.156638  0.0204611  0.843239  0.177919  -0.131538  4
4500  119244  0.153032  0.0216257  0.842586  0.170259  -0.128579  4
4600  119070  0.153588  0.0209929  0.839648  0.166129  -0.164339  4
4700  119164  0.157534  0.0194198  0.837591  0.160628  -0.168525  4
4800  119110  0.157482  0.0172807  0.836727  0.161435  -0.122171  4
4900  119035  0.155803  0.0181102  0.836824  0.162208  -0.0853022  4
5000  119112  0.159269  0.016646  0.834586  0.160917  -0.0271296  4
5100  119233  0.152777  0.0163152  0.836512  0.156604  -0.0393818  4
5200  118796  0.157715  0.0147097  0.837612  0.162512  -0.0398517  4
5300  119016  0.151557  0.0131684  0.83911  0.169857  -0.0363054  4
5400  119009  0.15687  0.0122223  0.836652  0.167372  -0.0393969  4
5500  119061  0.156555  0.0122954  0.836038  0.173815  -0.0686024  4
5600  118897  0.155106  0.0138754  0.838209  0.173099  -0.0567275  4
5700  119589  0.156759  0.0142245  0.835251  0.15887  -0.027035  4
5800  119136  0.156461  0.0127436  0.835037  0.156068  -0.01436  4
5900  118992  0.154383  0.0123113  0.83741  0.152878  -0.029409  4
6000  119357  0.153944  0.0118281  0.836327  0.158578  -0.0370669  4
6100  119125  0.152204  0.0104351  0.836248  0.153495  -0.0764428  4
6200  119274  0.153156  0.010995  0.838825  0.15872  -0.0413401  4
6300  119418  0.153329  0.0109969  0.839327  0.168532  -0.0292843  4
6400  119782  0.155473  0.00796993  0.837569  0.156027  -0.00348605  4
6500  119667  0.153321  0.00897462  0.83496  0.153138  -0.0190752  4
6600  119071  0.152066  0.0101758  0.834629  0.152231  -0.0265172  4
6700  119078  0.153792  0.00913152  0.836036  0.147884  -0.00216683  4
6800  119357  0.149589  0.0101272  0.836312  0.146626  -0.00645346  4
6900  119013  0.150384  0.00792059  0.837844  0.152684  -0.0476934  4
7000  119116  0.151247  0.00727166  0.839476  0.15592  -0.0761708  4
7100  119188  0.151382  0.00684148  0.839509  0.161576  -0.0973116  4
7200  118860  0.151761  0.00678895  0.840108  0.169161  -0.0955242  4
7300  119681  0.152225  0.00637805  0.842066  0.177797  -0.0654704  4
7400  118953  0.151683  0.00603818  0.841734  0.175183  -0.039881  4
7500  119184  0.149188  0.00466876  0.840279  0.169675  -0.0539253  4
7600  118632  0.153408  0.00509279  0.839304  0.173106  -0.0559124  4
7700  119616  0.153211  0.00547523  0.838579  0.166159  -0.0885754  4
7800  119326  0.153361  0.0061699  0.837123  0.16178  -0.111909  4
7900  119483  0.15154  0.00605516  0.836369  0.14856  -0.129158  4
8000  119792  0.154352  0.00515612  0.835654  0.15191  -0.158846  4
8100  119583  0.153566  0.00559845  0.836412  0.149886  -0.200619  4
8200  119448  0.147602  0.00583243  0.834979  0.14626  -0.219233  4
8300  118766  0.1522  0.00546149  0.836615  0.145431  -0.26224  4
8400  119049  0.150994  0.00507492  0.836885  0.147182  -0.271708  4
8500  118879  0.149393  0.0043776  0.836508  0.143406  -0.337127  4
8600  119316  0.150508  0.00467195  0.837136  0.146082  -0.367861  4
8700  119141  0.149706  0.00431898  0.834715  0.138988  -0.346344  4
8800  119309  0.151484  0.00392607  0.834715  0.137068  -0.369592  4
8900  119505  0.150368  0.00371727  0.837878  0.144443  -0.364693  4
9000  119225  0.146926  0.00398052  0.838786  0.143305  -0.373042  4
9100  118934  0.144782  0.00383504  0.839605  0.143444  -0.365257  4
9200  118539  0.144815  0.0036109  0.837952  0.139814  -0.394659  4
9300  119603  0.148608  0.00396225  0.836776  0.136352  -0.394788  4
9400  118693  0.147017  0.00374391  0.837086  0.136776  -0.374151  4
9500  120052  0.150918  0.00337064  0.835142  0.133761  -0.375289  4
9600  118966  0.150721  0.00263509  0.834809  0.129192  -0.423846  4
9700  119568  0.150923  0.00311797  0.833072  0.121598  -0.391648  4
9800  119271  0.148526  0.00253846  0.833892  0.124724  -0.377151  4
9900  119398  0.144348  0.00225775  0.832608  0.122238  -0.348374  4
