t meta_n emi  mean_info  tr1  tr2  tr3  strategy
0  122701  0.098904  0.499604  0.900033  0.000706484  -9.06728e-06  4
100  119739  0.113613  0.433701  0.898834  0.0696334  0.00084957  4
200  119366  0.125694  0.382594  0.895611  0.120382  0.00252875  4
300  119291  0.135046  0.336906  0.888985  0.161016  -0.0019572  4
400  120034  0.143882  0.320205  0.88457  0.18873  -0.00715214  4
500  118565  0.148856  0.284331  0.880429  0.205931  0.00217341  4
600  118858  0.149395  0.258434  0.880447  0.222425  -0.0110153  4
700  119300  0.147396  0.257326  0.880182  0.240283  0.00982037  4
800  119012  0.14807  0.247038  0.881463  0.238767  0.0481672  4
900  118976  0.153355  0.251504  0.880132  0.253085  0.0501319  4
1000  118940  0.155743  0.245849  0.881448  0.268834  0.0527804  4
1100  119085  0.153282  0.236847  0.8787  0.280424  0.0663819  4
1200  119724  0.156355  0.232627  0.882356  0.291443  0.0636736  4
1300  119252  0.156  0.224692  0.883374  0.304453  0.0771094  4
1400  119023  0.155578  0.22532  0.885451  0.302715  0.0890321  4
1500  119402  0.149443  0.212847  0.887835  0.302524  0.119354  4
1600  119093  0.15341  0.213027  0.888749  0.307019  0.131093  4
1700  119042  0.147279  0.200089  0.888818  0.295648  0.129649  4
1800  119865  0.151814  0.19486  0.881583  0.287141  0.176273  4
1900  119339  0.149585  0.198024  0.88096  0.28661  0.195079  4
2000  119414  0.15179  0.202028  0.881813  0.291559  0.229851  4
2100  119305  0.151948  0.201171  0.882393  0.29675  0.275612  4
2200  118749  0.153077  0.203794  0.885527  0.31378  0.256085  4
2300  119036  0.152056  0.205423  0.884431  0.311628  0.254527  4
2400  118637  0.150839  0.205193  0.885213  0.314301  0.255619  4
2500  118932  0.151439  0.205572  0.882528  0.302802  0.274134  4
2600  119200  0.150223  0.193615  0.881742  0.304857  0.286299  4
2700  118977  0.14928  0.199286  0.886742  0.322845  0.270863  4
2800  119489  0.152351  0.190688  0.889652  0.324545  0.286045  4
2900  119809  0.152174  0.20011  0.893178  0.348354  0.251994  4
3000  119256  0.155705  0.204908  0.891554  0.360153  0.235706  4
3100  118986  0.149831  0.210892  0.89412  0.363667  0.231977  4
3200  119137  0.153317  0.2061  0.895316  0.371956  0.271615  4
3300  119151  0.151578  0.19632  0.898218  0.375967  0.274144  4
3400  119819  0.152115  0.191335  0.903454  0.38702  0.296558  4
3500  119075  0.151518  0.196271  0.903948  0.384244  0.313054  4
3600  119529  0.15014  0.185299  0.899955  0.368041  0.283639  4
3700  119109  0.149467  0.183969  0.902149  0.376539  0.285568  4
3800  120087  0.152318  0.181686  0.902496  0.382685  0.277614  4
3900  118968  0.146523  0.176338  0.9043  0.383925  0.268073  4
4000  119707  0.151483  0.177442  0.901597  0.372602  0.272862  4
4100  119582  0.151935  0.174535  0.89699  0.362679  0.314684  4
4200  119345  0.153646  0.175329  0.903428  0.383208  0.314697  4
4300  119752  0.153321  0.18448  0.911588  0.40294  0.266857  4
4400  119047  0.152934  0.185062  0.91326  0.408249  0.209399  4
4500  119054  0.14743  0.182724  0.918641  0.419547  0.246601  4
4600  120218  0.152955  0.187336  0.928079  0.444192  0.21953  4
4700  119768  0.149096  0.196751  0.934066  0.468297  0.221139  4
4800  119519  0.146822  0.192524  0.938026  0.478372  0.175667  4
4900  120024  0.145574  0.195177  0.943847  0.495743  0.16312  4
5000  119602  0.144168  0.186633  0.945958  0.50395  0.155785  4
5100  119551  0.146049  0.181497  0.9441  0.504536  0.152029  4
5200  119938  0.146975  0.178233  0.945376  0.506415  0.16118  4
5300  120255  0.147492  0.188969  0.945965  0.507467  0.168079  4
5400  119787  0.150226  0.182732  0.943166  0.49466  0.175858  4
5500  119246  0.147084  0.18618  0.949016  0.509875  0.196272  4
5600  119836  0.14939  0.183843  0.956159  0.534098  0.175713  4
5700  120073  0.14082  0.182232  0.956775  0.538058  0.222268  4
5800  119762  0.153402  0.174972  0.956518  0.533196  0.280794  4
5900  119927  0.147622  0.16957  0.957084  0.531544  0.309988  4
6000  119902  0.148704  0.172974  0.9615  0.549153  0.323597  4
6100  119722  0.147466  0.1678  0.963424  0.557941  0.366034  4
6200  119622  0.145276  0.168623  0.967891  0.566132  0.35769  4
6300  120185  0.148432  0.168626  0.967649  0.566894  0.356305  4
6400  120135  0.148985  0.159554  0.964257  0.556386  0.328022  4
6500  119695  0.148621  0.166236  0.964662  0.558312  0.347483  4
6600  119248  0.143604  0.171261  0.961848  0.540475  0.416951  4
6700  119359  0.144186  0.174395  0.968039  0.559772  0.369284  4
6800  119880  0.146388  0.171511  0.971577  0.579132  0.360533  4
6900  119529  0.147332  0.165871  0.971506  0.579666  0.336268  4
7000  120145  0.148894  0.173946  0.979805  0.605402  0.332841  4
7100  119411  0.14476  0.166782  0.973865  0.5847  0.345838  4
7200  119646  0.149107  0.169193  0.977261  0.59463  0.362494  4
7300  120097  0.151399  0.165696  0.97693  0.593163  0.359087  4
7400  119725  0.148404  0.171109  0.979115  0.600705  0.344351  4
7500  119317  0.149302  0.166941  0.976269  0.593257  0.401727  4
7600  120094  0.155335  0.164985  0.974938  0.588433  0.386267  4
7700  119591  0.148362  0.164309  0.976982  0.59801  0.378669  4
7800  120154  0.152436  0.168918  0.984596  0.622098  0.362595  4
7900  119915  0.148584  0.169241  0.988224  0.638634  0.363632  4
8000  119308  0.150585  0.172291  0.996181  0.661213  0.322892  4
8100  119888  0.150367  0.176647  1.00341  0.682133  0.28723  4
8200  120458  0.150368  0.177373  1.00594  0.682172  0.267488  4
8300  119965  0.144786  0.182588  1.00786  0.69059  0.233335  4
8400  119421  0.150112  0.179381  1.00573  0.68362  0.258258  4
8500  119325  0.149615  0.174959  1.00513  0.679761  0.304404  4
8600  119581  0.148121  0.178187  1.00667  0.684262  0.336123  4
8700  119270  0.148414  0.176047  1.00925  0.688948  0.343202  4
8800  119292  0.146655  0.171262  1.01038  0.688517  0.356179  4
8900  119853  0.146203  0.165166  1.00902  0.682085  0.353565  4
9000  119627  0.146338  0.170619  1.01149  0.691807  0.347067  4
9100  120400  0.149542  0.166635  1.00969  0.688526  0.333569  4
9200  120263  0.148972  0.173231  1.01317  0.70577  0.324102  4
9300  120083  0.144128  0.171707  1.01502  0.709422  0.277756  4
9400  119498  0.142127  0.173025  1.01522  0.709808  0.273042  4
9500  120038  0.146958  0.169635  1.01458  0.704917  0.285577  4
9600  120064  0.144494  0.167763  1.01635  0.706602  0.254742  4
9700  120612  0.146788  0.175266  1.02509  0.73316  0.19448  4
9800  120079  0.149241  0.174172  1.02632  0.733851  0.157855  4
9900  120302  0.14587  0.173345  1.02781  0.737576  0.13545  4
