t meta_n emi  mean_info  tr1  tr2  tr3  strategy
0  122218  0.099664  0.495623  0.899948  0.000792324  -2.80862e-05  4
100  118984  0.109287  0.288998  0.900541  0.0684697  0.000353558  4
200  119008  0.130473  0.184591  0.886862  0.122402  0.00288972  4
300  118732  0.13944  0.136375  0.880298  0.16055  -0.00120186  4
400  118787  0.148196  0.10936  0.869515  0.187931  0.00328947  4
500  118738  0.148515  0.103014  0.87104  0.198314  0.00127235  4
600  118708  0.15414  0.0987694  0.870653  0.212849  -0.0145941  4
700  118907  0.155181  0.0949114  0.868908  0.230926  -0.0196733  4
800  118785  0.155457  0.100835  0.871022  0.253257  -0.0243145  4
900  118480  0.159242  0.0922861  0.870293  0.249928  -0.0639014  4
1000  118470  0.157093  0.0897477  0.870553  0.259832  -0.0671525  4
1100  119069  0.159331  0.0905437  0.863279  0.251353  -0.0748594  4
1200  118670  0.159539  0.0825606  0.868895  0.260275  -0.0871934  4
1300  118927  0.159896  0.0797219  0.865687  0.268215  -0.0698651  4
1400  118153  0.157919  0.0784598  0.865475  0.27209  -0.0490483  4
1500  118615  0.162691  0.0769553  0.861171  0.264888  -0.0398278  4
1600  119188  0.165737  0.0729606  0.860936  0.26901  -0.0428128  4
1700  119310  0.161629  0.0736638  0.865776  0.274057  -0.0352421  4
1800  118818  0.16016  0.0718826  0.866734  0.273605  -0.0404817  4
1900  118903  0.158068  0.0771332  0.865575  0.270986  -0.0148248  4
2000  118450  0.157822  0.0733106  0.863495  0.264129  -0.0114341  4
2100  119303  0.156743  0.0670425  0.867322  0.262204  0.013042  4
2200  118949  0.152182  0.0615215  0.870848  0.267783  -0.0228504  4
2300  119352  0.155855  0.0613087  0.869194  0.26467  -0.0555528  4
2400  119120  0.152418  0.0593463  0.871508  0.265261  -0.0629129  4
2500  118911  0.15089  0.0576586  0.871759  0.269092  -0.0540537  4
2600  119000  0.152297  0.0624911  0.869649  0.262521  -0.0379143  4
2700  119093  0.155273  0.0562656  0.867887  0.267444  -0.0738555  4
2800  118967  0.156859  0.0534798  0.865299  0.26613  -0.0845972  4
2900  118932  0.153987  0.051585  0.867639  0.259844  -0.0975559  4
3000  118875  0.157465  0.0506884  0.865729  0.259642  -0.139035  4
3100  119092  0.156318  0.050682  0.862067  0.249897  -0.122821  4
3200  119141  0.156393  0.0510984  0.860698  0.248272  -0.151611  4
3300  119815  0.155782  0.0484751  0.85958  0.243828  -0.14412  4
3400  119047  0.156121  0.0482231  0.860411  0.24194  -0.130691  4
3500  119122  0.154886  0.0463828  0.858875  0.244349  -0.086293  4
3600  119115  0.157606  0.0438271  0.857641  0.236156  -0.0621385  4
3700  119224  0.152704  0.0422346  0.856588  0.228452  -0.0372025  4
3800  119125  0.152169  0.0413324  0.853281  0.214073  -0.0477557  4
3900  118986  0.15427  0.0415002  0.852825  0.216666  -0.0745966  4
4000  118481  0.153116  0.0395347  0.850984  0.206131  -0.0555537  4
4100  119325  0.153256  0.0396876  0.84928  0.194248  -0.0570655  4
4200  119091  0.155931  0.0411844  0.847403  0.186914  -0.061003  4
4300  119036  0.157993  0.043495  0.842465  0.180302  -0.108191  4
4400  118726  0.152457  0.0371356  0.843458  0.18509  -0.106088  4
4500  119319  0.153948  0.0374115  0.844922  0.180562  -0.0789386  4
4600  119439  0.155921  0.033977  0.843226  0.172957  -0.0737238  4
4700  119100  0.156225  0.0343309  0.843796  0.18259  -0.0696422  4
4800  119580  0.153469  0.0342275  0.846686  0.188804  -0.064577  4
4900  119036  0.152019  0.0345763  0.844499  0.184342  -0.0466762  4
5000  119193  0.153106  0.0319302  0.844974  0.186281  -0.0143982  4
5100  119027  0.155289  0.0338849  0.843514  0.189127  -0.0144183  4
5200  119267  0.157291  0.0298374  0.841156  0.179128  0.0036657  4
5300  119525  0.157451  0.0273849  0.843313  0.180641  -0.0350006  4
5400  118843  0.15553  0.0297292  0.842014  0.179918  -0.0505564  4
5500  119203  0.151647  0.0259957  0.843407  0.180722  -0.0310796  4
5600  119147  0.154106  0.0233949  0.842481  0.180116  0.00179115  4
5700  118872  0.153959  0.0227405  0.840584  0.175335  0.0105217  4
5800  119157  0.156772  0.0234811  0.840917  0.175949  0.0381975  4
5900  118874  0.156162  0.0212141  0.838901  0.175653  0.0350492  4
6000  119149  0.154411  0.02036  0.839915  0.172075  0.0305235  4
6100  118899  0.15476  0.0210514  0.840126  0.174587  0.0470477  4
6200  118732  0.151854  0.018527  0.839879  0.16885  0.0468963  4
6300  119364  0.15245  0.0176967  0.840414  0.163022  0.0165763  4
6400  119034  0.152957  0.0174404  0.838839  0.158417  0.0236157  4
6500  119102  0.153189  0.0161647  0.840071  0.163348  0.0380885  4
6600  119238  0.157042  0.0145273  0.837339  0.160376  0.0335666  4
6700  118789  0.15092  0.0155512  0.839453  0.165848  0.0493643  4
6800  118373  0.15541  0.0162084  0.839107  0.166964  0.0259231  4
6900  119111  0.154439  0.0177645  0.837454  0.155656  0.0419116  4
7000  118974  0.152727  0.0164903  0.838583  0.161431  0.00992505  4
7100  118915  0.151273  0.0149836  0.837209  0.156034  -0.0121315  4
7200  119607  0.151694  0.0153402  0.83779  0.159342  -0.0522508  4
7300  118889  0.149104  0.0166434  0.838271  0.157435  -0.0588623  4
7400  118941  0.152482  0.0165563  0.838119  0.162155  -0.100097  4
7500  119321  0.153227  0.0131421  0.836247  0.16026  -0.116425  4
7600  119258  0.153908  0.0130044  0.835997  0.155408  -0.04399  4
7700  118911  0.150197  0.0119318  0.835813  0.157227  -0.00737797  4
7800  119008  0.15324  0.01141  0.83521  0.153522  -0.0117696  4
7900  118832  0.15171  0.00975211  0.833739  0.149725  -0.0348242  4
8000  119289  0.156138  0.00961758  0.833369  0.148158  -0.0978099  4
8100  118698  0.156522  0.00968255  0.831463  0.142564  -0.143074  4
8200  119235  0.153685  0.00843535  0.829424  0.135435  -0.142472  4
8300  119887  0.156396  0.00918779  0.829369  0.13699  -0.17547  4
8400  119502  0.154787  0.00808935  0.829194  0.133484  -0.167857  4
8500  119803  0.156921  0.00855776  0.827197  0.12915  -0.188382  4
8600  119077  0.155023  0.00879072  0.827699  0.128479  -0.147332  4
8700  118863  0.1549  0.0103413  0.829358  0.134717  -0.0624627  4
8800  119709  0.156463  0.00981336  0.829466  0.139214  -0.0814303  4
8900  119806  0.156113  0.0100595  0.828413  0.137438  -0.0374751  4
9000  118894  0.152552  0.0106704  0.829019  0.13784  -0.0594856  4
9100  118806  0.154935  0.0101  0.82931  0.135667  -0.0591007  4
9200  119405  0.154871  0.00857613  0.828577  0.134479  -0.016112  4
9300  119131  0.157798  0.00873576  0.827494  0.130733  -0.0208216  4
9400  119013  0.152451  0.00788143  0.827795  0.130582  -0.0339904  4
9500  119450  0.155939  0.00640046  0.828316  0.128607  -0.0276286  4
9600  119665  0.15294  0.0054504  0.828298  0.123602  -0.0375217  4
9700  119074  0.150957  0.00594268  0.830187  0.125527  -0.0401118  4
9800  119340  0.154026  0.00608638  0.830863  0.134585  -0.0504662  4
9900  119320  0.153962  0.00550152  0.830509  0.134944  -0.0139253  4
