t meta_n emi  mean_info  tr1  tr2  tr3  strategy
0  121728  0.100216  0.494817  0.900041  0.000673422  -6.47761e-06  4
100  118251  0.107397  0.218114  0.900489  0.0718308  -0.00516691  4
200  118701  0.129502  0.118632  0.888687  0.131126  -0.00325769  4
300  118332  0.145211  0.0875272  0.876232  0.171583  0.00449279  4
400  118429  0.144973  0.0797437  0.877742  0.201954  0.0137765  4
500  118837  0.148167  0.0728846  0.876781  0.221413  0.0351845  4
600  118167  0.155803  0.0675797  0.871727  0.237969  0.0225216  4
700  118985  0.161728  0.0634536  0.867934  0.245189  0.0179476  4
800  118298  0.159735  0.0656258  0.866754  0.24784  0.0202535  4
900  118619  0.157217  0.0639316  0.872175  0.26341  0.0273629  4
1000  118503  0.15681  0.0634485  0.870966  0.264128  0.0383103  4
1100  118777  0.154168  0.0593364  0.876878  0.271949  0.0653301  4
1200  119080  0.156412  0.0563737  0.873649  0.267389  0.0833421  4
1300  118904  0.1566  0.0553912  0.879121  0.285878  0.0669968  4
1400  118644  0.158106  0.0536054  0.875645  0.279195  0.0874594  4
1500  118417  0.153657  0.0528618  0.865723  0.257561  0.0948632  4
1600  118477  0.154532  0.0521366  0.867964  0.265973  0.111339  4
1700  118022  0.156387  0.0515185  0.866103  0.253673  0.103701  4
1800  119217  0.15453  0.0482046  0.863963  0.251518  0.0993254  4
1900  118876  0.159131  0.0447025  0.864766  0.256439  0.111237  4
2000  118387  0.158827  0.0427293  0.86362  0.25639  0.128054  4
2100  118804  0.157512  0.0446174  0.865011  0.26057  0.147406  4
2200  118771  0.157536  0.0428155  0.863503  0.254679  0.144497  4
2300  118955  0.157696  0.0398768  0.86118  0.245301  0.139839  4
2400  119351  0.158762  0.0385269  0.859903  0.242188  0.143856  4
2500  118657  0.15725  0.035925  0.858284  0.24568  0.135938  4
2600  118571  0.157577  0.0343043  0.858127  0.244269  0.172548  4
2700  118816  0.157278  0.0365038  0.858236  0.241658  0.194237  4
2800  119227  0.156591  0.0352345  0.859262  0.244442  0.165014  4
2900  118906  0.152046  0.0310686  0.858721  0.233406  0.146155  4
3000  118698  0.154602  0.0318531  0.855754  0.236708  0.145292  4
3100  119446  0.156343  0.0310794  0.857635  0.236109  0.0811463  4
3200  118957  0.15511  0.0332584  0.860114  0.238838  0.106151  4
3300  119160  0.152229  0.0302796  0.859098  0.232582  0.140225  4
3400  119331  0.151856  0.0294831  0.857269  0.220011  0.141617  4
3500  118811  0.154995  0.0283198  0.852512  0.216465  0.125597  4
3600  118825  0.152155  0.0265346  0.851304  0.204344  0.106297  4
3700  118682  0.154176  0.0275252  0.852012  0.21416  0.14087  4
3800  119320  0.153617  0.0266002  0.850867  0.218548  0.10603  4
3900  119436  0.155276  0.0261485  0.849862  0.210603  0.0742549  4
4000  119515  0.154918  0.0266811  0.847334  0.212166  0.0565894  4
4100  118944  0.157834  0.0246342  0.847045  0.209064  0.045379  4
4200  119486  0.158364  0.0209675  0.843199  0.199688  0.0386787  4
4300  118490  0.16016  0.0200291  0.844703  0.201428  0.0326442  4
4400  118685  0.153501  0.0207402  0.845231  0.1868  0.0484843  4
4500  118113  0.154758  0.0184721  0.842729  0.17932  0.0505795  4
4600  119196  0.15426  0.017739  0.84153  0.167102  0.0724587  4
4700  119485  0.152749  0.0197201  0.83929  0.163634  0.0845858  4
4800  119319  0.155047  0.0175086  0.84007  0.167994  0.0882503  4
4900  119065  0.154306  0.0188783  0.839699  0.173497  0.0780926  4
5000  118759  0.159111  0.0163987  0.83893  0.176773  0.0818891  4
5100  119029  0.156848  0.0163627  0.838419  0.18238  0.0772699  4
5200  118921  0.156982  0.0151129  0.840483  0.181354  0.0527753  4
5300  119249  0.156756  0.0161287  0.841199  0.181413  0.0608921  4
5400  119087  0.157087  0.0173561  0.838148  0.174803  0.0436914  4
5500  119541  0.155295  0.0157357  0.839708  0.174295  -0.00844626  4
5600  119621  0.155106  0.0142857  0.841294  0.177552  0.0163098  4
5700  118930  0.156296  0.0137363  0.839373  0.184533  0.0227434  4
5800  119550  0.156608  0.012877  0.838995  0.176961  0.0460282  4
5900  118689  0.155021  0.0115056  0.838501  0.170458  0.0416902  4
6000  118474  0.153221  0.0108241  0.837864  0.173474  0.0432572  4
6100  119423  0.153593  0.0107776  0.839373  0.171892  0.061755  4
6200  119790  0.158362  0.0100284  0.838119  0.167068  0.0548242  4
6300  118942  0.154399  0.00835944  0.83622  0.156916  0.0600955  4
6400  118474  0.152893  0.00954487  0.834361  0.144473  0.0606717  4
6500  119656  0.155433  0.00860084  0.832072  0.135834  0.0411507  4
6600  119512  0.154694  0.00953226  0.831675  0.1398  0.0206955  4
6700  118303  0.154765  0.00988333  0.832359  0.149595  -0.00381574  4
6800  118841  0.156844  0.00842464  0.831892  0.151395  -0.0212697  4
6900  119034  0.15733  0.00891958  0.834195  0.152207  -0.0171257  4
7000  119433  0.151802  0.00898929  0.833443  0.153492  0.00860575  4
7100  119123  0.153401  0.00796963  0.835651  0.156166  0.0149327  4
7200  118947  0.153175  0.00817526  0.835311  0.160458  -0.0557511  4
7300  118851  0.152405  0.00865502  0.834726  0.152998  -0.0974857  4
7400  119021  0.152222  0.00741519  0.834009  0.150925  -0.098193  4
7500  119217  0.151839  0.0071221  0.833712  0.147884  -0.108725  4
7600  118503  0.155953  0.00810971  0.832816  0.143268  -0.0977924  4
7700  119175  0.154059  0.00736463  0.83254  0.141274  -0.0767647  4
7800  119660  0.155029  0.00678094  0.832871  0.139431  -0.10039  4
7900  119257  0.151318  0.00618007  0.831674  0.131758  -0.101059  4
8000  118959  0.151958  0.00562319  0.831118  0.13413  -0.0739234  4
8100  119510  0.151986  0.00540956  0.833274  0.136718  -0.062169  4
8200  118684  0.151678  0.00506579  0.83293  0.138149  -0.0643368  4
8300  119084  0.150868  0.00424816  0.833566  0.142836  -0.011542  4
8400  118913  0.152925  0.00455779  0.833858  0.137208  -0.0165205  4
8500  118177  0.147369  0.00628963  0.833845  0.133519  -0.0408558  4
8600  119350  0.150215  0.00581227  0.832721  0.130981  -0.0589477  4
8700  119327  0.150262  0.00457853  0.831381  0.128435  -0.0553213  4
8800  119070  0.153224  0.00413218  0.832194  0.135066  -0.0541354  4
8900  119280  0.150716  0.00319287  0.831811  0.127883  -0.0389764  4
9000  118979  0.150052  0.00276342  0.83198  0.128823  -0.0936994  4
9100  118353  0.152965  0.00300814  0.831035  0.128799  -0.0959406  4
9200  119074  0.149514  0.00329308  0.831709  0.131571  -0.0772078  4
9300  118978  0.151501  0.00322659  0.831545  0.132153  -0.0585619  4
9400  119279  0.151077  0.00280964  0.831067  0.128749  -0.078165  4
9500  119087  0.151112  0.00209828  0.83107  0.129126  -0.0830415  4
9600  118278  0.150627  0.0024092  0.831347  0.131882  -0.0211613  4
9700  118800  0.152623  0.00229269  0.832653  0.137639  0.00021671  4
9800  119572  0.15495  0.00263703  0.831882  0.13818  -0.00795809  4
9900  119552  0.15386  0.00371794  0.831951  0.138391  -0.00406008  4
