t meta_n emi  mean_info  tr1  tr2  tr3  strategy
0  120639  0.099728  0.491691  0.900008  0.00072912  4.70019e-05  4
100  117786  0.110565  0.139882  0.89772  0.0741532  -0.000822843  4
200  118673  0.130712  0.0671107  0.884635  0.115474  0.00121715  4
300  118571  0.139999  0.0495926  0.87613  0.150687  0.00316293  4
400  118357  0.144639  0.0474144  0.871774  0.175438  0.00174405  4
500  118346  0.149004  0.0444845  0.87056  0.194613  -0.0153195  4
600  118407  0.157961  0.0412996  0.863795  0.206416  -0.0242364  4
700  118526  0.155918  0.0411492  0.864953  0.224513  -0.0176199  4
800  118532  0.160519  0.0383424  0.865461  0.233191  -0.0262027  4
900  118720  0.161845  0.038691  0.859423  0.242327  -0.03668  4
1000  118420  0.169324  0.0367447  0.859271  0.2632  -0.0318384  4
1100  118512  0.16475  0.0341455  0.861357  0.257803  -0.0336057  4
1200  118787  0.160423  0.0318746  0.865593  0.25464  -0.0364748  4
1300  118143  0.157371  0.0334461  0.866583  0.246765  -0.0383676  4
1400  118722  0.155064  0.0331669  0.864822  0.239521  -0.0286175  4
1500  118380  0.157235  0.0316894  0.861559  0.240978  -0.035962  4
1600  118132  0.161494  0.0307515  0.859767  0.23722  -0.0310549  4
1700  118313  0.154056  0.0302111  0.862073  0.235999  0.00670555  4
1800  119180  0.155542  0.0272856  0.861592  0.247402  -0.00954933  4
1900  119100  0.155118  0.0272191  0.863307  0.245344  -0.0419539  4
2000  119224  0.155344  0.0260758  0.86105  0.24396  -0.0600463  4
2100  119428  0.157321  0.0262616  0.862054  0.250806  -0.0538643  4
2200  118179  0.159056  0.0269908  0.861092  0.250134  -0.0534671  4
2300  119680  0.158189  0.024534  0.860856  0.252825  -0.07541  4
2400  118696  0.157857  0.0231596  0.863911  0.264511  -0.0466583  4
2500  118556  0.158107  0.0237144  0.866468  0.26982  -0.0204019  4
2600  118824  0.154066  0.0231153  0.867  0.274414  0.0193922  4
2700  119403  0.158486  0.0214275  0.864906  0.267605  0.00385363  4
2800  118830  0.155893  0.0207618  0.865294  0.265653  0.0128544  4
2900  119185  0.157653  0.0211487  0.863268  0.246043  -0.0102387  4
3000  119151  0.158823  0.020399  0.85878  0.241847  0.0106737  4
3100  119387  0.155925  0.0181864  0.856785  0.229421  -0.0408438  4
3200  118665  0.155908  0.0183964  0.854598  0.226178  -0.0106776  4
3300  118501  0.153059  0.0181282  0.854949  0.211827  -0.0262344  4
3400  118898  0.155304  0.0167887  0.856363  0.213581  0.0234834  4
3500  118570  0.153213  0.0166764  0.857917  0.215215  0.0117591  4
3600  118807  0.14831  0.0158206  0.856844  0.209394  -0.00514949  4
3700  119438  0.153603  0.0154638  0.858175  0.220434  0.0196965  4
3800  118613  0.153846  0.0154867  0.852526  0.207295  0.0238502  4
3900  119014  0.152372  0.0152563  0.849414  0.200953  0.0398346  4
4000  119597  0.152125  0.0147152  0.85032  0.205188  0.0599984  4
4100  118773  0.157109  0.0123822  0.84916  0.208654  0.0407257  4
4200  118877  0.15553  0.0119671  0.850273  0.210694  0.0519012  4
4300  119435  0.1522  0.0117014  0.849774  0.207267  0.0461783  4
4400  118761  0.157069  0.0124891  0.848394  0.20728  0.0500399  4
4500  119042  0.153717  0.0109151  0.850841  0.213078  0.0452207  4
4600  118730  0.150739  0.0112764  0.850778  0.208902  0.0635218  4
4700  118653  0.150596  0.0109226  0.849248  0.198277  0.0735117  4
4800  118814  0.152486  0.0112654  0.848656  0.197476  0.0291864  4
4900  119069  0.155918  0.0105879  0.845423  0.195393  0.0398452  4
5000  118802  0.153621  0.0100409  0.844695  0.195745  0.0537986  4
5100  118678  0.155928  0.00886375  0.845148  0.200362  0.0544972  4
5200  118505  0.15485  0.00933504  0.845675  0.208608  0.0348209  4
5300  118937  0.156018  0.00842946  0.844928  0.211102  -0.012279  4
5400  118819  0.157779  0.0077936  0.844122  0.21139  0.0130104  4
5500  118705  0.160805  0.00788315  0.84396  0.212427  0.0460076  4
5600  118976  0.155669  0.00800455  0.846091  0.214393  0.0556243  4
5700  118598  0.157681  0.00753283  0.845699  0.210897  0.0551151  4
5800  119382  0.158335  0.00707279  0.845461  0.216418  0.0665121  4
5900  119238  0.157994  0.00615054  0.84754  0.213118  0.067365  4
6000  119688  0.155001  0.00668005  0.846978  0.209314  0.0108786  4
6100  119122  0.154416  0.00640522  0.847403  0.202684  -0.00889488  4
6200  118767  0.149854  0.00611623  0.848563  0.208963  0.0147592  4
6300  119215  0.150715  0.00533882  0.848606  0.203534  -0.0229282  4
6400  118435  0.15064  0.00541221  0.848723  0.198863  -0.0312546  4
6500  119789  0.148629  0.00488276  0.847415  0.18792  -0.0521278  4
6600  118737  0.1497  0.00486813  0.845388  0.17376  -0.0580017  4
6700  118861  0.147351  0.0056265  0.843803  0.167794  -0.0194593  4
6800  118794  0.151154  0.00540819  0.8431  0.170382  -0.0330288  4
6900  119424  0.150451  0.00508039  0.842204  0.166156  -0.00634098  4
7000  119114  0.149181  0.00465027  0.841547  0.161834  -0.0886089  4
7100  119149  0.15006  0.00368295  0.842372  0.158301  -0.11971  4
7200  119474  0.151196  0.00365297  0.840185  0.157911  -0.0638717  4
7300  118912  0.148437  0.00322967  0.841985  0.161561  -0.0469363  4
7400  118574  0.147816  0.00396847  0.841809  0.16457  -0.00185759  4
7500  118916  0.150739  0.0035992  0.841403  0.163654  -0.0428437  4
7600  119290  0.147623  0.00362333  0.842155  0.168002  -0.00960675  4
7700  119895  0.151981  0.00292418  0.841031  0.166471  0.0165747  4
7800  118623  0.151246  0.00319957  0.840115  0.169935  0.000307612  4
7900  119226  0.149169  0.00280777  0.839797  0.16966  -0.042172  4
8000  118899  0.152379  0.00274829  0.839962  0.167674  -0.0278979  4
8100  119692  0.15183  0.00288823  0.84075  0.159187  -0.0550082  4
8200  119243  0.148738  0.00254336  0.838433  0.15028  -0.0813268  4
8300  119194  0.147567  0.00260538  0.840715  0.150708  -0.0877591  4
8400  119004  0.148487  0.00232795  0.840909  0.156732  -0.11276  4
8500  119398  0.149126  0.00232148  0.842107  0.154212  -0.167528  4
8600  119110  0.148511  0.00207083  0.84076  0.149622  -0.181163  4
8700  118888  0.14799  0.0019335  0.840816  0.149428  -0.169244  4
8800  119307  0.150431  0.00189165  0.840308  0.156827  -0.198509  4
8900  119808  0.151833  0.0019101  0.839594  0.156308  -0.191651  4
9000  119104  0.152688  0.00198934  0.839821  0.15856  -0.25981  4
9100  119151  0.151048  0.00205973  0.838788  0.160458  -0.241657  4
9200  119064  0.151317  0.0017917  0.837006  0.153029  -0.200223  4
9300  119653  0.150099  0.00165847  0.837336  0.155037  -0.226874  4
9400  119002  0.147733  0.00167006  0.837213  0.158426  -0.192955  4
9500  119129  0.152865  0.00206586  0.837536  0.162938  -0.181746  4
9600  119378  0.151363  0.00256309  0.836667  0.161413  -0.165534  4
9700  118959  0.149852  0.00207814  0.836572  0.159016  -0.152616  4
9800  119586  0.150753  0.00150242  0.837282  0.157198  -0.17304  4
9900  119723  0.151836  0.00174231  0.837243  0.152792  -0.170583  4
