t meta_n emi  mean_info  tr1  tr2  tr3  strategy
0  120673  0.101688  0.491691  0.899989  0.000812724  -7.62652e-05  4
100  118011  0.110398  0.167441  0.897127  0.0710394  -0.00117622  4
200  118704  0.130564  0.0880319  0.884676  0.123205  0.00217934  4
300  118700  0.142102  0.0627705  0.871652  0.150457  0.00571747  4
400  118640  0.153336  0.0546524  0.86466  0.170023  0.0161553  4
500  118821  0.153469  0.0499667  0.866404  0.195788  0.00521095  4
600  118868  0.158926  0.0491596  0.862555  0.21209  0.00624979  4
700  118692  0.160399  0.0483683  0.860851  0.220261  -0.0135007  4
800  118263  0.160399  0.0468978  0.856809  0.218074  -0.0136404  4
900  118823  0.159928  0.0455223  0.856236  0.214128  -0.0102128  4
1000  118797  0.158538  0.0411808  0.857709  0.222939  -0.010606  4
1100  118504  0.159349  0.0444149  0.859711  0.235066  -0.0283993  4
1200  118456  0.15916  0.0409129  0.860456  0.237449  -0.040266  4
1300  118425  0.160472  0.0414239  0.86176  0.250801  -0.0445111  4
1400  118928  0.162961  0.0382549  0.860272  0.261369  -0.0155663  4
1500  118982  0.163477  0.0347861  0.859647  0.260882  -0.0105277  4
1600  118468  0.166681  0.0345149  0.859126  0.26061  0.0227304  4
1700  118517  0.164793  0.0327699  0.858099  0.253865  0.032469  4
1800  118277  0.159856  0.0322216  0.857662  0.24649  0.0270267  4
1900  118607  0.156182  0.0323019  0.859988  0.238836  0.0233151  4
2000  118711  0.158495  0.0315813  0.856948  0.229949  0.0286078  4
2100  118876  0.158936  0.0279235  0.854101  0.229056  -0.00618777  4
2200  118626  0.161542  0.0283432  0.852343  0.221161  -0.0279515  4
2300  118614  0.162289  0.0277321  0.847542  0.220476  0.00600404  4
2400  118688  0.165446  0.0284244  0.848714  0.226568  -0.000366246  4
2500  118193  0.160881  0.0267189  0.849053  0.226449  -0.0623623  4
2600  118872  0.162507  0.0254027  0.846156  0.223655  -0.124145  4
2700  118719  0.164919  0.0250577  0.845904  0.217719  -0.0998547  4
2800  119132  0.161938  0.0221563  0.84329  0.205737  -0.0989496  4
2900  118339  0.160358  0.0226352  0.840373  0.194637  -0.129759  4
3000  117867  0.157126  0.0223314  0.840179  0.191512  -0.128284  4
3100  119171  0.158596  0.0217542  0.841536  0.199982  -0.11491  4
3200  118357  0.162577  0.0210249  0.841392  0.203455  -0.147515  4
3300  118830  0.16104  0.0204533  0.842739  0.205321  -0.158355  4
3400  119006  0.160639  0.0207774  0.843813  0.211796  -0.117288  4
3500  119053  0.161858  0.0201241  0.848796  0.231443  -0.120476  4
3600  119322  0.156041  0.0207473  0.850009  0.223855  -0.161727  4
3700  119068  0.159228  0.0194277  0.847923  0.219567  -0.16416  4
3800  118800  0.163274  0.0191206  0.848877  0.225164  -0.150905  4
3900  118740  0.158575  0.0180028  0.849088  0.221584  -0.165754  4
4000  118718  0.158615  0.0176223  0.846631  0.215247  -0.100975  4
4100  118660  0.159414  0.0168731  0.845176  0.213257  -0.0734034  4
4200  118771  0.159925  0.0151377  0.844651  0.216199  -0.0647032  4
4300  118424  0.160349  0.0135707  0.842735  0.213826  -0.114241  4
4400  118453  0.159668  0.0141861  0.844452  0.218603  -0.0744965  4
4500  119330  0.160712  0.0139232  0.844366  0.214993  -0.0978837  4
4600  119444  0.159699  0.0129058  0.845309  0.214964  -0.0983662  4
4700  118661  0.152688  0.0126998  0.846007  0.21195  -0.0857572  4
4800  119288  0.158021  0.0131046  0.846952  0.210551  -0.0947556  4
4900  119470  0.155844  0.0121749  0.847784  0.21716  -0.0674022  4
5000  119365  0.156627  0.0119322  0.842436  0.196716  -0.0538659  4
5100  119286  0.159127  0.0111177  0.840932  0.193203  -0.0316026  4
5200  118877  0.156441  0.011794  0.841724  0.195194  -0.0183688  4
5300  118805  0.153918  0.011135  0.845082  0.200508  -0.0341863  4
5400  118610  0.152556  0.00893901  0.844105  0.19895  -0.0765819  4
5500  118606  0.155142  0.0096296  0.842007  0.189828  -0.0849977  4
5600  118734  0.15978  0.00951304  0.840226  0.188315  -0.106289  4
5700  118889  0.153276  0.00979987  0.841433  0.190453  -0.0732585  4
5800  119268  0.155221  0.0092991  0.841801  0.190323  -0.0578348  4
5900  118608  0.15543  0.0085098  0.84454  0.19831  -0.0314151  4
6000  118673  0.153123  0.00840495  0.844116  0.201506  -0.000681678  4
6100  118818  0.157739  0.00852235  0.842518  0.194944  -0.0300682  4
6200  118378  0.159165  0.00714715  0.840926  0.194768  0.00912853  4
6300  119999  0.156254  0.00657687  0.839112  0.186758  0.0225748  4
6400  118950  0.155759  0.00682648  0.84133  0.194011  -0.0319035  4
6500  119741  0.159548  0.00613284  0.840426  0.193165  -0.0198028  4
6600  119028  0.15838  0.00576586  0.841442  0.19273  0.000274354  4
6700  119584  0.157699  0.00585836  0.841316  0.193944  0.0364338  4
6800  118868  0.161426  0.00579469  0.841051  0.196003  0.0544288  4
6900  118963  0.155831  0.00454363  0.842366  0.18999  0.0101931  4
7000  119068  0.155953  0.00451465  0.841212  0.189536  0.024146  4
7100  118918  0.15738  0.00421548  0.843118  0.190473  0.0531883  4
7200  119322  0.156116  0.00424955  0.84302  0.184659  0.0267733  4
7300  118566  0.154535  0.00377372  0.844093  0.18554  0.00469962  4
7400  118753  0.155197  0.00350366  0.84458  0.184228  0.0265337  4
7500  119668  0.154037  0.00311212  0.847708  0.195115  0.0336727  4
7600  118758  0.158149  0.0037312  0.846365  0.192992  0.0429374  4
7700  119321  0.154603  0.00378438  0.84451  0.18503  0.0502259  4
7800  119427  0.154927  0.004187  0.841986  0.181121  0.00814708  4
7900  119228  0.153027  0.00432801  0.839842  0.174197  -0.0236374  4
8000  119409  0.150457  0.00363497  0.840718  0.178743  -0.00209365  4
8100  119033  0.154654  0.00336543  0.842597  0.183955  -0.0168547  4
8200  118849  0.153955  0.00332759  0.841343  0.187831  -0.0656077  4
8300  119070  0.156291  0.00304054  0.839424  0.184497  -0.0716281  4
8400  118620  0.155528  0.00283873  0.837196  0.179996  -0.07676  4
8500  118932  0.157329  0.0028874  0.837265  0.182602  -0.037821  4
8600  119382  0.156579  0.00316293  0.83852  0.186031  -0.0186785  4
8700  119207  0.157298  0.00311873  0.841167  0.193932  -0.0310304  4
8800  119192  0.158122  0.00286311  0.840961  0.192148  -0.0295939  4
8900  118669  0.156764  0.00292308  0.841254  0.193737  0.00733029  4
9000  119251  0.156234  0.00233831  0.840465  0.193164  0.0193777  4
9100  118249  0.159016  0.00332827  0.842994  0.20123  0.0434991  4
9200  119127  0.157313  0.00321627  0.846409  0.213205  0.100711  4
9300  119181  0.155308  0.00264067  0.845088  0.211972  0.116456  4
9400  119500  0.155272  0.00279767  0.842205  0.200585  0.13737  4
9500  118501  0.153416  0.00268164  0.843768  0.206203  0.145985  4
9600  118704  0.155764  0.0020376  0.846466  0.211969  0.162146  4
9700  119075  0.154672  0.00196975  0.848281  0.211433  0.193982  4
9800  119067  0.153168  0.00183758  0.845195  0.204575  0.175477  4
9900  119382  0.156627  0.00235262  0.845728  0.213493  0.188751  4
