t meta_n emi  mean_info  tr1  tr2  tr3  strategy
0  120597  0.0998  0.490823  0.899971  0.000850104  -1.02432e-05  4
100  118732  0.112614  0.13083  0.889755  0.0690457  0.00493211  4
200  118874  0.132462  0.0654314  0.881242  0.121908  -0.00340913  4
300  118377  0.140678  0.0464517  0.876381  0.157329  0.0142369  4
400  118689  0.146239  0.0453078  0.874051  0.184945  0.0236836  4
500  118456  0.154719  0.0411931  0.863393  0.194958  0.0278829  4
600  118720  0.160482  0.040461  0.857814  0.200259  0.0341951  4
700  117764  0.158115  0.0391431  0.857868  0.204765  0.0300955  4
800  118514  0.16766  0.0360355  0.854623  0.229876  0.0529836  4
900  118508  0.164025  0.0360819  0.858584  0.237407  0.0495038  4
1000  118786  0.15957  0.0361881  0.862245  0.242005  0.0611103  4
1100  118816  0.163124  0.0335012  0.859079  0.258096  0.0684277  4
1200  117913  0.164417  0.0329069  0.859433  0.260315  0.104942  4
1300  118377  0.166733  0.0317229  0.8582  0.271162  0.120485  4
1400  118508  0.166929  0.0303521  0.856539  0.265597  0.13566  4
1500  118212  0.165348  0.0291038  0.857439  0.254329  0.134092  4
1600  118249  0.162382  0.0301017  0.85855  0.253223  0.156544  4
1700  118877  0.162272  0.0284753  0.858489  0.254464  0.153032  4
1800  118385  0.159802  0.0275109  0.85924  0.258545  0.186785  4
1900  118572  0.158355  0.0245806  0.859919  0.258853  0.21589  4
2000  118791  0.158063  0.0241192  0.860456  0.259515  0.227635  4
2100  118307  0.157994  0.0242476  0.859463  0.250632  0.223082  4
2200  118212  0.160587  0.0244936  0.856552  0.239416  0.186243  4
2300  118937  0.161671  0.0224031  0.854192  0.240726  0.18986  4
2400  118717  0.159681  0.0198904  0.852416  0.223741  0.216172  4
2500  118731  0.157466  0.0215308  0.855401  0.230464  0.224872  4
2600  118442  0.160562  0.0224097  0.853888  0.232045  0.246326  4
2700  118752  0.159125  0.0200682  0.851126  0.224849  0.255577  4
2800  118943  0.160659  0.0202261  0.852825  0.231504  0.252032  4
2900  118849  0.155187  0.0188615  0.852642  0.231853  0.248717  4
3000  118584  0.156825  0.0197907  0.853582  0.231557  0.266367  4
3100  118873  0.157743  0.0189794  0.852829  0.231018  0.296684  4
3200  119025  0.154426  0.0174434  0.855948  0.230822  0.294896  4
3300  118909  0.159478  0.0169903  0.856501  0.245502  0.295653  4
3400  118971  0.158714  0.0165679  0.854211  0.241323  0.300572  4
3500  118961  0.155779  0.0155106  0.855125  0.239222  0.334045  4
3600  118787  0.158433  0.0158445  0.854465  0.242285  0.313713  4
3700  118710  0.156631  0.0145621  0.853182  0.23165  0.328635  4
3800  118869  0.153999  0.0139705  0.85473  0.228349  0.348826  4
3900  119368  0.14953  0.0131575  0.857358  0.231689  0.330841  4
4000  118907  0.153735  0.0123094  0.857019  0.225066  0.332983  4
4100  119002  0.154566  0.0117981  0.857964  0.230461  0.35225  4
4200  118914  0.149173  0.0110884  0.857451  0.228249  0.349781  4
4300  118920  0.152912  0.0120962  0.856085  0.231226  0.332387  4
4400  118807  0.154419  0.0112322  0.855866  0.231829  0.370021  4
4500  119166  0.154788  0.0113862  0.85507  0.238336  0.34957  4
4600  118921  0.15165  0.0104825  0.856778  0.248365  0.35401  4
4700  118886  0.154818  0.0100207  0.855816  0.241494  0.358453  4
4800  119092  0.153584  0.0102654  0.857106  0.249732  0.346576  4
4900  119579  0.153502  0.00887543  0.859708  0.250405  0.366117  4
5000  118900  0.154741  0.00807539  0.856681  0.250228  0.355259  4
5100  119010  0.152795  0.00885161  0.855619  0.238805  0.34265  4
5200  119184  0.152201  0.00807848  0.85489  0.23788  0.390555  4
5300  119530  0.148839  0.00869781  0.855127  0.233282  0.391195  4
5400  119400  0.152789  0.00727068  0.853233  0.232341  0.433213  4
5500  119419  0.152286  0.00717029  0.85402  0.228457  0.448365  4
5600  119134  0.153603  0.00699435  0.851524  0.22811  0.422887  4
5700  120243  0.155156  0.00688576  0.850288  0.225774  0.472061  4
5800  118838  0.15623  0.00718636  0.849819  0.227763  0.458754  4
5900  119041  0.153999  0.00662028  0.851222  0.224228  0.440171  4
6000  119571  0.153963  0.00669212  0.85017  0.216864  0.437563  4
6100  119203  0.150904  0.00732457  0.852594  0.218672  0.430018  4
6200  119124  0.153117  0.00738964  0.8512  0.217572  0.417082  4
6300  119137  0.148777  0.0064159  0.853576  0.220803  0.426173  4
6400  119153  0.1481  0.00597128  0.853089  0.216466  0.432888  4
6500  118640  0.148124  0.0061017  0.851692  0.216258  0.41247  4
6600  119241  0.150525  0.00537578  0.852802  0.2189  0.414179  4
6700  118923  0.149232  0.00545197  0.852199  0.22271  0.386219  4
6800  118741  0.151806  0.00420489  0.851954  0.22539  0.403237  4
6900  118949  0.150851  0.00437694  0.852447  0.229261  0.413488  4
7000  119453  0.15035  0.00489947  0.854143  0.237537  0.385194  4
7100  119519  0.154064  0.00464485  0.856294  0.251197  0.377135  4
7200  119094  0.149768  0.00373323  0.855825  0.243627  0.387808  4
7300  118919  0.150832  0.00327939  0.854164  0.243823  0.394085  4
7400  119060  0.150733  0.00367342  0.854359  0.240685  0.426222  4
7500  119251  0.150477  0.00315329  0.854385  0.243766  0.433108  4
7600  119187  0.151907  0.00356417  0.855226  0.251828  0.446068  4
7700  119142  0.152066  0.0037511  0.854192  0.250764  0.474553  4
7800  119543  0.154004  0.00289194  0.852308  0.242489  0.462192  4
7900  118723  0.154239  0.00318879  0.850942  0.238451  0.431348  4
8000  119560  0.153117  0.00370435  0.852523  0.238476  0.427571  4
8100  119407  0.154148  0.0035709  0.852882  0.24345  0.453696  4
8200  119434  0.154231  0.00325864  0.852884  0.241935  0.432656  4
8300  119699  0.152828  0.00352037  0.853814  0.243997  0.439011  4
8400  119007  0.15399  0.00301053  0.85276  0.248216  0.460477  4
8500  119319  0.155752  0.00304322  0.852869  0.249716  0.440319  4
8600  118909  0.150189  0.00215064  0.854173  0.248215  0.42544  4
8700  119327  0.15226  0.00197469  0.85342  0.248338  0.425704  4
8800  119098  0.152353  0.00257823  0.850988  0.241433  0.429251  4
8900  119667  0.152981  0.00265016  0.850809  0.243216  0.397807  4
9000  119587  0.153729  0.0023313  0.850519  0.238507  0.356384  4
9100  119744  0.154344  0.00200253  0.849599  0.236376  0.35805  4
9200  119096  0.149267  0.00238697  0.851029  0.235801  0.345243  4
9300  119339  0.153226  0.00199191  0.84835  0.23152  0.360356  4
9400  119298  0.150067  0.001553  0.849958  0.235473  0.34483  4
9500  118529  0.153634  0.00168678  0.849753  0.235704  0.34735  4
9600  119311  0.151476  0.00162048  0.84904  0.236555  0.325288  4
9700  119691  0.155623  0.00140398  0.848748  0.231867  0.308543  4
9800  119230  0.151741  0.00139222  0.851118  0.241297  0.294148  4
9900  119192  0.153049  0.00148468  0.850109  0.24319  0.285484  4
