t meta_n emi  mean_info  tr1  tr2  tr3  strategy
0  122035  0.099448  0.493783  0.899987  0.000798223  -5.67241e-05  4
100  118422  0.112251  0.194245  0.894945  0.0704761  0.00549746  4
200  119073  0.12652  0.108418  0.885911  0.122906  0.00880646  4
300  118432  0.142627  0.0771372  0.875655  0.149947  0.0122184  4
400  118494  0.142281  0.0654927  0.877107  0.16898  0.00661672  4
500  118398  0.144705  0.0635995  0.871488  0.185226  0.0218657  4
600  118706  0.153032  0.0608326  0.869218  0.204981  0.0173674  4
700  119451  0.15516  0.0585178  0.866842  0.224596  0.00777745  4
800  118776  0.154079  0.0548301  0.870778  0.236058  -0.0084489  4
900  118756  0.150317  0.0526035  0.875371  0.249489  -0.0139061  4
1000  118928  0.156955  0.0506943  0.871333  0.263299  -0.0389979  4
1100  118734  0.159628  0.0510956  0.866852  0.263619  -0.0237961  4
1200  119005  0.155895  0.0480905  0.868331  0.257717  -0.0284502  4
1300  118559  0.157947  0.0465775  0.864879  0.25275  0.0142938  4
1400  118456  0.163667  0.0477804  0.860599  0.245706  -0.00220264  4
1500  118670  0.159606  0.0449735  0.860109  0.243293  -0.0192418  4
1600  118380  0.15774  0.0404186  0.859417  0.229589  -0.0699552  4
1700  119479  0.156661  0.039917  0.857072  0.234614  -0.0630515  4
1800  118844  0.160436  0.0392472  0.85867  0.247191  -0.0537202  4
1900  119275  0.156805  0.0387713  0.863931  0.266183  -0.038934  4
2000  119007  0.159531  0.0379025  0.865084  0.274356  -0.0304362  4
2100  118833  0.156875  0.0391874  0.867175  0.280696  0.00157723  4
2200  119182  0.163325  0.0397474  0.866223  0.284662  -0.00538092  4
2300  118474  0.160451  0.0372988  0.867228  0.286409  -0.0488881  4
2400  118733  0.160593  0.0365711  0.865682  0.289941  -0.064673  4
2500  119150  0.160078  0.0317327  0.864335  0.270505  -0.0774864  4
2600  118546  0.159351  0.0316766  0.863253  0.268506  -0.055739  4
2700  118080  0.155434  0.0306705  0.861234  0.255994  -0.0778643  4
2800  118573  0.152268  0.0285767  0.865887  0.257376  -0.105585  4
2900  118855  0.153806  0.0278776  0.865283  0.255478  -0.125344  4
3000  119052  0.152565  0.0296945  0.862264  0.24988  -0.104034  4
3100  117991  0.154613  0.028695  0.86126  0.250526  -0.0887768  4
3200  119072  0.155515  0.0294786  0.859597  0.248316  -0.0957408  4
3300  119135  0.156235  0.0259645  0.857123  0.24294  -0.0837102  4
3400  118586  0.15304  0.0245137  0.857426  0.239847  -0.103338  4
3500  119421  0.152662  0.0225332  0.856919  0.23663  -0.143653  4
3600  119279  0.1559  0.0228859  0.856075  0.235815  -0.161709  4
3700  119265  0.150554  0.0225812  0.858214  0.238839  -0.149814  4
3800  118643  0.153864  0.0203593  0.855779  0.234634  -0.144247  4
3900  119388  0.155466  0.020733  0.856361  0.236144  -0.176566  4
4000  119316  0.153645  0.0184005  0.856151  0.233773  -0.219671  4
4100  118596  0.15074  0.0190557  0.856914  0.245768  -0.2389  4
4200  118986  0.152898  0.0202205  0.855043  0.229428  -0.265485  4
4300  118656  0.155334  0.0182164  0.851132  0.221402  -0.327021  4
4400  119006  0.152209  0.0181254  0.854382  0.224751  -0.304426  4
4500  119788  0.153056  0.0164577  0.852465  0.222048  -0.351259  4
4600  119415  0.157115  0.0160013  0.853451  0.225659  -0.419172  4
4700  118940  0.152531  0.0150414  0.853139  0.218821  -0.405314  4
4800  119615  0.155714  0.0135734  0.852415  0.221185  -0.413916  4
4900  119194  0.153083  0.013223  0.849349  0.212852  -0.450677  4
5000  119178  0.153313  0.0126522  0.851721  0.220888  -0.466441  4
5100  118977  0.153078  0.0130149  0.850356  0.216611  -0.47574  4
5200  119613  0.155396  0.0132589  0.850361  0.221612  -0.509426  4
5300  118555  0.149449  0.0130167  0.849993  0.210387  -0.494882  4
5400  118792  0.153439  0.0134398  0.846312  0.194289  -0.534561  4
5500  119226  0.154151  0.0124339  0.845661  0.192172  -0.548418  4
5600  118688  0.15589  0.0115068  0.844541  0.188538  -0.485037  4
5700  118787  0.153075  0.011109  0.842879  0.186388  -0.4863  4
5800  118986  0.151488  0.0114736  0.844226  0.186766  -0.471085  4
5900  119089  0.153108  0.0119455  0.845328  0.204268  -0.414745  4
6000  119184  0.15661  0.0119754  0.847131  0.21109  -0.429713  4
6100  119210  0.152859  0.0101236  0.849598  0.214733  -0.412169  4
6200  118653  0.150066  0.0102133  0.851605  0.216656  -0.470207  4
6300  119486  0.150071  0.0106848  0.85365  0.219182  -0.493677  4
6400  118778  0.151808  0.0091013  0.852625  0.218358  -0.521387  4
6500  118994  0.14787  0.00880339  0.850418  0.205338  -0.519596  4
6600  119379  0.152234  0.00805882  0.849768  0.208485  -0.511709  4
6700  119385  0.150993  0.0077393  0.85129  0.220416  -0.507274  4
6800  119535  0.152031  0.00681845  0.851043  0.221883  -0.521464  4
6900  119047  0.154768  0.00679524  0.849803  0.221663  -0.555706  4
7000  119114  0.153982  0.00724944  0.845705  0.204089  -0.594855  4
7100  119095  0.155238  0.00725856  0.844576  0.205513  -0.557114  4
7200  118980  0.153759  0.00718873  0.84488  0.211435  -0.550993  4
7300  118769  0.157078  0.00676021  0.846784  0.220271  -0.552342  4
7400  119008  0.153236  0.00716678  0.847027  0.217538  -0.579838  4
7500  119164  0.153886  0.00676689  0.845067  0.21132  -0.615208  4
7600  118648  0.152749  0.00687281  0.844119  0.204096  -0.636922  4
7700  118889  0.154618  0.00715249  0.845267  0.208712  -0.636669  4
7800  119280  0.154914  0.00570181  0.844262  0.202795  -0.639837  4
7900  119003  0.15374  0.00509714  0.843414  0.195865  -0.645187  4
8000  118799  0.152404  0.00573841  0.843654  0.197665  -0.637528  4
8100  119608  0.153289  0.00549818  0.841894  0.192802  -0.586675  4
8200  119663  0.155174  0.00458942  0.841953  0.188763  -0.591451  4
8300  118589  0.153463  0.00506473  0.840963  0.18562  -0.605816  4
8400  119434  0.15301  0.00477775  0.84005  0.18882  -0.636054  4
8500  119245  0.154782  0.00467201  0.837389  0.178832  -0.645091  4
8600  119218  0.15585  0.00519077  0.836077  0.174071  -0.662737  4
8700  119090  0.155119  0.00426936  0.837523  0.179227  -0.691033  4
8800  119419  0.153547  0.00441069  0.838217  0.180497  -0.664667  4
8900  119575  0.15493  0.00447409  0.837961  0.175928  -0.645022  4
9000  119137  0.154368  0.00417716  0.838371  0.180289  -0.666898  4
9100  119255  0.156924  0.00344512  0.838159  0.183886  -0.662912  4
9200  118869  0.154205  0.00363979  0.838402  0.180992  -0.686652  4
9300  119615  0.153465  0.00341064  0.838479  0.185283  -0.670469  4
9400  119269  0.154554  0.0033964  0.839653  0.18626  -0.667879  4
9500  119727  0.154538  0.00298048  0.841064  0.194384  -0.68215  4
9600  119190  0.153812  0.00297681  0.83907  0.188814  -0.688666  4
9700  119264  0.159854  0.00370924  0.837253  0.180692  -0.696654  4
9800  119172  0.154836  0.0036779  0.836595  0.185112  -0.704141  4
9900  119034  0.155474  0.00420033  0.837453  0.184361  -0.744435  4
