t meta_n emi  mean_info  tr1  tr2  tr3  strategy
0  122750  0.101024  0.497434  0.900044  0.000790603  -3.7704e-05  4
100  119367  0.114962  0.425763  0.900211  0.0689262  0.00221975  4
200  119415  0.12903  0.372023  0.89015  0.121801  0.00421173  4
300  119312  0.136098  0.330818  0.886767  0.160324  0.0187649  4
400  119161  0.143666  0.315465  0.884854  0.194691  0.0235212  4
500  119186  0.147355  0.290085  0.880503  0.214399  0.027182  4
600  118856  0.149171  0.270189  0.882324  0.233616  0.0347368  4
700  119965  0.152557  0.261131  0.878761  0.245645  0.0464692  4
800  119245  0.157217  0.24224  0.874031  0.246394  0.0670896  4
900  119284  0.157668  0.236568  0.876662  0.250864  0.0387364  4
1000  118887  0.147945  0.234483  0.885613  0.267753  0.0271668  4
1100  119033  0.150595  0.226467  0.882986  0.262991  0.0627824  4
1200  119187  0.15194  0.219928  0.881921  0.272359  0.0722054  4
1300  118684  0.150429  0.224322  0.882763  0.271779  0.0847319  4
1400  119661  0.150183  0.220676  0.881239  0.261956  0.0436961  4
1500  119406  0.153955  0.224576  0.878803  0.269753  0.0409994  4
1600  119098  0.153036  0.2228  0.884203  0.287302  0.0417398  4
1700  118986  0.153107  0.21699  0.881884  0.294357  0.0489093  4
1800  120130  0.152925  0.209214  0.882255  0.294826  0.0436458  4
1900  119472  0.152847  0.20768  0.882798  0.298071  0.0428416  4
2000  119421  0.155152  0.20665  0.882029  0.292945  0.074835  4
2100  118846  0.154659  0.196131  0.874663  0.280299  0.0702528  4
2200  119524  0.15673  0.188169  0.874714  0.281766  0.0582932  4
2300  119190  0.153326  0.189657  0.873054  0.275132  0.0521776  4
2400  119007  0.150774  0.192925  0.878822  0.280414  0.0466495  4
2500  118852  0.152011  0.186647  0.876224  0.273095  0.0837341  4
2600  118712  0.149372  0.183747  0.878719  0.271633  0.121158  4
2700  119145  0.146703  0.190412  0.875605  0.267935  0.151007  4
2800  119407  0.145921  0.192583  0.878541  0.269475  0.149968  4
2900  119458  0.147973  0.187564  0.876329  0.276681  0.181296  4
3000  118970  0.149713  0.186135  0.872408  0.276442  0.166843  4
3100  119679  0.153196  0.194804  0.872146  0.281142  0.174362  4
3200  119040  0.147926  0.1822  0.874542  0.274407  0.193428  4
3300  119050  0.149811  0.179898  0.874678  0.282347  0.196409  4
3400  119699  0.153985  0.180431  0.873686  0.282591  0.191318  4
3500  119082  0.150452  0.174276  0.872263  0.28101  0.165908  4
3600  119371  0.150913  0.159845  0.873381  0.28486  0.155024  4
3700  119032  0.146724  0.163649  0.876536  0.287948  0.168176  4
3800  119808  0.154151  0.160601  0.874025  0.28882  0.14991  4
3900  119623  0.149584  0.154542  0.872082  0.272975  0.170836  4
4000  118952  0.154296  0.155893  0.871426  0.287509  0.151358  4
4100  118946  0.154768  0.166534  0.87104  0.291612  0.167158  4
4200  119572  0.149936  0.1647  0.871938  0.281404  0.143385  4
4300  119694  0.152677  0.170989  0.874169  0.281606  0.117268  4
4400  119716  0.1516  0.166647  0.874594  0.283093  0.110743  4
4500  120170  0.153406  0.163753  0.8679  0.27118  0.127175  4
4600  120013  0.149755  0.168691  0.870461  0.275284  0.118118  4
4700  119207  0.151097  0.16571  0.870556  0.275263  0.1248  4
4800  119574  0.151104  0.160725  0.870615  0.276151  0.144547  4
4900  119775  0.151523  0.15617  0.872154  0.282094  0.137246  4
5000  118968  0.149736  0.149101  0.871524  0.284462  0.145559  4
5100  119750  0.154812  0.14444  0.871274  0.283305  0.128933  4
5200  119889  0.15025  0.136721  0.873187  0.275941  0.121343  4
5300  119712  0.150866  0.139094  0.874716  0.293868  0.102497  4
5400  120035  0.155118  0.141378  0.876725  0.313745  0.110222  4
5500  119078  0.15055  0.137283  0.880808  0.316242  0.0953169  4
5600  119887  0.152581  0.140394  0.883872  0.325241  0.0799961  4
5700  119357  0.149361  0.146848  0.889037  0.340137  0.073835  4
5800  119782  0.149058  0.14504  0.891163  0.34074  0.0756153  4
5900  119698  0.152964  0.154038  0.891715  0.351287  0.0862314  4
6000  120114  0.150816  0.156868  0.899929  0.380692  0.100912  4
6100  120130  0.153662  0.154703  0.899989  0.37116  0.0714862  4
6200  120172  0.154323  0.161958  0.900048  0.376929  0.0485102  4
6300  119570  0.151883  0.165491  0.904665  0.392678  0.0528448  4
6400  119288  0.153587  0.165683  0.904878  0.396876  0.0358369  4
6500  119767  0.153672  0.17109  0.905945  0.404654  -0.00526099  4
6600  119329  0.15434  0.178825  0.911698  0.422367  -0.0403271  4
6700  119762  0.154418  0.182666  0.919376  0.448822  -0.0244657  4
6800  119935  0.155969  0.176986  0.920768  0.454949  -0.0157293  4
6900  119461  0.153609  0.170512  0.917486  0.437194  -0.0633428  4
7000  120156  0.157315  0.175346  0.916973  0.433061  -0.0797315  4
7100  118912  0.149476  0.177513  0.921672  0.445507  -0.107282  4
7200  119877  0.150655  0.184873  0.926163  0.459859  -0.0970998  4
7300  119728  0.155424  0.182821  0.927182  0.46688  -0.0736186  4
7400  119829  0.158099  0.171655  0.922394  0.448612  -0.0568169  4
7500  119613  0.155644  0.174041  0.925591  0.461183  -0.0277117  4
7600  119708  0.156643  0.169803  0.924957  0.456468  -0.0449884  4
7700  119785  0.153637  0.168423  0.925649  0.455055  -0.0152782  4
7800  119221  0.149446  0.170637  0.928438  0.462061  -0.00693143  4
7900  119565  0.158367  0.169326  0.927824  0.465101  -0.0315307  4
8000  119618  0.155478  0.17145  0.928518  0.466974  -0.0902777  4
8100  119441  0.155377  0.167627  0.927933  0.466306  -0.122482  4
8200  119654  0.150964  0.17239  0.933821  0.487076  -0.0998164  4
8300  119263  0.153791  0.171833  0.934763  0.489555  -0.127647  4
8400  120571  0.155529  0.16013  0.928745  0.462491  -0.157358  4
8500  119910  0.153075  0.159865  0.93293  0.47333  -0.152109  4
8600  119734  0.154933  0.163549  0.933197  0.47238  -0.166461  4
8700  119984  0.153108  0.158237  0.931671  0.459713  -0.150665  4
8800  119773  0.153106  0.156386  0.930032  0.45001  -0.147091  4
8900  120156  0.151877  0.15604  0.933018  0.457887  -0.16559  4
9000  119986  0.155977  0.164625  0.938139  0.475667  -0.163596  4
9100  120307  0.156292  0.157405  0.933757  0.457343  -0.1716  4
9200  120182  0.152768  0.158494  0.938309  0.485499  -0.183305  4
9300  119742  0.152455  0.16335  0.941521  0.501123  -0.22337  4
9400  119651  0.155118  0.15813  0.940984  0.495228  -0.228148  4
9500  119548  0.154081  0.154499  0.941077  0.494472  -0.216664  4
9600  119607  0.158729  0.162654  0.947315  0.520938  -0.223461  4
9700  119417  0.156185  0.162755  0.950268  0.532439  -0.216551  4
9800  119305  0.15677  0.162971  0.952298  0.541554  -0.200133  4
9900  119761  0.157265  0.165832  0.954121  0.549754  -0.187447  4
