t meta_n emi  mean_info  tr1  tr2  tr3  strategy
0  121746  0.100536  0.496448  0.899847  0.000716033  2.98666e-06  4
100  119227  0.108328  0.207212  0.898618  0.0677571  0.000909655  4
200  119362  0.127091  0.108753  0.887179  0.126636  -0.00178359  4
300  119093  0.141602  0.0838118  0.876979  0.160253  -0.00503737  4
400  118627  0.147287  0.0670691  0.870528  0.177178  -0.00379508  4
500  119084  0.153219  0.0630437  0.868703  0.196292  -0.00645245  4
600  118474  0.151273  0.0623183  0.870829  0.206192  -0.02216  4
700  118942  0.1564  0.0623252  0.870613  0.228973  -0.0226546  4
800  118830  0.159248  0.0606364  0.865595  0.228651  -0.00665204  4
900  118619  0.156214  0.0554944  0.863711  0.220202  -0.0130887  4
1000  118487  0.157462  0.0518134  0.865879  0.237907  -0.0136359  4
1100  118698  0.16437  0.0515687  0.858988  0.238985  -0.0136019  4
1200  118833  0.161827  0.049016  0.860606  0.243134  -0.00830437  4
1300  118714  0.161637  0.0498618  0.859672  0.237928  -0.00516818  4
1400  118744  0.157309  0.0479608  0.86454  0.233786  -0.00356987  4
1500  118924  0.157993  0.0469149  0.865629  0.240474  -0.000777804  4
1600  118655  0.157809  0.0450516  0.863137  0.238292  -0.0260537  4
1700  118348  0.151515  0.0457254  0.866579  0.239136  -0.0378751  4
1800  118997  0.154992  0.0441391  0.865686  0.243002  -0.0493138  4
1900  118013  0.151691  0.0389991  0.867198  0.247636  -0.0463013  4
2000  118533  0.156878  0.0402227  0.860755  0.236256  -0.0463282  4
2100  118353  0.156799  0.0381523  0.855708  0.232133  -0.0283664  4
2200  118658  0.159418  0.0371787  0.852745  0.224708  -0.0201949  4
2300  119011  0.159991  0.03537  0.848665  0.220088  -0.046229  4
2400  118913  0.161829  0.037378  0.846022  0.210311  -0.064246  4
2500  118947  0.158417  0.035216  0.847186  0.209611  -0.0569193  4
2600  118914  0.158743  0.0329438  0.850455  0.216531  -0.0266955  4
2700  119091  0.159153  0.0322574  0.848691  0.217467  0.00558797  4
2800  119049  0.159863  0.0307229  0.84899  0.220583  0.0258424  4
2900  118983  0.159319  0.0299834  0.851605  0.226114  0.0601034  4
3000  118576  0.157065  0.0289081  0.855704  0.239251  0.0911204  4
3100  118962  0.159986  0.0297103  0.853879  0.240542  0.0692222  4
3200  118461  0.155059  0.0286366  0.853821  0.237315  0.0627872  4
3300  118695  0.160694  0.025162  0.849937  0.224919  0.0599421  4
3400  118498  0.156762  0.027358  0.850749  0.225825  0.0711689  4
3500  118797  0.161245  0.0257151  0.847825  0.224662  0.0790813  4
3600  118871  0.156518  0.0253097  0.848077  0.221793  0.0730504  4
3700  118898  0.161126  0.0243995  0.848312  0.22202  0.0855278  4
3800  118967  0.157518  0.0235676  0.847303  0.217589  0.095592  4
3900  119139  0.161064  0.0214314  0.846994  0.220841  0.0968439  4
4000  118527  0.158585  0.0192811  0.849017  0.222953  0.113759  4
4100  118770  0.153701  0.0206559  0.851705  0.21999  0.109097  4
4200  118613  0.154641  0.0183037  0.851206  0.225622  0.0954142  4
4300  119129  0.15898  0.0182028  0.84913  0.218318  0.0571768  4
4400  119311  0.159453  0.0191998  0.847317  0.218358  0.0680419  4
4500  118811  0.153081  0.0184791  0.847566  0.21698  0.0383567  4
4600  119644  0.158316  0.0157721  0.849867  0.220879  -0.00812938  4
4700  118785  0.151133  0.0178793  0.854415  0.216967  -0.0326155  4
4800  118922  0.151244  0.0184196  0.853967  0.217992  -0.000932027  4
4900  118870  0.151164  0.0165593  0.854105  0.216973  0.0236848  4
5000  118887  0.153619  0.0166206  0.852019  0.208152  0.0226492  4
5100  119316  0.154467  0.016426  0.848397  0.209573  -0.00207312  4
5200  118733  0.150567  0.0159446  0.852179  0.217732  -0.0146246  4
5300  118809  0.152048  0.0150204  0.850687  0.213643  -0.0185496  4
5400  119549  0.148725  0.0138816  0.853034  0.212738  -0.043049  4
5500  119107  0.150048  0.0133566  0.851175  0.207671  -0.00603186  4
5600  119318  0.155042  0.0126016  0.850434  0.213322  0.0258092  4
5700  118711  0.149589  0.00990621  0.849392  0.20386  0.00845512  4
5800  118919  0.155616  0.00971792  0.848497  0.2088  -0.00562543  4
5900  118821  0.151216  0.00980586  0.848986  0.201853  -0.018668  4
6000  118981  0.151026  0.0105068  0.849311  0.206284  0.00489687  4
6100  119013  0.150357  0.0112877  0.846215  0.196821  -0.0132444  4
6200  119247  0.154196  0.0118258  0.846254  0.195652  -0.000812074  4
6300  118829  0.156093  0.00998341  0.84442  0.196176  -0.0150834  4
6400  119130  0.151696  0.0095146  0.84408  0.19  -0.033983  4
6500  119199  0.156119  0.00877668  0.843857  0.190817  -0.0651621  4
6600  119726  0.154887  0.00920836  0.847387  0.205465  -0.0933991  4
6700  119371  0.15731  0.00929127  0.847927  0.212295  -0.12366  4
6800  118853  0.153725  0.00931261  0.847512  0.212446  -0.156206  4
6900  118607  0.155725  0.00773  0.846916  0.207209  -0.133886  4
7000  119357  0.154885  0.00751989  0.847043  0.207642  -0.129474  4
7100  118816  0.150439  0.00629617  0.847379  0.203113  -0.19965  4
7200  119066  0.15182  0.00636034  0.843353  0.187738  -0.223765  4
7300  119227  0.150851  0.00661615  0.845514  0.191172  -0.171958  4
7400  119143  0.153417  0.00752765  0.846526  0.193665  -0.185302  4
7500  119112  0.151321  0.00598046  0.846162  0.195253  -0.142793  4
7600  119630  0.153058  0.00648929  0.847194  0.200687  -0.13535  4
7700  119154  0.150241  0.00608241  0.844364  0.193434  -0.150727  4
7800  119588  0.152258  0.00574681  0.84461  0.19123  -0.202998  4
7900  118873  0.152189  0.00535517  0.844918  0.189704  -0.197531  4
8000  119401  0.156303  0.00528781  0.845032  0.189692  -0.174361  4
8100  119209  0.150335  0.00488344  0.845455  0.1878  -0.168439  4
8200  119773  0.1525  0.0047493  0.84616  0.186057  -0.186226  4
8300  119072  0.150125  0.00390051  0.845265  0.179255  -0.188561  4
8400  119494  0.148399  0.00377131  0.845986  0.182771  -0.179685  4
8500  119752  0.152166  0.00335418  0.845113  0.187607  -0.129218  4
8600  119107  0.155099  0.00368924  0.845325  0.187763  -0.14652  4
8700  119474  0.150622  0.00315267  0.842732  0.175713  -0.118671  4
8800  119142  0.151694  0.002875  0.841065  0.166918  -0.140086  4
8900  119250  0.15046  0.00477281  0.839907  0.171058  -0.1653  4
9000  119152  0.152792  0.0041409  0.840126  0.172913  -0.169942  4
9100  119198  0.14999  0.00389101  0.839389  0.165721  -0.15933  4
9200  119102  0.150251  0.00336277  0.838745  0.15414  -0.177369  4
9300  119675  0.150315  0.0029736  0.837226  0.143935  -0.221601  4
9400  118885  0.153163  0.00235981  0.836963  0.142454  -0.224093  4
9500  119332  0.150554  0.00235578  0.837021  0.146634  -0.180681  4
9600  119338  0.152155  0.00348894  0.837478  0.15218  -0.177262  4
9700  118744  0.150071  0.00204485  0.837634  0.152083  -0.177044  4
9800  119663  0.151444  0.00202791  0.837317  0.151849  -0.165135  4
9900  119165  0.150305  0.00179327  0.838438  0.151344  -0.178136  4
