t meta_n emi  mean_info  tr1  tr2  tr3  strategy
0  123131  0.098104  0.499231  0.899927  0.000784612  -1.44758e-05  4
100  119891  0.1151  0.508872  0.905344  0.068915  -0.00461543  4
200  120209  0.125512  0.516648  0.902279  0.117321  0.00208263  4
300  120176  0.132257  0.538744  0.896377  0.141896  -0.0038232  4
400  120150  0.137155  0.556743  0.897012  0.179332  0.00843974  4
500  119872  0.137317  0.571478  0.901932  0.201225  -0.00115036  4
600  120550  0.139221  0.593265  0.900136  0.211043  0.0202005  4
700  120006  0.140381  0.590199  0.903067  0.239458  0.0303449  4
800  120249  0.141951  0.591972  0.905934  0.252161  0.0483157  4
900  120361  0.137732  0.596518  0.906873  0.266704  0.0583595  4
1000  119857  0.140235  0.580299  0.906218  0.278725  0.0731332  4
1100  120197  0.143052  0.573766  0.90788  0.280774  0.0996884  4
1200  119737  0.140213  0.57209  0.903543  0.286128  0.0830907  4
1300  120351  0.145862  0.580708  0.899559  0.273207  0.0871616  4
1400  120181  0.145293  0.581428  0.90156  0.285057  0.0916277  4
1500  120720  0.144157  0.593645  0.902983  0.282809  0.0765242  4
1600  120091  0.140357  0.59724  0.906258  0.291735  0.0979818  4
1700  120025  0.140937  0.58874  0.904729  0.283051  0.11452  4
1800  120065  0.143819  0.5902  0.90008  0.279943  0.129946  4
1900  120239  0.139277  0.58955  0.903314  0.278658  0.153775  4
2000  119984  0.138265  0.589736  0.903993  0.279965  0.174022  4
2100  119691  0.136999  0.579653  0.898902  0.271555  0.175129  4
2200  120229  0.13744  0.56247  0.90007  0.270067  0.171003  4
2300  120459  0.13938  0.558901  0.903726  0.289453  0.16811  4
2400  120442  0.134451  0.547689  0.905198  0.296226  0.144127  4
2500  120825  0.140726  0.539338  0.901876  0.285474  0.129826  4
2600  120282  0.141519  0.546216  0.901177  0.289371  0.146092  4
2700  120831  0.139433  0.545354  0.902639  0.295784  0.134477  4
2800  120035  0.133918  0.531131  0.905944  0.300399  0.0980839  4
2900  120217  0.135679  0.534703  0.902878  0.297637  0.0779139  4
3000  120651  0.136615  0.54569  0.905153  0.302902  0.0936645  4
3100  120174  0.13662  0.545497  0.902244  0.299863  0.0862167  4
3200  120025  0.134943  0.548085  0.905507  0.297468  0.119976  4
3300  120297  0.133578  0.557416  0.904487  0.287512  0.135061  4
3400  120059  0.131032  0.569063  0.903323  0.282671  0.094812  4
3500  120905  0.133313  0.574467  0.904866  0.283206  0.0675352  4
3600  121000  0.135055  0.564636  0.903221  0.26535  0.0958582  4
3700  120477  0.132817  0.560351  0.904415  0.265762  0.08675  4
3800  120254  0.129411  0.562316  0.90354  0.266279  0.0691813  4
3900  120783  0.128597  0.567706  0.901373  0.266654  0.0405833  4
4000  119902  0.128571  0.564235  0.901339  0.263441  0.0671729  4
4100  120543  0.131479  0.560128  0.896691  0.255022  0.00780374  4
4200  120293  0.137614  0.542866  0.894486  0.262948  0.0148438  4
4300  120195  0.135393  0.552  0.894841  0.263485  0.0532492  4
4400  120778  0.138717  0.547011  0.896124  0.264793  0.0597372  4
4500  120898  0.136974  0.555506  0.898461  0.28259  0.0203175  4
4600  120829  0.131697  0.55256  0.898157  0.266071  0.00102412  4
4700  119943  0.135194  0.55656  0.896625  0.262878  -0.0319863  4
4800  119596  0.133241  0.558129  0.897419  0.266069  -0.00858316  4
4900  120096  0.134648  0.555466  0.898368  0.27504  -0.00115713  4
5000  120476  0.134045  0.542164  0.897207  0.286194  0.0326427  4
5100  121276  0.134796  0.537711  0.897907  0.27553  0.0260066  4
5200  119433  0.130751  0.533942  0.894345  0.269414  0.026891  4
5300  120778  0.136946  0.526713  0.896537  0.278424  0.0135486  4
5400  120342  0.131615  0.525327  0.899088  0.295493  0.0204629  4
5500  120412  0.131022  0.523073  0.89999  0.300895  0.068787  4
5600  120542  0.135537  0.51147  0.901424  0.31041  0.068817  4
5700  120124  0.130722  0.516054  0.903238  0.320702  0.0889592  4
5800  120475  0.129206  0.514326  0.90447  0.321421  0.089363  4
5900  120669  0.135982  0.508936  0.904122  0.321437  0.0939192  4
6000  120327  0.129489  0.504698  0.903559  0.319314  0.0859582  4
6100  120320  0.130122  0.501504  0.901287  0.309626  0.0867344  4
6200  120647  0.13112  0.508953  0.901773  0.30941  0.0802236  4
6300  120642  0.133027  0.502622  0.899967  0.307925  0.0906531  4
6400  120896  0.132545  0.502745  0.900747  0.314948  0.0990828  4
6500  120502  0.12733  0.488415  0.901994  0.315668  0.0900421  4
6600  120287  0.130205  0.491475  0.901282  0.308431  0.0939873  4
6700  120613  0.130025  0.499509  0.904098  0.307013  0.0800201  4
6800  120764  0.130213  0.498131  0.902715  0.30181  0.052289  4
6900  120559  0.127568  0.505563  0.901389  0.296753  0.0418786  4
7000  120658  0.130954  0.509409  0.902272  0.292081  0.0512975  4
7100  120749  0.128835  0.515204  0.902295  0.290301  0.0738025  4
7200  120449  0.125639  0.513902  0.902284  0.28472  0.0856339  4
7300  120538  0.127601  0.52302  0.902726  0.292195  0.0834138  4
7400  120020  0.124126  0.520232  0.906172  0.305716  0.0688829  4
7500  121001  0.130689  0.524429  0.905408  0.303592  0.0841234  4
7600  120442  0.128433  0.530706  0.904471  0.305078  0.130362  4
7700  120522  0.130816  0.526324  0.902956  0.304626  0.147831  4
7800  120750  0.128907  0.510097  0.901352  0.299493  0.139166  4
7900  120335  0.130082  0.50778  0.902168  0.307509  0.129642  4
8000  119850  0.129332  0.509015  0.901496  0.309353  0.177666  4
8100  120357  0.12803  0.506635  0.901583  0.313941  0.160124  4
8200  120056  0.13016  0.509242  0.900313  0.314205  0.186878  4
8300  120409  0.133408  0.505403  0.899123  0.313422  0.17401  4
8400  120363  0.130025  0.500164  0.903201  0.336698  0.170643  4
8500  120331  0.131441  0.503962  0.904068  0.342394  0.154474  4
8600  120374  0.132303  0.508102  0.904761  0.345304  0.173812  4
8700  120392  0.134555  0.510968  0.906065  0.354343  0.207629  4
8800  120580  0.130691  0.509991  0.907067  0.354755  0.191169  4
8900  121028  0.132895  0.510564  0.90664  0.35286  0.204996  4
9000  120470  0.130222  0.513695  0.90762  0.356594  0.177189  4
9100  120605  0.130176  0.515406  0.909695  0.37139  0.184597  4
9200  120483  0.13224  0.502771  0.911074  0.381602  0.186824  4
9300  120720  0.13125  0.497583  0.912515  0.385251  0.197555  4
9400  120420  0.126512  0.495117  0.912581  0.378288  0.198468  4
9500  120316  0.130058  0.495587  0.912063  0.383506  0.198828  4
9600  120973  0.128657  0.496054  0.911971  0.382633  0.194938  4
9700  121015  0.129585  0.496416  0.913976  0.392106  0.188541  4
9800  120573  0.1262  0.488624  0.916158  0.396859  0.177536  4
9900  119514  0.125434  0.481803  0.916607  0.398338  0.163317  4
