t meta_n emi  mean_info  tr1  tr2  tr3  strategy
0  123403  0.101008  0.5012  0.899974  0.000828018  7.66297e-05  4
100  121189  0.122483  0.547493  0.901328  0.0718962  -0.0036516  4
200  120469  0.1298  0.604363  0.898167  0.122375  0.00879908  4
300  120526  0.137897  0.631678  0.901325  0.160978  0.00938312  4
400  120423  0.138493  0.659241  0.902626  0.183353  0.0109466  4
500  120494  0.140943  0.686831  0.900658  0.19072  0.0181468  4
600  119846  0.14116  0.700868  0.902178  0.205695  0.00301127  4
700  121121  0.141446  0.69988  0.899876  0.212439  -0.0148481  4
800  120285  0.136611  0.713461  0.903548  0.205457  -0.0169128  4
900  120209  0.137615  0.718714  0.907434  0.216716  -0.0376652  4
1000  120554  0.137687  0.738253  0.90862  0.223404  -0.0252589  4
1100  120462  0.136294  0.737207  0.91263  0.228222  -0.0411302  4
1200  120473  0.135557  0.740688  0.910223  0.226951  -0.0168134  4
1300  120576  0.13869  0.737034  0.909661  0.238348  -0.0335669  4
1400  121012  0.143846  0.730144  0.906257  0.239253  -0.0562927  4
1500  120020  0.140849  0.738015  0.907379  0.244715  -0.0356557  4
1600  120546  0.135375  0.745728  0.908858  0.241064  -0.0301817  4
1700  120809  0.134421  0.746523  0.912123  0.250086  -0.0391856  4
1800  120579  0.136385  0.745269  0.91424  0.257085  -0.0380399  4
1900  120722  0.134641  0.741292  0.917816  0.265621  -0.0330194  4
2000  120738  0.132166  0.740015  0.914883  0.257607  -0.031613  4
2100  121239  0.130174  0.734558  0.916823  0.261961  -0.0103906  4
2200  120669  0.128168  0.734646  0.916085  0.259979  0.00407063  4
2300  121348  0.133016  0.733194  0.91795  0.265821  0.0197803  4
2400  121435  0.13347  0.725515  0.91377  0.266085  0.0393298  4
2500  121027  0.133594  0.726167  0.910889  0.261377  0.02976  4
2600  121272  0.133352  0.730107  0.912603  0.256883  -0.0129695  4
2700  120728  0.133893  0.739022  0.91094  0.259221  0.0155995  4
2800  120921  0.134956  0.753469  0.91288  0.267128  0.00845569  4
2900  120913  0.131986  0.733364  0.916239  0.285424  0.017151  4
3000  121233  0.13087  0.738913  0.918543  0.280679  -0.0233268  4
3100  120387  0.128743  0.7313  0.921234  0.288238  -0.0601782  4
3200  120864  0.128051  0.727883  0.919225  0.282296  -0.0329001  4
3300  120581  0.128576  0.728989  0.919583  0.282904  -0.0387787  4
3400  120665  0.123863  0.724531  0.91885  0.288052  -0.0630566  4
3500  120884  0.1295  0.721842  0.917583  0.29379  -0.134181  4
3600  120466  0.131708  0.733737  0.915929  0.290309  -0.149829  4
3700  121374  0.130626  0.73374  0.916297  0.285946  -0.121455  4
3800  120494  0.130524  0.742109  0.915664  0.277559  -0.0777652  4
3900  121007  0.13139  0.745954  0.912549  0.263938  -0.100059  4
4000  121382  0.130264  0.743962  0.910649  0.251516  -0.102252  4
4100  120669  0.126613  0.753702  0.909521  0.240062  -0.0850974  4
4200  120803  0.12822  0.750025  0.910046  0.242541  -0.069733  4
4300  120658  0.129921  0.754471  0.913039  0.243766  -0.0832224  4
4400  120964  0.124681  0.738999  0.914785  0.24822  -0.0906007  4
4500  121528  0.126651  0.737409  0.914396  0.246151  -0.0724402  4
4600  120660  0.121964  0.740889  0.913494  0.237575  -0.0610498  4
4700  120909  0.123076  0.728862  0.912323  0.23954  -0.0592649  4
4800  120735  0.122003  0.721479  0.912913  0.23966  -0.0697217  4
4900  121892  0.123643  0.719305  0.913311  0.239922  -0.0770532  4
5000  121019  0.125567  0.730176  0.912724  0.236221  -0.0666059  4
5100  120756  0.122706  0.732142  0.911602  0.236539  -0.0680558  4
5200  121123  0.123565  0.735116  0.91207  0.233134  -0.0746001  4
5300  121197  0.117923  0.727603  0.912248  0.235815  -0.0448808  4
5400  120889  0.12007  0.733209  0.910158  0.230863  -0.0783346  4
5500  120984  0.121571  0.724821  0.910172  0.227578  -0.0722076  4
5600  121283  0.119728  0.724214  0.911999  0.230417  -0.0818044  4
5700  120859  0.121345  0.72068  0.910209  0.235562  -0.0715096  4
5800  121669  0.122912  0.716277  0.911065  0.236128  -0.0631573  4
5900  120119  0.118004  0.714998  0.910774  0.23889  -0.0966942  4
6000  120953  0.123034  0.720079  0.909531  0.242101  -0.120458  4
6100  121270  0.124154  0.727423  0.910499  0.243113  -0.121321  4
6200  120983  0.120482  0.733227  0.909579  0.233579  -0.128286  4
6300  120786  0.12256  0.737642  0.911786  0.235464  -0.155283  4
6400  121240  0.121143  0.733456  0.911635  0.242474  -0.160333  4
6500  120980  0.119962  0.737411  0.912927  0.243447  -0.165252  4
6600  121162  0.121536  0.742978  0.912305  0.242061  -0.181726  4
6700  121535  0.124313  0.743475  0.912399  0.234629  -0.18852  4
6800  120721  0.118199  0.746707  0.91346  0.242802  -0.166787  4
6900  121638  0.119123  0.74915  0.91401  0.247068  -0.114291  4
7000  121616  0.118894  0.74459  0.913616  0.245715  -0.120202  4
7100  120546  0.118073  0.748339  0.912434  0.244496  -0.107112  4
7200  120926  0.121237  0.75875  0.911526  0.234457  -0.123039  4
7300  120651  0.120124  0.753117  0.910299  0.228642  -0.124133  4
7400  121029  0.120664  0.753375  0.910321  0.219515  -0.132449  4
7500  121048  0.117454  0.754984  0.908467  0.21135  -0.132611  4
7600  120671  0.117115  0.750686  0.909115  0.207225  -0.131984  4
7700  121080  0.114801  0.750085  0.908726  0.208975  -0.138272  4
7800  121467  0.117024  0.748595  0.907707  0.202098  -0.158829  4
7900  121216  0.120446  0.746927  0.906279  0.209367  -0.119705  4
8000  120954  0.116879  0.745113  0.907405  0.209448  -0.148573  4
8100  121302  0.120654  0.740812  0.907307  0.212658  -0.118366  4
8200  121671  0.121703  0.738772  0.906425  0.212506  -0.113937  4
8300  120993  0.119928  0.742073  0.907067  0.210955  -0.129523  4
8400  121547  0.123197  0.741034  0.905846  0.213503  -0.174618  4
8500  121109  0.121638  0.745526  0.906614  0.215173  -0.212349  4
8600  120673  0.118971  0.757283  0.905591  0.208049  -0.192289  4
8700  120746  0.11801  0.751232  0.9064  0.206944  -0.174387  4
8800  120713  0.117437  0.751882  0.906295  0.203118  -0.175114  4
8900  120692  0.121359  0.749329  0.905954  0.20241  -0.178359  4
9000  120580  0.11757  0.745523  0.904951  0.201842  -0.183162  4
9100  121074  0.121375  0.755427  0.905587  0.198577  -0.190961  4
9200  121327  0.115749  0.757358  0.905147  0.195438  -0.209489  4
9300  120773  0.11899  0.757038  0.905261  0.199768  -0.153929  4
9400  120985  0.1169  0.751218  0.906734  0.20466  -0.160437  4
9500  121236  0.120078  0.753252  0.906991  0.200401  -0.166558  4
9600  121731  0.117692  0.751303  0.906774  0.193337  -0.144151  4
9700  121038  0.121304  0.753418  0.906382  0.200045  -0.113361  4
9800  121755  0.11945  0.752504  0.908164  0.206211  -0.110988  4
9900  120802  0.116438  0.75238  0.907321  0.204537  -0.124477  4
