t meta_n emi  mean_info  tr1  tr2  tr3  strategy
0  121521  0.09992  0.494612  0.899976  0.000802592  8.08565e-05  4
100  118961  0.10908  0.25353  0.898682  0.0727148  -0.00090186  4
200  118914  0.126388  0.141799  0.891103  0.118917  -0.00277743  4
300  117999  0.134902  0.0985148  0.877502  0.149727  0.00504285  4
400  118428  0.142944  0.08409  0.874708  0.169547  0.00186161  4
500  118961  0.152799  0.0796088  0.86558  0.190158  -0.0118521  4
600  118452  0.156594  0.0748994  0.865158  0.200346  -0.0127149  4
700  118331  0.15402  0.0706815  0.867649  0.218285  -0.0247422  4
800  119088  0.157285  0.0643993  0.864355  0.216377  -0.0270355  4
900  118640  0.156489  0.067149  0.864389  0.225485  -0.0212923  4
1000  117890  0.155997  0.0696501  0.862509  0.22149  -0.0244268  4
1100  118922  0.15696  0.0702538  0.865434  0.235862  -0.0212861  4
1200  118775  0.158771  0.0653566  0.864319  0.241997  -0.0144041  4
1300  118206  0.154885  0.0640415  0.860123  0.229971  -0.0400983  4
1400  119044  0.156793  0.0658397  0.862795  0.234416  -0.00823228  4
1500  118944  0.156281  0.0591749  0.865365  0.239351  0.00150395  4
1600  118824  0.156692  0.0605451  0.867509  0.250943  0.0249829  4
1700  119046  0.154666  0.0548412  0.868199  0.254115  0.0336341  4
1800  118855  0.156279  0.0522592  0.866124  0.257896  0.0348289  4
1900  119235  0.15642  0.0507396  0.867115  0.26669  0.0564702  4
2000  119169  0.158849  0.0512766  0.863064  0.263386  0.087734  4
2100  118668  0.159498  0.0500628  0.863031  0.268044  0.120034  4
2200  119054  0.161043  0.0489093  0.85858  0.255569  0.195886  4
2300  118731  0.161645  0.0468651  0.861975  0.260123  0.202349  4
2400  118513  0.161148  0.0465842  0.857971  0.257159  0.205834  4
2500  118570  0.155223  0.0472888  0.858038  0.247045  0.207374  4
2600  118574  0.160051  0.0442323  0.856826  0.239203  0.195092  4
2700  118708  0.153773  0.0409432  0.857066  0.22383  0.2017  4
2800  118665  0.155196  0.0442669  0.855519  0.223819  0.20923  4
2900  118544  0.15682  0.0414523  0.857149  0.231831  0.204873  4
3000  118434  0.153992  0.0388766  0.857857  0.226442  0.203379  4
3100  119380  0.156245  0.0394498  0.854591  0.220323  0.258592  4
3200  118441  0.151688  0.0374845  0.857537  0.227982  0.289878  4
3300  119522  0.154461  0.0361092  0.859105  0.229332  0.277358  4
3400  119212  0.157576  0.0332466  0.85601  0.225623  0.296437  4
3500  118676  0.156212  0.0324904  0.856919  0.226581  0.334868  4
3600  119454  0.153985  0.0309702  0.857447  0.221249  0.355304  4
3700  119327  0.154926  0.0307888  0.858864  0.233127  0.330737  4
3800  119131  0.152004  0.0320421  0.862089  0.236518  0.360361  4
3900  118725  0.152343  0.0320548  0.860816  0.239072  0.370872  4
4000  118815  0.152651  0.0323435  0.856714  0.232447  0.387482  4
4100  119068  0.15567  0.0286226  0.855225  0.225652  0.426663  4
4200  119334  0.152287  0.0274456  0.859073  0.22472  0.417584  4
4300  118752  0.146819  0.0248429  0.863504  0.232405  0.392572  4
4400  119063  0.149185  0.0266453  0.86127  0.227548  0.393873  4
4500  119350  0.15316  0.0245211  0.857749  0.225507  0.395647  4
4600  119617  0.154413  0.0235907  0.85846  0.237552  0.40021  4
4700  118967  0.153857  0.0218832  0.85539  0.227453  0.404133  4
4800  119228  0.151957  0.0208323  0.854442  0.222292  0.415469  4
4900  119778  0.156708  0.0199521  0.84857  0.214019  0.410527  4
5000  119027  0.155484  0.0195098  0.848641  0.211854  0.421334  4
5100  119124  0.157414  0.0191631  0.845209  0.202634  0.413956  4
5200  118714  0.153522  0.0198613  0.84661  0.205446  0.403466  4
5300  119144  0.153438  0.0175256  0.845981  0.200208  0.407037  4
5400  118883  0.152498  0.018696  0.845243  0.196491  0.387112  4
5500  119088  0.154026  0.014757  0.846178  0.193759  0.384847  4
5600  119220  0.151005  0.0151559  0.84337  0.173463  0.383912  4
5700  119349  0.153297  0.0155905  0.843818  0.171512  0.394842  4
5800  118989  0.152458  0.0143383  0.841107  0.166017  0.3885  4
5900  118637  0.152261  0.0152314  0.842198  0.166637  0.384821  4
6000  118686  0.150869  0.0154565  0.842266  0.164971  0.390125  4
6100  119267  0.154487  0.016108  0.840781  0.170788  0.422135  4
6200  118893  0.150095  0.0145533  0.840303  0.163958  0.438832  4
6300  119809  0.153411  0.013878  0.838759  0.158708  0.470827  4
6400  119861  0.152424  0.0111956  0.836527  0.157986  0.463895  4
6500  119412  0.151631  0.0108531  0.836537  0.154879  0.502596  4
6600  118821  0.152413  0.0110926  0.834224  0.150571  0.49442  4
6700  118962  0.153863  0.0106676  0.833969  0.143989  0.501056  4
6800  119239  0.155419  0.0107486  0.833478  0.140704  0.460818  4
6900  119636  0.155116  0.0105757  0.833023  0.144225  0.415412  4
7000  118447  0.153596  0.00845932  0.834844  0.146399  0.403523  4
7100  118915  0.149589  0.00975954  0.836349  0.146423  0.385153  4
7200  118713  0.149841  0.00836122  0.835653  0.145621  0.378961  4
7300  118662  0.150518  0.00877949  0.834396  0.138931  0.374313  4
7400  119272  0.151267  0.00794179  0.835066  0.139687  0.37372  4
7500  118991  0.152535  0.00910325  0.834939  0.141842  0.368587  4
7600  119240  0.150514  0.0077569  0.836658  0.15289  0.363487  4
7700  118957  0.155582  0.00548422  0.83702  0.157936  0.341224  4
7800  119169  0.154903  0.00544881  0.834008  0.155682  0.358747  4
7900  118859  0.154829  0.00667141  0.834496  0.152589  0.35667  4
8000  118863  0.152485  0.00517943  0.835548  0.155474  0.347517  4
8100  119066  0.154585  0.00510027  0.834778  0.15341  0.358097  4
8200  119200  0.15286  0.00439925  0.832665  0.148912  0.384143  4
8300  118661  0.155174  0.00413657  0.83146  0.145822  0.341369  4
8400  118618  0.156809  0.00531008  0.831682  0.146173  0.334185  4
8500  119152  0.156219  0.00553493  0.832608  0.148774  0.368344  4
8600  119184  0.153363  0.00634414  0.832574  0.14551  0.393059  4
8700  119303  0.151597  0.00568996  0.83147  0.145158  0.384246  4
8800  118488  0.152034  0.00542915  0.833088  0.142711  0.39542  4
8900  118990  0.156884  0.00489238  0.832805  0.149684  0.411853  4
9000  118942  0.152596  0.00452833  0.834008  0.146385  0.413197  4
9100  118892  0.1536  0.00446495  0.834363  0.152425  0.397843  4
9200  119348  0.153518  0.00498991  0.835022  0.155347  0.397705  4
9300  119159  0.153602  0.00361692  0.834413  0.156891  0.40821  4
9400  118650  0.150129  0.0034198  0.834117  0.151579  0.43371  4
9500  119590  0.153294  0.00308988  0.832298  0.145344  0.433678  4
9600  118948  0.151957  0.00247455  0.828515  0.133141  0.439414  4
9700  118826  0.154756  0.00273106  0.828209  0.13717  0.430675  4
9800  119002  0.154933  0.00279073  0.828778  0.141188  0.441582  4
9900  119494  0.154341  0.00328809  0.82977  0.139264  0.447053  4
