t meta_n emi  mean_info  tr1  tr2  tr3  strategy
0  122595  0.100936  0.494966  0.900075  0.000857496  1.98114e-05  4
100  118731  0.107912  0.269782  0.900216  0.0694499  0.00328025  4
200  118945  0.129004  0.16396  0.885691  0.11654  0.00198931  4
300  118640  0.137424  0.117871  0.879464  0.158966  0.0105891  4
400  118943  0.14489  0.0992557  0.876662  0.192427  0.00859927  4
500  118906  0.152153  0.0904825  0.87206  0.211941  0.00957121  4
600  118126  0.152245  0.0817708  0.869915  0.220214  0.0150438  4
700  118477  0.157854  0.0836871  0.870746  0.24399  0.00536189  4
800  118477  0.15397  0.0770309  0.875596  0.260485  -0.00857164  4
900  119233  0.155829  0.0733142  0.87656  0.267585  0.00856408  4
1000  118978  0.157002  0.0717978  0.874234  0.273138  -0.00511441  4
1100  118853  0.157638  0.0716512  0.873777  0.268956  0.00624615  4
1200  118595  0.159069  0.0685015  0.871356  0.274764  0.0255296  4
1300  118542  0.162561  0.0676445  0.866996  0.273876  0.0644266  4
1400  118765  0.162288  0.067637  0.867219  0.268076  0.057934  4
1500  118501  0.156304  0.065618  0.869926  0.261195  0.0640626  4
1600  118671  0.155748  0.0655887  0.867746  0.261266  0.0512598  4
1700  118713  0.155716  0.0651361  0.864672  0.249781  0.0357922  4
1800  119025  0.154633  0.0620809  0.86725  0.246291  0.0221669  4
1900  119704  0.159309  0.0574692  0.867463  0.253966  0.0273134  4
2000  119017  0.155675  0.0603993  0.864614  0.252914  0.028912  4
2100  118565  0.162247  0.0554022  0.855675  0.237401  0.0257467  4
2200  119415  0.159746  0.055428  0.857854  0.246168  0.0421382  4
2300  118722  0.164828  0.0526868  0.851621  0.239206  0.0706133  4
2400  117993  0.156165  0.0528293  0.855842  0.23836  0.0868307  4
2500  118589  0.160913  0.0473543  0.854139  0.24118  0.0938025  4
2600  119767  0.162964  0.0517524  0.854909  0.23512  0.062168  4
2700  118934  0.159119  0.0481619  0.852153  0.23192  0.0725182  4
2800  118698  0.156216  0.0460905  0.853832  0.231167  0.105549  4
2900  118611  0.154717  0.0448859  0.853472  0.230384  0.0929663  4
3000  119354  0.157453  0.0399421  0.855216  0.226009  0.119571  4
3100  118962  0.15583  0.0413081  0.856859  0.23285  0.131392  4
3200  119170  0.15888  0.0409245  0.853601  0.234917  0.148513  4
3300  118605  0.155421  0.0430777  0.855767  0.238593  0.14666  4
3400  119131  0.156062  0.0441903  0.855707  0.239658  0.161796  4
3500  119026  0.158958  0.0391145  0.852602  0.235658  0.169479  4
3600  119172  0.158003  0.0384002  0.852191  0.226382  0.195392  4
3700  119076  0.153253  0.0369726  0.854403  0.228319  0.221644  4
3800  118627  0.153078  0.0326023  0.856444  0.235785  0.192703  4
3900  118896  0.154402  0.0337158  0.853654  0.228479  0.195317  4
4000  119576  0.156035  0.0326773  0.851574  0.231264  0.210835  4
4100  119629  0.153539  0.0289365  0.85335  0.239174  0.208745  4
4200  119316  0.156348  0.0279731  0.85236  0.239106  0.163302  4
4300  118701  0.155841  0.0280652  0.854806  0.241993  0.210063  4
4400  118922  0.158034  0.0262352  0.85211  0.232671  0.190826  4
4500  118861  0.153132  0.0290192  0.853111  0.228019  0.143656  4
4600  118899  0.155198  0.0256999  0.850367  0.229591  0.107351  4
4700  119553  0.159869  0.0235179  0.84735  0.219072  0.106358  4
4800  119021  0.155158  0.0232342  0.848317  0.220895  0.130536  4
4900  119839  0.155888  0.0244958  0.848275  0.218938  0.162897  4
5000  118664  0.158047  0.0214525  0.845394  0.216017  0.210868  4
5100  119378  0.156277  0.021167  0.843715  0.210151  0.219135  4
5200  118455  0.15781  0.0199337  0.844706  0.211826  0.220548  4
5300  119653  0.156676  0.0186861  0.846432  0.210156  0.24369  4
5400  119034  0.153523  0.018008  0.846044  0.203575  0.260247  4
5500  119622  0.155283  0.0181059  0.847378  0.207864  0.272094  4
5600  118955  0.153022  0.0193358  0.846955  0.206793  0.282207  4
5700  118962  0.1502  0.0196689  0.847992  0.201184  0.251997  4
5800  119299  0.150639  0.0195154  0.848414  0.20029  0.267518  4
5900  119565  0.152631  0.0180964  0.846642  0.192664  0.252767  4
6000  118644  0.153035  0.0160616  0.846544  0.188619  0.256528  4
6100  119316  0.15183  0.015384  0.843592  0.188483  0.231004  4
6200  118792  0.155224  0.0155328  0.84145  0.18618  0.275651  4
6300  118853  0.15102  0.0153393  0.846277  0.194261  0.225304  4
6400  119461  0.152945  0.0148733  0.847988  0.200411  0.219415  4
6500  118767  0.15243  0.0145522  0.844674  0.192462  0.23605  4
6600  118810  0.156146  0.0147942  0.844342  0.194518  0.241891  4
6700  119225  0.157066  0.0140281  0.844559  0.19832  0.237347  4
6800  119260  0.154645  0.0121713  0.845044  0.198588  0.196677  4
6900  118543  0.151463  0.0137017  0.84545  0.20694  0.171771  4
7000  118904  0.155256  0.0119029  0.845258  0.205476  0.151086  4
7100  119355  0.150898  0.0112243  0.844997  0.199523  0.108853  4
7200  119254  0.150551  0.0129155  0.846435  0.20135  0.160839  4
7300  119242  0.151549  0.0122618  0.845502  0.194026  0.148842  4
7400  118533  0.15247  0.0102824  0.846166  0.197023  0.146344  4
7500  119510  0.153189  0.0123382  0.847389  0.205394  0.181676  4
7600  119404  0.15332  0.0105912  0.847166  0.20735  0.154008  4
7700  118587  0.152079  0.00932878  0.84697  0.201296  0.11984  4
7800  118600  0.151369  0.0106443  0.84837  0.201773  0.191899  4
7900  119415  0.149663  0.00883537  0.847643  0.199743  0.213949  4
8000  118839  0.151555  0.00861572  0.847523  0.202215  0.205762  4
8100  119223  0.153167  0.00902461  0.845804  0.199095  0.213042  4
8200  119421  0.150204  0.00905744  0.845052  0.192823  0.199287  4
8300  119065  0.151418  0.0095441  0.844722  0.19958  0.185827  4
8400  119359  0.152849  0.00858187  0.84692  0.198928  0.188678  4
8500  119389  0.152915  0.00651752  0.843703  0.190441  0.187238  4
8600  119595  0.150331  0.00604134  0.841475  0.182073  0.196836  4
8700  119288  0.155378  0.0055853  0.838834  0.168279  0.160063  4
8800  119031  0.147811  0.00628239  0.838717  0.166628  0.151881  4
8900  118926  0.151691  0.00507693  0.839925  0.171542  0.168583  4
9000  118880  0.153325  0.00516624  0.839543  0.178378  0.197789  4
9100  119034  0.150983  0.00485812  0.838586  0.169955  0.213829  4
9200  119616  0.155492  0.00469745  0.839292  0.170273  0.174936  4
9300  119192  0.152316  0.00500446  0.839769  0.170119  0.205756  4
9400  119628  0.151569  0.00510013  0.839399  0.169242  0.214873  4
9500  118641  0.150433  0.00620122  0.83808  0.165137  0.191667  4
9600  118773  0.152096  0.00529478  0.838245  0.166063  0.195629  4
9700  118746  0.151331  0.00480763  0.837466  0.162677  0.160123  4
9800  119034  0.151341  0.00358081  0.837457  0.162325  0.162456  4
9900  119193  0.150379  0.00453098  0.8371  0.163029  0.17725  4
