t meta_n emi  mean_info  tr1  tr2  tr3  strategy
0  123595  0.09976  0.498785  0.900025  0.000806292  2.49649e-05  4
100  120313  0.114149  0.504788  0.902463  0.0661067  -0.00137213  4
200  119679  0.126288  0.502175  0.899143  0.11749  -0.00194498  4
300  119927  0.13555  0.516113  0.896895  0.163531  -0.00329282  4
400  119317  0.137552  0.516603  0.894925  0.178509  -0.00817091  4
500  120540  0.139015  0.532267  0.899003  0.206397  -0.0137594  4
600  120185  0.140779  0.527615  0.897681  0.221277  -0.0101175  4
700  120204  0.145206  0.516633  0.897218  0.246115  -0.0127715  4
800  119657  0.142836  0.516058  0.901774  0.254646  -0.0128643  4
900  118903  0.141968  0.523895  0.89708  0.26518  -0.00276465  4
1000  119378  0.147692  0.522102  0.897484  0.278314  -0.000718472  4
1100  119446  0.144391  0.519124  0.897061  0.274148  -0.00115147  4
1200  119905  0.148424  0.500088  0.89933  0.287332  0.00271979  4
1300  119614  0.142825  0.513193  0.903083  0.291532  -0.0122926  4
1400  119453  0.141136  0.504924  0.900563  0.280795  -0.0110357  4
1500  120112  0.142781  0.495717  0.898515  0.282395  -0.0136276  4
1600  120036  0.148123  0.488463  0.896045  0.286043  -0.0302948  4
1700  119696  0.140484  0.48911  0.897464  0.284565  -0.0338218  4
1800  120354  0.145269  0.48944  0.899393  0.28932  -0.0159651  4
1900  119613  0.142982  0.489019  0.903911  0.300551  -0.0329226  4
2000  119882  0.146312  0.488673  0.900919  0.301965  -0.00416727  4
2100  119842  0.145686  0.477858  0.8983  0.313025  0.0065609  4
2200  119579  0.142444  0.466275  0.89767  0.306782  0.0151667  4
2300  120027  0.145186  0.470315  0.898094  0.313415  0.0281555  4
2400  119932  0.142062  0.469903  0.899602  0.305569  0.0439774  4
2500  120156  0.146243  0.457358  0.896667  0.303412  0.0261613  4
2600  119570  0.141212  0.450156  0.896698  0.296513  -0.00516128  4
2700  119904  0.140449  0.45089  0.899194  0.303694  0.0150108  4
2800  120541  0.144021  0.448416  0.899729  0.304256  0.00153155  4
2900  120064  0.142209  0.446585  0.89638  0.293304  -0.0154251  4
3000  120218  0.140986  0.453446  0.897608  0.306927  0.0131606  4
3100  119860  0.142993  0.454581  0.894158  0.300436  -0.000363648  4
3200  120565  0.143899  0.451115  0.893565  0.304077  -0.00466705  4
3300  120016  0.144256  0.448128  0.895307  0.308398  -0.004457  4
3400  120004  0.142446  0.434774  0.896936  0.319798  0.00979191  4
3500  119614  0.142596  0.446703  0.896329  0.313454  -0.00679158  4
3600  119728  0.139773  0.45532  0.897574  0.3087  0.00130522  4
3700  120130  0.139825  0.460429  0.899229  0.315461  -0.0289953  4
3800  120502  0.140247  0.468201  0.895949  0.308256  -0.029394  4
3900  120076  0.143854  0.468293  0.89608  0.308692  -0.0160859  4
4000  120193  0.139013  0.462091  0.894731  0.297478  -0.00529351  4
4100  120060  0.137417  0.448044  0.897007  0.300633  -0.0364368  4
4200  119849  0.137505  0.449867  0.89617  0.311467  -0.0166968  4
4300  120254  0.14292  0.452882  0.898723  0.320469  -0.0156459  4
4400  120379  0.137825  0.463092  0.900893  0.335803  -0.0553482  4
4500  120127  0.141244  0.455702  0.899584  0.331167  -0.108615  4
4600  119218  0.134899  0.4538  0.902571  0.351109  -0.113449  4
4700  120395  0.142908  0.452825  0.904753  0.357169  -0.108217  4
4800  120166  0.142862  0.436877  0.904342  0.357211  -0.102367  4
4900  119949  0.137066  0.443336  0.911298  0.368416  -0.127896  4
5000  120460  0.138713  0.438785  0.912  0.367143  -0.118087  4
5100  119976  0.13327  0.431753  0.911169  0.359195  -0.114204  4
5200  120348  0.133988  0.428775  0.913244  0.369641  -0.110208  4
5300  119765  0.134636  0.425139  0.911297  0.370483  -0.123978  4
5400  120379  0.14025  0.435514  0.910835  0.369454  -0.164248  4
5500  120507  0.130909  0.438304  0.914162  0.374876  -0.177464  4
5600  120518  0.142498  0.432379  0.914504  0.387543  -0.193545  4
5700  120744  0.13491  0.433283  0.91408  0.385585  -0.199042  4
5800  120476  0.133916  0.433918  0.915523  0.394194  -0.204792  4
5900  119766  0.135942  0.427299  0.918088  0.409735  -0.235081  4
6000  120008  0.132727  0.417881  0.919731  0.40883  -0.237132  4
6100  120409  0.136842  0.415174  0.920211  0.408854  -0.249509  4
6200  120185  0.134229  0.412867  0.922666  0.422941  -0.257899  4
6300  120293  0.137694  0.417755  0.922665  0.425773  -0.244631  4
6400  120003  0.132982  0.414825  0.92241  0.424783  -0.218662  4
6500  120158  0.135022  0.406712  0.92265  0.422043  -0.171709  4
6600  120254  0.131859  0.397796  0.925297  0.433107  -0.187282  4
6700  120576  0.134652  0.403923  0.92478  0.444302  -0.201233  4
6800  120164  0.134421  0.407917  0.926719  0.452866  -0.199452  4
6900  120216  0.137628  0.404748  0.930428  0.468858  -0.196801  4
7000  120424  0.134945  0.400848  0.933846  0.484311  -0.207136  4
7100  120500  0.133147  0.403716  0.936536  0.49435  -0.201223  4
7200  120403  0.131573  0.404283  0.941497  0.508385  -0.20766  4
7300  119996  0.133531  0.406516  0.94592  0.528873  -0.177571  4
7400  120817  0.13452  0.403614  0.946566  0.533051  -0.187472  4
7500  120559  0.133973  0.402218  0.9505  0.54494  -0.167149  4
7600  120286  0.131763  0.402052  0.955452  0.562782  -0.151238  4
7700  120439  0.133546  0.406455  0.954844  0.566598  -0.182094  4
7800  120708  0.133446  0.393327  0.957262  0.56773  -0.1706  4
7900  120429  0.131166  0.391338  0.96337  0.590987  -0.13852  4
8000  119972  0.128883  0.384097  0.965792  0.599878  -0.120429  4
8100  120520  0.132239  0.390412  0.971066  0.624943  -0.12982  4
8200  120331  0.132302  0.386322  0.975372  0.641087  -0.0982393  4
8300  119973  0.129942  0.388841  0.978681  0.657774  -0.101775  4
8400  120661  0.137887  0.388361  0.985734  0.6768  -0.11746  4
8500  120500  0.133105  0.381504  0.987665  0.684439  -0.095396  4
8600  120443  0.131679  0.368838  0.993767  0.706371  -0.0708026  4
8700  120050  0.134838  0.371323  0.995453  0.715897  -0.0724079  4
8800  120842  0.132857  0.365673  0.996212  0.713187  -0.0890196  4
8900  120429  0.130076  0.365612  1.00321  0.73318  -0.0629946  4
9000  120228  0.136982  0.366227  1.00365  0.733658  -0.0433056  4
9100  120421  0.132076  0.358723  1.00929  0.749362  -0.0106405  4
9200  120142  0.130716  0.361554  1.01254  0.763698  0.00627279  4
9300  120436  0.137537  0.362015  1.01047  0.755648  -0.0100859  4
9400  120658  0.139211  0.361239  1.01584  0.770944  -0.000995797  4
9500  120580  0.135035  0.351821  1.02108  0.785522  0.019126  4
9600  120628  0.136752  0.343983  1.02708  0.800538  0.0575187  4
9700  120418  0.13677  0.342341  1.02963  0.805894  0.0809732  4
9800  120343  0.136743  0.343628  1.03161  0.818502  0.0522153  4
9900  120125  0.133674  0.343567  1.03539  0.829638  0.0771252  4
