t meta_n emi  mean_info  tr1  tr2  tr3  strategy
0  122436  0.101064  0.49733  0.900109  0.000739312  4.61438e-05  4
100  119107  0.111071  0.32237  0.899025  0.0747049  0.00111226  4
200  118448  0.120754  0.220343  0.893609  0.118717  -0.00670603  4
300  118090  0.13307  0.169  0.88425  0.156051  0.0034403  4
400  119152  0.138398  0.141325  0.88377  0.185388  0.00442119  4
500  118666  0.146539  0.11757  0.877466  0.21374  -0.00656239  4
600  119204  0.150779  0.109838  0.873362  0.220673  -0.00300111  4
700  118514  0.154952  0.107862  0.869489  0.231807  -0.0411631  4
800  119176  0.155087  0.104075  0.873252  0.248646  -0.0372338  4
900  118234  0.158357  0.100799  0.86769  0.246879  -0.0236578  4
1000  119069  0.157624  0.100692  0.86638  0.250256  -0.00412107  4
1100  118296  0.155982  0.102965  0.86847  0.247846  -0.00401092  4
1200  118409  0.160889  0.100062  0.864416  0.259229  -0.0142512  4
1300  118883  0.156755  0.0962156  0.867231  0.262305  -0.0310072  4
1400  118905  0.161755  0.0962793  0.867215  0.270089  -0.0198807  4
1500  118623  0.158195  0.0948892  0.868857  0.27081  -0.00583168  4
1600  118941  0.15938  0.0943889  0.866893  0.272332  0.012375  4
1700  118615  0.155708  0.0923725  0.871966  0.272264  0.0266954  4
1800  118567  0.159501  0.0887218  0.871047  0.277045  0.0243642  4
1900  118912  0.160427  0.0836326  0.871684  0.281636  0.0128534  4
2000  119191  0.159209  0.0816428  0.870934  0.277151  -0.00918239  4
2100  118991  0.154701  0.0767544  0.878311  0.284161  -0.0266908  4
2200  118901  0.153903  0.0746044  0.873707  0.27667  -0.00240617  4
2300  118516  0.158276  0.0719734  0.866151  0.259955  0.00237143  4
2400  119016  0.153818  0.0694846  0.869474  0.263371  0.0407414  4
2500  118797  0.155873  0.0713304  0.866925  0.256586  0.0195562  4
2600  118922  0.15584  0.0746458  0.865013  0.252905  0.0623194  4
2700  119269  0.153514  0.0730981  0.863734  0.235419  0.0683933  4
2800  118471  0.151568  0.0705417  0.859012  0.224013  0.0955921  4
2900  119615  0.155019  0.0652174  0.854458  0.221863  0.100596  4
3000  118685  0.154018  0.0595571  0.856357  0.223958  0.124324  4
3100  119236  0.153837  0.0546432  0.855265  0.22291  0.132629  4
3200  118912  0.156313  0.0576457  0.853532  0.223288  0.0942297  4
3300  119564  0.153637  0.0534645  0.857334  0.238128  0.033198  4
3400  118708  0.156813  0.054617  0.857206  0.24048  0.0340701  4
3500  118879  0.157089  0.0559739  0.857836  0.243117  0.0311249  4
3600  118846  0.15395  0.0532047  0.854521  0.224515  0.024333  4
3700  119374  0.157246  0.0508119  0.852431  0.215601  0.0307908  4
3800  118470  0.154782  0.0498683  0.856265  0.227078  -0.00662332  4
3900  119334  0.152584  0.0467686  0.856273  0.229019  0.00579232  4
4000  118490  0.153604  0.0473008  0.856567  0.232379  0.01072  4
4100  119464  0.155868  0.0469787  0.851889  0.218625  -0.00116898  4
4200  118668  0.154253  0.0452083  0.852813  0.224936  -0.0207108  4
4300  119057  0.155612  0.0454267  0.853502  0.224745  0.0116604  4
4400  118536  0.156619  0.0388218  0.851266  0.220369  0.0378888  4
4500  118869  0.154177  0.0379246  0.851671  0.214895  0.0218672  4
4600  118998  0.154344  0.0358374  0.850688  0.211048  0.0619161  4
4700  119537  0.154203  0.0387937  0.850806  0.220131  0.0748871  4
4800  119345  0.151519  0.0377359  0.851745  0.214978  0.00545634  4
4900  118908  0.156817  0.0367038  0.849845  0.21645  0.0319827  4
5000  118777  0.155543  0.0379828  0.849349  0.225175  0.0114494  4
5100  118531  0.153309  0.0396858  0.851764  0.228927  0.00991688  4
5200  118900  0.156661  0.0365221  0.85021  0.228993  0.0127537  4
5300  119400  0.157564  0.0359539  0.849642  0.230522  0.0728753  4
5400  119287  0.155874  0.0374474  0.851576  0.22887  0.0905496  4
5500  119502  0.153444  0.0362486  0.852093  0.233824  0.136975  4
5600  119634  0.156637  0.0353183  0.852392  0.244662  0.216594  4
5700  118942  0.152606  0.0326189  0.855653  0.251446  0.274455  4
5800  118954  0.153185  0.0295569  0.854827  0.240727  0.294578  4
5900  119293  0.150113  0.0261588  0.853679  0.234538  0.326962  4
6000  119022  0.15058  0.0287411  0.854079  0.232729  0.30915  4
6100  119189  0.152764  0.0284555  0.852545  0.227064  0.362336  4
6200  119358  0.155993  0.0273243  0.851186  0.232751  0.385139  4
6300  119433  0.153269  0.0267496  0.852441  0.23537  0.369761  4
6400  119288  0.154221  0.024287  0.852807  0.235986  0.400423  4
6500  119022  0.152507  0.0255423  0.851503  0.231735  0.428808  4
6600  118934  0.155412  0.0264211  0.854004  0.2417  0.454859  4
6700  119471  0.152666  0.0251103  0.85434  0.239793  0.473751  4
6800  119652  0.152932  0.0240505  0.854592  0.242196  0.492752  4
6900  118925  0.153025  0.0238414  0.855952  0.241038  0.461297  4
7000  118918  0.150681  0.0260204  0.857222  0.248193  0.518946  4
7100  119150  0.14988  0.025439  0.858087  0.247082  0.505759  4
7200  118656  0.147384  0.0233853  0.858879  0.247373  0.496077  4
7300  119485  0.150116  0.0211611  0.857823  0.25205  0.532644  4
7400  119597  0.153853  0.0224219  0.857137  0.252589  0.50747  4
7500  119258  0.152571  0.0191686  0.854582  0.244965  0.492327  4
7600  118998  0.151482  0.0160999  0.854576  0.243443  0.523513  4
7700  119034  0.151856  0.0143583  0.854232  0.242555  0.492966  4
7800  119585  0.153853  0.012782  0.855008  0.246088  0.494806  4
7900  119861  0.153499  0.0123698  0.853846  0.240227  0.4797  4
8000  119445  0.150338  0.0139191  0.853333  0.240835  0.489018  4
8100  119591  0.153083  0.0134928  0.850496  0.232941  0.541907  4
8200  118885  0.15334  0.0122703  0.84922  0.225008  0.466234  4
8300  118538  0.152056  0.0126759  0.850652  0.230243  0.439125  4
8400  119016  0.150777  0.0113581  0.849436  0.226732  0.368555  4
8500  118699  0.150965  0.0113413  0.848891  0.220509  0.388625  4
8600  118523  0.150387  0.00961578  0.849954  0.221296  0.37539  4
8700  118951  0.150698  0.0084412  0.849705  0.217922  0.348488  4
8800  119095  0.151472  0.0075952  0.850669  0.219514  0.366093  4
8900  119152  0.151773  0.00783702  0.850412  0.223403  0.366027  4
9000  118887  0.151204  0.00825926  0.852331  0.229207  0.413857  4
9100  119272  0.150357  0.00821162  0.851873  0.231842  0.435295  4
9200  119473  0.152605  0.00774938  0.853543  0.232478  0.444671  4
9300  118536  0.149075  0.00701624  0.85406  0.234777  0.412126  4
9400  119220  0.152269  0.0079024  0.854939  0.240885  0.39258  4
9500  118984  0.149156  0.00596218  0.852891  0.231693  0.384086  4
9600  119659  0.150217  0.00629932  0.853634  0.229984  0.367131  4
9700  119154  0.150665  0.00754793  0.853718  0.233262  0.388408  4
9800  119433  0.152367  0.00755344  0.852909  0.231014  0.37107  4
9900  119235  0.152126  0.00848884  0.851448  0.2308  0.364019  4
