t meta_n emi  mean_info  tr1  tr2  tr3  strategy
0  121561  0.1014  0.49812  0.900092  0.000735856  -2.77306e-05  4
100  118480  0.110888  0.229591  0.896125  0.0725932  0.00213205  4
200  119353  0.12743  0.128313  0.888733  0.121382  -0.00649782  4
300  118302  0.139727  0.103625  0.877036  0.155817  -0.0192974  4
400  118681  0.144766  0.0856884  0.874243  0.183848  -0.023033  4
500  119124  0.146941  0.0804323  0.874765  0.207211  -0.0201779  4
600  118961  0.14915  0.0732651  0.877862  0.20891  -0.027617  4
700  118326  0.149946  0.0663664  0.87262  0.218632  -0.0245962  4
800  118288  0.150972  0.0684635  0.869986  0.220643  -0.0466271  4
900  119056  0.154564  0.0647135  0.866558  0.22132  -0.0524586  4
1000  118615  0.163706  0.0616818  0.856614  0.222462  -0.0768023  4
1100  118514  0.162441  0.0598811  0.856153  0.229434  -0.0602489  4
1200  118950  0.166045  0.0572373  0.853973  0.230503  -0.0303321  4
1300  118701  0.164163  0.0599673  0.856023  0.239309  -0.0227673  4
1400  118732  0.168892  0.0545226  0.847878  0.232557  -0.0493201  4
1500  118998  0.169149  0.0557345  0.846743  0.229295  -0.0251136  4
1600  118677  0.165211  0.0531289  0.849639  0.231634  -0.0324066  4
1700  118207  0.166297  0.0491087  0.851024  0.237089  -0.0312993  4
1800  118333  0.166174  0.0480825  0.849671  0.244459  -0.00729483  4
1900  118354  0.16703  0.0487907  0.854141  0.254929  -0.0464297  4
2000  118460  0.160181  0.0478494  0.853634  0.242116  -0.0661938  4
2100  118803  0.16484  0.041955  0.856877  0.254357  -0.0846566  4
2200  118426  0.16398  0.0433982  0.860661  0.266595  -0.0544182  4
2300  118655  0.15816  0.0436214  0.865354  0.267481  -0.0181336  4
2400  118642  0.158142  0.0454997  0.865449  0.267763  0.00355731  4
2500  118995  0.15967  0.0429114  0.869497  0.277871  -0.030218  4
2600  118707  0.15696  0.0465509  0.867836  0.266684  -0.031858  4
2700  118924  0.156352  0.0418525  0.869158  0.267088  -0.0240566  4
2800  118978  0.157301  0.0396474  0.865208  0.260435  -0.0145595  4
2900  118896  0.155148  0.0390104  0.864104  0.254281  0.0245348  4
3000  119397  0.157553  0.0365454  0.862182  0.255183  0.0425338  4
3100  119055  0.157168  0.033589  0.862456  0.257748  0.0283134  4
3200  119344  0.161238  0.0306416  0.863338  0.265635  0.0171414  4
3300  119409  0.15784  0.0325365  0.864912  0.261155  0.0368954  4
3400  119103  0.155667  0.0318873  0.86439  0.269238  0.0225522  4
3500  118251  0.156565  0.0303185  0.864276  0.271091  0.02873  4
3600  119067  0.151753  0.0280702  0.866108  0.262624  0.0227584  4
3700  118746  0.155649  0.0277589  0.867694  0.270518  -0.0128369  4
3800  118904  0.151134  0.0263601  0.873465  0.283099  0.0209585  4
3900  119427  0.152301  0.0253296  0.871904  0.274986  0.0239742  4
4000  119135  0.151961  0.0244976  0.870728  0.269841  0.00977927  4
4100  119195  0.14968  0.0223952  0.866994  0.259764  0.0133882  4
4200  119339  0.156515  0.0238043  0.859304  0.249271  -0.01085  4
4300  119518  0.157355  0.0235282  0.858502  0.248454  -0.028366  4
4400  118398  0.154067  0.0224548  0.859173  0.248951  -0.0190995  4
4500  118920  0.147131  0.0200646  0.865882  0.258893  -0.01618  4
4600  119054  0.150635  0.0181426  0.864212  0.251689  0.0114994  4
4700  119470  0.151067  0.0180547  0.865485  0.257545  -0.0205925  4
4800  119323  0.149354  0.017124  0.866035  0.249961  -0.0201154  4
4900  119315  0.14994  0.0160893  0.863839  0.249368  -0.024119  4
5000  118849  0.151077  0.0166657  0.864696  0.262858  -0.0495657  4
5100  119052  0.151927  0.014276  0.863154  0.25231  -0.0589398  4
5200  118656  0.150281  0.0159588  0.860833  0.250313  -0.0536786  4
5300  119347  0.155368  0.0153874  0.858335  0.23798  -0.10882  4
5400  118524  0.151954  0.0138115  0.856977  0.22749  -0.114899  4
5500  119204  0.146804  0.0147331  0.856759  0.214581  -0.108338  4
5600  119231  0.154339  0.0142971  0.85213  0.21022  -0.125171  4
5700  119207  0.152562  0.012521  0.852328  0.207893  -0.104979  4
5800  119210  0.15185  0.0122599  0.853608  0.212812  -0.132482  4
5900  119059  0.152245  0.0118203  0.850923  0.209712  -0.159257  4
6000  119244  0.147997  0.0128949  0.855274  0.222596  -0.127982  4
6100  119418  0.154728  0.0103622  0.850504  0.219357  -0.171055  4
6200  119366  0.15177  0.00873842  0.852347  0.21925  -0.166112  4
6300  119466  0.152717  0.0105853  0.85154  0.211539  -0.173729  4
6400  118809  0.150993  0.0109509  0.852552  0.215744  -0.1586  4
6500  118655  0.151323  0.0133481  0.850113  0.213687  -0.16758  4
6600  119033  0.150462  0.0110398  0.853087  0.221261  -0.166486  4
6700  119011  0.150383  0.00822693  0.854148  0.216629  -0.163633  4
6800  118698  0.151031  0.00860153  0.854576  0.218762  -0.165854  4
6900  119314  0.149934  0.008945  0.851637  0.21558  -0.176931  4
7000  119227  0.150548  0.0097876  0.849592  0.214261  -0.178724  4
7100  118731  0.149424  0.00865363  0.848282  0.210502  -0.169393  4
7200  119463  0.151997  0.0087359  0.849944  0.205235  -0.162749  4
7300  118940  0.150612  0.00777644  0.851493  0.212021  -0.134582  4
7400  119004  0.153152  0.00810366  0.850995  0.210927  -0.115368  4
7500  119525  0.150361  0.00934622  0.852359  0.217732  -0.087322  4
7600  118678  0.148389  0.00896486  0.851391  0.218987  -0.112133  4
7700  119542  0.151733  0.00839685  0.852042  0.219657  -0.126863  4
7800  119357  0.150334  0.00685385  0.851608  0.216565  -0.128606  4
7900  119271  0.149928  0.00646825  0.853851  0.224268  -0.11538  4
8000  119319  0.149323  0.00625196  0.854241  0.226392  -0.09548  4
8100  118453  0.15314  0.0063311  0.853912  0.228647  -0.06435  4
8200  119221  0.148829  0.00622126  0.856542  0.23605  -0.0611243  4
8300  119753  0.153954  0.00663037  0.85217  0.229014  -0.0580124  4
8400  119159  0.156995  0.00626806  0.850754  0.229908  -0.0517925  4
8500  119255  0.152855  0.00628506  0.849209  0.223935  -0.0686895  4
8600  119291  0.151682  0.00528778  0.849401  0.222358  -0.0558124  4
8700  118740  0.152557  0.00589624  0.849597  0.22581  -0.0747015  4
8800  119234  0.152837  0.00538207  0.848616  0.219908  -0.110674  4
8900  119146  0.151296  0.00384897  0.849813  0.223052  -0.109263  4
9000  119185  0.15357  0.00332  0.847774  0.212421  -0.112412  4
9100  119536  0.15271  0.00383198  0.84645  0.205197  -0.136655  4
9200  118690  0.151415  0.00454668  0.846866  0.205291  -0.133438  4
9300  119202  0.148958  0.00339335  0.847128  0.204006  -0.139272  4
9400  119110  0.150227  0.00268118  0.845035  0.194283  -0.156839  4
9500  119590  0.151563  0.00420365  0.841855  0.183108  -0.200603  4
9600  118893  0.153164  0.00368448  0.843553  0.188251  -0.272195  4
9700  119189  0.150961  0.00387647  0.845011  0.191471  -0.273629  4
9800  119264  0.15415  0.00351826  0.842538  0.183821  -0.281928  4
9900  119662  0.152239  0.00283693  0.840203  0.175956  -0.268944  4
