t meta_n emi  mean_info  tr1  tr2  tr3  strategy
0  120631  0.099488  0.491919  0.89997  0.000764956  3.93721e-05  4
100  118236  0.108841  0.140149  0.897683  0.0664372  0.00252415  4
200  118903  0.124945  0.0714755  0.887824  0.114918  0.00334263  4
300  118800  0.138446  0.0528752  0.878378  0.155722  0.000910606  4
400  118606  0.144915  0.0496194  0.875826  0.176376  0.00221167  4
500  117903  0.153369  0.04797  0.868489  0.21067  -0.0161838  4
600  118615  0.155747  0.0425193  0.867484  0.213227  -0.0300459  4
700  118854  0.154337  0.0416682  0.868346  0.221196  -0.0155488  4
800  118547  0.158569  0.0404728  0.866301  0.242642  -0.02537  4
900  118548  0.163622  0.0378895  0.865704  0.252316  -0.0163597  4
1000  118341  0.161762  0.0368722  0.86356  0.252332  -0.0304656  4
1100  118682  0.158438  0.0347253  0.868163  0.256757  0.00855593  4
1200  118166  0.162763  0.035135  0.866493  0.261688  0.030454  4
1300  118223  0.16136  0.0332399  0.86666  0.269812  0.0293986  4
1400  119171  0.157331  0.0339842  0.867216  0.255869  0.0466632  4
1500  118707  0.159166  0.0329124  0.869091  0.257526  0.0862773  4
1600  118697  0.154516  0.0312185  0.869252  0.258407  0.0851621  4
1700  118263  0.1568  0.0309223  0.863883  0.257797  0.0810611  4
1800  118348  0.159944  0.0300796  0.864055  0.257915  0.107754  4
1900  118926  0.158197  0.0281094  0.861413  0.241242  0.135251  4
2000  118381  0.157357  0.0282981  0.861555  0.24259  0.112255  4
2100  118474  0.163281  0.0253731  0.857033  0.239069  0.136495  4
2200  118600  0.161606  0.0261769  0.855078  0.239297  0.165862  4
2300  118492  0.160594  0.0240572  0.855863  0.226242  0.144802  4
2400  118648  0.16055  0.0233292  0.852162  0.220329  0.117578  4
2500  119057  0.161289  0.0241276  0.850316  0.213799  0.121891  4
2600  119105  0.160759  0.0222289  0.850565  0.217042  0.135573  4
2700  119068  0.156995  0.0239446  0.853622  0.226456  0.174296  4
2800  118708  0.158558  0.0216479  0.853684  0.23425  0.155161  4
2900  118592  0.157046  0.0207822  0.85345  0.230896  0.194395  4
3000  118879  0.161461  0.0201227  0.84985  0.22193  0.254856  4
3100  118973  0.157504  0.0192858  0.851217  0.221893  0.279624  4
3200  118971  0.156544  0.0196406  0.850497  0.207148  0.251094  4
3300  119274  0.157583  0.0174649  0.848277  0.212911  0.268323  4
3400  118670  0.155494  0.0169246  0.849317  0.21931  0.262326  4
3500  118714  0.162077  0.0150045  0.846947  0.217516  0.290499  4
3600  119181  0.164153  0.0145078  0.847389  0.223305  0.307357  4
3700  118978  0.159873  0.0148752  0.846336  0.212194  0.288681  4
3800  118769  0.160624  0.0148307  0.846588  0.215622  0.246398  4
3900  119449  0.159449  0.0151915  0.847334  0.224218  0.233621  4
4000  118694  0.155788  0.0139427  0.848309  0.218986  0.216772  4
4100  119220  0.160275  0.0133478  0.84723  0.220338  0.209396  4
4200  118894  0.15626  0.0128309  0.848622  0.213377  0.153982  4
4300  118746  0.156603  0.0125493  0.848232  0.213188  0.119768  4
4400  119691  0.15382  0.0134226  0.847158  0.211282  0.135676  4
4500  118536  0.158305  0.0107131  0.845236  0.203765  0.15473  4
4600  119417  0.154181  0.0124569  0.84324  0.192624  0.17813  4
4700  118750  0.154158  0.0113351  0.84239  0.193903  0.183144  4
4800  119287  0.160557  0.0103014  0.838619  0.188592  0.147986  4
4900  119310  0.160816  0.0100611  0.836853  0.178276  0.168631  4
5000  119188  0.160683  0.00824825  0.837373  0.176215  0.184759  4
5100  118761  0.159869  0.00849085  0.835677  0.18916  0.178168  4
5200  119027  0.163727  0.00839823  0.836171  0.190433  0.18912  4
5300  118653  0.161098  0.00781649  0.833014  0.190251  0.184237  4
5400  118797  0.161287  0.00841978  0.834665  0.186228  0.159475  4
5500  119456  0.162753  0.00808306  0.833502  0.182804  0.170374  4
5600  119055  0.161616  0.00934446  0.83435  0.182906  0.133286  4
5700  118918  0.157792  0.00778172  0.834225  0.180355  0.13326  4
5800  119607  0.159709  0.00668021  0.836923  0.183573  0.167601  4
5900  119157  0.158983  0.00775791  0.8367  0.182727  0.163295  4
6000  118747  0.157688  0.0065246  0.836464  0.180506  0.171499  4
6100  118949  0.155485  0.00648261  0.83794  0.182717  0.193229  4
6200  119414  0.157481  0.00543566  0.839493  0.191526  0.212785  4
6300  119606  0.159311  0.00669929  0.839056  0.193372  0.171106  4
6400  118817  0.157625  0.00646902  0.839562  0.199862  0.141453  4
6500  119114  0.158563  0.00567334  0.839764  0.20128  0.16793  4
6600  118887  0.157408  0.0059829  0.841955  0.203554  0.180578  4
6700  119441  0.155651  0.0049351  0.842189  0.20915  0.125652  4
6800  118830  0.158043  0.00492358  0.842418  0.211278  0.0941777  4
6900  120060  0.159048  0.00530663  0.842987  0.212195  0.103812  4
7000  118872  0.155157  0.00528899  0.840225  0.194573  0.0755589  4
7100  118832  0.156116  0.00468783  0.83833  0.186107  0.0825175  4
7200  118478  0.158563  0.00481178  0.835639  0.178229  0.00121733  4
7300  118915  0.159389  0.00323341  0.835136  0.179572  0.0169703  4
7400  118792  0.156417  0.00351532  0.836004  0.181154  0.0111989  4
7500  119373  0.159108  0.00317067  0.833662  0.17397  -0.000127056  4
7600  119374  0.157598  0.00379331  0.835186  0.178568  0.0251331  4
7700  118606  0.160585  0.00393522  0.835078  0.187408  0.00331147  4
7800  118732  0.156409  0.0040132  0.837368  0.190233  0.0026514  4
7900  119586  0.159149  0.00336751  0.839355  0.194273  0.0432758  4
8000  118903  0.153904  0.00307941  0.839243  0.187706  0.0720017  4
8100  119494  0.15437  0.00337418  0.837819  0.187415  0.0414855  4
8200  119277  0.158217  0.00311301  0.837934  0.189386  0.0196321  4
8300  119038  0.156772  0.00280833  0.839367  0.19801  0.0301065  4
8400  119961  0.158357  0.00346902  0.836912  0.190343  0.0474669  4
8500  119025  0.156493  0.00261424  0.835844  0.184016  0.0315671  4
8600  118918  0.159671  0.00277703  0.835742  0.189995  0.0529995  4
8700  118757  0.157665  0.00353782  0.837051  0.190845  0.0779687  4
8800  119197  0.158969  0.0028941  0.837396  0.189947  0.0536128  4
8900  119423  0.155275  0.0021884  0.837908  0.18823  0.0596344  4
9000  119278  0.156685  0.00239401  0.838131  0.186924  0.0640032  4
9100  119249  0.157114  0.00206725  0.838464  0.188932  0.0533499  4
9200  118981  0.156112  0.00201397  0.839582  0.190475  0.065021  4
9300  118975  0.155014  0.00181807  0.837003  0.177896  0.0498639  4
9400  119180  0.154234  0.00178609  0.837935  0.176784  0.0908985  4
9500  119009  0.152434  0.0017139  0.836217  0.167144  0.0572157  4
9600  118761  0.153036  0.00151008  0.83524  0.166328  0.0526059  4
9700  118902  0.155033  0.00129938  0.835984  0.173127  0.0691428  4
9800  119015  0.154136  0.00157451  0.836761  0.171046  0.0670846  4
9900  119363  0.153871  0.00159634  0.836231  0.163931  0.0869553  4
