t meta_n emi  mean_info  tr1  tr2  tr3  strategy
0  122312  0.100592  0.49614  0.899986  0.000679253  5.26014e-06  4
100  118875  0.1084  0.296707  0.900688  0.0693432  0.000205586  4
200  119138  0.12593  0.190311  0.889836  0.121677  -0.000552585  4
300  118798  0.139191  0.134514  0.881011  0.159636  -0.00182646  4
400  118808  0.147412  0.107274  0.872376  0.179483  0.000910826  4
500  118858  0.153981  0.0978066  0.865624  0.190112  0.0185915  4
600  119031  0.154023  0.0943425  0.865706  0.201959  0.0114695  4
700  118755  0.154226  0.0918406  0.868363  0.214672  0.016994  4
800  119032  0.154266  0.0860452  0.869209  0.230031  0.0333234  4
900  119022  0.150165  0.0851795  0.873919  0.239827  0.049455  4
1000  118576  0.156324  0.0830972  0.866726  0.24126  0.0698323  4
1100  119199  0.16021  0.0807864  0.862685  0.247606  0.0853665  4
1200  118650  0.155218  0.0818909  0.865006  0.246201  0.0933976  4
1300  119102  0.158169  0.0809605  0.865303  0.250959  0.103057  4
1400  118211  0.160221  0.0775678  0.863871  0.253831  0.0875412  4
1500  118778  0.160177  0.0763355  0.867048  0.259371  0.114001  4
1600  119323  0.160721  0.0714926  0.867375  0.261404  0.106055  4
1700  119418  0.155591  0.0662465  0.869753  0.254309  0.102217  4
1800  119258  0.156401  0.0647893  0.869177  0.259818  0.0973983  4
1900  119395  0.151793  0.0688097  0.869772  0.256697  0.0938232  4
2000  119179  0.154138  0.0638516  0.870445  0.260633  0.0964824  4
2100  119346  0.154715  0.0638786  0.867463  0.250385  0.111313  4
2200  118951  0.150986  0.068439  0.865502  0.242103  0.128076  4
2300  118287  0.154898  0.0650981  0.86411  0.242487  0.130089  4
2400  119339  0.154806  0.0627894  0.860421  0.245104  0.108797  4
2500  119285  0.158826  0.060329  0.860739  0.245484  0.130313  4
2600  119278  0.15502  0.0569486  0.860197  0.248906  0.14885  4
2700  118606  0.158453  0.0577928  0.86048  0.248514  0.160506  4
2800  118861  0.158993  0.0547857  0.853898  0.233251  0.164944  4
2900  119022  0.156309  0.0538859  0.854717  0.226963  0.155037  4
3000  119227  0.156912  0.0477948  0.853025  0.21667  0.13673  4
3100  118769  0.151323  0.0485732  0.854673  0.204559  0.127361  4
3200  119265  0.1535  0.0504379  0.853717  0.212719  0.143298  4
3300  119139  0.154334  0.0466454  0.853712  0.213918  0.143253  4
3400  118682  0.155618  0.0419446  0.852427  0.214383  0.179087  4
3500  119357  0.159901  0.0411908  0.84809  0.215887  0.18589  4
3600  119408  0.157534  0.039597  0.846635  0.208261  0.149652  4
3700  118863  0.156459  0.0423154  0.850193  0.210174  0.142293  4
3800  119048  0.155692  0.041714  0.849358  0.212885  0.158719  4
3900  118895  0.158042  0.0337708  0.848621  0.214816  0.19573  4
4000  118722  0.15605  0.0336117  0.847893  0.215329  0.219389  4
4100  118861  0.156149  0.0347284  0.850988  0.224751  0.219879  4
4200  118167  0.15357  0.030199  0.851604  0.229064  0.211836  4
4300  119213  0.158075  0.0324924  0.852667  0.232627  0.207262  4
4400  119495  0.157634  0.0298364  0.853454  0.240114  0.181988  4
4500  118821  0.158251  0.0291996  0.855073  0.245332  0.216909  4
4600  119471  0.159974  0.0292875  0.85434  0.243819  0.217188  4
4700  119030  0.158248  0.0294132  0.85264  0.235584  0.226768  4
4800  118231  0.153433  0.0289229  0.850896  0.23727  0.236139  4
4900  118669  0.154448  0.025221  0.851456  0.227877  0.260559  4
5000  118697  0.154995  0.0261159  0.851181  0.222865  0.283806  4
5100  119370  0.158592  0.0247696  0.850495  0.236031  0.263693  4
5200  118735  0.155407  0.0236239  0.850355  0.231764  0.205343  4
5300  119362  0.156429  0.022833  0.851628  0.236485  0.170087  4
5400  119395  0.154573  0.0240107  0.84884  0.220425  0.16753  4
5500  118867  0.154793  0.0255413  0.848474  0.218504  0.16029  4
5600  119170  0.151413  0.0241031  0.847709  0.210228  0.108228  4
5700  119861  0.158681  0.0229988  0.845464  0.206281  0.0669484  4
5800  119404  0.155056  0.0235091  0.846249  0.212278  0.0616926  4
5900  119011  0.154099  0.0228407  0.847029  0.21864  0.0198727  4
6000  118809  0.155773  0.0202687  0.845468  0.219973  0.0019998  4
6100  118773  0.154722  0.0204961  0.845502  0.210209  0.00156378  4
6200  118512  0.154005  0.0200418  0.846405  0.218199  -0.00220399  4
6300  118935  0.154641  0.0181659  0.848507  0.22898  -0.018338  4
6400  119473  0.151972  0.0182425  0.848994  0.229183  -0.00394835  4
6500  118800  0.152925  0.0173826  0.848747  0.219514  0.0194506  4
6600  119518  0.152558  0.0164771  0.848835  0.219958  0.0263147  4
6700  118793  0.153299  0.0148012  0.849348  0.229936  0.0527876  4
6800  119126  0.156102  0.0155405  0.848021  0.231084  0.0594794  4
6900  119190  0.155836  0.0140675  0.846884  0.226932  0.0539028  4
7000  118993  0.156032  0.0143919  0.849388  0.231091  0.0518152  4
7100  119587  0.154177  0.0136559  0.849107  0.231285  0.0808741  4
7200  119123  0.154435  0.0123799  0.850171  0.232059  0.120638  4
7300  119299  0.154685  0.0111224  0.849137  0.227446  0.152064  4
7400  119292  0.158112  0.011172  0.849818  0.231394  0.150495  4
7500  118749  0.153487  0.0131922  0.850683  0.237074  0.148091  4
7600  119002  0.155163  0.0147266  0.849116  0.240503  0.161706  4
7700  118667  0.158588  0.0133317  0.847989  0.239505  0.16391  4
7800  119463  0.155014  0.0121155  0.849073  0.244415  0.170524  4
7900  118581  0.15468  0.00805829  0.851376  0.254613  0.192321  4
8000  119133  0.151515  0.0085013  0.85183  0.256499  0.207801  4
8100  118864  0.154678  0.00907939  0.85176  0.26033  0.187406  4
8200  118976  0.156615  0.0108512  0.850214  0.254964  0.204465  4
8300  118781  0.155612  0.00956535  0.850569  0.254897  0.201351  4
8400  118894  0.15116  0.00847752  0.850315  0.250341  0.198455  4
8500  119163  0.151341  0.00789777  0.850761  0.250648  0.190692  4
8600  119639  0.155097  0.00742942  0.849955  0.244355  0.188031  4
8700  119146  0.153102  0.00738738  0.851029  0.249871  0.193599  4
8800  118941  0.155887  0.00668115  0.851597  0.254807  0.22453  4
8900  119623  0.153479  0.00690366  0.851195  0.250665  0.207017  4
9000  119023  0.152409  0.00731604  0.851366  0.252409  0.212995  4
9100  118835  0.152313  0.00674611  0.851382  0.246665  0.207663  4
9200  119224  0.155555  0.00679311  0.853461  0.258279  0.198297  4
9300  119818  0.151312  0.00698563  0.85436  0.257406  0.148017  4
9400  119342  0.151791  0.00626562  0.854128  0.258561  0.139219  4
9500  119114  0.149525  0.00595163  0.851875  0.252006  0.144232  4
9600  119651  0.154771  0.00616652  0.851608  0.247675  0.15402  4
9700  118770  0.152624  0.00484136  0.85357  0.248795  0.17488  4
9800  119477  0.152748  0.00525366  0.853934  0.247052  0.169792  4
9900  118592  0.148865  0.00463805  0.853968  0.249262  0.158323  4
