t meta_n emi  mean_info  tr1  tr2  tr3  strategy
0  123124  0.100104  0.499299  0.900005  0.000810427  0.000111969  4
100  120621  0.116812  0.472789  0.90144  0.0684573  -0.00333084  4
200  119784  0.124534  0.45546  0.89857  0.118233  -0.00534311  4
300  119597  0.133845  0.441637  0.890391  0.155476  0.00330104  4
400  119862  0.138998  0.440187  0.888829  0.188578  0.00885852  4
500  119325  0.141093  0.411567  0.887875  0.21028  0.0210879  4
600  119903  0.144574  0.407713  0.889652  0.229513  0.0353546  4
700  119825  0.147885  0.408458  0.889549  0.243416  0.0390054  4
800  119616  0.143826  0.401597  0.892496  0.25833  0.0646349  4
900  119474  0.145775  0.395399  0.892458  0.260741  0.076528  4
1000  119839  0.14475  0.388077  0.892997  0.265484  0.0744675  4
1100  120109  0.147233  0.384087  0.896368  0.285503  0.0867178  4
1200  120067  0.148919  0.395406  0.894453  0.287874  0.0775912  4
1300  119927  0.145526  0.376339  0.894762  0.291079  0.113748  4
1400  120471  0.148902  0.37505  0.893257  0.297448  0.109191  4
1500  119373  0.148647  0.372823  0.890997  0.306155  0.0963235  4
1600  119816  0.15211  0.362601  0.893308  0.309296  0.0878658  4
1700  119286  0.150534  0.348054  0.891718  0.305704  0.104956  4
1800  120168  0.147581  0.349743  0.895724  0.306702  0.131824  4
1900  119946  0.149565  0.340532  0.896746  0.326436  0.128697  4
2000  119554  0.148204  0.337301  0.895157  0.317852  0.154391  4
2100  119989  0.143327  0.327236  0.899743  0.323099  0.151332  4
2200  119713  0.147654  0.321286  0.894806  0.316735  0.14077  4
2300  119828  0.146376  0.326481  0.900076  0.329772  0.135551  4
2400  119852  0.148622  0.327654  0.897509  0.330783  0.140106  4
2500  119694  0.144731  0.322296  0.897411  0.333424  0.12723  4
2600  120405  0.145726  0.327178  0.903223  0.355318  0.144913  4
2700  119643  0.145483  0.313006  0.905683  0.354752  0.125281  4
2800  119283  0.144572  0.303393  0.90531  0.360251  0.150314  4
2900  119497  0.143595  0.314489  0.906758  0.369377  0.17047  4
3000  119502  0.144336  0.305319  0.905777  0.362339  0.144389  4
3100  119325  0.143684  0.305774  0.903722  0.356268  0.178459  4
3200  119344  0.145182  0.310569  0.904585  0.361355  0.170871  4
3300  119850  0.147458  0.313009  0.906577  0.372631  0.161816  4
3400  119527  0.146063  0.314215  0.903977  0.367954  0.1258  4
3500  119645  0.145485  0.311525  0.904153  0.365838  0.106787  4
3600  120089  0.147932  0.303576  0.905605  0.37186  0.101587  4
3700  120241  0.148279  0.317617  0.907591  0.385574  0.134005  4
3800  120520  0.141884  0.303706  0.907919  0.382623  0.133637  4
3900  120388  0.14285  0.304938  0.911256  0.396707  0.144015  4
4000  120040  0.147094  0.309205  0.912465  0.406421  0.141951  4
4100  119999  0.147709  0.321628  0.916706  0.419942  0.184768  4
4200  119815  0.14458  0.319194  0.918769  0.430516  0.202651  4
4300  119973  0.140898  0.310474  0.914801  0.414043  0.197308  4
4400  120032  0.140377  0.308876  0.914748  0.411715  0.244011  4
4500  119890  0.139956  0.307116  0.918452  0.423289  0.259675  4
4600  120002  0.139684  0.302155  0.920124  0.432718  0.285854  4
4700  119751  0.141658  0.303782  0.916402  0.430252  0.27209  4
4800  120282  0.145275  0.301283  0.91812  0.433101  0.279181  4
4900  120174  0.13906  0.294784  0.919734  0.437944  0.234659  4
5000  119843  0.142407  0.295259  0.918741  0.43897  0.258986  4
5100  120200  0.142711  0.29159  0.920996  0.444114  0.236422  4
5200  119968  0.140558  0.300735  0.92048  0.446489  0.269148  4
5300  119311  0.139307  0.292589  0.919758  0.436622  0.271785  4
5400  119538  0.141256  0.290498  0.919945  0.435414  0.26115  4
5500  119781  0.1402  0.287206  0.918245  0.435014  0.245016  4
5600  119981  0.138033  0.289431  0.921045  0.445407  0.220489  4
5700  120025  0.141115  0.294678  0.926316  0.473981  0.220422  4
5800  119856  0.141635  0.297975  0.929759  0.485798  0.253071  4
5900  120026  0.144283  0.294985  0.92713  0.481722  0.249943  4
6000  120250  0.143421  0.304104  0.930075  0.492297  0.257855  4
6100  119345  0.141046  0.295866  0.929966  0.49347  0.256942  4
6200  120052  0.140606  0.29137  0.934294  0.495193  0.265152  4
6300  119984  0.144882  0.290962  0.935101  0.500932  0.285741  4
6400  120203  0.143057  0.292615  0.940821  0.517554  0.276036  4
6500  120003  0.142904  0.293175  0.942254  0.519337  0.270184  4
6600  120551  0.141812  0.294881  0.945852  0.52751  0.260205  4
6700  120245  0.143007  0.29087  0.945209  0.527356  0.205469  4
6800  119802  0.136418  0.282838  0.94565  0.523348  0.218708  4
6900  120547  0.143286  0.285185  0.954472  0.552521  0.217831  4
7000  120114  0.141801  0.280658  0.954342  0.54767  0.196268  4
7100  119744  0.13967  0.269367  0.954034  0.545044  0.232102  4
7200  120017  0.138651  0.261215  0.955827  0.545236  0.265978  4
7300  119848  0.138701  0.259047  0.95781  0.552683  0.254746  4
7400  120351  0.140667  0.263766  0.961907  0.570489  0.291185  4
7500  120235  0.136999  0.265699  0.966223  0.581541  0.266636  4
7600  120114  0.138453  0.271215  0.970704  0.604173  0.294589  4
7700  119921  0.141191  0.27676  0.97835  0.625015  0.316969  4
7800  120474  0.141327  0.273923  0.982824  0.635569  0.351797  4
7900  119931  0.139384  0.267351  0.984634  0.633643  0.369441  4
8000  120505  0.136947  0.270001  0.991131  0.651293  0.378688  4
8100  119747  0.138047  0.263369  0.994544  0.659029  0.391322  4
8200  120339  0.140481  0.259979  0.998032  0.666629  0.413484  4
8300  119792  0.13368  0.261769  1.00293  0.682656  0.461753  4
8400  120166  0.137487  0.266941  1.00792  0.697651  0.48821  4
8500  119882  0.138331  0.267078  1.01194  0.707395  0.512348  4
8600  119907  0.138338  0.273097  1.0152  0.720725  0.517132  4
8700  120199  0.138946  0.266723  1.02046  0.738504  0.495594  4
8800  120323  0.141488  0.267951  1.02393  0.756432  0.534641  4
8900  120614  0.136979  0.267971  1.02842  0.771218  0.540325  4
9000  120021  0.135166  0.270408  1.03224  0.787232  0.536264  4
9100  120320  0.138699  0.270741  1.03726  0.798568  0.512055  4
9200  120688  0.140668  0.270086  1.04016  0.809093  0.539813  4
9300  120144  0.139291  0.266355  1.04157  0.816447  0.516905  4
9400  119931  0.138276  0.265979  1.04177  0.814482  0.518244  4
9500  119290  0.136419  0.262692  1.04203  0.812687  0.521449  4
9600  120521  0.140298  0.256805  1.04031  0.804087  0.503974  4
9700  120384  0.133313  0.254158  1.04245  0.811733  0.488667  4
9800  120296  0.138622  0.253265  1.04684  0.824092  0.509476  4
9900  120082  0.144025  0.251703  1.04931  0.829392  0.527628  4
