t meta_n emi  mean_info  tr1  tr2  tr3  strategy
0  120603  0.10092  0.492066  0.900022  0.000762253  8.21083e-05  4
100  118798  0.1131  0.146851  0.89486  0.0728779  0.00373569  4
200  118913  0.132427  0.0738847  0.883693  0.121899  0.000760083  4
300  118541  0.13911  0.0569016  0.876307  0.165371  0.0139352  4
400  118857  0.146196  0.05021  0.872029  0.200573  0.00606713  4
500  118736  0.155429  0.0456857  0.867836  0.221288  0.00544667  4
600  118400  0.158492  0.0425378  0.865402  0.233954  0.00750299  4
700  118582  0.160495  0.041651  0.863659  0.243084  0.0158553  4
800  118658  0.159891  0.0395095  0.864962  0.253001  0.0125572  4
900  118267  0.159328  0.0403592  0.862863  0.242847  -0.00459218  4
1000  118402  0.159167  0.0406157  0.865084  0.243067  0.00232974  4
1100  118396  0.1586  0.0384378  0.859992  0.231007  0.0232722  4
1200  118680  0.161981  0.0382719  0.854164  0.224335  0.0439617  4
1300  118297  0.160757  0.0374932  0.853421  0.22147  0.0488169  4
1400  119097  0.158852  0.0335633  0.857343  0.229362  0.0238246  4
1500  118764  0.15836  0.0345353  0.859006  0.229831  0.0092008  4
1600  119032  0.16004  0.0337465  0.854076  0.230881  -0.0124329  4
1700  118261  0.159695  0.0313361  0.855851  0.234186  -0.0375891  4
1800  118521  0.16296  0.0306352  0.851192  0.229137  -0.00634812  4
1900  118131  0.163245  0.0302242  0.852916  0.233931  0.0311365  4
2000  118956  0.162749  0.0287695  0.851646  0.224108  0.0470519  4
2100  118028  0.159951  0.0276692  0.854252  0.238169  0.0418221  4
2200  118817  0.162422  0.0272766  0.856076  0.247571  0.0874289  4
2300  118271  0.160353  0.0277859  0.856816  0.249031  0.111207  4
2400  118679  0.161433  0.0260215  0.853184  0.246329  0.148802  4
2500  119044  0.159613  0.0253498  0.851753  0.237255  0.175971  4
2600  118641  0.160889  0.0231333  0.850065  0.225579  0.168583  4
2700  119303  0.156969  0.0229442  0.850767  0.226613  0.191729  4
2800  118821  0.158826  0.0224009  0.850412  0.226273  0.193632  4
2900  119077  0.156971  0.0207578  0.855869  0.23169  0.205429  4
3000  119065  0.154825  0.0209631  0.857136  0.229658  0.208159  4
3100  118651  0.153847  0.0220894  0.859623  0.236528  0.180197  4
3200  118956  0.155449  0.0201712  0.854613  0.230134  0.186031  4
3300  118572  0.157537  0.0196261  0.856052  0.23362  0.174463  4
3400  119018  0.15726  0.0196801  0.856227  0.239266  0.15421  4
3500  119174  0.158502  0.0176515  0.853278  0.232836  0.150718  4
3600  118776  0.153522  0.0159261  0.856049  0.22699  0.148721  4
3700  118954  0.157683  0.0172611  0.852082  0.22102  0.146368  4
3800  119310  0.156004  0.0158591  0.851982  0.219268  0.122166  4
3900  119148  0.154906  0.015678  0.850462  0.214262  0.109491  4
4000  118773  0.156439  0.0157149  0.851521  0.217783  0.154806  4
4100  119115  0.154017  0.0137979  0.851665  0.209466  0.125008  4
4200  119420  0.154447  0.0141344  0.850424  0.208343  0.143361  4
4300  118549  0.151961  0.0123331  0.850764  0.212057  0.155631  4
4400  118677  0.154197  0.0117025  0.850219  0.223124  0.152774  4
4500  118717  0.155206  0.0135743  0.853084  0.225168  0.139747  4
4600  118863  0.159431  0.0113175  0.850236  0.228209  0.155809  4
4700  119347  0.154571  0.0108031  0.85061  0.220905  0.200791  4
4800  118973  0.15653  0.0111535  0.845609  0.204604  0.212795  4
4900  118749  0.159702  0.0101386  0.842584  0.196541  0.224697  4
5000  118443  0.157101  0.0100311  0.842492  0.193208  0.25086  4
5100  118817  0.154465  0.0100912  0.842946  0.196134  0.289809  4
5200  118544  0.15574  0.00998133  0.840227  0.182613  0.286994  4
5300  119375  0.155615  0.00908197  0.839817  0.187998  0.288259  4
5400  118594  0.155194  0.0084816  0.841134  0.192592  0.304241  4
5500  118705  0.155677  0.00856846  0.841053  0.194053  0.33977  4
5600  118844  0.155419  0.00802813  0.838914  0.183042  0.354687  4
5700  119639  0.155147  0.00789547  0.840024  0.179864  0.34679  4
5800  119176  0.153377  0.00872774  0.836819  0.179443  0.303096  4
5900  119044  0.154021  0.00812608  0.839013  0.18495  0.300883  4
6000  119576  0.156147  0.00818473  0.836377  0.182052  0.287467  4
6100  119024  0.158559  0.00681083  0.837902  0.18676  0.23322  4
6200  119406  0.158402  0.00636287  0.841228  0.19877  0.22253  4
6300  118614  0.159117  0.00680002  0.842762  0.217101  0.247037  4
6400  118981  0.158211  0.00645757  0.842598  0.219024  0.233551  4
6500  119269  0.156827  0.0051  0.840502  0.203048  0.154555  4
6600  119518  0.158086  0.00454405  0.84037  0.196953  0.139415  4
6700  118887  0.153763  0.00579449  0.83976  0.193077  0.149234  4
6800  119355  0.158363  0.0056405  0.838876  0.190487  0.162962  4
6900  119343  0.155886  0.00404892  0.840261  0.187582  0.155918  4
7000  118896  0.153149  0.00475102  0.838633  0.181185  0.167835  4
7100  118514  0.155396  0.00445803  0.838617  0.177369  0.221191  4
7200  119408  0.156943  0.00462866  0.839299  0.179016  0.198215  4
7300  118593  0.154375  0.00472301  0.838307  0.171128  0.194248  4
7400  119010  0.153134  0.00365545  0.839482  0.174927  0.225081  4
7500  119849  0.157362  0.00334647  0.837987  0.18023  0.250403  4
7600  119183  0.153622  0.00356794  0.837695  0.170007  0.226238  4
7700  118983  0.155018  0.00369797  0.837265  0.169253  0.221697  4
7800  118654  0.156769  0.00290233  0.836355  0.168609  0.20347  4
7900  118141  0.151684  0.00276021  0.837175  0.174618  0.227019  4
8000  119159  0.153486  0.00295567  0.838485  0.17998  0.242617  4
8100  119554  0.154668  0.00299204  0.839978  0.181821  0.183443  4
8200  119498  0.154092  0.00319897  0.839338  0.182664  0.195574  4
8300  119523  0.152948  0.00291406  0.840301  0.184304  0.182212  4
8400  119871  0.153878  0.00283096  0.84131  0.186889  0.14303  4
8500  119306  0.153083  0.00261841  0.840677  0.187221  0.157208  4
8600  118860  0.155806  0.00280597  0.838499  0.181948  0.163991  4
8700  119032  0.157726  0.00234331  0.839375  0.185685  0.200742  4
8800  119352  0.151083  0.00231352  0.841416  0.185128  0.230771  4
8900  119654  0.154193  0.00281914  0.841911  0.190145  0.199749  4
9000  119188  0.153889  0.00257519  0.842478  0.19363  0.239764  4
9100  118915  0.153025  0.00276632  0.842239  0.189481  0.26523  4
9200  119298  0.151502  0.00217909  0.842303  0.189162  0.277225  4
9300  119367  0.153426  0.00176839  0.842495  0.187796  0.224533  4
9400  119504  0.152649  0.00146855  0.841131  0.17971  0.225472  4
9500  119229  0.15341  0.00166264  0.839627  0.183762  0.209526  4
9600  118751  0.151423  0.00162627  0.83888  0.179753  0.204378  4
9700  119844  0.154005  0.0016613  0.838582  0.173384  0.198077  4
9800  119249  0.150766  0.00189824  0.839301  0.178994  0.184932  4
9900  119001  0.153321  0.00156481  0.839183  0.180388  0.192061  4
