t meta_n emi  mean_info  tr1  tr2  tr3  strategy
0  121483  0.099168  0.496589  0.899924  0.000819943  -8.72355e-05  4
100  118053  0.108053  0.193837  0.896843  0.0667138  -0.0145634  4
200  118462  0.127162  0.0986343  0.889258  0.12864  -0.0199015  4
300  118779  0.137076  0.0730856  0.880756  0.158614  -0.0193166  4
400  118747  0.142741  0.0633527  0.877077  0.181016  -0.0221613  4
500  119027  0.151978  0.0651841  0.8715  0.199197  -0.0159614  4
600  119618  0.154112  0.0586341  0.86641  0.205479  -0.0166406  4
700  118189  0.154714  0.0568104  0.864697  0.214079  -0.00817359  4
800  118182  0.161101  0.0524369  0.860795  0.218716  -0.0255828  4
900  119259  0.161278  0.0508425  0.858059  0.215254  -0.0241793  4
1000  118870  0.156785  0.0518186  0.859937  0.218102  -0.0297211  4
1100  118797  0.155746  0.0487228  0.865124  0.234831  -0.037633  4
1200  118167  0.161448  0.0472637  0.860195  0.235766  -0.0570358  4
1300  118479  0.161717  0.048441  0.856033  0.230359  -0.04189  4
1400  118697  0.162832  0.0464425  0.855412  0.22745  -0.0464204  4
1500  118706  0.158588  0.0443096  0.85994  0.22864  -0.0283947  4
1600  118485  0.158391  0.0389848  0.859005  0.228761  -0.00835734  4
1700  118695  0.162485  0.0383711  0.858516  0.231254  -0.00857818  4
1800  118967  0.16083  0.0389854  0.85703  0.222591  -0.0242332  4
1900  118632  0.154153  0.0382108  0.861066  0.237102  -0.0162609  4
2000  118571  0.162369  0.0400756  0.859177  0.248864  -0.0250889  4
2100  118569  0.158988  0.0361193  0.856096  0.240416  -0.0441729  4
2200  118967  0.162147  0.0345211  0.851787  0.242163  -0.0695728  4
2300  118528  0.16317  0.0355427  0.852681  0.25023  -0.0644693  4
2400  118773  0.161341  0.0348662  0.854299  0.241786  -0.0713126  4
2500  119192  0.159374  0.0339556  0.852885  0.23975  -0.0922826  4
2600  118278  0.156965  0.0321874  0.854769  0.233589  -0.0932579  4
2700  118838  0.155934  0.0290653  0.855691  0.229423  -0.0551031  4
2800  118845  0.157246  0.0265773  0.854834  0.226428  -0.0530888  4
2900  119086  0.156944  0.0274007  0.85055  0.218935  -0.0474278  4
3000  118949  0.160856  0.0250479  0.848345  0.215033  -0.0513583  4
3100  119402  0.155269  0.024663  0.851202  0.216997  -0.0882121  4
3200  118759  0.153185  0.0258674  0.852988  0.213707  -0.091569  4
3300  118821  0.156938  0.0262919  0.850003  0.216064  -0.13634  4
3400  119788  0.15816  0.024955  0.85212  0.224358  -0.107797  4
3500  118406  0.160418  0.0262697  0.852205  0.228095  -0.0930958  4
3600  118974  0.157163  0.0253264  0.854477  0.232752  -0.0424413  4
3700  118456  0.157834  0.0217588  0.853854  0.234225  -0.0250735  4
3800  119213  0.158222  0.0220015  0.852388  0.221487  -0.0541447  4
3900  119118  0.157737  0.0208749  0.852955  0.227157  -0.0362332  4
4000  118587  0.159878  0.0216378  0.852854  0.224407  -0.0200127  4
4100  118788  0.152377  0.0210522  0.85345  0.223566  -0.0469024  4
4200  118449  0.153959  0.0199332  0.852768  0.227261  -0.0403252  4
4300  119159  0.151951  0.0201834  0.852968  0.220587  -0.0151624  4
4400  118378  0.153212  0.0194897  0.85307  0.222335  -0.00492372  4
4500  118857  0.155584  0.0171175  0.851508  0.219927  -0.00123527  4
4600  118946  0.157481  0.0153886  0.847463  0.209139  0.0100035  4
4700  119429  0.156989  0.0156106  0.845663  0.205311  0.0175309  4
4800  119548  0.157711  0.0147166  0.842005  0.200879  0.018215  4
4900  118623  0.157038  0.0140074  0.84255  0.20451  -0.0264187  4
5000  118969  0.158476  0.0126626  0.84318  0.206468  -0.0713325  4
5100  118944  0.155497  0.0115218  0.845569  0.202808  -0.0799501  4
5200  119021  0.153773  0.0126722  0.848432  0.207545  -0.0645719  4
5300  119111  0.155853  0.0103441  0.847049  0.205881  -0.0661165  4
5400  119396  0.152758  0.0128743  0.845746  0.207279  -0.0296834  4
5500  119382  0.152389  0.0119069  0.847057  0.202143  -0.0181377  4
5600  119096  0.150559  0.0105644  0.846186  0.207094  0.00107458  4
5700  119491  0.152517  0.00953698  0.845666  0.195329  0.00551529  4
5800  119010  0.156968  0.00981293  0.843235  0.197841  0.0145483  4
5900  118747  0.155637  0.0111993  0.84487  0.198953  0.0216639  4
6000  118906  0.150333  0.00965976  0.843868  0.195578  0.0497185  4
6100  118768  0.155012  0.00929344  0.844113  0.196803  0.00355273  4
6200  119683  0.15568  0.0101856  0.844002  0.187495  -0.00383906  4
6300  119086  0.152981  0.0082776  0.84399  0.18435  0.0422262  4
6400  119523  0.155781  0.00859376  0.844969  0.193659  0.0206443  4
6500  118757  0.152508  0.00771175  0.840176  0.1805  -0.0327932  4
6600  118813  0.155096  0.00772698  0.839734  0.175442  -0.0185225  4
6700  119371  0.153858  0.0091248  0.83827  0.177209  -0.0128915  4
6800  118764  0.155207  0.00803447  0.838785  0.180463  0.00736998  4
6900  119801  0.156373  0.00700239  0.838147  0.177914  -0.0277522  4
7000  119219  0.154178  0.00694576  0.836603  0.170152  -0.0391432  4
7100  118736  0.151326  0.00632944  0.838565  0.178008  -0.00119097  4
7200  118810  0.153801  0.005357  0.836922  0.176699  -0.00594746  4
7300  119122  0.158992  0.00593762  0.836473  0.178206  -0.0481592  4
7400  119100  0.157876  0.00549404  0.833552  0.167019  -0.0494348  4
7500  119120  0.155534  0.00474412  0.834125  0.168069  -0.0322563  4
7600  119328  0.159864  0.00434628  0.835439  0.1701  -0.0234872  4
7700  119199  0.155974  0.00517914  0.834215  0.164035  -0.0275612  4
7800  119366  0.158285  0.0050035  0.833765  0.161764  -0.0342414  4
7900  119274  0.152956  0.00447665  0.832929  0.160584  -0.0442796  4
8000  119048  0.154039  0.00380073  0.831234  0.155687  -0.100399  4
8100  119200  0.155853  0.00468269  0.832702  0.165587  -0.0873916  4
8200  119357  0.159687  0.00507271  0.833098  0.169566  -0.0571129  4
8300  119737  0.159889  0.0056114  0.832212  0.171147  -0.0444167  4
8400  118986  0.159005  0.00503275  0.832039  0.171174  -0.0784097  4
8500  119064  0.15709  0.00522373  0.834052  0.17309  -0.0945778  4
8600  119141  0.15524  0.00388043  0.833089  0.163172  -0.0912291  4
8700  119274  0.155947  0.00463095  0.833451  0.163821  -0.0591832  4
8800  119284  0.157692  0.00387223  0.83505  0.169302  -0.0921037  4
8900  119299  0.153772  0.00340154  0.835565  0.175629  -0.0836562  4
9000  118911  0.155852  0.00317052  0.834413  0.176933  -0.0762521  4
9100  119698  0.15652  0.00323536  0.834171  0.176144  -0.076999  4
9200  118769  0.156215  0.00372508  0.834413  0.174993  -0.0893775  4
9300  119350  0.158277  0.00321772  0.834761  0.171941  -0.077076  4
9400  118974  0.156626  0.00278323  0.835465  0.174546  -0.0619448  4
9500  119280  0.157575  0.00206074  0.837797  0.178494  -0.0554887  4
9600  119429  0.156873  0.00232063  0.838293  0.181688  -0.0421606  4
9700  119349  0.153827  0.00248112  0.837307  0.182055  -0.0734296  4
9800  119024  0.15366  0.00230733  0.837264  0.182151  -0.0913276  4
9900  119384  0.154797  0.00241926  0.837963  0.185074  -0.0646433  4
