t meta_n emi  mean_info  tr1  tr2  tr3  strategy
0  119612  0.101352  0.493716  0.900007  0.000777111  -5.37065e-05  4
100  118030  0.112772  0.124965  0.893536  0.075919  -0.00256128  4
200  118217  0.133682  0.0636748  0.880513  0.127959  -0.000436523  4
300  118711  0.143358  0.0498552  0.873923  0.168256  -0.00479358  4
400  118353  0.149219  0.0425517  0.871636  0.19814  0.00375674  4
500  118301  0.149785  0.0388066  0.87126  0.213701  -0.00653621  4
600  118334  0.15707  0.0402866  0.865688  0.223049  0.000527863  4
700  118394  0.158128  0.0370074  0.860824  0.218255  -0.0320508  4
800  118634  0.160067  0.0351565  0.860553  0.226106  -0.0245574  4
900  119081  0.161847  0.0335542  0.85942  0.232301  -0.0315847  4
1000  118745  0.157823  0.0351023  0.863118  0.236199  -0.00989635  4
1100  118544  0.162075  0.032843  0.860252  0.237483  -0.0190155  4
1200  118564  0.158387  0.0329194  0.858325  0.229142  -0.0535134  4
1300  118710  0.162793  0.0321615  0.858828  0.239592  -0.0511317  4
1400  118468  0.160819  0.031905  0.85958  0.234229  -0.0667053  4
1500  118732  0.15799  0.0316769  0.862205  0.236388  -0.0393386  4
1600  118681  0.160337  0.0287307  0.860538  0.243644  -0.013871  4
1700  118483  0.160761  0.0282276  0.859239  0.242365  0.0228573  4
1800  119318  0.164534  0.0268647  0.858536  0.249484  0.031605  4
1900  118668  0.160922  0.0265436  0.855692  0.230385  0.0263683  4
2000  118624  0.160856  0.0254905  0.852929  0.227514  0.0219119  4
2100  118285  0.162008  0.023787  0.852018  0.231695  0.0180852  4
2200  118341  0.16022  0.0230056  0.851487  0.232774  0.0241756  4
2300  119407  0.161198  0.0230678  0.853146  0.229048  0.037524  4
2400  118910  0.15682  0.0225326  0.854574  0.226319  0.0504398  4
2500  118563  0.15825  0.0214487  0.853795  0.225427  0.0526642  4
2600  118894  0.157764  0.0223998  0.850039  0.212123  0.0514574  4
2700  118918  0.15707  0.0205238  0.850411  0.211079  0.0271235  4
2800  118522  0.157077  0.0211384  0.850483  0.214023  0.0161341  4
2900  118832  0.162081  0.0183849  0.850988  0.226838  -0.000932315  4
3000  119039  0.157415  0.0174636  0.850748  0.225634  0.0173575  4
3100  118873  0.155371  0.0176927  0.852047  0.228901  0.00672483  4
3200  118822  0.160784  0.01514  0.849877  0.223504  -0.0338221  4
3300  119034  0.156582  0.0164632  0.848924  0.215157  -0.071848  4
3400  118870  0.155183  0.0154055  0.848462  0.211381  -0.0434801  4
3500  118873  0.156476  0.0145346  0.851086  0.21564  -0.0777873  4
3600  119226  0.159599  0.0137706  0.846911  0.210374  -0.0754324  4
3700  118626  0.157493  0.0142489  0.84165  0.193912  -0.126552  4
3800  118683  0.160848  0.0153605  0.843049  0.19837  -0.105398  4
3900  118217  0.155498  0.0136386  0.845663  0.206028  -0.0547428  4
4000  118911  0.15776  0.0121299  0.843695  0.200557  0.0116196  4
4100  119125  0.158774  0.013203  0.842583  0.193504  -0.00644457  4
4200  119166  0.156684  0.0132754  0.843904  0.193611  -0.00384051  4
4300  119697  0.158654  0.0113419  0.846116  0.196478  -0.0120514  4
4400  119140  0.154783  0.0110302  0.843116  0.178884  -0.00599162  4
4500  119188  0.156402  0.0114562  0.845559  0.191726  -0.00926803  4
4600  119270  0.156283  0.0100981  0.842497  0.189127  -0.00936583  4
4700  118649  0.15513  0.0089755  0.844221  0.194488  -0.0278943  4
4800  118461  0.154521  0.0101222  0.842569  0.199966  -0.0177501  4
4900  119145  0.158851  0.00871139  0.842165  0.203248  -0.0370731  4
5000  118623  0.159115  0.00862043  0.841987  0.205459  -0.00766791  4
5100  119023  0.159762  0.00916552  0.840981  0.209154  -0.0343143  4
5200  118891  0.161432  0.00878537  0.840911  0.207464  -0.0186327  4
5300  118839  0.160058  0.00733702  0.83998  0.203077  -0.0304089  4
5400  119033  0.159476  0.00734453  0.841374  0.210749  -0.0267951  4
5500  119307  0.159288  0.00710576  0.842189  0.215562  -0.0397118  4
5600  119355  0.156832  0.00636065  0.844305  0.217903  0.00210574  4
5700  118901  0.153725  0.00607927  0.84441  0.211252  -0.0280565  4
5800  118768  0.15665  0.00657979  0.840786  0.19837  0.00939297  4
5900  118784  0.158145  0.00695045  0.838125  0.193233  -0.00482704  4
6000  119674  0.155249  0.00592196  0.840188  0.196076  -0.0278738  4
6100  118656  0.158381  0.00559878  0.839738  0.191297  -0.0373309  4
6200  118489  0.160818  0.00595661  0.837796  0.191112  -0.0742512  4
6300  119443  0.157573  0.00568978  0.838928  0.193322  -0.0967685  4
6400  119026  0.157982  0.00509933  0.83745  0.194488  -0.123503  4
6500  119176  0.158374  0.00440426  0.8385  0.200922  -0.117972  4
6600  119271  0.156755  0.00397572  0.839955  0.19649  -0.072399  4
6700  118924  0.1561  0.00492956  0.840938  0.198731  -0.0337695  4
6800  119669  0.157419  0.00422289  0.841528  0.203037  -0.0399049  4
6900  119224  0.155801  0.00351363  0.843531  0.208956  -0.0408288  4
7000  119156  0.153671  0.00431459  0.84519  0.216808  -0.0551096  4
7100  119445  0.154832  0.00373993  0.845884  0.211296  -0.0412485  4
7200  119136  0.155143  0.00357153  0.844847  0.209367  -0.0669823  4
7300  119104  0.156004  0.00495036  0.844508  0.204697  -0.0495818  4
7400  119279  0.154972  0.00368487  0.845153  0.212374  -0.0391225  4
7500  118652  0.149578  0.00307146  0.847616  0.213328  -0.012376  4
7600  118983  0.15328  0.00290678  0.848102  0.215035  0.0042421  4
7700  119585  0.150621  0.0025858  0.850248  0.218774  -0.0163604  4
7800  119177  0.152099  0.00270182  0.848096  0.214375  0.00211373  4
7900  119698  0.154644  0.00268677  0.848138  0.219538  -0.0213161  4
8000  119442  0.150547  0.00203733  0.849696  0.220995  0.0143137  4
8100  119225  0.149952  0.00223974  0.848973  0.220022  -0.00434703  4
8200  119727  0.151056  0.00256939  0.847294  0.210718  -0.0195516  4
8300  118768  0.153395  0.00213406  0.847694  0.214639  -0.0174541  4
8400  119697  0.152602  0.00219041  0.846329  0.210983  -0.0531295  4
8500  119026  0.154018  0.00205361  0.845363  0.207725  -0.00637782  4
8600  118831  0.15407  0.00222452  0.847242  0.209007  -0.00243037  4
8700  119123  0.152624  0.0025416  0.848362  0.207338  0.0120614  4
8800  119437  0.152069  0.00215697  0.847964  0.207235  0.0108813  4
8900  120050  0.15237  0.00162578  0.847012  0.207813  0.0340308  4
9000  119160  0.153208  0.00210888  0.845525  0.205739  0.0259111  4
9100  119231  0.151918  0.0021095  0.845625  0.202143  0.0490306  4
9200  119355  0.153347  0.00156862  0.846065  0.205842  0.0482404  4
9300  118808  0.154063  0.00168616  0.845162  0.201027  0.0761123  4
9400  118845  0.151009  0.00143243  0.845847  0.200894  0.105307  4
9500  119665  0.153622  0.0015489  0.844034  0.191511  0.150676  4
9600  118915  0.154516  0.00153087  0.841525  0.18582  0.17598  4
9700  118642  0.152878  0.00105698  0.840556  0.184287  0.171735  4
9800  119359  0.153812  0.00112908  0.838916  0.174507  0.190295  4
9900  119148  0.153162  0.00183399  0.838793  0.178867  0.195173  4
