t meta_n emi  mean_info  tr1  tr2  tr3  strategy
0  122682  0.10024  0.49769  0.899997  0.00083839  3.71828e-05  4
100  119757  0.11248  0.415865  0.904228  0.0689437  -0.000523428  4
200  119290  0.123592  0.36455  0.894497  0.120257  -0.00727725  4
300  118943  0.131982  0.319223  0.887339  0.155336  0.00229368  4
400  118843  0.143774  0.288746  0.879274  0.188144  -0.0135116  4
500  119308  0.148733  0.264016  0.876701  0.215699  -0.000338794  4
600  118734  0.153809  0.238907  0.876283  0.239118  0.0107726  4
700  119406  0.15258  0.223821  0.878662  0.256379  0.00646862  4
800  119022  0.154438  0.214282  0.880095  0.269013  0.00561416  4
900  118990  0.155127  0.215598  0.882479  0.285133  -0.00567371  4
1000  119143  0.149822  0.211359  0.885104  0.287341  -0.00917057  4
1100  119550  0.149798  0.207601  0.89128  0.29365  -0.0044757  4
1200  119337  0.153242  0.20374  0.887765  0.29856  -0.00206335  4
1300  119202  0.148105  0.198093  0.883987  0.289348  0.00168385  4
1400  118906  0.149206  0.198493  0.884639  0.288282  -0.00262623  4
1500  119860  0.152366  0.19529  0.885075  0.291369  0.00177371  4
1600  119389  0.152098  0.202162  0.88543  0.295464  0.00662325  4
1700  118737  0.151152  0.198723  0.887037  0.304347  0.0342044  4
1800  118975  0.149824  0.192755  0.893391  0.313055  0.00146577  4
1900  119190  0.151882  0.19205  0.891311  0.315631  -0.00347549  4
2000  119375  0.153904  0.192889  0.888905  0.314707  0.0241624  4
2100  119748  0.15379  0.189337  0.883914  0.309151  0.000156772  4
2200  119397  0.151798  0.186054  0.884588  0.306562  0.000795098  4
2300  118652  0.150373  0.185316  0.886955  0.297895  -0.0192976  4
2400  119328  0.149835  0.180241  0.889336  0.310793  -0.0106066  4
2500  119135  0.1507  0.177317  0.885265  0.308989  0.0117287  4
2600  119392  0.148495  0.166683  0.886679  0.311337  -0.019827  4
2700  119844  0.149522  0.164849  0.887046  0.314513  -0.0144458  4
2800  119364  0.149895  0.157826  0.885869  0.310369  -0.034281  4
2900  119795  0.148593  0.151547  0.88687  0.312202  -0.00853097  4
3000  119351  0.152872  0.15206  0.884658  0.313075  -0.0360012  4
3100  119573  0.152712  0.14746  0.883345  0.308425  -0.0102305  4
3200  118800  0.148992  0.154026  0.885399  0.316873  -0.0462085  4
3300  119581  0.149793  0.148145  0.879046  0.297701  -0.068295  4
3400  119005  0.150173  0.143096  0.877864  0.291299  -0.0385677  4
3500  119701  0.153702  0.1488  0.881879  0.30332  -0.068207  4
3600  120155  0.149841  0.144805  0.882143  0.299006  -0.0704289  4
3700  119261  0.150884  0.147004  0.883549  0.309966  -0.0882723  4
3800  119505  0.152414  0.14532  0.884866  0.309767  -0.104415  4
3900  119162  0.150225  0.142365  0.887868  0.317789  -0.104677  4
4000  119404  0.148247  0.146672  0.892093  0.331496  -0.0796484  4
4100  118924  0.148275  0.14915  0.896735  0.34648  -0.0960243  4
4200  119423  0.150064  0.153252  0.899627  0.353277  -0.0927371  4
4300  118809  0.152715  0.153583  0.899177  0.352831  -0.0762828  4
4400  119469  0.152857  0.148762  0.897254  0.362516  -0.0667561  4
4500  119102  0.154051  0.15092  0.901649  0.372514  -0.0656903  4
4600  119906  0.154606  0.154658  0.905876  0.383242  -0.0938952  4
4700  119695  0.154822  0.153317  0.906849  0.385746  -0.0990005  4
4800  119640  0.148878  0.153191  0.913486  0.398458  -0.0860257  4
4900  119869  0.148587  0.15377  0.913532  0.395364  -0.0616278  4
5000  119498  0.146936  0.152177  0.913681  0.394172  -0.0869273  4
5100  119302  0.149664  0.148417  0.914073  0.390028  -0.0859845  4
5200  119856  0.149157  0.15378  0.915558  0.397846  -0.0879039  4
5300  119767  0.148866  0.151606  0.916599  0.406563  -0.10417  4
5400  119633  0.150776  0.154816  0.920276  0.425711  -0.0899326  4
5500  119756  0.150136  0.151359  0.923438  0.437955  -0.0906837  4
5600  119840  0.14843  0.149549  0.92456  0.441268  -0.0683531  4
5700  120173  0.156188  0.150438  0.930582  0.462387  -0.0715787  4
5800  119243  0.151479  0.147659  0.929133  0.452912  -0.062006  4
5900  119654  0.152303  0.149023  0.932365  0.467793  -0.0557866  4
6000  119647  0.152284  0.152054  0.936149  0.483546  -0.0628002  4
6100  119817  0.154167  0.156026  0.940774  0.503023  -0.0552028  4
6200  119616  0.148397  0.158356  0.939608  0.501214  -0.0451473  4
6300  119230  0.156318  0.160589  0.940872  0.503933  -0.0108468  4
6400  119301  0.153316  0.150763  0.934247  0.474891  -0.0375523  4
6500  119338  0.15126  0.1516  0.936638  0.485685  -0.049602  4
6600  119728  0.152991  0.154081  0.940933  0.497376  -0.0292975  4
6700  119515  0.149293  0.148875  0.942111  0.495668  -0.0424351  4
6800  119634  0.149694  0.152402  0.944481  0.501581  -0.0570275  4
6900  119890  0.150807  0.152323  0.942261  0.495208  -0.0682473  4
7000  119336  0.150674  0.148944  0.944095  0.502987  -0.0777233  4
7100  119795  0.154343  0.150194  0.946835  0.508608  -0.0265087  4
7200  119458  0.144556  0.143117  0.947123  0.49878  -0.0260854  4
7300  119798  0.148771  0.145016  0.94903  0.508935  -0.0096681  4
7400  119278  0.1477  0.147655  0.952943  0.523763  -0.0534111  4
7500  120047  0.153632  0.146604  0.950567  0.512828  -0.0769479  4
7600  119611  0.146872  0.145749  0.953165  0.518921  -0.0632293  4
7700  120339  0.1502  0.14538  0.955978  0.522513  -0.128219  4
7800  119638  0.152379  0.147978  0.960395  0.534215  -0.109879  4
7900  119406  0.150308  0.148613  0.961962  0.537254  -0.0936281  4
8000  119517  0.151913  0.147125  0.962343  0.53831  -0.0892595  4
8100  119369  0.148655  0.147391  0.961447  0.534747  -0.0806072  4
8200  119341  0.153592  0.149222  0.969095  0.562796  -0.0565082  4
8300  119563  0.153969  0.154047  0.970931  0.57094  -0.0631541  4
8400  119349  0.155067  0.149585  0.971766  0.571343  -0.0818864  4
8500  120100  0.151689  0.147548  0.971082  0.568062  -0.0439996  4
8600  119677  0.148588  0.149223  0.969995  0.562838  -0.0322787  4
8700  119678  0.153729  0.146076  0.968705  0.562748  -0.0321062  4
8800  120102  0.153007  0.148208  0.969433  0.564353  -0.0383272  4
8900  119760  0.15211  0.15706  0.976206  0.58544  -0.0387132  4
9000  120121  0.150964  0.16427  0.981745  0.598176  -0.00638573  4
9100  119721  0.149817  0.168946  0.983867  0.598601  0.00734495  4
9200  120258  0.149906  0.163323  0.983932  0.59839  0.00896356  4
9300  119782  0.152493  0.162514  0.98445  0.601188  0.0310072  4
9400  119981  0.148014  0.154961  0.982574  0.589885  0.0222067  4
9500  119454  0.148402  0.154959  0.981222  0.587895  0.0133129  4
9600  119940  0.150055  0.155832  0.980154  0.586542  0.0209416  4
9700  119363  0.146603  0.163518  0.984275  0.604267  0.013612  4
9800  120168  0.152747  0.157546  0.980718  0.593527  0.0244554  4
9900  119556  0.153132  0.149093  0.974531  0.570937  0.0189775  4
