t meta_n emi  mean_info  tr1  tr2  tr3  strategy
0  120693  0.100712  0.493374  0.900015  0.000785729  -1.35076e-05  4
100  118716  0.109895  0.158794  0.894603  0.0712861  -0.00238824  4
200  118266  0.129781  0.0829406  0.884729  0.115976  -0.00741587  4
300  118411  0.139293  0.0609327  0.877524  0.154577  -0.00609916  4
400  118471  0.146954  0.0575115  0.871341  0.18107  -0.0101698  4
500  118518  0.151561  0.0515711  0.867197  0.194779  0.00247047  4
600  118433  0.15033  0.0454974  0.869465  0.21552  0.0153237  4
700  118580  0.157278  0.0455878  0.867454  0.232594  0.00861055  4
800  118217  0.156981  0.0444502  0.869969  0.24638  0.00625961  4
900  118893  0.158258  0.0418932  0.866221  0.242309  0.00874847  4
1000  119062  0.159156  0.0415581  0.864856  0.248505  0.00497944  4
1100  118581  0.160952  0.0436607  0.864207  0.260249  0.00268355  4
1200  118412  0.161608  0.0426702  0.867057  0.257984  -0.00999175  4
1300  118746  0.161543  0.0412027  0.859939  0.249108  -0.0220546  4
1400  118772  0.15882  0.038992  0.863238  0.254456  0.014358  4
1500  117847  0.162917  0.0372636  0.860753  0.254649  0.0241667  4
1600  119014  0.159146  0.0355914  0.866337  0.262686  0.0346331  4
1700  118577  0.155759  0.0331828  0.866143  0.255328  0.0401878  4
1800  118403  0.155719  0.0311214  0.860926  0.248371  0.0115951  4
1900  118686  0.158791  0.0324126  0.864758  0.246392  0.0172747  4
2000  118298  0.152235  0.0308777  0.866535  0.242714  0.00120948  4
2100  119004  0.155107  0.031069  0.86199  0.235904  -0.0209679  4
2200  119200  0.154002  0.0275575  0.857766  0.228604  -0.0292357  4
2300  118623  0.153539  0.0261636  0.860314  0.230389  0.0152708  4
2400  118409  0.157552  0.0267518  0.858647  0.238048  0.0320697  4
2500  118670  0.156275  0.0232471  0.857476  0.236244  0.0238402  4
2600  118529  0.157299  0.0244052  0.85885  0.238773  0.0202066  4
2700  118928  0.158956  0.0245067  0.853407  0.228244  0.0476612  4
2800  118399  0.153652  0.0227408  0.857084  0.232753  0.0369336  4
2900  118777  0.157539  0.0229327  0.856024  0.232336  0.076218  4
3000  119298  0.15606  0.022575  0.857197  0.231583  0.0697892  4
3100  118709  0.156883  0.0222433  0.857183  0.235651  0.0666176  4
3200  119666  0.153103  0.0205414  0.856185  0.230199  0.0669275  4
3300  118727  0.152829  0.0192415  0.856648  0.225251  0.0705841  4
3400  119045  0.153254  0.0181262  0.854669  0.221196  0.0539368  4
3500  119112  0.155231  0.0178874  0.852655  0.216719  0.0597814  4
3600  118908  0.157819  0.0156145  0.8504  0.209992  0.0588161  4
3700  118918  0.155773  0.0158371  0.849691  0.207974  0.0492424  4
3800  119005  0.153179  0.0148024  0.852428  0.212561  0.0445925  4
3900  118787  0.152405  0.0153908  0.854968  0.223226  0.0337089  4
4000  119061  0.156197  0.0146563  0.852652  0.222292  0.0297188  4
4100  119198  0.154578  0.01555  0.853416  0.227902  0.0466161  4
4200  119035  0.151702  0.0145637  0.855888  0.234521  0.0709269  4
4300  119000  0.155393  0.0142247  0.854621  0.239328  0.129463  4
4400  118834  0.155916  0.0141692  0.852179  0.233884  0.136248  4
4500  118477  0.154564  0.0122297  0.852765  0.228996  0.108787  4
4600  119059  0.154007  0.0118253  0.852103  0.225526  0.0912005  4
4700  119590  0.156242  0.0116783  0.849012  0.221114  0.111074  4
4800  118749  0.154818  0.0111583  0.849922  0.221774  0.138025  4
4900  119169  0.154525  0.0103042  0.847827  0.21887  0.0832791  4
5000  118776  0.159524  0.0103579  0.846173  0.21635  0.0758375  4
5100  118846  0.155435  0.0100808  0.850011  0.2254  0.0718811  4
5200  119345  0.15605  0.0104916  0.852149  0.234651  0.0813632  4
5300  118938  0.151321  0.0100318  0.855121  0.239237  0.0867265  4
5400  119262  0.151681  0.0098134  0.857428  0.245501  0.0880397  4
5500  118614  0.151698  0.0114573  0.858541  0.253135  0.0744495  4
5600  118373  0.154189  0.0109682  0.85528  0.252583  0.0703643  4
5700  118918  0.153532  0.00930418  0.856069  0.244456  0.10329  4
5800  119644  0.154688  0.00839826  0.854444  0.245144  0.131434  4
5900  119224  0.153871  0.00686095  0.852483  0.237222  0.122479  4
6000  119673  0.154864  0.00771935  0.85132  0.227677  0.12431  4
6100  119503  0.151446  0.0073267  0.850158  0.217498  0.101095  4
6200  118532  0.15053  0.00707377  0.849856  0.213386  0.0857766  4
6300  118730  0.151616  0.00611581  0.85078  0.216127  0.0826951  4
6400  119580  0.152669  0.00701527  0.852097  0.219473  0.106739  4
6500  118982  0.153265  0.00647808  0.852359  0.216442  0.0905844  4
6600  119106  0.150251  0.0051746  0.853627  0.216773  0.0405575  4
6700  118892  0.148678  0.00462832  0.852651  0.208298  0.0147147  4
6800  119243  0.14982  0.00554781  0.853023  0.20876  -0.0216828  4
6900  119127  0.148208  0.00512136  0.85381  0.214107  0.0509891  4
7000  119471  0.148495  0.00488658  0.854177  0.219218  0.00544807  4
7100  119341  0.150214  0.00499628  0.850597  0.209979  -0.000170872  4
7200  119419  0.14953  0.0041201  0.848474  0.19995  -0.0236502  4
7300  119259  0.147211  0.00454437  0.850102  0.204635  0.0103625  4
7400  119094  0.148846  0.00604022  0.849453  0.201659  0.058687  4
7500  119422  0.151303  0.0048887  0.849481  0.203774  0.0671082  4
7600  119394  0.14879  0.0042141  0.851315  0.215474  0.119238  4
7700  119235  0.149007  0.0039416  0.850449  0.213038  0.071263  4
7800  119178  0.152559  0.00342216  0.850812  0.21909  0.0506135  4
7900  118689  0.147571  0.00331653  0.85043  0.207213  0.0133035  4
8000  118999  0.151661  0.00340364  0.852291  0.223311  0.0152716  4
8100  119069  0.15148  0.00382552  0.85278  0.226416  0.0046858  4
8200  119532  0.150542  0.00358224  0.851348  0.213325  -0.035385  4
8300  119828  0.149855  0.00331197  0.850257  0.21114  -0.0391358  4
8400  118847  0.147682  0.0033748  0.852115  0.218341  -0.025067  4
8500  119627  0.151876  0.00247177  0.855022  0.227949  -0.020212  4
8600  119134  0.147249  0.00313608  0.853885  0.220843  0.00983117  4
8700  118750  0.148677  0.00252468  0.853271  0.223238  0.025718  4
8800  119524  0.149392  0.0018748  0.85345  0.225865  0.0129639  4
8900  119214  0.145927  0.00211973  0.85396  0.229108  0.0220886  4
9000  119173  0.149904  0.00225413  0.853226  0.225855  0.0275072  4
9100  119237  0.14652  0.0020597  0.853318  0.222349  0.00687175  4
9200  119369  0.147524  0.00171029  0.855573  0.226949  0.0351137  4
9300  119051  0.145286  0.00111216  0.854513  0.223838  0.0272125  4
9400  119628  0.150467  0.001601  0.854424  0.223987  0.0110199  4
9500  118617  0.148056  0.00214752  0.855284  0.228489  0.0514514  4
9600  119097  0.147854  0.00173668  0.855398  0.227057  0.00965896  4
9700  118797  0.146053  0.00165502  0.855323  0.223465  0.00142266  4
9800  119428  0.148405  0.00158815  0.853791  0.226969  0.0156983  4
9900  119292  0.150149  0.00132619  0.852687  0.221487  -0.00523301  4
