t meta_n emi  mean_info  tr1  tr2  tr3  strategy
0  121706  0.100016  0.497644  0.900042  0.000908553  -3.54036e-05  4
100  118560  0.113514  0.237124  0.896218  0.0717002  -0.00442123  4
200  118871  0.131044  0.134712  0.884287  0.128534  0.000249215  4
300  118477  0.139655  0.0975758  0.876309  0.162737  -0.00854011  4
400  118585  0.149638  0.0811629  0.870062  0.190296  0.0154827  4
500  118459  0.156782  0.0768948  0.864355  0.20565  0.0233122  4
600  119192  0.161271  0.0767067  0.859887  0.216493  0.0133646  4
700  118893  0.163917  0.071755  0.858994  0.226421  0.0116677  4
800  118208  0.155809  0.071808  0.865308  0.232225  0.0315059  4
900  118386  0.160179  0.0621723  0.861169  0.23267  0.0682718  4
1000  119030  0.15675  0.0603914  0.865851  0.235118  0.0650079  4
1100  118606  0.159136  0.0609397  0.864353  0.237153  0.0890363  4
1200  118521  0.161569  0.0620732  0.862375  0.237532  0.139135  4
1300  118401  0.159045  0.0639496  0.861944  0.237903  0.161499  4
1400  118820  0.15462  0.0614808  0.86417  0.239806  0.147663  4
1500  118921  0.156407  0.0583864  0.860998  0.233727  0.104697  4
1600  118602  0.155659  0.0572256  0.863471  0.237281  0.0657723  4
1700  119068  0.158696  0.0564262  0.859788  0.235872  0.0623326  4
1800  118895  0.160141  0.0553101  0.856944  0.234229  0.0528241  4
1900  119127  0.159311  0.0495667  0.855781  0.233163  0.0598409  4
2000  118414  0.157546  0.0492571  0.858908  0.241758  0.0789949  4
2100  118867  0.155521  0.0492745  0.862214  0.240846  0.0699978  4
2200  118675  0.159391  0.0488351  0.860177  0.241034  0.0471481  4
2300  119062  0.157212  0.0414328  0.858138  0.226255  0.0340402  4
2400  118939  0.154637  0.040377  0.859891  0.233033  0.0473517  4
2500  118897  0.157233  0.0380462  0.860583  0.234116  0.0708226  4
2600  118704  0.155406  0.0390195  0.862069  0.232935  0.00528035  4
2700  118219  0.1521  0.0369617  0.866146  0.240863  0.00795872  4
2800  119225  0.151772  0.0394645  0.864526  0.236942  -0.0082781  4
2900  119157  0.154625  0.0367609  0.86729  0.252929  -0.0189533  4
3000  119126  0.152177  0.0363859  0.867528  0.256887  -0.0351326  4
3100  118842  0.150565  0.0360412  0.869861  0.258836  -0.0574007  4
3200  119437  0.151256  0.0352431  0.868206  0.247138  -0.0670304  4
3300  119071  0.152078  0.0346566  0.867794  0.247355  -0.0855796  4
3400  118595  0.150748  0.0340217  0.866773  0.256444  -0.0816074  4
3500  119282  0.152921  0.0339393  0.863517  0.248181  -0.0617651  4
3600  119304  0.151845  0.0335206  0.862603  0.247331  -0.0711113  4
3700  118834  0.149292  0.0302758  0.862078  0.242497  -0.0599917  4
3800  119133  0.152776  0.0292756  0.859861  0.229891  -0.05163  4
3900  118730  0.149003  0.0306768  0.855681  0.222068  -0.0227544  4
4000  119055  0.153974  0.02548  0.85589  0.236342  -0.0675421  4
4100  118445  0.154072  0.0242829  0.857533  0.232925  -0.0242078  4
4200  119188  0.15503  0.0228449  0.856222  0.237351  -0.0196824  4
4300  119130  0.155263  0.0227061  0.854283  0.225475  -0.017071  4
4400  119021  0.152181  0.0252594  0.853127  0.221394  -0.0579211  4
4500  119356  0.154789  0.0226105  0.854393  0.22708  -4.39879e-06  4
4600  118768  0.153453  0.0240902  0.853256  0.230624  -0.0233023  4
4700  119298  0.151714  0.0220114  0.855137  0.226432  -0.0580281  4
4800  119148  0.153088  0.0209374  0.854758  0.23289  -0.062189  4
4900  118905  0.154258  0.0184311  0.851663  0.226606  -0.0697918  4
5000  118828  0.153422  0.0212557  0.851714  0.224037  -0.0530272  4
5100  119410  0.152543  0.0193819  0.853088  0.222502  -0.0860405  4
5200  118550  0.152695  0.0198375  0.851369  0.221273  -0.0960771  4
5300  119034  0.150898  0.0172382  0.851719  0.219492  -0.144934  4
5400  119018  0.151017  0.0169307  0.851988  0.227971  -0.103033  4
5500  119454  0.153701  0.0167334  0.854759  0.226821  -0.12458  4
5600  118784  0.151828  0.0170451  0.853547  0.233261  -0.151661  4
5700  119393  0.153557  0.0163721  0.853579  0.233759  -0.165718  4
5800  119070  0.152771  0.0158135  0.854824  0.236856  -0.19476  4
5900  118342  0.153816  0.0135397  0.853527  0.236408  -0.235307  4
6000  119242  0.15369  0.0112936  0.852081  0.233594  -0.238115  4
6100  119380  0.151074  0.0133393  0.852166  0.230526  -0.233708  4
6200  119382  0.150883  0.0124129  0.853521  0.235646  -0.265974  4
6300  119080  0.154366  0.011059  0.851192  0.223761  -0.265874  4
6400  118967  0.150171  0.0129958  0.852315  0.226606  -0.234602  4
6500  119400  0.149665  0.0133862  0.852615  0.224145  -0.262316  4
6600  119501  0.154055  0.0113366  0.849125  0.218168  -0.287204  4
6700  119294  0.14831  0.0107404  0.850711  0.222183  -0.282991  4
6800  119299  0.151982  0.0110441  0.850557  0.22332  -0.244823  4
6900  119574  0.149918  0.0103299  0.85081  0.225355  -0.275341  4
7000  118955  0.151927  0.0103101  0.852918  0.227679  -0.289598  4
7100  119530  0.151221  0.011234  0.854411  0.235159  -0.289493  4
7200  119078  0.148923  0.0103504  0.85627  0.242465  -0.290663  4
7300  119205  0.148135  0.00953945  0.854054  0.233521  -0.269804  4
7400  119329  0.14863  0.00661944  0.854895  0.230976  -0.265433  4
7500  119159  0.149317  0.00687682  0.855346  0.234151  -0.24808  4
7600  119589  0.152805  0.0055454  0.855017  0.23334  -0.238918  4
7700  119036  0.148346  0.00541074  0.856964  0.232572  -0.216485  4
7800  119722  0.147907  0.00550105  0.855768  0.228811  -0.280235  4
7900  119350  0.147678  0.00543932  0.857269  0.232238  -0.289893  4
8000  120146  0.147297  0.0057977  0.85696  0.239516  -0.231271  4
8100  119649  0.145732  0.00510263  0.857798  0.243751  -0.136861  4
8200  119061  0.148773  0.00586214  0.858032  0.246275  -0.122407  4
8300  119076  0.144149  0.00505953  0.858269  0.23664  -0.152032  4
8400  119677  0.145568  0.00567681  0.858293  0.237354  -0.143622  4
8500  119090  0.146787  0.00539742  0.860542  0.237345  -0.18761  4
8600  120088  0.147518  0.00554089  0.858535  0.234169  -0.176473  4
8700  119533  0.146544  0.00501019  0.857082  0.22612  -0.176141  4
8800  119865  0.150097  0.00428005  0.856705  0.224553  -0.185043  4
8900  119583  0.152679  0.00442638  0.85568  0.225101  -0.170895  4
9000  118916  0.144624  0.00422217  0.856243  0.225989  -0.151605  4
9100  119136  0.146374  0.00413561  0.855793  0.222909  -0.171891  4
9200  119304  0.150381  0.00366665  0.856049  0.226872  -0.124982  4
9300  119144  0.143916  0.00348807  0.855349  0.215051  -0.167465  4
9400  118973  0.144111  0.00415982  0.853956  0.206787  -0.151563  4
9500  119103  0.142409  0.00354437  0.853051  0.194281  -0.22772  4
9600  119174  0.145098  0.00371225  0.854186  0.201542  -0.189402  4
9700  119511  0.143041  0.00399168  0.854543  0.204054  -0.174285  4
9800  119604  0.143655  0.00357771  0.852495  0.202071  -0.153089  4
9900  119051  0.143028  0.00394289  0.850846  0.192354  -0.205766  4
