t meta_n emi  mean_info  tr1  tr2  tr3  strategy
0  120974  0.099328  0.492629  0.900036  0.00083675  -0.000110155  4
100  118742  0.10754  0.169013  0.898366  0.0661185  -0.0046264  4
200  118925  0.12523  0.0893449  0.88998  0.117134  0.00395659  4
300  118983  0.140305  0.0657101  0.877363  0.149093  0.0308657  4
400  118897  0.145252  0.0556102  0.873297  0.172885  0.0437125  4
500  117896  0.151678  0.0552565  0.866898  0.196728  0.0295738  4
600  118428  0.158879  0.0529067  0.862113  0.21313  0.0219576  4
700  119061  0.1609  0.0473482  0.862562  0.228965  0.0173489  4
800  118754  0.162533  0.0463859  0.859332  0.231218  0.0207576  4
900  118632  0.161271  0.0453288  0.860586  0.240843  -0.00454909  4
1000  118324  0.162803  0.0438269  0.86179  0.261462  -0.0120102  4
1100  119054  0.159064  0.0445705  0.870778  0.271384  -0.0227984  4
1200  118443  0.162535  0.0395168  0.866918  0.27137  -0.0612827  4
1300  119174  0.163157  0.0373095  0.866122  0.266342  -0.0765208  4
1400  118637  0.159862  0.0373871  0.866353  0.266925  -0.121426  4
1500  118792  0.158944  0.0373575  0.865109  0.260713  -0.101544  4
1600  118868  0.161754  0.0358397  0.866677  0.26954  -0.112992  4
1700  119210  0.161379  0.0371359  0.863369  0.260712  -0.127652  4
1800  118923  0.158833  0.0344149  0.863862  0.258514  -0.136174  4
1900  118368  0.160002  0.0335484  0.86253  0.25176  -0.17199  4
2000  118570  0.15807  0.0337165  0.8593  0.246922  -0.234838  4
2100  119228  0.157097  0.0323938  0.860257  0.248501  -0.233775  4
2200  119090  0.159174  0.0281821  0.85904  0.241719  -0.220052  4
2300  118728  0.159905  0.0290307  0.859759  0.242005  -0.262288  4
2400  119132  0.157121  0.0288888  0.860778  0.24335  -0.273877  4
2500  118803  0.158805  0.0268325  0.859009  0.248962  -0.266093  4
2600  118449  0.162441  0.0270854  0.853542  0.23585  -0.314677  4
2700  118954  0.158656  0.0251308  0.85167  0.22831  -0.320541  4
2800  119020  0.161845  0.0240153  0.849715  0.222635  -0.333561  4
2900  119331  0.160144  0.0249464  0.852855  0.22763  -0.36276  4
3000  118832  0.160755  0.0226499  0.849695  0.22708  -0.34312  4
3100  118709  0.159992  0.0225278  0.851341  0.231866  -0.354582  4
3200  118540  0.159265  0.0227593  0.849751  0.228741  -0.357116  4
3300  118918  0.159321  0.0215869  0.849726  0.236071  -0.333903  4
3400  118368  0.160978  0.0202439  0.846915  0.227981  -0.331413  4
3500  119118  0.161833  0.0189389  0.848619  0.229863  -0.370945  4
3600  118630  0.158807  0.0180111  0.845542  0.220768  -0.421141  4
3700  118477  0.159653  0.0181707  0.846532  0.217775  -0.379373  4
3800  119335  0.161262  0.0184127  0.844287  0.208879  -0.400935  4
3900  119179  0.156371  0.0176421  0.84657  0.20805  -0.407276  4
4000  118540  0.157101  0.0154473  0.848318  0.218238  -0.433789  4
4100  118913  0.160134  0.0152103  0.846217  0.217597  -0.425851  4
4200  119536  0.156478  0.0147153  0.844281  0.207272  -0.419835  4
4300  119181  0.160769  0.0137701  0.840602  0.202615  -0.411651  4
4400  118879  0.158481  0.0139949  0.839506  0.183679  -0.44084  4
4500  119404  0.160457  0.0139037  0.838618  0.183831  -0.508275  4
4600  118850  0.156819  0.0144821  0.840268  0.18901  -0.467456  4
4700  119554  0.158112  0.0128548  0.841384  0.186278  -0.475949  4
4800  119458  0.157214  0.0131198  0.842646  0.193334  -0.470015  4
4900  119047  0.152932  0.0118709  0.843818  0.197724  -0.523039  4
5000  118757  0.158648  0.0125052  0.842843  0.19564  -0.540818  4
5100  119600  0.156148  0.0114743  0.843706  0.194943  -0.562383  4
5200  118742  0.154812  0.0121307  0.842437  0.19435  -0.571979  4
5300  118725  0.158405  0.0111438  0.841041  0.198712  -0.602896  4
5400  119389  0.161169  0.0106935  0.843572  0.202211  -0.571726  4
5500  118796  0.154156  0.00915915  0.841664  0.192876  -0.517344  4
5600  119386  0.159537  0.00882987  0.84209  0.197307  -0.447568  4
5700  119219  0.158312  0.00872437  0.840571  0.194246  -0.478354  4
5800  119607  0.156695  0.00795553  0.841934  0.202993  -0.509477  4
5900  118752  0.158593  0.00862898  0.841915  0.204432  -0.51619  4
6000  118976  0.157855  0.00861252  0.839451  0.198341  -0.585357  4
6100  119078  0.158786  0.00736221  0.842867  0.202772  -0.635601  4
6200  119655  0.160536  0.00874647  0.84382  0.215595  -0.684367  4
6300  119090  0.160238  0.00790163  0.842488  0.214033  -0.721971  4
6400  119143  0.161281  0.00753541  0.841366  0.209531  -0.732804  4
6500  119677  0.158523  0.00660875  0.840696  0.203216  -0.769869  4
6600  118730  0.15529  0.00765436  0.844166  0.208153  -0.784264  4
6700  119215  0.158542  0.00647039  0.845019  0.211911  -0.789517  4
6800  119537  0.155253  0.0056297  0.847479  0.221319  -0.82288  4
6900  118786  0.153996  0.00492912  0.848433  0.219471  -0.790901  4
7000  118749  0.155164  0.00477263  0.847969  0.214163  -0.833981  4
7100  119050  0.15277  0.00530212  0.848645  0.213101  -0.829644  4
7200  119489  0.156478  0.00532893  0.847762  0.21296  -0.803616  4
7300  119643  0.157889  0.0053973  0.850703  0.217552  -0.807732  4
7400  119310  0.15281  0.00573944  0.852402  0.225628  -0.779755  4
7500  118390  0.152283  0.00558839  0.850863  0.21501  -0.799554  4
7600  119145  0.152758  0.00496517  0.849159  0.213962  -0.818859  4
7700  118843  0.152258  0.00554684  0.846541  0.205722  -0.828405  4
7800  118767  0.153777  0.00501733  0.843307  0.194564  -0.819594  4
7900  119424  0.15324  0.0056164  0.84513  0.193151  -0.846964  4
8000  119180  0.154747  0.00404685  0.845975  0.192387  -0.817886  4
8100  119638  0.153891  0.00371279  0.845739  0.190864  -0.846946  4
8200  119531  0.155823  0.00417887  0.843483  0.179879  -0.886206  4
8300  119267  0.149681  0.00443594  0.843882  0.175874  -0.889773  4
8400  118908  0.150038  0.00381818  0.844026  0.177242  -0.871518  4
8500  119033  0.149245  0.00329889  0.845154  0.177036  -0.894279  4
8600  118966  0.15015  0.00396163  0.844058  0.172095  -0.92495  4
8700  119037  0.150375  0.00349917  0.842095  0.173355  -0.917945  4
8800  119249  0.152726  0.00301795  0.841715  0.169794  -0.915899  4
8900  119277  0.15145  0.00299631  0.841201  0.167804  -0.932044  4
9000  119534  0.153667  0.0026259  0.839645  0.168898  -0.991033  4
9100  119564  0.152469  0.00250114  0.839923  0.166314  -0.938595  4
9200  119223  0.152101  0.00197274  0.840547  0.166838  -0.937598  4
9300  118999  0.152312  0.00188733  0.839908  0.165655  -1.00398  4
9400  119294  0.153883  0.0019071  0.841091  0.167625  -0.980247  4
9500  119597  0.150434  0.00210687  0.840191  0.166762  -0.965722  4
9600  119264  0.155199  0.00159084  0.837984  0.162203  -0.983305  4
9700  119400  0.152125  0.00174632  0.837598  0.163746  -0.95907  4
9800  118922  0.150941  0.00140516  0.838639  0.169409  -0.923937  4
9900  119151  0.149707  0.00154604  0.837567  0.161811  -0.928514  4
