t meta_n emi  mean_info  tr1  tr2  tr3  strategy
0  122577  0.100392  0.497404  0.899934  0.000769666  1.55155e-05  4
100  120030  0.110634  0.426189  0.90397  0.0685511  0.00357396  4
200  119115  0.121844  0.358677  0.895757  0.123712  0.00200019  4
300  119918  0.138451  0.322952  0.888574  0.168578  -0.0161291  4
400  119051  0.14234  0.28695  0.8857  0.200905  -0.0166525  4
500  118806  0.146093  0.273025  0.882285  0.214858  -0.0297982  4
600  120068  0.151565  0.241551  0.884418  0.238574  -0.0107962  4
700  120083  0.151348  0.233081  0.882618  0.250009  -0.000961642  4
800  119060  0.153121  0.217863  0.880516  0.255366  0.0110907  4
900  118799  0.153612  0.210263  0.879255  0.261561  0.0207062  4
1000  119771  0.157425  0.201679  0.876971  0.26881  0.00780276  4
1100  119145  0.156484  0.198135  0.878188  0.283215  -0.00234882  4
1200  118523  0.153146  0.209145  0.881372  0.27795  -0.0203242  4
1300  119141  0.151989  0.198244  0.881056  0.276311  -0.000488474  4
1400  118426  0.15207  0.20519  0.880985  0.282603  0.0222827  4
1500  119179  0.155427  0.198089  0.878739  0.289834  0.0451881  4
1600  119248  0.152731  0.196238  0.881116  0.293236  0.0582737  4
1700  119076  0.152756  0.203586  0.879669  0.300523  0.0399568  4
1800  118995  0.153328  0.201464  0.878138  0.296103  0.0407244  4
1900  119338  0.154435  0.194658  0.876611  0.296934  0.00366508  4
2000  119360  0.15097  0.200271  0.881225  0.296013  -0.0264141  4
2100  119093  0.152692  0.195775  0.882007  0.306289  -0.0174039  4
2200  119718  0.155077  0.191842  0.881672  0.309179  -0.0591649  4
2300  119919  0.154848  0.190449  0.882078  0.309103  -0.0443041  4
2400  119116  0.156402  0.191912  0.882005  0.315162  -0.0562929  4
2500  119757  0.155259  0.193483  0.884699  0.322568  -0.062677  4
2600  119068  0.150668  0.183896  0.890326  0.329978  -0.0863749  4
2700  119283  0.149056  0.17244  0.88691  0.319364  -0.0845362  4
2800  119864  0.14882  0.163898  0.887319  0.309955  -0.0714723  4
2900  118601  0.148797  0.164405  0.885099  0.308588  -0.0678746  4
3000  119136  0.147307  0.164363  0.886876  0.313604  -0.053669  4
3100  119202  0.150701  0.161721  0.88935  0.323048  -0.0552158  4
3200  119875  0.15064  0.16068  0.885543  0.315913  -0.0601986  4
3300  118790  0.152557  0.158525  0.887697  0.327247  -0.0275941  4
3400  119050  0.151131  0.157448  0.888223  0.330442  0.0161886  4
3500  119315  0.150989  0.153042  0.890279  0.340963  0.0186345  4
3600  119692  0.155003  0.156419  0.893525  0.343938  0.0340504  4
3700  119097  0.151489  0.151992  0.892626  0.343076  0.0948786  4
3800  119673  0.152739  0.14444  0.890469  0.33974  0.0909625  4
3900  119322  0.149482  0.149224  0.893495  0.33361  0.124579  4
4000  119699  0.153475  0.149659  0.895024  0.345676  0.1527  4
4100  119243  0.150014  0.141447  0.894326  0.340757  0.148918  4
4200  119723  0.150398  0.14474  0.902188  0.368613  0.197528  4
4300  119269  0.150024  0.144716  0.907248  0.372408  0.212481  4
4400  119535  0.151433  0.14456  0.907385  0.371934  0.256805  4
4500  119076  0.148825  0.141536  0.908729  0.380583  0.283765  4
4600  119879  0.151307  0.146086  0.908062  0.386788  0.301206  4
4700  119065  0.152735  0.140563  0.913171  0.397301  0.327842  4
4800  119840  0.152804  0.144627  0.914759  0.407003  0.329062  4
4900  119747  0.152605  0.145052  0.911253  0.404436  0.302322  4
5000  119076  0.155867  0.146787  0.913303  0.410294  0.348119  4
5100  119053  0.151505  0.147261  0.916271  0.415946  0.374083  4
5200  119331  0.152108  0.145081  0.920684  0.427652  0.41254  4
5300  119828  0.152165  0.144226  0.927238  0.446571  0.41137  4
5400  119262  0.155645  0.147602  0.935428  0.472759  0.462905  4
5500  119147  0.154391  0.147055  0.93056  0.457598  0.466367  4
5600  119528  0.153823  0.145691  0.931528  0.459475  0.483804  4
5700  119491  0.152368  0.142635  0.930538  0.453668  0.455253  4
5800  119779  0.154886  0.149912  0.93566  0.466667  0.488945  4
5900  119456  0.147967  0.151355  0.942294  0.478164  0.533464  4
6000  119550  0.151171  0.145207  0.942417  0.484487  0.522675  4
6100  118868  0.14641  0.143616  0.943485  0.486128  0.516779  4
6200  119212  0.148354  0.151699  0.948568  0.502759  0.572901  4
6300  119595  0.148131  0.146636  0.947421  0.494802  0.601897  4
6400  119847  0.146053  0.154511  0.956239  0.518683  0.676147  4
6500  119816  0.147107  0.153131  0.957992  0.520625  0.694669  4
6600  119900  0.151282  0.152152  0.962245  0.526538  0.705142  4
6700  119432  0.144767  0.146943  0.960164  0.516438  0.676243  4
6800  119684  0.142766  0.144335  0.959044  0.507621  0.658671  4
6900  120044  0.145975  0.143107  0.956479  0.49722  0.626723  4
7000  119743  0.142134  0.156107  0.963205  0.522461  0.679808  4
7100  119941  0.144535  0.158323  0.969268  0.54777  0.706918  4
7200  119670  0.144788  0.157162  0.970833  0.551482  0.737648  4
7300  120012  0.15121  0.167343  0.973877  0.565095  0.780189  4
7400  120313  0.146289  0.157276  0.972976  0.560882  0.753212  4
7500  119448  0.14628  0.161683  0.974791  0.566703  0.771211  4
7600  120020  0.146165  0.1583  0.971893  0.555835  0.767024  4
7700  119861  0.147515  0.158739  0.970608  0.557014  0.768642  4
7800  119562  0.144931  0.160436  0.974161  0.569004  0.793397  4
7900  119558  0.144131  0.157677  0.970299  0.558166  0.769755  4
8000  119951  0.147677  0.156335  0.970035  0.55921  0.783609  4
8100  119577  0.145893  0.149956  0.96534  0.541837  0.75046  4
8200  120798  0.151144  0.141063  0.960399  0.526143  0.7283  4
8300  119670  0.142136  0.143827  0.962107  0.529882  0.727425  4
8400  119559  0.145451  0.146929  0.963215  0.535777  0.731872  4
8500  120315  0.152235  0.143465  0.962834  0.531914  0.745425  4
8600  119009  0.141784  0.150366  0.966677  0.54799  0.793912  4
8700  119322  0.150053  0.145466  0.961776  0.533662  0.734431  4
8800  119903  0.146284  0.151928  0.973499  0.566799  0.814803  4
8900  119206  0.147112  0.151052  0.969962  0.556932  0.814317  4
9000  119566  0.143571  0.153551  0.973326  0.568847  0.864639  4
9100  119664  0.144908  0.152469  0.976498  0.578673  0.885168  4
9200  119821  0.149401  0.156526  0.978405  0.586527  0.91086  4
9300  119028  0.142901  0.155343  0.980046  0.591908  0.904098  4
9400  120002  0.149492  0.155886  0.982391  0.602004  0.898928  4
9500  120239  0.147866  0.155831  0.979839  0.58818  0.869465  4
9600  120479  0.151036  0.158409  0.983004  0.603242  0.89658  4
9700  119352  0.14359  0.152524  0.979892  0.591857  0.849683  4
9800  120010  0.143692  0.153612  0.981403  0.593477  0.874273  4
9900  119472  0.14316  0.159461  0.988133  0.613596  0.912062  4
