t meta_n emi  mean_info  tr1  tr2  tr3  strategy
0  120706  0.099296  0.492985  0.900043  0.000788978  1.85547e-05  4
100  118462  0.110156  0.171299  0.898671  0.0678722  0.0055706  4
200  118437  0.125505  0.0925456  0.887748  0.114648  0.00497405  4
300  118943  0.13945  0.0704205  0.874165  0.141942  0.00889021  4
400  118602  0.142496  0.0585497  0.871401  0.169316  0.0221182  4
500  118353  0.150949  0.0554449  0.866069  0.186578  0.0282225  4
600  118726  0.153747  0.053284  0.864997  0.199858  0.0240521  4
700  118494  0.160485  0.0503606  0.8541  0.209097  0.0305649  4
800  118984  0.162604  0.0475793  0.857031  0.224038  0.0264055  4
900  118327  0.158156  0.0473675  0.860003  0.224878  0.0124736  4
1000  118549  0.160676  0.0485983  0.856126  0.223887  -0.033789  4
1100  118236  0.159824  0.0429994  0.859013  0.228765  -0.0308757  4
1200  119291  0.153102  0.0408782  0.863856  0.221219  -0.0328681  4
1300  118836  0.154759  0.0419021  0.861848  0.226127  -0.0382326  4
1400  118653  0.158794  0.0388585  0.861117  0.227568  -0.071877  4
1500  118515  0.161428  0.0390727  0.856794  0.227474  -0.0787779  4
1600  118711  0.16087  0.0411863  0.856107  0.238611  -0.0248731  4
1700  118981  0.164829  0.037045  0.857287  0.2457  -0.0894049  4
1800  118269  0.160779  0.0367489  0.855597  0.245604  -0.145048  4
1900  118219  0.165276  0.0364392  0.849909  0.233397  -0.138887  4
2000  118687  0.165652  0.0331477  0.848558  0.235738  -0.0928315  4
2100  118505  0.160913  0.0322505  0.850951  0.22345  -0.107818  4
2200  118446  0.16293  0.0295022  0.849474  0.235498  -0.131172  4
2300  119018  0.163675  0.0285791  0.84977  0.232199  -0.141194  4
2400  118941  0.160994  0.0294238  0.849165  0.22712  -0.156116  4
2500  118824  0.157174  0.0281158  0.850126  0.217266  -0.158785  4
2600  118897  0.157929  0.0299883  0.852384  0.223302  -0.17457  4
2700  118885  0.160984  0.0240967  0.852454  0.235888  -0.131047  4
2800  118683  0.161614  0.024774  0.850563  0.23826  -0.0978832  4
2900  118655  0.163522  0.0247941  0.852758  0.241629  -0.0765661  4
3000  118866  0.157626  0.0258387  0.852429  0.233671  -0.0600493  4
3100  118932  0.158302  0.0234715  0.85208  0.2317  -0.0521088  4
3200  118463  0.159708  0.0221878  0.851289  0.230272  -0.0886314  4
3300  119534  0.163879  0.023666  0.845021  0.226857  -0.151193  4
3400  119296  0.162564  0.0202625  0.847207  0.232257  -0.176923  4
3500  119257  0.163072  0.018922  0.844985  0.229411  -0.150763  4
3600  119692  0.16311  0.0188504  0.845747  0.219367  -0.110083  4
3700  118624  0.159328  0.0190078  0.846837  0.218066  -0.122774  4
3800  119384  0.155871  0.0178043  0.849132  0.213833  -0.0977916  4
3900  118966  0.155003  0.016917  0.850389  0.213726  -0.0722346  4
4000  119235  0.154271  0.0152198  0.851649  0.220623  -0.0440025  4
4100  118899  0.153722  0.0163922  0.851256  0.223599  -0.0398267  4
4200  118951  0.157169  0.0147989  0.85089  0.220618  -0.0777531  4
4300  118936  0.15587  0.0152413  0.852445  0.232644  -0.0388397  4
4400  118724  0.156252  0.0129763  0.850079  0.226951  -0.0474031  4
4500  119399  0.156045  0.0138803  0.852128  0.229418  -0.0394906  4
4600  118941  0.152248  0.0130924  0.853341  0.229945  -0.0370934  4
4700  118840  0.153586  0.0134829  0.857136  0.238303  -0.0109101  4
4800  119305  0.15349  0.0132096  0.856345  0.242691  -0.0165002  4
4900  119135  0.153681  0.0126221  0.857057  0.236135  -5.81268e-06  4
5000  119704  0.159147  0.0112418  0.851447  0.226656  0.0254086  4
5100  118846  0.158536  0.0116782  0.850364  0.218989  0.00192961  4
5200  119099  0.155007  0.0117668  0.849542  0.216841  0.0134717  4
5300  119098  0.154394  0.0109797  0.849381  0.209826  0.0372604  4
5400  118451  0.151549  0.00978465  0.851391  0.208047  0.0828757  4
5500  119090  0.157773  0.0109187  0.850993  0.214816  0.0881907  4
5600  119350  0.152095  0.00894913  0.849111  0.205884  0.0559096  4
5700  118843  0.153586  0.00752336  0.848737  0.20075  0.126315  4
5800  119044  0.150436  0.00825846  0.84819  0.20026  0.155577  4
5900  119167  0.154099  0.00823829  0.845504  0.194355  0.204182  4
6000  119514  0.156035  0.00815909  0.845568  0.197852  0.183925  4
6100  119217  0.155093  0.00895509  0.845189  0.195684  0.162613  4
6200  119135  0.15131  0.00863511  0.846565  0.195645  0.165221  4
6300  119744  0.152807  0.00754145  0.84706  0.195086  0.219652  4
6400  118730  0.151845  0.00679395  0.847627  0.192172  0.213105  4
6500  119729  0.149493  0.00606069  0.847763  0.186175  0.296758  4
6600  119372  0.150178  0.00590577  0.847873  0.184545  0.306343  4
6700  119505  0.150645  0.00681156  0.846765  0.185317  0.366716  4
6800  118942  0.149984  0.00643372  0.846741  0.184608  0.389613  4
6900  119188  0.153913  0.00593104  0.844094  0.180531  0.41979  4
7000  119119  0.154558  0.00601893  0.843927  0.179799  0.435382  4
7100  118782  0.152764  0.00517549  0.842682  0.17734  0.4338  4
7200  118863  0.151721  0.0054586  0.842142  0.172275  0.47361  4
7300  119146  0.151371  0.0043261  0.84298  0.172734  0.471344  4
7400  119082  0.15246  0.00493072  0.841412  0.161693  0.508649  4
7500  118833  0.151421  0.00444231  0.83833  0.153604  0.545802  4
7600  119646  0.152187  0.00498959  0.840161  0.159881  0.527551  4
7700  118569  0.149704  0.00446154  0.838257  0.14923  0.527857  4
7800  119751  0.151908  0.00433129  0.838971  0.149331  0.55393  4
7900  119183  0.150088  0.004101  0.837788  0.143183  0.579411  4
8000  119283  0.150146  0.00350959  0.836708  0.141338  0.536922  4
8100  119237  0.150062  0.00350578  0.834347  0.127835  0.480417  4
8200  119286  0.150052  0.00358433  0.835383  0.128836  0.491025  4
8300  119017  0.149686  0.00348882  0.833712  0.126809  0.484348  4
8400  119337  0.151365  0.00336412  0.833244  0.12287  0.494257  4
8500  119210  0.150523  0.00332902  0.833923  0.123937  0.491053  4
8600  119260  0.150161  0.00307323  0.834178  0.121938  0.509463  4
8700  119169  0.152691  0.00345264  0.835697  0.127028  0.495603  4
8800  118909  0.148701  0.00337186  0.834444  0.12517  0.484219  4
8900  119963  0.151064  0.00296474  0.835458  0.127429  0.491763  4
9000  119167  0.149571  0.00327338  0.835336  0.133627  0.523224  4
9100  118840  0.1503  0.00312341  0.83753  0.145947  0.546024  4
9200  119311  0.152664  0.00276046  0.838328  0.146456  0.478074  4
9300  118982  0.148348  0.00293982  0.838192  0.141835  0.49429  4
9400  119156  0.150817  0.00300723  0.838194  0.148292  0.471348  4
9500  118524  0.149643  0.00251394  0.837533  0.143533  0.53605  4
9600  120071  0.152555  0.00264243  0.837431  0.140672  0.501795  4
9700  119457  0.154722  0.00280361  0.834203  0.130869  0.492582  4
9800  119036  0.150216  0.00292906  0.835323  0.133549  0.49623  4
9900  119275  0.151614  0.00243951  0.835079  0.136744  0.479862  4
