t meta_n emi  mean_info  tr1  tr2  tr3  strategy
0  122388  0.10004  0.493811  0.900021  0.000809141  -0.000150287  4
100  119382  0.111489  0.284222  0.901752  0.0733211  0.00404786  4
200  119361  0.128719  0.181674  0.893281  0.128496  0.0135652  4
300  118875  0.137758  0.136591  0.88329  0.157173  0.0130858  4
400  118737  0.145904  0.11128  0.877324  0.182125  0.0222678  4
500  118913  0.14744  0.0963596  0.87382  0.207152  0.0120565  4
600  118680  0.154136  0.0892399  0.868629  0.215664  0.0308298  4
700  118781  0.155508  0.085874  0.865485  0.224442  0.0266092  4
800  118670  0.160144  0.0856688  0.8634  0.22864  0.0576258  4
900  119293  0.158651  0.084375  0.864488  0.236961  0.0165804  4
1000  119076  0.160478  0.0849893  0.863829  0.235787  -0.000673128  4
1100  119025  0.15894  0.0777869  0.864858  0.234954  -0.0157696  4
1200  118612  0.160569  0.0785828  0.863042  0.248305  -0.0231674  4
1300  118617  0.157991  0.0768633  0.86859  0.253359  -0.0161463  4
1400  119162  0.159305  0.075443  0.864144  0.25011  -0.0161127  4
1500  119723  0.159216  0.0727542  0.86592  0.257679  -0.0293189  4
1600  118539  0.158447  0.0763503  0.86598  0.251098  -0.00373174  4
1700  118943  0.158877  0.0657827  0.861245  0.238857  0.0171253  4
1800  118872  0.156911  0.0608975  0.864911  0.238123  0.0169315  4
1900  119302  0.153824  0.0626907  0.866388  0.24034  0.060224  4
2000  119423  0.160473  0.0581838  0.860158  0.235574  0.0576579  4
2100  117755  0.154423  0.0612148  0.864075  0.245182  0.0755983  4
2200  118942  0.158064  0.0575489  0.866151  0.252471  0.030332  4
2300  119266  0.153866  0.057655  0.867696  0.256187  0.0200302  4
2400  119027  0.156246  0.0598151  0.866516  0.259717  0.0208286  4
2500  118783  0.154719  0.0540279  0.863597  0.244884  0.0107347  4
2600  118502  0.157479  0.0536254  0.857276  0.238469  -0.00855062  4
2700  119252  0.157819  0.053404  0.855896  0.239789  -0.0272204  4
2800  118955  0.157245  0.051376  0.855376  0.227651  -0.0298629  4
2900  119142  0.154559  0.0507635  0.85623  0.229069  -0.0733739  4
3000  118627  0.154533  0.0508482  0.858023  0.23264  -0.0409038  4
3100  118663  0.156828  0.0486711  0.854638  0.224608  -0.0277275  4
3200  118699  0.158231  0.045059  0.854247  0.22214  -0.0698096  4
3300  119126  0.156318  0.048853  0.854223  0.219961  -0.129079  4
3400  118825  0.155392  0.0457163  0.857123  0.224176  -0.129105  4
3500  119061  0.157616  0.0417703  0.85619  0.229049  -0.119382  4
3600  119288  0.156782  0.0388881  0.8569  0.226807  -0.130139  4
3700  118889  0.15471  0.0408297  0.854315  0.215594  -0.126258  4
3800  118615  0.156299  0.0363023  0.850487  0.212947  -0.110958  4
3900  118552  0.155677  0.0370611  0.853255  0.212518  -0.0130204  4
4000  119588  0.154508  0.0390815  0.850255  0.205231  -0.0256772  4
4100  119232  0.158497  0.0354095  0.845462  0.192671  -0.0509628  4
4200  119005  0.157779  0.0358747  0.84174  0.195231  -0.0606379  4
4300  119093  0.161706  0.0353841  0.839021  0.193529  -0.0961147  4
4400  119431  0.161072  0.0334918  0.837762  0.185624  -0.101753  4
4500  120053  0.160681  0.0320087  0.837045  0.177803  -0.0907381  4
4600  118748  0.157068  0.0321172  0.837438  0.181583  -0.0598562  4
4700  119084  0.160253  0.0289666  0.837204  0.182633  -0.0668594  4
4800  118842  0.15959  0.0274413  0.83714  0.181205  -0.0669022  4
4900  119331  0.160094  0.0292991  0.8359  0.184043  -0.028877  4
5000  119134  0.15691  0.0288891  0.834764  0.180752  -0.0270146  4
5100  119130  0.160679  0.0276068  0.833549  0.181486  0.0194927  4
5200  119231  0.159475  0.027183  0.836013  0.190386  0.0272371  4
5300  119151  0.158555  0.0259581  0.838218  0.189412  0.0238226  4
5400  118980  0.156849  0.023648  0.838342  0.186058  0.00820429  4
5500  118403  0.162016  0.0224856  0.835537  0.18153  0.0106278  4
5600  118807  0.156718  0.0218441  0.834951  0.179847  0.0258281  4
5700  118327  0.158266  0.0207668  0.833814  0.174339  0.0297745  4
5800  119191  0.160987  0.020647  0.835726  0.183627  0.0162687  4
5900  119294  0.159193  0.0207129  0.834485  0.182801  -0.0416504  4
6000  118419  0.160884  0.0166905  0.835223  0.183327  -0.0443185  4
6100  119035  0.158671  0.0164178  0.836187  0.18689  -0.0298779  4
6200  119579  0.161292  0.0159955  0.834092  0.182202  -0.0523766  4
6300  118779  0.157925  0.0148858  0.833011  0.173984  -0.0595356  4
6400  119513  0.160387  0.0147956  0.832667  0.174468  -0.109571  4
6500  119414  0.156866  0.016879  0.833888  0.167923  -0.163461  4
6600  118958  0.1574  0.0162096  0.833513  0.162622  -0.166526  4
6700  118862  0.159763  0.0155009  0.831999  0.16057  -0.156149  4
6800  119238  0.155199  0.0180674  0.833808  0.158109  -0.118437  4
6900  118638  0.158077  0.0173327  0.834011  0.159464  -0.134358  4
7000  119309  0.153335  0.01717  0.833398  0.156114  -0.121295  4
7100  119203  0.155445  0.0153228  0.835517  0.163831  -0.127935  4
7200  119129  0.154586  0.0138406  0.83159  0.154346  -0.126364  4
7300  118999  0.155301  0.0132267  0.831274  0.150438  -0.104442  4
7400  119511  0.1576  0.0132547  0.826938  0.135429  -0.0853688  4
7500  119342  0.154788  0.0133238  0.828543  0.134196  -0.105574  4
7600  118956  0.153077  0.0135234  0.830552  0.138509  -0.127942  4
7700  119934  0.154846  0.0132028  0.830208  0.136948  -0.121933  4
7800  118946  0.156586  0.0110816  0.829699  0.135138  -0.11897  4
7900  119447  0.153879  0.00918634  0.830934  0.137149  -0.0848311  4
8000  119315  0.151974  0.00966776  0.830734  0.132653  -0.0408933  4
8100  119570  0.153388  0.00960614  0.829404  0.129476  -0.064723  4
8200  118901  0.155724  0.0100272  0.827955  0.130002  -0.0774871  4
8300  118933  0.155187  0.00891387  0.827351  0.125744  -0.0787563  4
8400  118870  0.156402  0.00883653  0.827727  0.13019  -0.0493264  4
8500  119630  0.154775  0.0082805  0.827894  0.128058  -0.0958436  4
8600  119388  0.157656  0.00899212  0.827234  0.127629  -0.155585  4
8700  118750  0.154747  0.0081953  0.827762  0.125041  -0.224004  4
8800  119220  0.154683  0.00785971  0.827726  0.129742  -0.234809  4
8900  119688  0.156693  0.00734987  0.829056  0.13277  -0.254666  4
9000  119342  0.154139  0.00676443  0.828826  0.125413  -0.266146  4
9100  119495  0.156211  0.00565229  0.826795  0.125795  -0.267214  4
9200  119497  0.156567  0.0050489  0.828352  0.126998  -0.215285  4
9300  119120  0.157277  0.00554612  0.828059  0.124836  -0.168357  4
9400  118852  0.150581  0.00567481  0.827843  0.123581  -0.14796  4
9500  119672  0.154154  0.00560832  0.827019  0.117021  -0.17131  4
9600  119733  0.153742  0.00508772  0.826641  0.111614  -0.147156  4
9700  119181  0.151064  0.00476489  0.828797  0.11328  -0.123663  4
9800  119291  0.155153  0.00482006  0.826514  0.114508  -0.0864313  4
9900  119089  0.154818  0.00444286  0.825664  0.113085  -0.1155  4
