t meta_n emi  mean_info  tr1  tr2  tr3  strategy
0  121016  0.10072  0.493442  0.900026  0.000817159  8.10123e-05  4
100  118661  0.109354  0.189896  0.896887  0.0714148  0.00265218  4
200  118628  0.12839  0.0964096  0.888999  0.126325  0.00725055  4
300  118656  0.135855  0.0739027  0.880657  0.162217  0.0159808  4
400  118559  0.147166  0.0631949  0.873099  0.184873  0.0217775  4
500  118878  0.148828  0.0605755  0.87406  0.208292  0.0262904  4
600  118452  0.151823  0.055732  0.868678  0.222251  0.0122851  4
700  119013  0.162402  0.0536865  0.863048  0.230515  0.0163791  4
800  118670  0.161439  0.0503423  0.860086  0.238825  0.0394748  4
900  118191  0.154264  0.0499081  0.86797  0.237855  0.0108552  4
1000  119081  0.162388  0.0491881  0.865747  0.244387  4.88005e-05  4
1100  118714  0.157153  0.0500917  0.865201  0.239681  -0.0311758  4
1200  119141  0.154366  0.0468953  0.868755  0.250002  -0.0407948  4
1300  118591  0.158266  0.0473829  0.866154  0.24418  -0.0262327  4
1400  118661  0.158163  0.0433752  0.864788  0.24132  -0.0575938  4
1500  118971  0.156705  0.0422959  0.861536  0.237045  -0.0838265  4
1600  119109  0.161547  0.0428831  0.860888  0.247065  -0.0936594  4
1700  118798  0.161292  0.039637  0.861494  0.257119  -0.111957  4
1800  118592  0.161147  0.0403519  0.858664  0.250291  -0.0990673  4
1900  118767  0.160625  0.0361674  0.860566  0.253711  -0.108148  4
2000  118729  0.163052  0.0337033  0.856829  0.252133  -0.107668  4
2100  119477  0.163196  0.0342234  0.860336  0.250229  -0.118463  4
2200  118249  0.157425  0.034722  0.857277  0.237665  -0.115625  4
2300  118638  0.158254  0.0336627  0.861103  0.243913  -0.127102  4
2400  118994  0.159556  0.0312957  0.86033  0.246017  -0.137719  4
2500  119203  0.153749  0.0288145  0.862961  0.254531  -0.123972  4
2600  118381  0.157495  0.0292101  0.860311  0.256526  -0.12003  4
2700  118755  0.159296  0.0268263  0.856869  0.256001  -0.111188  4
2800  118837  0.156941  0.0262603  0.860236  0.257939  -0.0796831  4
2900  118723  0.156927  0.0282432  0.862217  0.257965  -0.0596045  4
3000  119098  0.155404  0.0277572  0.860208  0.25076  -0.0471583  4
3100  119051  0.153908  0.0253795  0.861658  0.250778  -0.0280891  4
3200  118499  0.153362  0.0234091  0.863666  0.255564  -0.0093278  4
3300  118972  0.158836  0.0209388  0.862481  0.263577  -0.00926499  4
3400  119096  0.154057  0.0221001  0.862159  0.259527  -0.0307723  4
3500  118479  0.153917  0.0216607  0.861488  0.257442  -0.0565702  4
3600  118987  0.153029  0.0218758  0.860845  0.253185  -0.0639861  4
3700  119474  0.155564  0.0213193  0.857439  0.250081  -0.070717  4
3800  119194  0.155762  0.0229669  0.854384  0.241368  -0.132924  4
3900  118797  0.160677  0.0208243  0.853798  0.249561  -0.126175  4
4000  118819  0.159473  0.0192181  0.851585  0.241275  -0.114829  4
4100  118512  0.156929  0.0186016  0.850833  0.233773  -0.126772  4
4200  118645  0.159032  0.0195105  0.851093  0.242384  -0.15091  4
4300  118572  0.155206  0.0172351  0.8521  0.231747  -0.158211  4
4400  118906  0.155071  0.015227  0.853695  0.233337  -0.109666  4
4500  119229  0.15465  0.0163945  0.849998  0.222515  -0.0652026  4
4600  118715  0.152626  0.01537  0.851264  0.217738  -0.0428756  4
4700  119022  0.155845  0.0145714  0.852089  0.223371  -0.107124  4
4800  118788  0.149488  0.0134911  0.853015  0.207145  -0.122192  4
4900  118854  0.150381  0.0136021  0.853217  0.202383  -0.110264  4
5000  118867  0.15109  0.0131742  0.852004  0.206554  -0.0962546  4
5100  118796  0.147039  0.0130944  0.851958  0.193896  -0.125495  4
5200  118702  0.148688  0.012699  0.852989  0.19411  -0.1031  4
5300  119116  0.149081  0.0120714  0.851261  0.1919  -0.125642  4
5400  119154  0.147151  0.0121698  0.851279  0.194229  -0.119528  4
5500  119437  0.15101  0.0108808  0.848998  0.194345  -0.130191  4
5600  118968  0.155498  0.0123081  0.847201  0.194097  -0.119335  4
5700  119323  0.153676  0.00907077  0.847061  0.19319  -0.201161  4
5800  119562  0.149681  0.00904953  0.848519  0.203266  -0.237035  4
5900  118886  0.155447  0.00840484  0.848453  0.206909  -0.272211  4
6000  119425  0.15174  0.00762327  0.848606  0.199459  -0.237982  4
6100  118869  0.150949  0.00743068  0.847916  0.190282  -0.176487  4
6200  118931  0.154874  0.00898014  0.845362  0.183617  -0.155818  4
6300  119018  0.153802  0.00914453  0.844159  0.17553  -0.181648  4
6400  119387  0.152264  0.00699475  0.845228  0.178498  -0.228731  4
6500  118494  0.153815  0.00724036  0.844671  0.181892  -0.27626  4
6600  119185  0.152765  0.00713215  0.843081  0.176676  -0.305235  4
6700  119150  0.150414  0.00680227  0.843688  0.177702  -0.317364  4
6800  119326  0.155785  0.00677169  0.84239  0.177367  -0.294567  4
6900  119556  0.154458  0.00602641  0.840295  0.171206  -0.28077  4
7000  119402  0.15219  0.00611657  0.838272  0.1623  -0.276362  4
7100  119595  0.15537  0.00585755  0.838522  0.169185  -0.273654  4
7200  119214  0.15506  0.00621256  0.839483  0.167656  -0.255867  4
7300  119295  0.154307  0.00550459  0.83914  0.163765  -0.244814  4
7400  118611  0.151653  0.00492594  0.840139  0.164203  -0.199996  4
7500  119229  0.151431  0.00559245  0.842301  0.16843  -0.197802  4
7600  119357  0.1536  0.00527863  0.843095  0.16794  -0.227556  4
7700  119165  0.152336  0.00662772  0.8442  0.17208  -0.233667  4
7800  119483  0.15019  0.00565101  0.840061  0.155975  -0.220153  4
7900  119193  0.155595  0.00444445  0.839528  0.162003  -0.183697  4
8000  119472  0.152769  0.00433672  0.838158  0.153714  -0.180811  4
8100  119378  0.154524  0.00366745  0.840037  0.168546  -0.149835  4
8200  118860  0.151686  0.00331457  0.836724  0.157542  -0.180364  4
8300  119611  0.159308  0.00276088  0.836472  0.167322  -0.271111  4
8400  118556  0.156008  0.00332291  0.837042  0.169997  -0.262801  4
8500  118948  0.157771  0.00310327  0.838487  0.179511  -0.291053  4
8600  119009  0.158415  0.00484311  0.839241  0.179723  -0.264871  4
8700  118652  0.154133  0.00371213  0.83963  0.171585  -0.282474  4
8800  118833  0.151691  0.00341785  0.840998  0.173261  -0.329946  4
8900  119206  0.149582  0.00255768  0.841801  0.17162  -0.325551  4
9000  118467  0.148367  0.00228394  0.841006  0.165142  -0.360482  4
9100  119018  0.153532  0.00264821  0.840538  0.16794  -0.355739  4
9200  119129  0.152045  0.00290226  0.84059  0.169602  -0.349502  4
9300  119557  0.153165  0.00260401  0.841209  0.173055  -0.327229  4
9400  119594  0.15137  0.0026142  0.840868  0.167639  -0.327833  4
9500  119313  0.153271  0.00192271  0.843724  0.179552  -0.337419  4
9600  119430  0.153182  0.00297478  0.8422  0.170654  -0.347787  4
9700  119404  0.14764  0.00181743  0.839851  0.160828  -0.372269  4
9800  119602  0.153551  0.00165849  0.838855  0.162874  -0.388633  4
9900  119282  0.152793  0.0020855  0.837492  0.156057  -0.429401  4
