t meta_n emi  mean_info  tr1  tr2  tr3  strategy
0  119876  0.100888  0.49365  0.89999  0.000775386  1.4015e-05  4
100  118429  0.109724  0.13371  0.895709  0.075525  -0.000959748  4
200  118444  0.123818  0.0703475  0.892732  0.126401  0.00730577  4
300  118657  0.138182  0.0534314  0.883571  0.163788  0.014813  4
400  118762  0.145374  0.0499059  0.877025  0.19071  0.0179432  4
500  118765  0.153852  0.0448613  0.868485  0.206931  0.00468203  4
600  118459  0.15834  0.0419549  0.863975  0.215815  0.0265299  4
700  118685  0.159164  0.0406362  0.863951  0.224637  0.0166506  4
800  119025  0.160025  0.0401699  0.859477  0.223353  -0.00712645  4
900  118672  0.162787  0.0363642  0.860945  0.227423  -0.00880215  4
1000  118706  0.159525  0.0363853  0.862484  0.22836  -0.0151686  4
1100  118642  0.156688  0.034446  0.862515  0.234742  0.00831586  4
1200  119283  0.160279  0.0333229  0.863603  0.239074  0.0175564  4
1300  118437  0.15496  0.0320473  0.863765  0.236713  0.0192358  4
1400  118389  0.159052  0.0335425  0.860865  0.234071  0.0265255  4
1500  118471  0.16339  0.0328496  0.854606  0.230038  0.0487861  4
1600  118476  0.160764  0.0307657  0.85442  0.226982  0.0719926  4
1700  118376  0.158647  0.0297845  0.858254  0.227935  0.0974828  4
1800  118939  0.159061  0.0281177  0.857672  0.226991  0.108314  4
1900  118762  0.161619  0.0277255  0.857767  0.2402  0.1054  4
2000  118762  0.159407  0.0262261  0.857162  0.246151  0.108799  4
2100  119022  0.157718  0.0261207  0.856811  0.234072  0.131234  4
2200  119343  0.159871  0.0232011  0.855805  0.227602  0.141653  4
2300  118388  0.156695  0.0247952  0.859465  0.230648  0.146743  4
2400  118639  0.152927  0.0213782  0.856278  0.22629  0.157249  4
2500  118653  0.156138  0.0210845  0.855893  0.231608  0.145515  4
2600  119549  0.162108  0.0229781  0.85114  0.236784  0.129555  4
2700  119327  0.165249  0.0212726  0.846729  0.231528  0.101678  4
2800  118449  0.161709  0.0189503  0.851327  0.228593  0.112384  4
2900  119404  0.159385  0.0198416  0.847968  0.221915  0.145969  4
3000  118680  0.160963  0.0207104  0.849896  0.221953  0.163057  4
3100  119262  0.161751  0.0196323  0.84655  0.216433  0.183947  4
3200  118819  0.161565  0.0178114  0.843941  0.212489  0.230182  4
3300  118545  0.162301  0.0153947  0.842289  0.204041  0.229571  4
3400  118865  0.164157  0.0171129  0.838847  0.196514  0.25145  4
3500  118312  0.160667  0.0149383  0.838636  0.191737  0.255852  4
3600  118839  0.156769  0.0156353  0.83987  0.198154  0.314216  4
3700  119037  0.160171  0.0161621  0.838499  0.194022  0.35463  4
3800  118824  0.1575  0.0148257  0.840463  0.194075  0.305841  4
3900  118898  0.158963  0.0141883  0.83878  0.190061  0.314468  4
4000  119520  0.160587  0.0137431  0.839481  0.18514  0.348503  4
4100  118817  0.161014  0.0133703  0.83829  0.183579  0.376887  4
4200  118934  0.160544  0.0122873  0.837534  0.184835  0.379524  4
4300  119622  0.159402  0.011705  0.840013  0.197959  0.361142  4
4400  118680  0.160581  0.0123049  0.840575  0.202992  0.368403  4
4500  119455  0.159466  0.0113854  0.839845  0.197172  0.354894  4
4600  119319  0.164178  0.0110087  0.839839  0.203767  0.374618  4
4700  118795  0.160467  0.00959485  0.840751  0.203518  0.360155  4
4800  119466  0.16432  0.0106124  0.835665  0.196956  0.312302  4
4900  118636  0.16276  0.00936757  0.840227  0.203332  0.311282  4
5000  119003  0.160485  0.00916128  0.842179  0.204046  0.299792  4
5100  119060  0.158173  0.0082358  0.84096  0.198789  0.320131  4
5200  118935  0.159304  0.00928597  0.838931  0.195873  0.29941  4
5300  119138  0.161731  0.00866376  0.837085  0.185745  0.310163  4
5400  118651  0.16104  0.00874626  0.837669  0.191531  0.3032  4
5500  118928  0.159425  0.00789879  0.836308  0.18723  0.332987  4
5600  119244  0.161353  0.00702885  0.833355  0.185353  0.368167  4
5700  118894  0.163752  0.00678547  0.832939  0.180274  0.357119  4
5800  118032  0.159968  0.00716456  0.831178  0.175613  0.38348  4
5900  119061  0.157882  0.00576625  0.832391  0.170677  0.418643  4
6000  118724  0.155632  0.00593602  0.83133  0.167505  0.428654  4
6100  119063  0.157598  0.00607132  0.831325  0.15958  0.356223  4
6200  119341  0.155823  0.00553929  0.832971  0.159022  0.362188  4
6300  119203  0.157896  0.00517215  0.832667  0.163975  0.373972  4
6400  119062  0.15803  0.00541627  0.832687  0.164121  0.373251  4
6500  119418  0.158527  0.00442165  0.834518  0.172387  0.425751  4
6600  118922  0.155838  0.00447829  0.835406  0.180613  0.435559  4
6700  118867  0.155263  0.00442585  0.834222  0.172954  0.429721  4
6800  118628  0.154143  0.00457472  0.83718  0.175954  0.429221  4
6900  119283  0.154548  0.00458209  0.83644  0.172849  0.42723  4
7000  119148  0.154417  0.00400322  0.834667  0.167781  0.407146  4
7100  119480  0.156058  0.00436201  0.836794  0.174634  0.445061  4
7200  118977  0.155973  0.00390232  0.837896  0.171107  0.467794  4
7300  118887  0.152601  0.00439415  0.839369  0.180743  0.489425  4
7400  118957  0.150905  0.0038498  0.840291  0.174749  0.534135  4
7500  118838  0.152957  0.00288542  0.840088  0.175345  0.562818  4
7600  119564  0.151945  0.00370397  0.840637  0.181403  0.556187  4
7700  119119  0.152101  0.0031517  0.840233  0.182279  0.520213  4
7800  119042  0.15099  0.00341449  0.841143  0.181717  0.493239  4
7900  118740  0.152776  0.00267579  0.842226  0.18273  0.518281  4
8000  118980  0.150788  0.00268903  0.842385  0.176647  0.561162  4
8100  119390  0.151927  0.00249316  0.842317  0.176781  0.598058  4
8200  118794  0.14772  0.00214588  0.842237  0.182253  0.613672  4
8300  119411  0.153583  0.0021831  0.841978  0.181264  0.60153  4
8400  118521  0.152392  0.00273759  0.84378  0.177789  0.624105  4
8500  119574  0.151292  0.00258198  0.843187  0.180985  0.616225  4
8600  119531  0.153668  0.002277  0.84182  0.175187  0.613203  4
8700  119116  0.148583  0.00251534  0.842923  0.174692  0.609564  4
8800  118884  0.149001  0.00165966  0.841653  0.170291  0.602733  4
8900  118786  0.149474  0.00202685  0.840789  0.170119  0.58412  4
9000  119226  0.15127  0.00236883  0.838949  0.164631  0.562169  4
9100  119126  0.153139  0.00195623  0.839278  0.167131  0.548711  4
9200  119745  0.152219  0.00135025  0.83748  0.159827  0.490421  4
9300  118994  0.153743  0.00189103  0.836002  0.154948  0.482592  4
9400  118748  0.151962  0.00163133  0.835777  0.158288  0.500281  4
9500  119026  0.152774  0.00130416  0.835363  0.154457  0.526893  4
9600  119073  0.151773  0.00192616  0.834625  0.154222  0.559084  4
9700  119024  0.151231  0.00168991  0.835243  0.153081  0.562942  4
9800  119091  0.149567  0.00130523  0.835963  0.15043  0.514018  4
9900  119434  0.147864  0.00137961  0.837405  0.159268  0.528595  4
