t meta_n emi  mean_info  tr1  tr2  tr3  strategy
0  120750  0.100688  0.492934  0.899988  0.000788957  5.77802e-05  4
100  118503  0.105937  0.161916  0.899587  0.0742335  -0.00409641  4
200  118761  0.127947  0.0815041  0.890219  0.121026  0.00382446  4
300  117888  0.132378  0.0618868  0.884962  0.158019  0.0171614  4
400  119221  0.147222  0.0516779  0.8765  0.184779  0.0268297  4
500  118802  0.151566  0.0506835  0.868048  0.192463  0.0307411  4
600  118502  0.153036  0.0467825  0.866272  0.194901  0.0483255  4
700  118191  0.156087  0.0464145  0.864504  0.214474  0.0617058  4
800  118500  0.156371  0.0439008  0.862285  0.217261  0.0638622  4
900  118660  0.154364  0.0433712  0.863402  0.219841  0.0777116  4
1000  118699  0.159943  0.0444569  0.860225  0.216048  0.0852364  4
1100  118676  0.160904  0.0414261  0.858043  0.226443  0.0562232  4
1200  118282  0.165227  0.0410843  0.856337  0.228901  0.0733437  4
1300  118785  0.168458  0.0400287  0.851056  0.227311  0.0808066  4
1400  118470  0.165888  0.0381577  0.846581  0.215634  0.0601546  4
1500  119041  0.162907  0.0377963  0.852877  0.220186  0.0680801  4
1600  118496  0.159884  0.0339304  0.852914  0.209794  0.0398402  4
1700  118377  0.166215  0.0346461  0.846298  0.212083  0.0371365  4
1800  118861  0.163881  0.0307501  0.847673  0.217853  0.0475756  4
1900  118598  0.164936  0.0292462  0.846779  0.222484  0.0623844  4
2000  118960  0.160932  0.0310014  0.853743  0.237065  0.0673552  4
2100  119088  0.162285  0.0314791  0.854006  0.236176  0.0627444  4
2200  118646  0.160819  0.0290217  0.857434  0.241042  0.0762345  4
2300  118813  0.166179  0.0288152  0.853667  0.230083  0.0975046  4
2400  118597  0.162312  0.0261509  0.849166  0.229251  0.0919809  4
2500  119124  0.159371  0.0251934  0.854743  0.225116  0.0614156  4
2600  119134  0.162381  0.024115  0.847924  0.209043  0.0658972  4
2700  119300  0.162472  0.0225714  0.845576  0.208621  0.0731793  4
2800  118644  0.162377  0.0214546  0.843335  0.204486  0.0770616  4
2900  118634  0.159138  0.0219519  0.847104  0.211839  0.0977751  4
3000  119207  0.163893  0.0217937  0.843997  0.214689  0.113965  4
3100  119320  0.160425  0.0216954  0.848375  0.219438  0.0994373  4
3200  118946  0.159104  0.0205439  0.847583  0.214136  0.0747219  4
3300  119165  0.160998  0.0185992  0.848756  0.220598  0.0598222  4
3400  119057  0.159374  0.0185487  0.849705  0.219135  0.0695056  4
3500  119109  0.159655  0.0161652  0.849454  0.216974  0.0739656  4
3600  118381  0.154002  0.0160279  0.849869  0.214051  0.0704778  4
3700  118714  0.160114  0.0175888  0.85105  0.220372  0.0650532  4
3800  118482  0.15469  0.0179903  0.851529  0.225366  0.108936  4
3900  119162  0.156964  0.0153167  0.850146  0.216335  0.130248  4
4000  119585  0.156731  0.0146506  0.848739  0.215122  0.165101  4
4100  119360  0.158305  0.0154219  0.84936  0.220734  0.167998  4
4200  118500  0.158797  0.0146667  0.845792  0.2103  0.153749  4
4300  119268  0.155456  0.013989  0.847473  0.210604  0.17991  4
4400  119237  0.159683  0.0138627  0.849339  0.214717  0.190771  4
4500  119130  0.157859  0.0138825  0.84809  0.215675  0.129083  4
4600  119048  0.157638  0.0117037  0.844479  0.202909  0.114042  4
4700  119300  0.156628  0.0121152  0.846151  0.205896  0.0927642  4
4800  118893  0.156205  0.0116522  0.845238  0.209959  0.0493143  4
4900  118887  0.158048  0.0104682  0.848674  0.215233  0.0212569  4
5000  119640  0.155279  0.0108492  0.847251  0.214613  0.036011  4
5100  118462  0.154335  0.0101772  0.846777  0.20936  0.0531589  4
5200  118755  0.152089  0.00932501  0.848135  0.195889  0.038266  4
5300  119466  0.154176  0.00939167  0.843779  0.190444  0.0190299  4
5400  119338  0.151184  0.00944569  0.847304  0.195219  -0.0310225  4
5500  119271  0.152121  0.00990748  0.848833  0.196472  -0.00811147  4
5600  119472  0.152223  0.00831671  0.848996  0.199106  -0.066872  4
5700  119303  0.15344  0.00836351  0.846555  0.189214  -0.128154  4
5800  118868  0.150016  0.00769492  0.847501  0.191129  -0.146357  4
5900  118595  0.151087  0.00727679  0.844688  0.185871  -0.148696  4
6000  119164  0.151887  0.00754025  0.843812  0.183415  -0.166255  4
6100  118519  0.154047  0.00732597  0.843026  0.192144  -0.170218  4
6200  119282  0.151195  0.00703642  0.843833  0.190442  -0.177262  4
6300  119189  0.15178  0.00700825  0.844657  0.19497  -0.185267  4
6400  119452  0.152371  0.00643082  0.846987  0.199957  -0.183716  4
6500  119014  0.152504  0.00549399  0.84657  0.193899  -0.197937  4
6600  119451  0.152267  0.00612923  0.850163  0.206493  -0.165593  4
6700  119071  0.148521  0.00559554  0.847494  0.200113  -0.20122  4
6800  119217  0.152415  0.00592159  0.84834  0.201045  -0.197774  4
6900  119968  0.154686  0.00630878  0.845094  0.201  -0.232319  4
7000  119119  0.154579  0.00456619  0.844639  0.209034  -0.227513  4
7100  119347  0.154291  0.00458662  0.846372  0.211924  -0.237747  4
7200  119243  0.153282  0.00452957  0.847357  0.214003  -0.26125  4
7300  119501  0.15279  0.00479432  0.845351  0.200583  -0.255305  4
7400  119174  0.154065  0.00485111  0.844179  0.20116  -0.286711  4
7500  119261  0.154095  0.00414033  0.843922  0.201705  -0.283813  4
7600  119188  0.150722  0.00437075  0.84384  0.19841  -0.266273  4
7700  118631  0.154513  0.00332828  0.844944  0.200461  -0.219465  4
7800  119550  0.151897  0.0033549  0.842952  0.196775  -0.228277  4
7900  118738  0.151976  0.00327814  0.845226  0.200381  -0.249853  4
8000  119705  0.151328  0.00294705  0.845049  0.199376  -0.271606  4
8100  118661  0.149732  0.00321237  0.843171  0.186917  -0.262919  4
8200  119330  0.154084  0.00309892  0.841773  0.186847  -0.260148  4
8300  118964  0.151707  0.00352111  0.843515  0.187834  -0.252768  4
8400  119719  0.155318  0.00316609  0.840622  0.175518  -0.237831  4
8500  119469  0.156034  0.00305815  0.841832  0.18584  -0.285628  4
8600  119312  0.153184  0.00255627  0.840851  0.174654  -0.261734  4
8700  119188  0.149934  0.00230401  0.83949  0.169026  -0.252537  4
8800  119259  0.150014  0.00229305  0.837579  0.164546  -0.252272  4
8900  119266  0.1513  0.00186406  0.835994  0.161749  -0.19399  4
9000  119305  0.156008  0.00211138  0.836106  0.163773  -0.175672  4
9100  119009  0.155815  0.00242246  0.834679  0.164743  -0.18245  4
9200  118996  0.156219  0.00258742  0.834475  0.164126  -0.191852  4
9300  119157  0.153204  0.00210137  0.835401  0.166655  -0.150361  4
9400  119015  0.158466  0.00205165  0.834453  0.164989  -0.144768  4
9500  119293  0.153786  0.0025063  0.833094  0.162764  -0.110006  4
9600  119176  0.156142  0.00287722  0.832878  0.164951  -0.142817  4
9700  119549  0.158456  0.00203693  0.831372  0.15919  -0.191568  4
9800  119264  0.157298  0.00169664  0.830155  0.151939  -0.197856  4
9900  118977  0.154223  0.00187312  0.830011  0.148802  -0.239443  4
