t meta_n emi  mean_info  tr1  tr2  tr3  strategy
0  120805  0.1002  0.49039  0.90003  0.000874857  2.5694e-05  4
100  118272  0.111364  0.149471  0.89352  0.068971  0.00562031  4
200  118758  0.132406  0.0784764  0.88003  0.112174  0.0077494  4
300  118388  0.142985  0.0564417  0.871639  0.151186  0.00490826  4
400  118519  0.148346  0.0504639  0.869155  0.178225  0.00279635  4
500  119006  0.155267  0.0444766  0.862869  0.192742  0.00204887  4
600  118157  0.160648  0.0443531  0.861584  0.209784  0.0217324  4
700  118694  0.161912  0.0432403  0.860685  0.217095  0.000910765  4
800  118705  0.157695  0.0416087  0.861876  0.222505  -0.00433427  4
900  118778  0.164597  0.0362054  0.856238  0.23051  0.00257764  4
1000  118337  0.164226  0.0389954  0.856476  0.235583  -0.00441957  4
1100  118905  0.160611  0.0379586  0.85686  0.231339  -0.0294236  4
1200  119387  0.164386  0.0379285  0.852466  0.221572  -0.0339799  4
1300  118718  0.162411  0.0370793  0.852993  0.222595  -0.0471831  4
1400  119023  0.163419  0.0353858  0.854357  0.224213  -0.04982  4
1500  118442  0.16326  0.0336976  0.85371  0.231534  -0.0542951  4
1600  118555  0.161988  0.0325848  0.857569  0.242073  -0.0484385  4
1700  118502  0.160163  0.031401  0.858398  0.235948  -0.036596  4
1800  119210  0.164923  0.0296083  0.857599  0.242302  -0.0476525  4
1900  118981  0.159063  0.0293442  0.862669  0.243969  -0.0527617  4
2000  117973  0.158203  0.0292652  0.854899  0.22754  -0.0787636  4
2100  118740  0.16091  0.027978  0.855302  0.234961  -0.0675005  4
2200  118383  0.159141  0.027061  0.855592  0.227849  -0.0975829  4
2300  119099  0.159567  0.0251168  0.854955  0.235347  -0.0501383  4
2400  118698  0.163475  0.0243918  0.847865  0.224647  -0.047188  4
2500  118703  0.163881  0.0238458  0.846539  0.225621  -0.0619839  4
2600  118890  0.163748  0.0226508  0.845285  0.22694  -0.0714448  4
2700  119244  0.164223  0.0221451  0.843224  0.220842  -0.101618  4
2800  118952  0.163875  0.018507  0.842087  0.217425  -0.0953947  4
2900  118726  0.166194  0.0199188  0.840831  0.224133  -0.0820472  4
3000  118446  0.164206  0.0207765  0.845385  0.222221  -0.0953895  4
3100  118630  0.161801  0.0202304  0.847137  0.228338  -0.079556  4
3200  119407  0.160875  0.0192811  0.848231  0.224022  -0.0456182  4
3300  118689  0.161529  0.0193146  0.850514  0.229985  -0.0182207  4
3400  118217  0.153654  0.0182118  0.852151  0.232784  -0.0123453  4
3500  117807  0.160433  0.0171999  0.851324  0.236934  -0.0431687  4
3600  118979  0.162117  0.0159415  0.848233  0.236376  -0.0425597  4
3700  118618  0.163291  0.0163361  0.846846  0.244471  -0.0411976  4
3800  118315  0.156415  0.0163785  0.849818  0.249621  -0.045386  4
3900  118978  0.161519  0.0165414  0.850493  0.254678  -0.0469188  4
4000  118909  0.160269  0.0153268  0.850566  0.256597  -0.0393086  4
4100  119075  0.160657  0.0147804  0.850479  0.258101  -0.0295743  4
4200  118959  0.162978  0.0134225  0.852853  0.261234  -0.0438865  4
4300  118707  0.161265  0.0130031  0.852356  0.254913  -0.0151837  4
4400  118958  0.154576  0.0141909  0.851753  0.244981  -0.0325359  4
4500  118928  0.15969  0.0130455  0.856245  0.253449  -0.00253889  4
4600  118914  0.154402  0.0128224  0.856258  0.250589  0.0104496  4
4700  119712  0.156648  0.0120578  0.85602  0.253826  0.0178017  4
4800  119015  0.150234  0.0120195  0.856202  0.245493  0.0234162  4
4900  119741  0.15358  0.00995084  0.856004  0.246999  0.0569362  4
5000  119195  0.153069  0.00964587  0.854076  0.242772  0.0643215  4
5100  118987  0.155365  0.00985651  0.851863  0.236526  0.0900539  4
5200  119019  0.156283  0.00995935  0.851467  0.238984  0.0968623  4
5300  119343  0.15787  0.00900122  0.850956  0.243301  0.112171  4
5400  118661  0.157023  0.00818771  0.850624  0.241003  0.133084  4
5500  119389  0.159264  0.0088545  0.850967  0.240746  0.112732  4
5600  119032  0.157009  0.00784943  0.851121  0.241324  0.116179  4
5700  119127  0.154647  0.00784243  0.852208  0.233559  0.117119  4
5800  118808  0.155068  0.00801748  0.850626  0.23582  0.097642  4
5900  118950  0.155562  0.00706148  0.849008  0.232447  0.11781  4
6000  118806  0.153716  0.0067965  0.850942  0.227246  0.0891971  4
6100  118757  0.153081  0.00657887  0.849826  0.225473  0.0834273  4
6200  119503  0.156591  0.00756213  0.849616  0.227278  0.0745487  4
6300  119442  0.153873  0.00549376  0.850847  0.228264  0.0673961  4
6400  119556  0.150761  0.00677159  0.850827  0.222443  0.0600464  4
6500  118254  0.150091  0.00643099  0.850875  0.215731  0.0438201  4
6600  119036  0.151041  0.00501992  0.851843  0.223606  -0.0068995  4
6700  119391  0.149883  0.00578073  0.851998  0.226321  0.0155057  4
6800  119020  0.153335  0.00549718  0.850613  0.226798  0.0112707  4
6900  118943  0.153158  0.00473802  0.848048  0.227774  -0.00483851  4
7000  118884  0.153008  0.00483864  0.849694  0.225278  0.00522642  4
7100  119319  0.154815  0.00566678  0.848659  0.226564  0.0103772  4
7200  118982  0.153371  0.00589883  0.848278  0.219204  0.0243241  4
7300  118903  0.152249  0.00402925  0.848957  0.220605  0.039937  4
7400  119250  0.154481  0.00428113  0.849109  0.225088  0.0638876  4
7500  119155  0.156559  0.00413307  0.846118  0.214844  0.0582072  4
7600  119244  0.152609  0.00410352  0.843967  0.20914  0.0520164  4
7700  119209  0.154697  0.0039005  0.845642  0.215089  0.03089  4
7800  119786  0.156252  0.00426326  0.843896  0.207559  0.0761876  4
7900  119284  0.154322  0.00351514  0.842345  0.204568  0.0843386  4
8000  118143  0.153787  0.00329013  0.842285  0.204073  0.0842799  4
8100  119327  0.159521  0.00288257  0.843011  0.213066  0.105115  4
8200  119318  0.155172  0.00359724  0.843894  0.216017  0.123562  4
8300  118470  0.153593  0.00292167  0.846366  0.219342  0.0915955  4
8400  118996  0.15445  0.00295441  0.84816  0.221203  0.0852737  4
8500  119476  0.154243  0.00215041  0.8471  0.221546  0.0842935  4
8600  118908  0.152841  0.00189695  0.846482  0.220255  0.0433531  4
8700  118848  0.156011  0.00239533  0.84491  0.211262  0.0361443  4
8800  119061  0.15478  0.0023269  0.845239  0.218404  0.0585737  4
8900  119190  0.1576  0.00216526  0.844603  0.221727  0.0675835  4
9000  118724  0.15683  0.00178216  0.843538  0.222573  0.0842777  4
9100  119975  0.156269  0.00219374  0.846655  0.228902  0.0804125  4
9200  119129  0.155747  0.00239827  0.843844  0.22258  0.0985306  4
9300  119119  0.153974  0.00289091  0.843958  0.226249  0.0785797  4
9400  118544  0.158006  0.00235455  0.842596  0.221528  0.0874922  4
9500  119427  0.15409  0.00242575  0.842097  0.217664  0.104597  4
9600  118700  0.153637  0.00168009  0.844237  0.221481  0.104905  4
9700  118981  0.153857  0.00154255  0.844345  0.225129  0.118686  4
9800  119322  0.15755  0.00176614  0.844852  0.224602  0.121425  4
9900  118755  0.153979  0.00125609  0.845973  0.231284  0.128469  4
