t meta_n emi  mean_info  tr1  tr2  tr3  strategy
0  122647  0.099448  0.495286  0.899968  0.000790901  3.76612e-05  4
100  119653  0.108936  0.274231  0.902159  0.0665265  0.00224311  4
200  119353  0.123419  0.166122  0.890968  0.113065  -0.0115167  4
300  118481  0.138374  0.127359  0.879869  0.158402  -0.0124722  4
400  118412  0.148861  0.106162  0.872121  0.190255  -0.0123208  4
500  119003  0.149863  0.101381  0.87339  0.213043  0.0141052  4
600  118797  0.150286  0.0924366  0.873679  0.227661  0.0343331  4
700  118493  0.154537  0.086952  0.873093  0.238231  0.0384618  4
800  118819  0.152758  0.092994  0.875391  0.25104  0.045483  4
900  119147  0.155312  0.0818634  0.873372  0.243084  0.064991  4
1000  118685  0.157468  0.0772448  0.868793  0.248093  0.0914446  4
1100  118639  0.157275  0.0787654  0.867029  0.244117  0.108433  4
1200  118944  0.159314  0.0747897  0.864225  0.240462  0.0968256  4
1300  118643  0.161414  0.0684789  0.862696  0.246797  0.0638078  4
1400  118823  0.157879  0.0661385  0.86204  0.232291  0.0709907  4
1500  120004  0.159836  0.0670457  0.861778  0.230604  0.0574986  4
1600  118520  0.159846  0.0711667  0.862248  0.243236  0.0458033  4
1700  118565  0.155086  0.0718212  0.861029  0.236053  0.0859306  4
1800  119309  0.160164  0.0712696  0.857445  0.226794  0.0874057  4
1900  118972  0.159875  0.066458  0.853906  0.218393  0.085902  4
2000  118587  0.159866  0.0640554  0.848028  0.200596  0.0801804  4
2100  118876  0.158702  0.0645572  0.848149  0.202028  0.0456729  4
2200  118412  0.159499  0.0613132  0.847575  0.199072  0.059567  4
2300  119227  0.161189  0.0572892  0.846438  0.193598  0.073843  4
2400  119012  0.156852  0.0555296  0.849275  0.199589  0.0859418  4
2500  118894  0.162618  0.0530459  0.844418  0.197506  0.109934  4
2600  118771  0.157175  0.0499749  0.845733  0.194088  0.0746509  4
2700  118928  0.16143  0.0485312  0.845724  0.196734  0.0704085  4
2800  118951  0.162573  0.0444861  0.846578  0.198582  0.100891  4
2900  119339  0.16196  0.044483  0.847889  0.203375  0.0656724  4
3000  119419  0.163657  0.0487891  0.848665  0.205305  0.0707597  4
3100  118753  0.157999  0.0462776  0.846739  0.206455  0.0675713  4
3200  118482  0.159896  0.0455449  0.845965  0.197627  0.0585293  4
3300  118985  0.161258  0.0448119  0.843987  0.192531  0.0534117  4
3400  119301  0.163586  0.0424554  0.843529  0.200382  0.0255313  4
3500  118996  0.164017  0.0443564  0.842235  0.196549  -0.0149749  4
3600  118445  0.16286  0.0398733  0.841746  0.193628  -0.0487162  4
3700  118320  0.159882  0.0405408  0.842985  0.192337  -0.0463113  4
3800  119093  0.160578  0.0399943  0.845753  0.190019  -0.0710833  4
3900  119108  0.157441  0.0378171  0.843845  0.184502  -0.0418001  4
4000  119354  0.155404  0.0368238  0.840482  0.173815  -0.0173925  4
4100  119110  0.157877  0.0388696  0.840007  0.174498  -0.0366533  4
4200  119195  0.160654  0.0390986  0.840816  0.170798  -0.0772504  4
4300  119124  0.158161  0.036191  0.840504  0.166026  -0.0811019  4
4400  119173  0.158773  0.0307984  0.838317  0.169446  -0.118724  4
4500  119001  0.157858  0.0292119  0.839487  0.171821  -0.120142  4
4600  118792  0.156582  0.0305704  0.840949  0.168875  -0.14843  4
4700  119325  0.154677  0.0299932  0.83862  0.167594  -0.142997  4
4800  118809  0.158669  0.0269456  0.837587  0.161062  -0.138753  4
4900  119787  0.157867  0.0256214  0.83845  0.162236  -0.169233  4
5000  118947  0.152013  0.0231717  0.838928  0.161942  -0.174371  4
5100  118565  0.156112  0.0243208  0.837309  0.162604  -0.196994  4
5200  119332  0.154223  0.0231593  0.839685  0.167523  -0.209698  4
5300  119591  0.157567  0.0213263  0.839741  0.163967  -0.203795  4
5400  119705  0.151479  0.0219114  0.839938  0.16405  -0.207689  4
5500  119488  0.157226  0.0203344  0.841387  0.162251  -0.228119  4
5600  119609  0.153326  0.0201298  0.838954  0.159886  -0.239311  4
5700  119147  0.150979  0.0211059  0.83937  0.157656  -0.210953  4
5800  119045  0.150394  0.0160827  0.841224  0.159343  -0.249478  4
5900  119453  0.150707  0.01644  0.840498  0.159401  -0.240443  4
6000  118807  0.152294  0.0160161  0.83908  0.160129  -0.213978  4
6100  119299  0.153526  0.0179284  0.839849  0.163805  -0.186239  4
6200  118661  0.147584  0.0186643  0.842191  0.165973  -0.210843  4
6300  119512  0.151747  0.0158985  0.842738  0.171321  -0.210996  4
6400  119209  0.15403  0.0163736  0.841766  0.173136  -0.218101  4
6500  118432  0.150719  0.0129971  0.841158  0.174674  -0.193081  4
6600  118843  0.154874  0.0126767  0.840209  0.17532  -0.167803  4
6700  119361  0.153713  0.0134424  0.840385  0.173503  -0.184077  4
6800  119434  0.15477  0.013209  0.839411  0.17276  -0.190694  4
6900  119308  0.150659  0.0141347  0.839296  0.167168  -0.213465  4
7000  118927  0.152977  0.0141283  0.835995  0.162127  -0.182555  4
7100  119487  0.153226  0.0143325  0.836418  0.151023  -0.164568  4
7200  118956  0.156055  0.0142965  0.836165  0.160586  -0.108352  4
7300  119118  0.156917  0.0132522  0.836734  0.167886  -0.160475  4
7400  118805  0.150984  0.0124427  0.83866  0.173329  -0.188076  4
7500  119754  0.152665  0.0124628  0.839054  0.174908  -0.156241  4
7600  118864  0.151092  0.012519  0.83899  0.175827  -0.105697  4
7700  118778  0.153531  0.0104868  0.838954  0.173901  -0.0736919  4
7800  119718  0.154108  0.0100711  0.838316  0.171482  -0.0616185  4
7900  119515  0.153302  0.0101453  0.839603  0.177072  -0.020132  4
8000  119155  0.157673  0.00940764  0.838978  0.173211  0.0272314  4
8100  119041  0.151976  0.00894342  0.839882  0.18305  0.0537155  4
8200  119124  0.156373  0.0100319  0.840676  0.181974  0.0876692  4
8300  119548  0.152396  0.00970971  0.840903  0.182025  0.0941714  4
8400  118932  0.151773  0.00959817  0.840137  0.178107  0.112898  4
8500  119090  0.152739  0.00868647  0.839602  0.176239  0.0955779  4
8600  118505  0.151594  0.00765931  0.83859  0.170361  0.0980215  4
8700  119337  0.151876  0.00706537  0.838813  0.170082  0.0589074  4
8800  119395  0.154458  0.00700842  0.837793  0.161522  0.0552746  4
8900  119323  0.150848  0.00766088  0.836408  0.158663  0.0673189  4
9000  119332  0.154624  0.00652914  0.836772  0.157317  0.0426258  4
9100  119123  0.150183  0.00600534  0.835862  0.156283  0.0533398  4
9200  118883  0.15296  0.00617582  0.834179  0.142013  0.0706413  4
9300  119301  0.152783  0.00604432  0.834489  0.145175  0.0760346  4
9400  119495  0.14957  0.00577101  0.836068  0.146924  0.0501582  4
9500  118945  0.150186  0.00513334  0.834852  0.146762  0.0842104  4
9600  118672  0.150541  0.00422867  0.833357  0.137381  0.0290351  4
9700  119146  0.148514  0.00447445  0.832837  0.129091  0.0253635  4
9800  119527  0.149037  0.00350051  0.832154  0.126018  0.0217431  4
9900  119174  0.149128  0.00295584  0.831831  0.122805  0.0356301  4
