t meta_n emi  mean_info  tr1  tr2  tr3  strategy
0  122080  0.097944  0.495637  0.899913  0.000778188  -9.43015e-05  4
100  118866  0.109619  0.304111  0.899306  0.0744344  0.00363446  4
200  118601  0.129125  0.194503  0.886625  0.122715  0.0172913  4
300  118787  0.137771  0.150577  0.877395  0.158699  0.0227591  4
400  119496  0.14837  0.129762  0.876171  0.192428  0.0252348  4
500  118565  0.147602  0.115871  0.878001  0.220035  0.022481  4
600  118884  0.151503  0.111053  0.877039  0.220627  0.0213809  4
700  119086  0.154142  0.109091  0.873029  0.23845  0.00489071  4
800  118631  0.151522  0.105097  0.874448  0.251884  0.00423642  4
900  119111  0.155197  0.104104  0.876558  0.264628  0.0130665  4
1000  119160  0.154578  0.0989646  0.879853  0.270965  0.0108916  4
1100  118982  0.158475  0.0919259  0.874411  0.268295  -0.0137181  4
1200  118599  0.156121  0.085079  0.87275  0.270729  -0.0111423  4
1300  119774  0.155646  0.085019  0.871866  0.272951  0.00942563  4
1400  118609  0.156423  0.0852094  0.874181  0.27948  -0.0238057  4
1500  119029  0.157046  0.0812266  0.869455  0.276473  -0.0276949  4
1600  118619  0.159468  0.0781082  0.870483  0.274386  -0.0242149  4
1700  118713  0.154195  0.0777755  0.871179  0.272596  -0.0337067  4
1800  119540  0.157214  0.0776053  0.870112  0.254928  -0.0674841  4
1900  118741  0.15391  0.0766607  0.866819  0.254783  -0.0909349  4
2000  118716  0.152272  0.0719406  0.870912  0.262112  -0.08807  4
2100  119135  0.154006  0.0672102  0.87043  0.259749  -0.061101  4
2200  118646  0.159945  0.0654932  0.867428  0.268576  -0.0813396  4
2300  118758  0.156973  0.0644659  0.865262  0.265915  -0.0668707  4
2400  119138  0.155928  0.0638203  0.865002  0.259288  -0.07753  4
2500  119065  0.152378  0.0645668  0.867725  0.251966  -0.0734218  4
2600  118771  0.152685  0.0650814  0.865898  0.244525  -0.0746913  4
2700  118706  0.154342  0.0578379  0.862297  0.242591  -0.0759915  4
2800  119245  0.154466  0.0551463  0.862253  0.236312  -0.0772977  4
2900  119028  0.153012  0.0578826  0.859076  0.22576  -0.0604937  4
3000  118909  0.155741  0.0535031  0.859454  0.228792  -0.0475131  4
3100  119453  0.154901  0.0492971  0.856643  0.212828  -0.0718053  4
3200  119139  0.153114  0.0495321  0.854789  0.20843  -0.0839787  4
3300  119264  0.153717  0.0507519  0.850903  0.207853  -0.11623  4
3400  119221  0.157679  0.0456014  0.849934  0.200311  -0.101148  4
3500  118382  0.157812  0.0450071  0.846706  0.205863  -0.103397  4
3600  118978  0.156311  0.0463342  0.851385  0.210647  -0.0827605  4
3700  118970  0.155936  0.0448066  0.851931  0.215534  -0.106681  4
3800  119333  0.154327  0.03994  0.851033  0.205918  -0.142792  4
3900  119517  0.156172  0.0399514  0.850375  0.212866  -0.193522  4
4000  119030  0.151241  0.0393214  0.852051  0.203359  -0.187512  4
4100  119079  0.155337  0.0409238  0.851418  0.199987  -0.218452  4
4200  118910  0.150945  0.0401741  0.850626  0.198961  -0.272691  4
4300  119079  0.153106  0.0388975  0.850581  0.196982  -0.260828  4
4400  118810  0.149396  0.0369515  0.84866  0.184071  -0.268657  4
4500  118812  0.14933  0.0364314  0.848139  0.182499  -0.299074  4
4600  118498  0.148836  0.0343719  0.848315  0.176948  -0.309675  4
4700  118923  0.154206  0.0331386  0.84241  0.178493  -0.333997  4
4800  118903  0.153675  0.0322936  0.844816  0.182808  -0.344029  4
4900  118549  0.151135  0.0313187  0.843196  0.177496  -0.340909  4
5000  118554  0.15388  0.0291608  0.845363  0.187512  -0.338964  4
5100  119158  0.155539  0.0291888  0.846021  0.19774  -0.310228  4
5200  118825  0.15421  0.0255145  0.84557  0.195087  -0.31394  4
5300  119135  0.157182  0.0250061  0.84289  0.191159  -0.305624  4
5400  119119  0.154032  0.0264005  0.843793  0.194507  -0.305217  4
5500  118891  0.15147  0.0268173  0.847066  0.196895  -0.371296  4
5600  118636  0.154569  0.0275429  0.847615  0.196307  -0.414659  4
5700  119060  0.150875  0.0256454  0.845582  0.18668  -0.402745  4
5800  118934  0.151218  0.0282395  0.844442  0.189796  -0.349762  4
5900  118918  0.154242  0.0273586  0.843672  0.184063  -0.30014  4
6000  119208  0.155143  0.025044  0.844356  0.184587  -0.339458  4
6100  119061  0.147938  0.0228856  0.844458  0.17612  -0.33093  4
6200  118588  0.151173  0.0207638  0.843386  0.175205  -0.28131  4
6300  119476  0.154333  0.0176374  0.843688  0.179888  -0.301333  4
6400  119128  0.152007  0.0183348  0.842298  0.183243  -0.280204  4
6500  119365  0.149073  0.0185735  0.843712  0.186783  -0.30469  4
6600  119022  0.152838  0.0186244  0.843734  0.18853  -0.272024  4
6700  119569  0.151629  0.0190926  0.844939  0.195216  -0.301272  4
6800  119162  0.151254  0.0185497  0.847191  0.197144  -0.275839  4
6900  118869  0.152143  0.0178313  0.847199  0.205355  -0.295639  4
7000  118843  0.152697  0.0176829  0.846781  0.209438  -0.281047  4
7100  118940  0.152277  0.0162128  0.844055  0.206992  -0.271188  4
7200  119022  0.153748  0.0150358  0.843893  0.204396  -0.280402  4
7300  119454  0.153722  0.015537  0.845256  0.209853  -0.304508  4
7400  119418  0.155918  0.0151777  0.844414  0.20906  -0.289109  4
7500  119634  0.156381  0.014115  0.844566  0.210357  -0.315243  4
7600  118935  0.155508  0.011873  0.844101  0.2048  -0.35254  4
7700  118804  0.152149  0.0107903  0.844024  0.208654  -0.350764  4
7800  119444  0.155104  0.0114902  0.844055  0.208595  -0.288163  4
7900  118942  0.154927  0.0126328  0.843033  0.197741  -0.255332  4
8000  119368  0.15081  0.0120164  0.842136  0.189068  -0.204877  4
8100  118254  0.151355  0.0125992  0.842668  0.190279  -0.230032  4
8200  118983  0.153254  0.0112234  0.840516  0.184521  -0.196042  4
8300  119230  0.156  0.0123474  0.840217  0.182718  -0.172869  4
8400  119030  0.152559  0.0133289  0.839998  0.184861  -0.121957  4
8500  119373  0.15154  0.0137337  0.840332  0.18163  -0.119414  4
8600  119809  0.151436  0.012739  0.838856  0.177775  -0.0771968  4
8700  118998  0.150858  0.0123763  0.839491  0.180042  -0.0589524  4
8800  119595  0.152934  0.0108319  0.837583  0.173865  -0.0565845  4
8900  118890  0.152465  0.0107963  0.837985  0.175785  -0.0701485  4
9000  119036  0.156097  0.00895076  0.838003  0.178461  -0.096537  4
9100  118908  0.154732  0.00776659  0.83902  0.176417  -0.0966283  4
9200  119446  0.152909  0.00751298  0.838122  0.169068  -0.0685839  4
9300  119424  0.150921  0.00826943  0.83815  0.168797  -0.0338455  4
9400  118686  0.155195  0.00792657  0.834556  0.158522  -0.0050373  4
9500  119391  0.150111  0.00696746  0.834887  0.14951  0.0315536  4
9600  119452  0.151283  0.00691445  0.835179  0.151406  -0.00696788  4
9700  119489  0.153664  0.00690646  0.834875  0.154322  -0.0192574  4
9800  119565  0.155329  0.00672109  0.834588  0.148905  -0.0640792  4
9900  119158  0.151973  0.00707766  0.833723  0.143072  -0.105423  4
