t meta_n emi  mean_info  tr1  tr2  tr3  strategy
0  120428  0.101408  0.49138  0.899961  0.00084725  -8.034e-06  4
100  118199  0.109479  0.14387  0.89481  0.0705904  0.00295746  4
200  118510  0.126755  0.0727404  0.888167  0.118923  0.00520695  4
300  119059  0.139929  0.0548854  0.87787  0.150477  0.00243484  4
400  118420  0.148966  0.0480312  0.870471  0.169798  0.00150785  4
500  118938  0.15273  0.0468809  0.866213  0.179435  -0.00995519  4
600  118921  0.154224  0.0459982  0.865062  0.192799  -0.00847312  4
700  118601  0.157916  0.045602  0.859461  0.206543  -0.0363336  4
800  119183  0.156727  0.0417849  0.862899  0.218965  -0.0718859  4
900  118603  0.163261  0.0431237  0.859287  0.234731  -0.0828022  4
1000  118830  0.16095  0.0394322  0.860653  0.232834  -0.113845  4
1100  118509  0.160154  0.0373404  0.860651  0.233043  -0.111112  4
1200  118676  0.158787  0.0375264  0.860914  0.225142  -0.0888408  4
1300  118351  0.160486  0.0351587  0.856551  0.236344  -0.0904082  4
1400  118867  0.167398  0.0357108  0.849113  0.224069  -0.118616  4
1500  119398  0.167561  0.0348099  0.852532  0.23881  -0.0877571  4
1600  118294  0.159357  0.0323234  0.856428  0.235289  -0.0647831  4
1700  118383  0.159723  0.0317215  0.856654  0.229561  -0.0794402  4
1800  118631  0.161818  0.0325556  0.855326  0.232831  -0.0835168  4
1900  118947  0.157016  0.0288173  0.859303  0.23781  -0.0956291  4
2000  118576  0.154609  0.0285043  0.860403  0.239413  -0.114306  4
2100  118492  0.157022  0.0285654  0.858637  0.23008  -0.0900075  4
2200  118873  0.154717  0.0270527  0.861094  0.237611  -0.104706  4
2300  119597  0.158064  0.026065  0.860457  0.237605  -0.0963533  4
2400  118531  0.156841  0.0266017  0.857974  0.235804  -0.132214  4
2500  118485  0.157872  0.022533  0.855203  0.231755  -0.124595  4
2600  118545  0.157314  0.0239661  0.851937  0.228643  -0.134156  4
2700  118867  0.160943  0.0233475  0.852676  0.235213  -0.135641  4
2800  118494  0.15778  0.0225986  0.853183  0.234908  -0.125473  4
2900  118686  0.157591  0.0211139  0.855537  0.231877  -0.144246  4
3000  118871  0.158884  0.0209549  0.852725  0.233725  -0.125121  4
3100  118925  0.156721  0.0193015  0.85168  0.236191  -0.151814  4
3200  119350  0.158815  0.0181655  0.85082  0.232936  -0.183698  4
3300  119050  0.155523  0.019216  0.852891  0.22606  -0.17729  4
3400  119130  0.159687  0.0182185  0.851608  0.225043  -0.180986  4
3500  118677  0.159435  0.0161306  0.847246  0.211974  -0.185271  4
3600  118528  0.154159  0.0168495  0.847551  0.212625  -0.172369  4
3700  119025  0.158273  0.0159815  0.847267  0.211652  -0.182477  4
3800  119005  0.153457  0.0161686  0.849781  0.207531  -0.213667  4
3900  118723  0.156278  0.0159238  0.845587  0.196783  -0.253892  4
4000  118683  0.152229  0.0150817  0.847553  0.205891  -0.255546  4
4100  119158  0.154528  0.0136339  0.847518  0.214654  -0.234948  4
4200  118788  0.154426  0.0141489  0.85037  0.220461  -0.208827  4
4300  118656  0.155006  0.015157  0.851762  0.219304  -0.213248  4
4400  118917  0.151504  0.0138908  0.850905  0.213004  -0.211716  4
4500  118461  0.155107  0.0117738  0.850111  0.21485  -0.250312  4
4600  118990  0.150774  0.0118665  0.850002  0.208232  -0.224771  4
4700  118796  0.156505  0.0110324  0.849714  0.202169  -0.237919  4
4800  118946  0.152814  0.0103945  0.847476  0.202755  -0.2606  4
4900  118697  0.151793  0.0104422  0.846623  0.201426  -0.26784  4
5000  119391  0.152667  0.00987444  0.848006  0.203658  -0.231552  4
5100  118726  0.152549  0.00929017  0.846885  0.209988  -0.245313  4
5200  118556  0.152854  0.00906203  0.847279  0.214755  -0.240832  4
5300  119275  0.156083  0.00928835  0.846859  0.214479  -0.242199  4
5400  118965  0.156309  0.00917682  0.844652  0.213841  -0.263718  4
5500  118753  0.157047  0.00903382  0.846834  0.223612  -0.255649  4
5600  119874  0.158336  0.00877825  0.847999  0.224574  -0.26764  4
5700  119399  0.158767  0.00771282  0.846121  0.215662  -0.326725  4
5800  119153  0.15425  0.0069806  0.845304  0.207057  -0.314412  4
5900  119405  0.154368  0.00658388  0.84281  0.198981  -0.298174  4
6000  119177  0.157347  0.00708102  0.841865  0.198335  -0.32995  4
6100  119321  0.153015  0.00612706  0.843463  0.193964  -0.376127  4
6200  118902  0.157285  0.00701008  0.844516  0.195908  -0.398609  4
6300  119246  0.153469  0.00702305  0.844826  0.199944  -0.414895  4
6400  118921  0.14976  0.00642026  0.845819  0.198615  -0.385939  4
6500  118964  0.151962  0.0063221  0.845146  0.200151  -0.419781  4
6600  118551  0.154793  0.00615881  0.846063  0.206863  -0.416279  4
6700  119204  0.155169  0.00573784  0.844095  0.203931  -0.427513  4
6800  119295  0.153933  0.00423511  0.843592  0.204766  -0.46863  4
6900  119597  0.156372  0.00459479  0.843971  0.207689  -0.41973  4
7000  119675  0.15334  0.00458429  0.842924  0.202945  -0.422436  4
7100  119339  0.15615  0.00441019  0.84202  0.198402  -0.461293  4
7200  118837  0.156089  0.0042153  0.842254  0.198343  -0.458021  4
7300  118377  0.154789  0.00434932  0.841721  0.196717  -0.432887  4
7400  118859  0.154129  0.00373468  0.842022  0.190538  -0.445937  4
7500  119222  0.153499  0.00413898  0.840668  0.186224  -0.437329  4
7600  118997  0.153482  0.00348643  0.841507  0.19197  -0.469386  4
7700  119449  0.154092  0.00375916  0.842508  0.189504  -0.494919  4
7800  119123  0.153723  0.0038671  0.842062  0.187964  -0.47087  4
7900  118853  0.153534  0.00410497  0.841817  0.177945  -0.502345  4
8000  119211  0.149673  0.00373628  0.842166  0.174581  -0.453005  4
8100  119249  0.149237  0.00320122  0.841452  0.1716  -0.502595  4
8200  119194  0.151845  0.00325631  0.841483  0.169576  -0.491781  4
8300  118927  0.147133  0.00318569  0.842014  0.17082  -0.506308  4
8400  118387  0.148635  0.00254941  0.841467  0.169772  -0.502666  4
8500  119080  0.149488  0.00238679  0.843085  0.175132  -0.470048  4
8600  118798  0.148158  0.00237272  0.841523  0.17106  -0.459356  4
8700  119167  0.15056  0.00324876  0.839676  0.166019  -0.463674  4
8800  119484  0.150077  0.00272088  0.83934  0.164439  -0.477185  4
8900  119164  0.150949  0.00215124  0.839082  0.159853  -0.487567  4
9000  119616  0.150425  0.00208733  0.838342  0.151935  -0.504863  4
9100  119317  0.14894  0.00204942  0.838132  0.149551  -0.500188  4
9200  120060  0.150727  0.00259742  0.837434  0.14842  -0.452446  4
9300  119219  0.150344  0.0022602  0.839165  0.155386  -0.446435  4
9400  118836  0.151225  0.00194548  0.838198  0.15541  -0.403888  4
9500  119197  0.150237  0.00214284  0.838661  0.159508  -0.409619  4
9600  119530  0.151048  0.00185711  0.837965  0.155051  -0.415783  4
9700  118538  0.150412  0.00182338  0.839686  0.162524  -0.384579  4
9800  120072  0.152196  0.00187129  0.84072  0.168206  -0.375386  4
9900  118968  0.151262  0.00131478  0.83988  0.164962  -0.39675  4
