t meta_n emi  mean_info  tr1  tr2  tr3  strategy
0  121940  0.100576  0.496173  0.899911  0.000789543  5.81858e-05  4
100  118372  0.109752  0.298737  0.897837  0.0679582  0.00332909  4
200  119115  0.127581  0.190554  0.886939  0.116588  0.000917349  4
300  118810  0.141303  0.141636  0.876996  0.154377  0.0087028  4
400  118830  0.148869  0.118684  0.86935  0.181499  0.0194135  4
500  119218  0.1495  0.108298  0.870668  0.196059  0.0176172  4
600  118643  0.159655  0.105306  0.865677  0.216396  0.00756219  4
700  118617  0.152993  0.102594  0.872179  0.230294  0.000168478  4
800  118224  0.153226  0.101022  0.872952  0.241257  -0.00480505  4
900  118674  0.15713  0.0964672  0.874525  0.2528  -0.0076068  4
1000  118622  0.154226  0.0923062  0.874209  0.257827  -0.00988562  4
1100  119021  0.15238  0.0875647  0.872698  0.259602  0.0165451  4
1200  118939  0.157607  0.0866056  0.873361  0.273801  0.0488486  4
1300  118886  0.160433  0.0852612  0.872528  0.278871  0.0362268  4
1400  118394  0.157859  0.0805295  0.872749  0.2765  0.0394311  4
1500  118233  0.157778  0.0786564  0.87441  0.283227  0.0262861  4
1600  119246  0.158605  0.0808028  0.873184  0.280143  0.0345964  4
1700  119250  0.155139  0.074602  0.870962  0.282187  0.0283317  4
1800  118697  0.162887  0.0764433  0.866752  0.285241  0.0319863  4
1900  118678  0.159217  0.0732266  0.866053  0.277185  -0.00343563  4
2000  118910  0.159936  0.0714489  0.863981  0.265703  -0.0631002  4
2100  118987  0.157917  0.0673045  0.864046  0.264456  -0.0688972  4
2200  118812  0.15968  0.0653546  0.86024  0.253045  -0.095515  4
2300  118992  0.161389  0.0634683  0.857361  0.253003  -0.104008  4
2400  118751  0.159345  0.0600588  0.860418  0.252041  -0.0738856  4
2500  118794  0.158249  0.0618248  0.856843  0.242073  -0.0115902  4
2600  119158  0.158061  0.0600633  0.854635  0.23434  -0.00156752  4
2700  118764  0.15894  0.0593303  0.854603  0.232037  0.0187315  4
2800  118929  0.158033  0.060174  0.851364  0.227602  0.00280486  4
2900  119019  0.158497  0.0589708  0.854329  0.229237  -0.00247343  4
3000  119117  0.156773  0.0557962  0.852981  0.223259  0.00501883  4
3100  118445  0.154575  0.0550012  0.852662  0.225374  -0.018462  4
3200  118803  0.159894  0.0486849  0.847947  0.219692  -0.00897267  4
3300  118740  0.15624  0.0508915  0.847879  0.208978  -0.0161576  4
3400  119365  0.155973  0.0467054  0.851148  0.209647  0.0372254  4
3500  119137  0.154957  0.0475994  0.850743  0.201704  0.0276601  4
3600  119395  0.155375  0.0437174  0.848967  0.199536  0.0284231  4
3700  119024  0.153561  0.0449834  0.8516  0.203736  0.0467138  4
3800  119309  0.158006  0.043942  0.848583  0.199589  0.0571133  4
3900  119183  0.153627  0.0402847  0.850088  0.194105  0.0735639  4
4000  119398  0.155798  0.0352861  0.847708  0.193359  0.0530388  4
4100  118761  0.154185  0.0355824  0.849073  0.2002  0.0482321  4
4200  119662  0.152399  0.0349824  0.849858  0.202097  0.0771136  4
4300  119094  0.155031  0.037706  0.848582  0.20303  0.0616191  4
4400  119407  0.150426  0.03351  0.850195  0.195612  0.0393682  4
4500  119611  0.155686  0.034464  0.847623  0.19414  0.0429582  4
4600  118626  0.155079  0.0307927  0.847861  0.190591  0.0210781  4
4700  119171  0.149551  0.0273331  0.846918  0.18704  0.0275953  4
4800  118757  0.154517  0.0254629  0.843245  0.174063  0.042593  4
4900  118850  0.153982  0.0274263  0.844092  0.180706  0.0236206  4
5000  119107  0.150368  0.0291171  0.845109  0.180621  0.0246303  4
5100  118680  0.152109  0.0266745  0.84271  0.166683  0.0453855  4
5200  119221  0.152541  0.0231915  0.841599  0.161639  0.0160297  4
5300  119297  0.150089  0.0239203  0.842477  0.159268  0.0189227  4
5400  118711  0.15071  0.0242102  0.841571  0.154119  0.0345919  4
5500  118991  0.151158  0.0226379  0.8418  0.15972  0.0534688  4
5600  119126  0.151795  0.0239552  0.840071  0.155458  0.0467254  4
5700  119600  0.154389  0.022678  0.839171  0.161517  0.0628663  4
5800  118966  0.155076  0.0210944  0.838257  0.161439  0.0416376  4
5900  119220  0.152734  0.0183709  0.838794  0.163728  0.0567496  4
6000  119511  0.154597  0.0186321  0.837814  0.168002  0.0437134  4
6100  118771  0.154338  0.0186066  0.835969  0.161024  0.0753993  4
6200  119480  0.153754  0.0170179  0.835504  0.154703  0.105986  4
6300  118692  0.155695  0.0159948  0.834128  0.156256  0.10909  4
6400  119186  0.15336  0.0154397  0.833761  0.156149  0.154987  4
6500  118781  0.153258  0.0169541  0.8344  0.15184  0.174491  4
6600  118696  0.150032  0.0171025  0.835377  0.148831  0.133562  4
6700  119216  0.152611  0.0149944  0.834615  0.149991  0.148934  4
6800  119313  0.156737  0.0147829  0.832555  0.15855  0.0859343  4
6900  119160  0.158148  0.0130742  0.830855  0.146089  0.0360811  4
7000  119004  0.152657  0.0125993  0.830931  0.146198  -0.0070952  4
7100  119460  0.156624  0.0118818  0.828077  0.145509  0.00225883  4
7200  119370  0.156883  0.0137102  0.828814  0.147512  0.000891383  4
7300  118971  0.155145  0.0146089  0.831135  0.150539  0.0571827  4
7400  118731  0.157373  0.0128769  0.830961  0.151526  0.058336  4
7500  119416  0.156551  0.0120404  0.830241  0.144624  0.0688429  4
7600  119486  0.153442  0.0126309  0.831594  0.144764  0.106685  4
7700  119150  0.156111  0.012197  0.831641  0.146824  0.0854725  4
7800  119298  0.154011  0.0128684  0.83337  0.155309  0.068761  4
7900  118721  0.152462  0.010667  0.832908  0.154114  0.0546713  4
8000  118835  0.156435  0.0114162  0.831567  0.153086  0.0227869  4
8100  119421  0.153777  0.0121233  0.832167  0.153746  0.0181132  4
8200  119372  0.153431  0.0105149  0.833854  0.161561  0.0528336  4
8300  119384  0.152749  0.00943036  0.83435  0.159406  0.0283972  4
8400  118834  0.151841  0.0104517  0.834013  0.158365  0.0217045  4
8500  119309  0.154847  0.00883901  0.832543  0.156256  0.00268963  4
8600  118802  0.153544  0.00869398  0.833345  0.157388  6.70137e-05  4
8700  119041  0.155387  0.00860942  0.833127  0.161343  -0.00407898  4
8800  119071  0.151935  0.00841208  0.831438  0.155819  0.0090169  4
8900  119120  0.155015  0.00984642  0.830974  0.157086  0.0261194  4
9000  118943  0.154712  0.00941445  0.831505  0.148075  0.0330468  4
9100  119191  0.156189  0.00888504  0.829536  0.144332  0.0437946  4
9200  118931  0.156534  0.00694993  0.82943  0.144517  0.0685002  4
9300  119003  0.151952  0.00623504  0.830164  0.144541  0.0799617  4
9400  119027  0.153693  0.00586415  0.832232  0.152511  0.0529858  4
9500  119718  0.156397  0.00580735  0.83183  0.158229  0.0600997  4
9600  118615  0.154007  0.00583592  0.831528  0.157792  0.0963378  4
9700  118957  0.155455  0.00612174  0.831977  0.159592  0.0786051  4
9800  119419  0.157817  0.00587215  0.832533  0.163483  0.0556311  4
9900  119145  0.153732  0.00555444  0.833182  0.162953  0.0514766  4
