t meta_n emi  mean_info  tr1  tr2  tr3  strategy
0  123680  0.099856  0.499173  0.899993  0.000872502  -1.13633e-05  4
100  120218  0.118812  0.520637  0.901452  0.0708131  0.00363018  4
200  120278  0.125891  0.540846  0.900816  0.116374  0.00773542  4
300  120713  0.136389  0.583927  0.897491  0.149384  -6.94717e-05  4
400  120525  0.137986  0.608367  0.896002  0.17047  0.021013  4
500  119932  0.142489  0.633643  0.896814  0.18815  0.0218618  4
600  119847  0.139133  0.651654  0.902413  0.211572  0.0240995  4
700  120496  0.140588  0.665228  0.905734  0.232604  0.0200211  4
800  120040  0.140519  0.67629  0.906678  0.238032  0.0112697  4
900  120185  0.13748  0.672477  0.909421  0.252003  -0.000424145  4
1000  120589  0.141483  0.671398  0.910524  0.263995  -0.0108865  4
1100  120338  0.139699  0.68259  0.914968  0.267584  -0.0102291  4
1200  120166  0.136793  0.675488  0.915732  0.279644  0.0184605  4
1300  119836  0.138505  0.66623  0.909564  0.276743  0.0127936  4
1400  120703  0.138623  0.676456  0.912981  0.27534  0.03083  4
1500  120628  0.137905  0.680629  0.909578  0.275762  0.0218487  4
1600  119910  0.138196  0.674493  0.909194  0.272611  0.0439253  4
1700  120156  0.141631  0.672244  0.907299  0.272691  0.0893565  4
1800  119780  0.136986  0.672381  0.91405  0.284516  0.0787074  4
1900  120623  0.137529  0.683786  0.909974  0.282493  0.072263  4
2000  120726  0.139916  0.682176  0.912871  0.284907  0.0459323  4
2100  120536  0.135658  0.685827  0.915055  0.286577  0.0525176  4
2200  120584  0.133281  0.69064  0.917782  0.292104  0.0573551  4
2300  121027  0.131573  0.687636  0.916314  0.279941  0.0422495  4
2400  120535  0.13285  0.680191  0.915509  0.286595  0.0473944  4
2500  120174  0.130689  0.687616  0.916473  0.279916  0.07698  4
2600  119888  0.125784  0.688589  0.918541  0.274579  0.110228  4
2700  120905  0.12984  0.680155  0.916267  0.27469  0.0732034  4
2800  120072  0.129237  0.680899  0.915893  0.273993  0.106743  4
2900  120567  0.12672  0.693966  0.916739  0.273572  0.0742834  4
3000  120813  0.134042  0.696389  0.914613  0.268444  0.0372496  4
3100  120415  0.123631  0.687165  0.915055  0.263075  0.0743295  4
3200  120667  0.128928  0.678546  0.910403  0.270127  0.0178559  4
3300  120770  0.133755  0.686013  0.911676  0.279266  0.0434688  4
3400  120719  0.13602  0.683235  0.91148  0.268366  0.0182879  4
3500  120250  0.132979  0.678964  0.908815  0.272021  -0.0169931  4
3600  120610  0.133444  0.671876  0.910018  0.277201  -0.00874052  4
3700  120405  0.130311  0.687485  0.908662  0.273862  -0.0190328  4
3800  120933  0.132621  0.674133  0.90755  0.272943  0.0190938  4
3900  120752  0.13245  0.669604  0.907741  0.276229  0.0570723  4
4000  119895  0.128115  0.660156  0.90641  0.27564  0.0596804  4
4100  120085  0.129237  0.651715  0.907244  0.274079  0.0968842  4
4200  120639  0.134026  0.647192  0.905032  0.277234  0.0571439  4
4300  120549  0.131329  0.639659  0.9047  0.280133  0.0822638  4
4400  120131  0.127564  0.637961  0.905656  0.272796  0.0552903  4
4500  120191  0.128342  0.638076  0.905487  0.272057  0.0597765  4
4600  120791  0.129055  0.641717  0.903372  0.26652  0.0442104  4
4700  120595  0.126148  0.640826  0.906397  0.272238  0.0430828  4
4800  120542  0.12751  0.643641  0.904751  0.26655  0.0625694  4
4900  120219  0.127597  0.644715  0.906469  0.271168  0.0947592  4
5000  121098  0.126477  0.624565  0.909333  0.288315  0.11444  4
5100  121051  0.131173  0.628213  0.908419  0.295046  0.115929  4
5200  120775  0.134202  0.627216  0.906892  0.300741  0.0744235  4
5300  120889  0.132191  0.624898  0.909098  0.298696  0.0852824  4
5400  120680  0.127522  0.628049  0.911053  0.294357  0.0942594  4
5500  120581  0.127699  0.626652  0.910438  0.293097  0.0397585  4
5600  120697  0.126542  0.62927  0.912007  0.295063  0.0358135  4
5700  121282  0.128658  0.629203  0.912661  0.299076  0.0429337  4
5800  121389  0.129233  0.625352  0.91067  0.300511  0.0354485  4
5900  120494  0.125185  0.627409  0.910405  0.295597  0.0662141  4
6000  120858  0.123845  0.638794  0.909135  0.292707  0.0272657  4
6100  120703  0.128725  0.640189  0.910487  0.294499  0.0312703  4
6200  121229  0.124657  0.624778  0.912017  0.3007  0.011051  4
6300  120664  0.127256  0.617986  0.911959  0.309302  -0.00884284  4
6400  120627  0.12321  0.611416  0.914358  0.312378  -0.0161023  4
6500  120409  0.122755  0.615376  0.916658  0.320116  -0.00534627  4
6600  120984  0.121021  0.62021  0.918369  0.333538  -0.00741293  4
6700  121189  0.127984  0.624747  0.918739  0.342757  0.0111294  4
6800  120383  0.125233  0.613497  0.918111  0.336194  -0.0188804  4
6900  120421  0.122664  0.616238  0.920216  0.347724  -0.0013783  4
7000  120657  0.126774  0.614375  0.91889  0.349496  0.0125455  4
7100  121324  0.12306  0.602884  0.920582  0.356164  -0.0178984  4
7200  120398  0.12811  0.604675  0.919219  0.350668  -0.00750683  4
7300  120630  0.127362  0.60642  0.918498  0.343311  0.00504345  4
7400  120762  0.125734  0.603948  0.919965  0.361632  -0.019879  4
7500  120372  0.124533  0.591967  0.922272  0.376364  -0.0373998  4
7600  120808  0.124098  0.588781  0.921269  0.372421  -0.0288732  4
7700  120526  0.126884  0.577155  0.921019  0.372923  -0.0477414  4
7800  120543  0.1251  0.576444  0.921813  0.38117  -0.0484218  4
7900  120943  0.129618  0.572337  0.920317  0.380324  0.00856908  4
8000  120858  0.124332  0.569147  0.921231  0.392513  -0.0235782  4
8100  120722  0.124059  0.56278  0.922922  0.399152  -0.012342  4
8200  120793  0.12666  0.568561  0.923732  0.404425  0.0221469  4
8300  120749  0.126887  0.578367  0.921931  0.392243  -0.0120322  4
8400  120553  0.122243  0.579598  0.921682  0.391913  0.0240764  4
8500  120756  0.12668  0.585707  0.921487  0.392841  0.0760037  4
8600  121189  0.128318  0.584837  0.92195  0.399843  0.0760744  4
8700  121022  0.129244  0.575046  0.923499  0.411819  0.0560509  4
8800  120579  0.123426  0.570055  0.924944  0.419474  0.0500892  4
8900  121240  0.126996  0.55774  0.928651  0.440204  0.00289998  4
9000  120685  0.124469  0.56153  0.929325  0.445517  0.00820356  4
9100  120998  0.12969  0.552074  0.926582  0.441614  0.00954132  4
9200  120967  0.126254  0.556405  0.927052  0.439386  0.0542287  4
9300  121038  0.125263  0.563794  0.929091  0.446621  0.0569294  4
9400  121166  0.127298  0.563937  0.930298  0.451875  0.0599356  4
9500  120606  0.124634  0.565637  0.929553  0.444926  0.101129  4
9600  120876  0.126134  0.568551  0.9305  0.44885  0.0883302  4
9700  121165  0.12451  0.570294  0.930543  0.450027  0.107946  4
9800  121104  0.126456  0.570419  0.932256  0.458838  0.0747042  4
9900  120751  0.125936  0.571669  0.933929  0.469436  0.0436713  4
