t meta_n emi  mean_info  tr1  tr2  tr3  strategy
0  120305  0.100208  0.490097  0.899965  0.000807004  4.02311e-05  4
100  118364  0.111391  0.135719  0.896796  0.0711578  -0.00930687  4
200  118317  0.13024  0.0707255  0.883187  0.129529  0.00128745  4
300  118611  0.139276  0.0520529  0.877851  0.162535  -0.00372227  4
400  118130  0.140887  0.0473532  0.879531  0.186097  0.00544481  4
500  119105  0.149983  0.0420321  0.869695  0.203689  0.00231474  4
600  119357  0.155604  0.0410136  0.866907  0.221033  0.0117458  4
700  118664  0.157046  0.0403985  0.866532  0.233612  0.00720609  4
800  118884  0.160803  0.0404484  0.866539  0.245741  0.0257669  4
900  118354  0.162548  0.0387297  0.864175  0.252498  0.028909  4
1000  119190  0.163059  0.0368755  0.862465  0.251252  0.0296686  4
1100  118829  0.161308  0.0344757  0.860913  0.250428  0.0641334  4
1200  118422  0.160692  0.0338058  0.865036  0.256167  0.0437933  4
1300  118689  0.162  0.0327021  0.86367  0.265615  0.0483982  4
1400  118461  0.163053  0.0319719  0.860018  0.260876  0.048333  4
1500  118342  0.159874  0.03174  0.863487  0.265573  0.0411657  4
1600  118524  0.167153  0.0309013  0.864349  0.274643  0.0320653  4
1700  118640  0.163772  0.0310345  0.861338  0.262904  0.0467357  4
1800  117862  0.158578  0.026383  0.862425  0.254207  0.097219  4
1900  118536  0.161248  0.0266529  0.858595  0.251924  0.0864476  4
2000  119079  0.163647  0.0262555  0.858746  0.259267  0.0322361  4
2100  119035  0.16326  0.0256579  0.857046  0.260801  0.0311286  4
2200  117970  0.160881  0.024658  0.855145  0.251432  0.037469  4
2300  118910  0.1604  0.0235284  0.854825  0.244664  0.0442768  4
2400  118564  0.162686  0.0226166  0.857041  0.251651  0.0525376  4
2500  118523  0.161064  0.0222295  0.859493  0.250247  0.0759675  4
2600  118250  0.157053  0.0212636  0.853191  0.234442  0.0876876  4
2700  119168  0.160583  0.0189346  0.852202  0.224693  0.0777006  4
2800  119042  0.161225  0.0193819  0.849974  0.227598  0.085412  4
2900  119016  0.160494  0.0198248  0.848015  0.225861  0.0762284  4
3000  118465  0.159171  0.0197121  0.849961  0.228171  0.0681986  4
3100  118671  0.161172  0.0180111  0.847082  0.226197  0.0461946  4
3200  119278  0.161356  0.0189751  0.846956  0.215345  0.0638413  4
3300  118529  0.155673  0.0162957  0.846879  0.210233  0.0743298  4
3400  119234  0.162318  0.0170694  0.843723  0.201817  0.0247819  4
3500  119062  0.16122  0.016451  0.841585  0.19675  0.0447835  4
3600  118715  0.16053  0.0159833  0.841621  0.191151  0.0605427  4
3700  118873  0.160473  0.0147213  0.839206  0.187388  0.0797764  4
3800  119027  0.158872  0.0150265  0.842599  0.183299  0.0745249  4
3900  119128  0.155952  0.0150539  0.838871  0.171842  0.0880585  4
4000  119140  0.15797  0.0141206  0.838517  0.166126  0.105119  4
4100  119241  0.155494  0.0128149  0.840344  0.167928  0.109673  4
4200  118226  0.154605  0.0124195  0.841436  0.17325  0.0752671  4
4300  119096  0.152429  0.012043  0.841868  0.168187  0.0845547  4
4400  119363  0.158661  0.0113431  0.84155  0.175559  0.130627  4
4500  119034  0.158246  0.0119703  0.83928  0.168526  0.117229  4
4600  119175  0.151671  0.0100251  0.839543  0.158404  0.0958964  4
4700  118927  0.152289  0.00910492  0.839904  0.15852  0.118993  4
4800  119479  0.153451  0.00888633  0.839221  0.161467  0.122785  4
4900  119437  0.155315  0.00980326  0.838196  0.161495  0.134462  4
5000  119361  0.155324  0.00931507  0.839916  0.166918  0.087883  4
5100  119140  0.154254  0.00806591  0.840692  0.166579  0.0313137  4
5200  119614  0.154545  0.00803508  0.838739  0.164732  0.0532799  4
5300  119043  0.156254  0.00913141  0.837536  0.161073  0.0888297  4
5400  119112  0.154538  0.00760135  0.834889  0.152554  0.0629239  4
5500  119461  0.153178  0.00763377  0.836187  0.154654  0.0344319  4
5600  119310  0.1512  0.00715872  0.838058  0.156214  0.0277593  4
5700  119068  0.152274  0.00717611  0.838885  0.160202  -0.0122228  4
5800  118617  0.154853  0.00571132  0.839109  0.16441  -0.0411531  4
5900  118703  0.153601  0.0062509  0.838279  0.157355  -0.0421923  4
6000  119404  0.152812  0.005682  0.836633  0.157122  -0.0685483  4
6100  118738  0.152548  0.00612771  0.836425  0.157209  -0.0548826  4
6200  119476  0.153027  0.00597282  0.836196  0.163221  -0.0509831  4
6300  119259  0.155547  0.00619655  0.838092  0.160067  -0.0893447  4
6400  119075  0.154258  0.00540792  0.838343  0.165669  -0.127301  4
6500  119158  0.155809  0.0049626  0.836405  0.165023  -0.133237  4
6600  119588  0.155564  0.00480107  0.836175  0.16577  -0.144455  4
6700  119160  0.15471  0.00456925  0.836827  0.166076  -0.117066  4
6800  119563  0.154706  0.00511405  0.838489  0.165399  -0.106658  4
6900  119036  0.153652  0.00386251  0.838472  0.169598  -0.0914564  4
7000  119171  0.150341  0.00496988  0.839162  0.164655  -0.0808636  4
7100  118787  0.154357  0.0041853  0.838228  0.168613  -0.0663479  4
7200  118828  0.150804  0.00375977  0.840473  0.182908  -0.0530091  4
7300  119486  0.153529  0.00481606  0.840434  0.181558  -0.064375  4
7400  118940  0.153059  0.00453025  0.841677  0.182442  -0.0336418  4
7500  119788  0.153334  0.00374383  0.840382  0.178688  -0.0236464  4
7600  119110  0.152522  0.00299229  0.841793  0.180407  -0.0127456  4
7700  119240  0.148311  0.00219958  0.84197  0.177649  0.0543477  4
7800  118838  0.152933  0.00281677  0.841773  0.186464  0.0679123  4
7900  119387  0.151681  0.00296643  0.841916  0.187885  0.091283  4
8000  118471  0.151366  0.00269546  0.840569  0.186221  0.0777746  4
8100  118860  0.152864  0.00315168  0.842115  0.187679  0.0187051  4
8200  118578  0.15163  0.00298437  0.841728  0.197273  0.0347797  4
8300  119462  0.153549  0.00265743  0.841349  0.188256  0.0340713  4
8400  119285  0.153419  0.00233904  0.840349  0.189986  0.0729942  4
8500  119765  0.153041  0.00245244  0.840098  0.184766  0.0982265  4
8600  119493  0.152454  0.00204058  0.843053  0.18855  0.0345373  4
8700  119034  0.152077  0.00200447  0.843201  0.189098  0.0271943  4
8800  119508  0.148994  0.00212963  0.843959  0.186208  0.0568431  4
8900  119745  0.153506  0.00184151  0.844307  0.185181  0.0929278  4
9000  119712  0.15112  0.00213458  0.843534  0.180182  0.078396  4
9100  118701  0.149034  0.00196967  0.844058  0.182753  0.083536  4
9200  118695  0.149994  0.00188313  0.842725  0.173016  0.0912576  4
9300  119550  0.149287  0.00129609  0.843678  0.178062  0.0245068  4
9400  118628  0.146914  0.00178566  0.843113  0.178699  0.0362102  4
9500  119349  0.147094  0.00167567  0.843578  0.182425  0.0457477  4
9600  119467  0.152279  0.00170893  0.844047  0.18393  0.0583404  4
9700  119099  0.150609  0.00118849  0.846897  0.191868  0.0469987  4
9800  118825  0.149257  0.00136025  0.845357  0.184679  0.0630164  4
9900  119000  0.148904  0.00111876  0.84608  0.189299  0.0059042  4
