t meta_n emi  mean_info  tr1  tr2  tr3  strategy
0  122896  0.101496  0.499043  0.900034  0.000787278  2.82902e-05  4
100  118927  0.112774  0.380448  0.898466  0.0692743  -0.00610913  4
200  118897  0.124999  0.295944  0.892121  0.122703  0.00181836  4
300  118963  0.133982  0.242306  0.891082  0.170297  -0.000750235  4
400  119373  0.144323  0.192895  0.883164  0.195352  0.0109532  4
500  119099  0.145485  0.184451  0.877572  0.213216  0.0144544  4
600  118995  0.156873  0.167763  0.874442  0.226769  0.0163254  4
700  119403  0.156778  0.162228  0.868832  0.232237  0.0222541  4
800  118660  0.15701  0.153957  0.869038  0.232567  0.00851273  4
900  118917  0.155588  0.139315  0.868526  0.236923  -0.000293461  4
1000  119071  0.156388  0.143387  0.869382  0.246932  -0.0380558  4
1100  119420  0.15575  0.146737  0.874972  0.260527  -0.0418732  4
1200  119131  0.154086  0.144938  0.874148  0.262284  -0.0333714  4
1300  119299  0.152421  0.139149  0.87374  0.252235  -0.0377555  4
1400  118968  0.156047  0.133361  0.870058  0.264576  -0.0354464  4
1500  118686  0.155673  0.136392  0.870587  0.262634  -0.0593512  4
1600  119513  0.159048  0.12242  0.866436  0.266733  -0.0458267  4
1700  119301  0.159188  0.12012  0.867287  0.262355  -0.0481291  4
1800  119485  0.159183  0.121641  0.862031  0.253335  -0.0696944  4
1900  118940  0.157801  0.120657  0.863972  0.245146  -0.0542146  4
2000  119524  0.158299  0.119888  0.862327  0.240444  -0.0655883  4
2100  118960  0.157507  0.11449  0.861047  0.238477  -0.0757236  4
2200  118888  0.155377  0.117263  0.862061  0.24621  -0.0669802  4
2300  118930  0.155889  0.114679  0.862032  0.237746  -0.0935616  4
2400  118774  0.156417  0.114713  0.864664  0.244875  -0.0869174  4
2500  118417  0.156968  0.117199  0.863913  0.252229  -0.0747767  4
2600  118773  0.154405  0.117416  0.865609  0.250009  -0.0751004  4
2700  119199  0.156139  0.115654  0.867568  0.248744  -0.0478398  4
2800  119315  0.159214  0.109229  0.862966  0.238555  -0.0441902  4
2900  119024  0.153496  0.106834  0.862896  0.232932  -0.0813715  4
3000  119381  0.15608  0.106174  0.863848  0.227354  -0.0675653  4
3100  119380  0.149552  0.103962  0.864504  0.228488  -0.0975972  4
3200  119160  0.152754  0.10619  0.863605  0.23828  -0.127103  4
3300  119276  0.154962  0.104019  0.859787  0.239462  -0.116648  4
3400  118950  0.156696  0.102749  0.863118  0.246904  -0.105254  4
3500  119256  0.157616  0.105997  0.863136  0.240981  -0.137397  4
3600  118760  0.153171  0.104111  0.866095  0.234845  -0.162867  4
3700  119283  0.151587  0.0971729  0.86401  0.22664  -0.161829  4
3800  118829  0.153905  0.0949489  0.864929  0.226609  -0.186058  4
3900  119271  0.151141  0.092665  0.863749  0.225911  -0.233602  4
4000  119488  0.152276  0.0955044  0.866978  0.240814  -0.219867  4
4100  119443  0.148995  0.0950582  0.869297  0.236964  -0.211741  4
4200  119447  0.148941  0.0954789  0.869368  0.238609  -0.162734  4
4300  119343  0.149661  0.090572  0.872169  0.249905  -0.106392  4
4400  119838  0.150455  0.0860747  0.872677  0.252656  -0.151564  4
4500  118965  0.152502  0.0881487  0.873756  0.257225  -0.128623  4
4600  120036  0.156393  0.0950952  0.875292  0.273399  -0.058843  4
4700  119170  0.153081  0.090597  0.873438  0.259987  -0.0307723  4
4800  119397  0.151444  0.0909031  0.875278  0.266057  -0.0188963  4
4900  119448  0.152251  0.0896495  0.875943  0.271556  0.0422338  4
5000  119433  0.151057  0.084643  0.875038  0.270199  0.0443782  4
5100  119407  0.153461  0.087734  0.875835  0.270941  0.00912002  4
5200  118846  0.151986  0.0903947  0.876476  0.274815  0.0344024  4
5300  119491  0.148419  0.0894131  0.87527  0.264509  0.00673901  4
5400  119862  0.150756  0.0903327  0.876061  0.267585  -0.0315914  4
5500  119150  0.151595  0.0923924  0.877521  0.269348  -0.0113413  4
5600  119308  0.152013  0.0875553  0.877094  0.266739  -0.0191246  4
5700  119537  0.15266  0.0880421  0.878423  0.269906  0.0103272  4
5800  119507  0.148702  0.0876728  0.8791  0.269136  -0.0173494  4
5900  119075  0.147514  0.0851318  0.880372  0.269857  0.00896484  4
6000  119831  0.154454  0.0867773  0.880167  0.27445  -0.00724094  4
6100  118811  0.151827  0.0863942  0.880426  0.27743  -0.00752979  4
6200  118634  0.153291  0.084332  0.879208  0.278024  -0.0634745  4
6300  118873  0.151285  0.0806177  0.8794  0.275231  -0.10232  4
6400  119787  0.154912  0.0760632  0.878573  0.275189  -0.112898  4
6500  119148  0.153049  0.073723  0.875086  0.263674  -0.0941418  4
6600  119163  0.153026  0.0785372  0.880338  0.285471  -0.0913682  4
6700  119848  0.154214  0.0815342  0.883293  0.294464  -0.0518594  4
6800  119110  0.15324  0.0822063  0.884659  0.300912  -0.000691007  4
6900  119608  0.152155  0.0823301  0.885121  0.302252  0.0136332  4
7000  119635  0.151559  0.0818139  0.885504  0.304154  0.0200575  4
7100  119572  0.151089  0.0850589  0.887438  0.313695  0.0134903  4
7200  118903  0.151885  0.0823874  0.886218  0.302383  0.0277386  4
7300  119420  0.152155  0.0870797  0.890124  0.312885  0.0115901  4
7400  119530  0.156204  0.0865044  0.891128  0.319297  -0.0179525  4
7500  119145  0.153079  0.0845613  0.887567  0.312604  0.0170465  4
7600  119668  0.153638  0.0822104  0.886223  0.31091  0.0129037  4
7700  119604  0.152526  0.0833472  0.888084  0.309612  0.00294728  4
7800  119835  0.152569  0.08197  0.88983  0.320795  0.0150093  4
7900  119752  0.156512  0.0876798  0.895115  0.339254  0.00243838  4
8000  120050  0.153191  0.0905376  0.897982  0.354192  0.000121856  4
8100  119357  0.152171  0.0926406  0.901122  0.36105  0.00814379  4
8200  119931  0.156992  0.0909043  0.900885  0.364355  0.0309897  4
8300  119717  0.156287  0.0902764  0.900648  0.360383  0.0576197  4
8400  119507  0.153723  0.0851719  0.896695  0.348797  0.0355558  4
8500  119431  0.154355  0.0825239  0.894931  0.341932  0.0258674  4
8600  119587  0.1542  0.0849887  0.89507  0.342397  -0.00634772  4
8700  119415  0.154939  0.0876156  0.894663  0.344151  -0.0321394  4
8800  119031  0.1531  0.0866572  0.892692  0.332254  -0.0642346  4
8900  118931  0.151976  0.0802974  0.888898  0.318447  -0.0740819  4
9000  119900  0.156195  0.0810801  0.891061  0.326844  -0.0574035  4
9100  119519  0.152308  0.0832099  0.893115  0.334771  -0.0761771  4
9200  119161  0.153085  0.0862559  0.897431  0.346582  -0.0999348  4
9300  119860  0.155063  0.0862033  0.897744  0.343231  -0.0791526  4
9400  119243  0.154045  0.0866512  0.898913  0.348074  -0.0599726  4
9500  119160  0.153123  0.0841535  0.898335  0.344864  -0.0450756  4
9600  118886  0.158908  0.082482  0.898112  0.342065  0.0400186  4
9700  119368  0.15453  0.0824325  0.897537  0.341278  0.0661883  4
9800  119463  0.158853  0.0848318  0.896519  0.342186  0.0627201  4
9900  119525  0.15336  0.0799841  0.894502  0.332671  0.0961318  4
