t meta_n emi  mean_info  tr1  tr2  tr3  strategy
0  120220  0.099856  0.491304  0.89999  0.000896722  3.87039e-05  4
100  118355  0.110817  0.137614  0.894658  0.0723941  -0.00289358  4
200  118139  0.129926  0.0703872  0.882667  0.118032  -2.46236e-05  4
300  119128  0.136089  0.0523699  0.88315  0.162646  -0.00909511  4
400  119498  0.143904  0.0460886  0.87661  0.184404  -0.00508962  4
500  118750  0.146167  0.0444551  0.875583  0.206354  -0.00372837  4
600  118694  0.157164  0.0413546  0.868231  0.22372  0.00102043  4
700  117934  0.1528  0.0394299  0.867761  0.228406  0.0221944  4
800  118629  0.154715  0.0395993  0.864644  0.236908  0.023314  4
900  118756  0.159607  0.0370934  0.864713  0.24346  0.0279609  4
1000  118527  0.157593  0.0348449  0.866962  0.247069  0.0358176  4
1100  118920  0.158289  0.0336566  0.862545  0.247126  0.0423228  4
1200  118351  0.161804  0.033682  0.860057  0.246599  0.00324638  4
1300  118492  0.163625  0.0325105  0.858035  0.253037  0.0397788  4
1400  118869  0.167556  0.0322833  0.855745  0.244965  0.0285958  4
1500  118875  0.16161  0.0313213  0.858272  0.253282  0.0509884  4
1600  118530  0.165185  0.0314791  0.860023  0.261493  0.0137837  4
1700  118818  0.160285  0.0304931  0.86074  0.248133  0.0280776  4
1800  118872  0.164023  0.0272906  0.858632  0.239841  0.0338322  4
1900  118269  0.158502  0.0271328  0.855195  0.232542  0.0639669  4
2000  118581  0.159393  0.0282753  0.856365  0.236536  0.0491807  4
2100  118460  0.156694  0.0282859  0.855675  0.228443  0.0743285  4
2200  118639  0.158897  0.0269723  0.852966  0.218568  0.0629509  4
2300  118211  0.162634  0.0239434  0.84523  0.209524  0.0475347  4
2400  119149  0.160311  0.0253389  0.850896  0.213232  0.0356729  4
2500  119026  0.15692  0.0233349  0.854099  0.207666  0.0401302  4
2600  118565  0.155885  0.0214148  0.853667  0.206486  -0.0176809  4
2700  119303  0.157227  0.0196238  0.851248  0.201065  -0.0692312  4
2800  119069  0.157063  0.0212409  0.84927  0.197885  -0.0878859  4
2900  118930  0.159524  0.0198855  0.849822  0.205729  -0.121209  4
3000  118871  0.159025  0.0185131  0.846674  0.194987  -0.0716715  4
3100  118676  0.154276  0.0191152  0.846019  0.188249  -0.0622134  4
3200  119019  0.157426  0.0174813  0.844302  0.188425  0.00340779  4
3300  119014  0.159485  0.0180181  0.844159  0.186325  0.0183945  4
3400  119061  0.161794  0.0168281  0.842963  0.180967  0.00540957  4
3500  119071  0.15597  0.0149177  0.843959  0.183274  -0.0109728  4
3600  118866  0.155029  0.0142181  0.844876  0.181494  -0.0196198  4
3700  119636  0.159103  0.0150572  0.841042  0.181605  -0.0331146  4
3800  119022  0.158876  0.0148997  0.837988  0.176586  -0.031918  4
3900  119277  0.159315  0.0127739  0.837663  0.175156  -0.0779377  4
4000  118956  0.156289  0.0135712  0.837684  0.175106  -0.0412859  4
4100  119035  0.161233  0.012747  0.838045  0.174834  -0.0366008  4
4200  118411  0.1564  0.0125849  0.839749  0.177649  -0.0513843  4
4300  118817  0.159428  0.0126159  0.835472  0.170222  -0.0832762  4
4400  119064  0.159409  0.0104428  0.835257  0.167046  -0.0772258  4
4500  119056  0.158908  0.0112349  0.833022  0.15849  -0.0695351  4
4600  119091  0.159482  0.0106326  0.832639  0.152515  -0.0867114  4
4700  119232  0.161587  0.00950687  0.832498  0.159509  -0.147518  4
4800  119285  0.160074  0.0107629  0.832201  0.161952  -0.152365  4
4900  119274  0.154815  0.00918157  0.840049  0.162458  -0.145952  4
5000  118902  0.155166  0.0086738  0.839725  0.167343  -0.189592  4
5100  119020  0.155336  0.00912461  0.838017  0.163006  -0.183335  4
5200  118600  0.153198  0.00808742  0.836165  0.157561  -0.158433  4
5300  119112  0.154534  0.00907215  0.834043  0.149371  -0.166691  4
5400  119272  0.154899  0.00898303  0.839224  0.158017  -0.164631  4
5500  119369  0.152276  0.00755772  0.840315  0.160139  -0.183242  4
5600  119177  0.153401  0.00633081  0.841033  0.164192  -0.172591  4
5700  118660  0.154463  0.00722768  0.840529  0.167718  -0.162627  4
5800  119164  0.152312  0.0071884  0.842541  0.165595  -0.149676  4
5900  118848  0.153392  0.00685194  0.842215  0.159877  -0.166887  4
6000  119444  0.152663  0.00675425  0.842373  0.163974  -0.171259  4
6100  118900  0.151698  0.00659868  0.843656  0.173138  -0.173846  4
6200  118964  0.151482  0.00583357  0.843168  0.179211  -0.149221  4
6300  118978  0.154118  0.00565408  0.842921  0.175833  -0.13794  4
6400  118669  0.152177  0.00547757  0.841037  0.166736  -0.20204  4
6500  118852  0.155269  0.00572895  0.839672  0.167454  -0.246742  4
6600  119577  0.156469  0.00500405  0.839206  0.168329  -0.23024  4
6700  119071  0.153634  0.00556284  0.840122  0.171696  -0.235448  4
6800  119343  0.152528  0.00561063  0.843911  0.179096  -0.28179  4
6900  119209  0.155947  0.00450223  0.842803  0.177679  -0.300784  4
7000  118721  0.15182  0.00438328  0.841245  0.172329  -0.314591  4
7100  119399  0.154525  0.00425267  0.838238  0.16089  -0.349088  4
7200  119368  0.153712  0.0042426  0.836845  0.159161  -0.34299  4
7300  119403  0.156251  0.00420202  0.837803  0.164034  -0.397384  4
7400  118906  0.149961  0.00415717  0.840574  0.168596  -0.432355  4
7500  119418  0.153943  0.0042113  0.839084  0.167816  -0.450739  4
7600  119465  0.156125  0.00338632  0.838791  0.167694  -0.458943  4
7700  119459  0.156214  0.00356622  0.837472  0.165593  -0.427549  4
7800  119027  0.15401  0.00314516  0.837317  0.161523  -0.409414  4
7900  119282  0.154245  0.00289256  0.835952  0.153317  -0.410709  4
8000  119155  0.153414  0.00297087  0.832887  0.146214  -0.446301  4
8100  119175  0.155139  0.00312338  0.833467  0.145081  -0.44612  4
8200  119155  0.153691  0.00313297  0.831236  0.140904  -0.425129  4
8300  119128  0.154975  0.00238298  0.834558  0.15243  -0.420184  4
8400  119420  0.152795  0.00274117  0.833521  0.155385  -0.388906  4
8500  119739  0.153896  0.00308993  0.833059  0.156798  -0.342936  4
8600  119062  0.151999  0.00265764  0.833247  0.160001  -0.343106  4
8700  119371  0.15526  0.00180012  0.834123  0.161859  -0.334268  4
8800  119135  0.154336  0.00191672  0.835739  0.164414  -0.302683  4
8900  119083  0.153591  0.00174801  0.834786  0.162785  -0.294214  4
9000  118881  0.154598  0.00192056  0.834742  0.162748  -0.31404  4
9100  119137  0.152132  0.00246997  0.835167  0.161594  -0.277867  4
9200  119024  0.152213  0.00159472  0.835403  0.165693  -0.316343  4
9300  119371  0.153276  0.00167685  0.837599  0.174248  -0.302968  4
9400  119736  0.15684  0.00165182  0.836393  0.168388  -0.296297  4
9500  118745  0.151464  0.00135178  0.838326  0.169939  -0.283556  4
9600  119496  0.149089  0.00173014  0.838757  0.1655  -0.232497  4
9700  119158  0.154597  0.00156671  0.835259  0.15732  -0.26299  4
9800  118926  0.15332  0.00146872  0.833883  0.153107  -0.238295  4
9900  119602  0.15247  0.00155449  0.834671  0.153822  -0.27055  4
