t meta_n emi  mean_info  tr1  tr2  tr3  strategy
0  122030  0.100336  0.498554  0.900018  0.000730242  2.53229e-05  4
100  119373  0.113049  0.344079  0.899144  0.0675856  0.0110976  4
200  119202  0.127036  0.254786  0.891958  0.124153  0.0171445  4
300  118669  0.134861  0.200654  0.883362  0.158258  0.00937267  4
400  118875  0.14036  0.165364  0.883105  0.187192  0.0164523  4
500  119370  0.151602  0.143053  0.876131  0.206334  0.017426  4
600  118848  0.146582  0.136932  0.877686  0.221757  0.0225754  4
700  118995  0.154002  0.13528  0.870998  0.230652  0.0510063  4
800  118721  0.156209  0.131954  0.870844  0.245852  0.0492042  4
900  118575  0.157154  0.130321  0.874637  0.257277  0.0351446  4
1000  118822  0.155081  0.112908  0.87606  0.2579  0.0222548  4
1100  119158  0.154674  0.108374  0.876936  0.256135  0.0308799  4
1200  119116  0.160282  0.115981  0.868817  0.24891  0.0215752  4
1300  118881  0.155783  0.125363  0.873356  0.255263  0.0321532  4
1400  118817  0.154031  0.11985  0.870324  0.248747  0.0314539  4
1500  118801  0.153032  0.124399  0.871853  0.252111  0.0301348  4
1600  119181  0.154071  0.116757  0.868452  0.252383  0.0245331  4
1700  118832  0.158368  0.107912  0.866871  0.258563  0.00981936  4
1800  118676  0.154938  0.103273  0.869701  0.259488  0.0107476  4
1900  118663  0.155815  0.100666  0.866301  0.251133  0.00156111  4
2000  118907  0.157939  0.0970489  0.861281  0.246464  0.0480015  4
2100  119264  0.16109  0.095736  0.862034  0.250214  0.0689824  4
2200  118822  0.161239  0.0886369  0.858746  0.2524  0.0584343  4
2300  118519  0.157441  0.0884705  0.863026  0.255227  0.072873  4
2400  118928  0.153827  0.0880778  0.864325  0.244515  0.0731903  4
2500  118137  0.155355  0.0866809  0.863711  0.250508  0.0425757  4
2600  119580  0.15381  0.0915471  0.867669  0.260913  0.0532535  4
2700  118938  0.157652  0.093765  0.866049  0.267802  0.0328311  4
2800  119386  0.157229  0.0885335  0.86553  0.270998  0.0796411  4
2900  119004  0.157398  0.0821675  0.86897  0.273442  0.0706237  4
3000  118718  0.151651  0.0787459  0.870372  0.277152  0.112915  4
3100  118358  0.155378  0.0747003  0.867067  0.272626  0.112471  4
3200  118813  0.156275  0.0708489  0.865515  0.275517  0.110604  4
3300  119866  0.157695  0.0737297  0.863869  0.275131  0.120614  4
3400  118795  0.157045  0.0712688  0.860007  0.274486  0.10527  4
3500  119376  0.158092  0.0750464  0.860801  0.270383  0.0817988  4
3600  119184  0.159821  0.0739188  0.860483  0.269219  0.110925  4
3700  119408  0.156818  0.0691814  0.861448  0.271279  0.0760691  4
3800  119546  0.15663  0.0649929  0.861  0.262855  0.114399  4
3900  119127  0.151583  0.0607817  0.863298  0.264128  0.135926  4
4000  119435  0.151894  0.0607633  0.863286  0.257546  0.140136  4
4100  118850  0.151456  0.0624915  0.862708  0.24966  0.140182  4
4200  118908  0.148188  0.0601011  0.864541  0.245037  0.160975  4
4300  118689  0.14969  0.0562319  0.865171  0.247211  0.192813  4
4400  119694  0.151294  0.054754  0.863006  0.236297  0.174299  4
4500  118898  0.147766  0.0554265  0.862751  0.236116  0.150713  4
4600  118994  0.150732  0.0566358  0.860476  0.233288  0.118102  4
4700  119036  0.149997  0.0601368  0.860646  0.227845  0.14426  4
4800  118727  0.152013  0.0608313  0.859183  0.223155  0.130869  4
4900  119057  0.150169  0.050139  0.857062  0.221029  0.11353  4
5000  118791  0.151862  0.0490525  0.856647  0.223631  0.119137  4
5100  119510  0.150748  0.0479768  0.854004  0.222835  0.108033  4
5200  119092  0.15212  0.0458469  0.857649  0.226901  0.0801544  4
5300  118830  0.150931  0.0426573  0.855926  0.219939  0.0704965  4
5400  119240  0.147113  0.0440336  0.858069  0.219493  0.0307738  4
5500  118627  0.152941  0.0445772  0.856965  0.224695  0.00904451  4
5600  119636  0.151414  0.0484826  0.859606  0.233442  0.0207739  4
5700  119459  0.152325  0.0446377  0.859426  0.237392  0.0410941  4
5800  119063  0.151456  0.0448278  0.857461  0.231765  0.0759425  4
5900  119193  0.150095  0.0418534  0.855347  0.221834  0.0456044  4
6000  119537  0.150469  0.038435  0.857495  0.22439  0.0691402  4
6100  119424  0.151997  0.039985  0.857935  0.231246  0.0780561  4
6200  119357  0.149473  0.0375412  0.857079  0.222957  0.068572  4
6300  118757  0.152048  0.0370144  0.855545  0.215162  0.0575997  4
6400  119065  0.15329  0.0380793  0.851663  0.207804  0.0650076  4
6500  119211  0.150753  0.0358607  0.850904  0.204444  0.0874214  4
6600  119105  0.151682  0.0334412  0.850787  0.202863  0.0700311  4
6700  119171  0.152091  0.0361138  0.850228  0.1951  0.107158  4
6800  119795  0.15299  0.0341783  0.849672  0.191465  0.127521  4
6900  118928  0.150541  0.0338346  0.848179  0.1847  0.144557  4
7000  118779  0.149499  0.0293632  0.846478  0.178863  0.159935  4
7100  119448  0.150764  0.0347894  0.846413  0.178714  0.158211  4
7200  118871  0.15028  0.0312674  0.847551  0.179333  0.166121  4
7300  120175  0.151563  0.0289771  0.85002  0.180762  0.169744  4
7400  119027  0.152829  0.0285483  0.847525  0.171331  0.158578  4
7500  119272  0.153329  0.0294226  0.845746  0.171548  0.189068  4
7600  118486  0.149578  0.0290638  0.845643  0.167067  0.232909  4
7700  119613  0.149792  0.0279175  0.846979  0.169666  0.238787  4
7800  119255  0.150775  0.0245144  0.845096  0.157662  0.25223  4
7900  119092  0.150381  0.0247035  0.845143  0.157608  0.284237  4
8000  119435  0.149222  0.024708  0.844944  0.151569  0.290519  4
8100  119198  0.149539  0.0212112  0.842672  0.152268  0.264658  4
8200  119596  0.153654  0.0225587  0.84302  0.156167  0.261815  4
8300  119891  0.149752  0.0210555  0.845829  0.164792  0.28174  4
8400  118905  0.148162  0.020163  0.845519  0.161225  0.257918  4
8500  118346  0.146577  0.0220414  0.843266  0.159241  0.29296  4
8600  118849  0.152039  0.0236565  0.841492  0.150003  0.292483  4
8700  119570  0.150962  0.0229008  0.840435  0.148126  0.287046  4
8800  119092  0.148894  0.0234758  0.840803  0.145856  0.279907  4
8900  119078  0.148211  0.0226064  0.842101  0.145205  0.285883  4
9000  119818  0.148207  0.0177499  0.839128  0.139716  0.277256  4
9100  119511  0.151578  0.0180172  0.840373  0.143574  0.298856  4
9200  119188  0.150633  0.0164083  0.839956  0.144567  0.282434  4
9300  119464  0.149071  0.0152566  0.838198  0.139824  0.258583  4
9400  119360  0.149382  0.0133792  0.83765  0.137262  0.253237  4
9500  120105  0.152392  0.011786  0.836764  0.135052  0.30584  4
9600  119960  0.15097  0.0112476  0.836243  0.13112  0.277228  4
9700  119440  0.151531  0.0109216  0.836935  0.136054  0.267112  4
9800  119022  0.151328  0.0115203  0.837968  0.137083  0.242613  4
9900  118920  0.151548  0.014389  0.838301  0.143865  0.23626  4
