t meta_n emi  mean_info  tr1  tr2  tr3  strategy
0  120858  0.099656  0.49473  0.899997  0.000800026  -7.16543e-06  4
100  118445  0.104884  0.182638  0.900935  0.066399  -0.00105323  4
200  119140  0.127649  0.0952542  0.889105  0.120561  -0.00585275  4
300  118551  0.134772  0.0705939  0.883344  0.157119  -0.00613016  4
400  119022  0.13964  0.0590306  0.880627  0.180257  -0.00629694  4
500  118180  0.145183  0.0570751  0.875461  0.194476  -0.0299971  4
600  119012  0.146363  0.0568655  0.876077  0.216345  -0.0331588  4
700  118651  0.158851  0.0538771  0.871079  0.23568  -0.0120072  4
800  118344  0.151196  0.0495706  0.880588  0.245471  -0.0238515  4
900  119329  0.150084  0.0466067  0.880262  0.248479  -0.0189112  4
1000  118419  0.154048  0.0466176  0.87577  0.257285  -0.0136002  4
1100  118826  0.156047  0.0448683  0.871062  0.253462  -0.0152181  4
1200  118530  0.160211  0.0407396  0.866833  0.262584  -0.0122244  4
1300  118280  0.162046  0.0419071  0.867924  0.267748  0.0269492  4
1400  118924  0.158272  0.0410981  0.867687  0.271028  0.0485625  4
1500  118902  0.154024  0.043175  0.865402  0.258054  0.0850584  4
1600  118759  0.159214  0.040774  0.864367  0.254749  0.113838  4
1700  118441  0.156993  0.0396924  0.865007  0.256793  0.100309  4
1800  118806  0.15797  0.0365326  0.864033  0.251374  0.0995245  4
1900  118962  0.157118  0.0378918  0.863597  0.254251  0.07553  4
2000  118845  0.155086  0.0339523  0.865309  0.251467  0.078694  4
2100  118694  0.156164  0.0333274  0.865913  0.255963  0.137979  4
2200  118877  0.158247  0.0324831  0.864433  0.265859  0.146684  4
2300  118711  0.15383  0.0319748  0.86296  0.24883  0.160272  4
2400  118885  0.156188  0.0317687  0.861754  0.249568  0.174584  4
2500  118662  0.156453  0.0305538  0.863665  0.248793  0.207741  4
2600  118887  0.158037  0.0309734  0.860556  0.244903  0.255257  4
2700  119059  0.154461  0.0313375  0.858977  0.230264  0.275688  4
2800  118545  0.15593  0.0279983  0.859279  0.225965  0.304118  4
2900  118982  0.158092  0.0300146  0.856907  0.232752  0.311289  4
3000  118319  0.154413  0.0300952  0.854922  0.223283  0.33664  4
3100  119593  0.159177  0.0268782  0.850298  0.222499  0.318925  4
3200  119185  0.159743  0.0270315  0.850866  0.222109  0.315505  4
3300  118821  0.160413  0.023533  0.846383  0.220003  0.337853  4
3400  119110  0.154283  0.0229432  0.852727  0.225946  0.266831  4
3500  118670  0.155373  0.0215981  0.850374  0.215165  0.227428  4
3600  118218  0.149647  0.021864  0.851499  0.211063  0.206645  4
3700  119168  0.152364  0.0190286  0.852636  0.214262  0.186594  4
3800  119527  0.154793  0.020803  0.853799  0.220331  0.197187  4
3900  119316  0.155088  0.0189777  0.85393  0.220152  0.219225  4
4000  118752  0.152734  0.0193669  0.855892  0.228286  0.184982  4
4100  118852  0.152415  0.0179454  0.858959  0.233416  0.215977  4
4200  119150  0.150909  0.0172459  0.858264  0.234795  0.191924  4
4300  119203  0.152667  0.0159433  0.856392  0.233484  0.188718  4
4400  119142  0.153516  0.0163765  0.856448  0.235343  0.155817  4
4500  118674  0.151737  0.0159207  0.857514  0.231869  0.176354  4
4600  119631  0.153719  0.0161878  0.856213  0.23314  0.188894  4
4700  118937  0.152392  0.01377  0.855712  0.237148  0.145287  4
4800  119575  0.152745  0.0132392  0.858691  0.239446  0.150333  4
4900  119089  0.150375  0.0128957  0.859598  0.238826  0.146794  4
5000  118878  0.152328  0.0121754  0.857526  0.240231  0.131688  4
5100  118795  0.152489  0.0132884  0.859781  0.255844  0.156076  4
5200  119556  0.155173  0.014842  0.859448  0.254945  0.154912  4
5300  119612  0.156669  0.0130835  0.856731  0.25389  0.168104  4
5400  118632  0.155493  0.0128926  0.856446  0.252032  0.157537  4
5500  119196  0.155727  0.0117578  0.853719  0.241298  0.161674  4
5600  119509  0.155206  0.00973407  0.852836  0.240054  0.138764  4
5700  118888  0.150842  0.00901688  0.854848  0.235829  0.174934  4
5800  119254  0.151973  0.0086865  0.853323  0.230892  0.175978  4
5900  119201  0.153465  0.00832983  0.854463  0.219828  0.135704  4
6000  118846  0.153294  0.00874969  0.854412  0.220753  0.141339  4
6100  118605  0.149188  0.00914314  0.852321  0.21244  0.156189  4
6200  118961  0.151905  0.00788505  0.853518  0.216933  0.124027  4
6300  119122  0.15046  0.00871271  0.85354  0.215524  0.110487  4
6400  118921  0.150871  0.00713688  0.851843  0.212573  0.131874  4
6500  118531  0.14866  0.0072196  0.850019  0.206474  0.130236  4
6600  119274  0.152548  0.00934711  0.850908  0.215772  0.0940951  4
6700  118868  0.152219  0.00683771  0.847796  0.20873  0.109457  4
6800  119295  0.153382  0.00731365  0.847022  0.203696  0.0885649  4
6900  118633  0.152695  0.00586718  0.846752  0.203445  0.0955763  4
7000  119076  0.154518  0.00510838  0.844257  0.196517  0.102126  4
7100  119447  0.154804  0.0060865  0.846638  0.207949  0.0848676  4
7200  119511  0.151314  0.00517791  0.844149  0.184439  0.100175  4
7300  119095  0.151906  0.00611529  0.845583  0.185608  0.0614836  4
7400  118926  0.150736  0.00544144  0.848315  0.194024  0.0967485  4
7500  119522  0.152222  0.00473399  0.846175  0.188631  0.101571  4
7600  118859  0.149944  0.00490213  0.843623  0.176484  0.0993043  4
7700  118953  0.150888  0.00474456  0.843525  0.181301  0.0710885  4
7800  119203  0.15399  0.00470099  0.843184  0.177987  0.0743185  4
7900  118181  0.151586  0.00434922  0.841156  0.172054  0.0664644  4
8000  118614  0.150119  0.0042528  0.839264  0.164019  0.0193201  4
8100  119419  0.152663  0.00411698  0.841322  0.169427  0.0265696  4
8200  118698  0.148973  0.00414846  0.841524  0.171184  0.0139417  4
8300  118846  0.151628  0.00347612  0.841594  0.173009  0.0223994  4
8400  119403  0.15188  0.00369788  0.840121  0.165039  -0.0186616  4
8500  119324  0.152362  0.00293066  0.840214  0.164297  -0.0323986  4
8600  119313  0.150368  0.00313482  0.840349  0.165271  -0.028443  4
8700  119194  0.149697  0.00401032  0.840616  0.165832  -0.016328  4
8800  119299  0.150377  0.00381734  0.838954  0.152693  -0.00125202  4
8900  119099  0.150089  0.00319173  0.83872  0.154237  0.000107154  4
9000  119485  0.150206  0.00271375  0.839611  0.156198  0.0193421  4
9100  119221  0.146382  0.0031221  0.838434  0.147775  0.0300755  4
9200  119033  0.15115  0.00254789  0.837609  0.14703  0.0452319  4
9300  118978  0.151213  0.00258829  0.838931  0.153265  0.0380186  4
9400  119359  0.146498  0.00234226  0.838679  0.143714  0.0577132  4
9500  119311  0.148885  0.00203015  0.837294  0.139986  0.0343184  4
9600  118756  0.147354  0.00260253  0.839581  0.146186  0.0330459  4
9700  119273  0.147931  0.00246914  0.839679  0.143896  0.0105277  4
9800  119374  0.15098  0.00233209  0.839354  0.145594  0.0202015  4
9900  119381  0.149424  0.00177678  0.837708  0.140441  0.00921545  4
