t meta_n emi  mean_info  tr1  tr2  tr3  strategy
0  121234  0.100872  0.493989  0.899935  0.000824825  -2.84265e-05  4
100  118354  0.107401  0.176543  0.898005  0.0705499  -0.00394711  4
200  119004  0.130712  0.0943437  0.886099  0.118301  -0.00453133  4
300  119354  0.142004  0.0688304  0.87728  0.149294  -0.0106319  4
400  118132  0.146329  0.0583176  0.870435  0.181549  -0.00711387  4
500  118583  0.152412  0.051428  0.865956  0.200361  0.00857322  4
600  118957  0.153333  0.0516947  0.867335  0.205799  0.014958  4
700  118514  0.155324  0.0488568  0.868949  0.218252  0.00390214  4
800  118123  0.153344  0.0464238  0.869293  0.222968  0.0130824  4
900  118679  0.154954  0.0466657  0.869041  0.226591  0.0260321  4
1000  119482  0.155777  0.0437974  0.867394  0.237316  0.057196  4
1100  118638  0.154501  0.0451201  0.869089  0.24396  0.0961888  4
1200  118407  0.160778  0.0428392  0.86317  0.254714  0.0841661  4
1300  118545  0.159935  0.0432676  0.865867  0.264153  0.0943121  4
1400  118931  0.16095  0.0410232  0.859018  0.252301  0.106082  4
1500  118393  0.158602  0.0401498  0.862431  0.257796  0.142573  4
1600  118885  0.16121  0.0383986  0.860532  0.254415  0.123888  4
1700  118812  0.165055  0.0352976  0.854554  0.24847  0.113796  4
1800  118480  0.167458  0.0333247  0.85214  0.24679  0.118148  4
1900  118738  0.163872  0.0360251  0.853843  0.238997  0.123328  4
2000  118900  0.161524  0.0333838  0.856268  0.231723  0.163375  4
2100  118560  0.158209  0.0299521  0.857923  0.244636  0.132374  4
2200  118990  0.157236  0.0322328  0.860517  0.242319  0.155556  4
2300  118430  0.1547  0.030276  0.858518  0.238553  0.158271  4
2400  119167  0.16024  0.0262014  0.857213  0.235051  0.154022  4
2500  118709  0.158176  0.0275105  0.855025  0.227803  0.166749  4
2600  119107  0.163587  0.0285791  0.852914  0.235057  0.170771  4
2700  118801  0.162747  0.0242069  0.849156  0.229202  0.158877  4
2800  119037  0.162222  0.0245601  0.849973  0.232073  0.143734  4
2900  118982  0.161255  0.0213724  0.849755  0.232914  0.122071  4
3000  118482  0.161172  0.0220909  0.854454  0.254792  0.179762  4
3100  118348  0.160877  0.0206919  0.852219  0.249261  0.149717  4
3200  119461  0.15655  0.021449  0.854661  0.241426  0.153462  4
3300  119101  0.157335  0.021629  0.853865  0.240713  0.125603  4
3400  118775  0.158497  0.0203922  0.854809  0.242778  0.153918  4
3500  118790  0.159522  0.019141  0.853229  0.233107  0.215652  4
3600  118531  0.156942  0.0179329  0.854455  0.234864  0.235607  4
3700  118425  0.15584  0.0164507  0.855304  0.233145  0.251852  4
3800  118755  0.156891  0.0181913  0.854466  0.226544  0.286305  4
3900  119198  0.153991  0.0180559  0.853299  0.225803  0.257626  4
4000  119055  0.15657  0.0160129  0.852979  0.227256  0.267102  4
4100  119264  0.156445  0.0159241  0.851518  0.219609  0.27859  4
4200  119866  0.15571  0.0150881  0.853494  0.224744  0.244163  4
4300  119588  0.153925  0.0148501  0.855758  0.221083  0.228873  4
4400  119520  0.152856  0.0147484  0.855034  0.224792  0.248198  4
4500  118912  0.154388  0.0143528  0.854926  0.227416  0.301977  4
4600  118926  0.151784  0.0137842  0.855869  0.228586  0.278135  4
4700  119014  0.152797  0.0123569  0.85757  0.228216  0.24128  4
4800  119262  0.150281  0.0120034  0.859633  0.228445  0.21284  4
4900  118892  0.149693  0.0133245  0.858139  0.224778  0.185834  4
5000  118727  0.153813  0.0122701  0.855163  0.226519  0.215498  4
5100  119446  0.154015  0.0107349  0.852826  0.216021  0.213751  4
5200  118845  0.152748  0.0102329  0.851132  0.199001  0.225748  4
5300  118399  0.147991  0.0103142  0.846877  0.188245  0.286465  4
5400  118875  0.152932  0.00922477  0.844463  0.182573  0.307322  4
5500  118618  0.153472  0.00989852  0.843174  0.171531  0.323329  4
5600  119376  0.152193  0.00923845  0.845863  0.16984  0.353836  4
5700  119390  0.149117  0.00906389  0.845121  0.164701  0.391559  4
5800  119186  0.152252  0.00794041  0.842053  0.161017  0.384585  4
5900  119022  0.150348  0.00848173  0.844541  0.163916  0.360909  4
6000  119177  0.14651  0.00959295  0.841766  0.150923  0.387091  4
6100  119346  0.148874  0.00792134  0.841872  0.149932  0.441172  4
6200  119191  0.150711  0.00776192  0.841847  0.151988  0.414935  4
6300  118834  0.148949  0.00709525  0.842677  0.144966  0.374751  4
6400  119596  0.148933  0.00766569  0.839112  0.144585  0.388862  4
6500  119137  0.148591  0.00637521  0.840702  0.145128  0.431187  4
6600  118869  0.148999  0.0058065  0.839656  0.146325  0.425255  4
6700  119486  0.15106  0.00607514  0.839056  0.141044  0.414372  4
6800  119256  0.147538  0.00549989  0.840341  0.145068  0.369646  4
6900  119075  0.149411  0.00527172  0.839219  0.14411  0.41115  4
7000  119379  0.148498  0.00539606  0.840147  0.149152  0.387653  4
7100  120073  0.150135  0.00534829  0.838589  0.146779  0.408557  4
7200  119139  0.150844  0.00558974  0.84001  0.14456  0.392475  4
7300  119386  0.148646  0.00479429  0.839123  0.134932  0.401117  4
7400  119520  0.147296  0.00455282  0.840772  0.14283  0.397614  4
7500  119502  0.147727  0.00420103  0.839028  0.138973  0.422054  4
7600  119179  0.149064  0.00424794  0.839408  0.146588  0.396503  4
7700  119482  0.149388  0.00297156  0.838426  0.14718  0.440305  4
7800  119386  0.149652  0.00339216  0.83919  0.145191  0.460687  4
7900  119271  0.148828  0.00372113  0.837175  0.141752  0.44917  4
8000  118974  0.151846  0.00296411  0.834863  0.139581  0.465439  4
8100  119129  0.152014  0.00301034  0.835823  0.13796  0.46498  4
8200  118826  0.153892  0.00326504  0.836031  0.138636  0.442588  4
8300  119339  0.155603  0.00317597  0.833107  0.134967  0.432645  4
8400  119104  0.154376  0.00336697  0.833239  0.139934  0.423436  4
8500  119266  0.154936  0.00373373  0.83108  0.133444  0.43284  4
8600  118909  0.152508  0.00430793  0.831666  0.133262  0.458497  4
8700  119405  0.154191  0.00347563  0.834694  0.140126  0.496287  4
8800  119237  0.149529  0.00310929  0.833569  0.137025  0.469277  4
8900  119323  0.149637  0.00402634  0.832875  0.133314  0.502227  4
9000  119825  0.152736  0.00333595  0.831847  0.129711  0.543078  4
9100  119476  0.151259  0.00293061  0.831495  0.131973  0.569094  4
9200  119691  0.151284  0.00273493  0.830869  0.123719  0.606729  4
9300  118984  0.152977  0.00271068  0.831632  0.126333  0.617495  4
9400  119133  0.149377  0.00273376  0.833993  0.135255  0.616674  4
9500  119614  0.151809  0.00198729  0.835749  0.137879  0.658229  4
9600  118939  0.151416  0.00180401  0.834583  0.142231  0.632583  4
9700  119257  0.153109  0.00185263  0.835182  0.145601  0.604434  4
9800  119201  0.150193  0.00281527  0.833409  0.139388  0.608242  4
9900  119467  0.149503  0.00191258  0.83502  0.140662  0.604454  4
