t meta_n emi  mean_info  tr1  tr2  tr3  strategy
0  120662  0.098768  0.491341  0.900041  0.000753893  2.44013e-05  4
100  118667  0.110544  0.134437  0.897508  0.0631377  0.00260041  4
200  118964  0.127837  0.0679167  0.886701  0.117247  -0.00201223  4
300  118582  0.138826  0.050652  0.875803  0.159916  -0.00482028  4
400  118838  0.148124  0.0479124  0.871623  0.188807  -0.0290189  4
500  118202  0.153483  0.0424505  0.86478  0.202307  -0.0296874  4
600  117861  0.15749  0.0419533  0.862538  0.217996  -0.0376014  4
700  118743  0.160433  0.0418733  0.862163  0.225194  -0.0419612  4
800  118795  0.162719  0.0404604  0.863155  0.238242  -0.0487708  4
900  119101  0.164267  0.0396845  0.857905  0.247223  -0.0276121  4
1000  118284  0.166709  0.0377022  0.857491  0.253045  -0.0144291  4
1100  118486  0.168405  0.036356  0.854403  0.249715  -0.00731751  4
1200  118654  0.166181  0.0337335  0.855227  0.249928  -0.0135439  4
1300  118757  0.161108  0.0336177  0.861245  0.254926  -0.00712149  4
1400  118754  0.163193  0.0317354  0.863982  0.260713  0.00145225  4
1500  118735  0.164492  0.0311035  0.860508  0.258584  -0.00381574  4
1600  118799  0.163199  0.0303119  0.858987  0.254511  0.00022716  4
1700  118588  0.164184  0.027958  0.855517  0.243728  -0.000264886  4
1800  118932  0.163646  0.0284868  0.85828  0.24468  -0.0224993  4
1900  118634  0.160984  0.0266567  0.85458  0.240729  -0.0189401  4
2000  118668  0.163106  0.0272012  0.856185  0.248061  -0.00708485  4
2100  118962  0.160675  0.0251157  0.862444  0.255147  -0.0215367  4
2200  118883  0.162886  0.025818  0.859021  0.254607  -0.0148586  4
2300  118515  0.15356  0.0250566  0.859132  0.24104  -0.032725  4
2400  119492  0.160582  0.0254047  0.858615  0.228023  -0.0213838  4
2500  119580  0.15493  0.0248434  0.859753  0.233796  -0.0202814  4
2600  119378  0.156435  0.0238505  0.862395  0.241894  -0.0171784  4
2700  119131  0.157498  0.0208326  0.859225  0.235501  -0.0225015  4
2800  119207  0.157363  0.0189136  0.85693  0.234356  -0.0322495  4
2900  119070  0.150749  0.0201895  0.863398  0.240919  0.0167159  4
3000  119013  0.156635  0.0206118  0.85983  0.24166  0.00977431  4
3100  118740  0.152775  0.0174984  0.861529  0.242332  -0.0203492  4
3200  119137  0.154  0.0181873  0.861233  0.242994  -0.0343185  4
3300  118983  0.155165  0.0184867  0.857066  0.235017  -0.0250775  4
3400  119468  0.154181  0.0178752  0.854773  0.223235  -0.0121968  4
3500  119097  0.156479  0.0173941  0.855429  0.238059  0.0168709  4
3600  119097  0.157967  0.016377  0.857091  0.246308  0.0349313  4
3700  119492  0.155771  0.0158105  0.857118  0.244522  0.0322067  4
3800  118939  0.153994  0.0157541  0.858352  0.248643  0.0409095  4
3900  118975  0.157073  0.0144901  0.855152  0.239344  0.0176541  4
4000  118760  0.155372  0.013895  0.856946  0.239938  0.0345962  4
4100  119189  0.153634  0.0118002  0.857278  0.238968  0.0595773  4
4200  118642  0.155912  0.0135379  0.852776  0.235653  0.0513962  4
4300  118417  0.15426  0.0116735  0.854183  0.23373  0.0677248  4
4400  119544  0.156766  0.0104451  0.85302  0.234683  0.0888804  4
4500  119165  0.158456  0.0114849  0.85318  0.24474  0.0961197  4
4600  119616  0.156157  0.0110068  0.852695  0.243657  0.0910941  4
4700  118654  0.159154  0.0108078  0.850403  0.241584  0.0634319  4
4800  119343  0.158892  0.010267  0.852182  0.238556  0.0679308  4
4900  118989  0.15781  0.0105704  0.849133  0.227773  0.0801687  4
5000  119231  0.157195  0.00971702  0.849482  0.225436  0.104517  4
5100  118808  0.154312  0.00929195  0.850174  0.225339  0.0913953  4
5200  119165  0.155434  0.00911253  0.847728  0.210547  0.128598  4
5300  118233  0.155053  0.00801174  0.845372  0.2027  0.136039  4
5400  118931  0.15674  0.0073667  0.84186  0.209283  0.128542  4
5500  118337  0.156393  0.00593747  0.841795  0.20939  0.131436  4
5600  118763  0.158098  0.00644158  0.840442  0.2102  0.112415  4
5700  118935  0.156748  0.00762219  0.840852  0.202087  0.118793  4
5800  118979  0.159114  0.00766336  0.840408  0.21601  0.132077  4
5900  118901  0.158701  0.00781369  0.841279  0.216617  0.1795  4
6000  118741  0.162587  0.00738477  0.83914  0.205426  0.201236  4
6100  118846  0.158093  0.00648992  0.840515  0.207582  0.201621  4
6200  119263  0.161167  0.0061278  0.839805  0.206524  0.196658  4
6300  118770  0.156923  0.0072039  0.841405  0.20361  0.223216  4
6400  119202  0.158071  0.00697601  0.841126  0.201541  0.255386  4
6500  119054  0.158749  0.00567845  0.838495  0.187779  0.252684  4
6600  119076  0.155636  0.0049143  0.839706  0.185674  0.234986  4
6700  118967  0.15682  0.0054262  0.841065  0.195226  0.214695  4
6800  119189  0.156915  0.00425817  0.840745  0.194905  0.218373  4
6900  118877  0.156236  0.00440308  0.837847  0.182557  0.215779  4
7000  118670  0.152876  0.00498513  0.838937  0.179411  0.199235  4
7100  118937  0.15406  0.00461221  0.838364  0.180185  0.245559  4
7200  119054  0.156845  0.00398373  0.837335  0.179236  0.213994  4
7300  119079  0.155384  0.00439737  0.838011  0.169438  0.221681  4
7400  118784  0.150269  0.00329681  0.836278  0.160356  0.193186  4
7500  119255  0.159042  0.00325049  0.834941  0.158986  0.150402  4
7600  118716  0.154546  0.00330808  0.835916  0.160802  0.161156  4
7700  119062  0.154142  0.00345703  0.835458  0.156397  0.180183  4
7800  119021  0.151196  0.00337366  0.834631  0.146122  0.173998  4
7900  119030  0.153976  0.00337993  0.834285  0.144878  0.181994  4
8000  118945  0.154271  0.00383861  0.834246  0.142696  0.187778  4
8100  119645  0.154051  0.0029779  0.835177  0.145422  0.210226  4
8200  118935  0.152704  0.00304396  0.834886  0.146525  0.212992  4
8300  119397  0.15246  0.00305701  0.834239  0.145109  0.248929  4
8400  119364  0.153082  0.00246882  0.835532  0.147764  0.194325  4
8500  119259  0.149445  0.00318771  0.835324  0.133785  0.203761  4
8600  119540  0.152511  0.00264788  0.833827  0.133467  0.194235  4
8700  119512  0.153673  0.00268794  0.833845  0.135903  0.225033  4
8800  119340  0.151362  0.0027386  0.831923  0.12885  0.193699  4
8900  119299  0.151068  0.00237168  0.831208  0.123244  0.154972  4
9000  119052  0.152903  0.00202999  0.829824  0.117016  0.177355  4
9100  119617  0.153552  0.00169075  0.829406  0.113101  0.192045  4
9200  118766  0.150636  0.00176922  0.829896  0.114278  0.15287  4
9300  118917  0.151649  0.00171997  0.83054  0.115622  0.190183  4
9400  119595  0.149674  0.00179705  0.829304  0.113814  0.183239  4
9500  118106  0.150102  0.00227761  0.830792  0.117686  0.208209  4
9600  118979  0.149998  0.00166829  0.830587  0.108655  0.203781  4
9700  118852  0.149723  0.00205819  0.828769  0.103703  0.248802  4
9800  119454  0.150622  0.00164593  0.828343  0.105337  0.242725  4
9900  118679  0.151807  0.00125994  0.82886  0.100244  0.220338  4
