t meta_n emi  mean_info  tr1  tr2  tr3  strategy
0  122555  0.100032  0.499186  0.900163  0.000765287  1.99166e-05  4
100  118849  0.110653  0.357151  0.899549  0.07024  0.00716028  4
200  119352  0.123084  0.257944  0.890182  0.114792  0.014914  4
300  118875  0.136512  0.204892  0.882963  0.152992  0.0231434  4
400  118498  0.143201  0.171878  0.877529  0.181298  0.0330163  4
500  118864  0.15  0.142961  0.873486  0.201791  0.035523  4
600  119352  0.154598  0.133999  0.875053  0.2244  0.0450299  4
700  119699  0.157327  0.13188  0.869731  0.22995  0.0430415  4
800  118942  0.15934  0.123166  0.866753  0.238465  0.0575107  4
900  118976  0.155901  0.117075  0.873295  0.247085  0.0909354  4
1000  117953  0.156487  0.115031  0.868111  0.249043  0.0908303  4
1100  118524  0.161832  0.116707  0.862093  0.240198  0.0888281  4
1200  119110  0.163133  0.109118  0.863473  0.248993  0.111331  4
1300  118661  0.158083  0.109942  0.865607  0.245292  0.121353  4
1400  118364  0.160406  0.115926  0.86403  0.248493  0.0902756  4
1500  118936  0.161885  0.108896  0.86311  0.245571  0.0840395  4
1600  119022  0.156305  0.110631  0.863873  0.246236  0.0724059  4
1700  118161  0.160507  0.107218  0.860324  0.240073  0.101648  4
1800  118518  0.158549  0.107167  0.857779  0.235091  0.0775033  4
1900  118301  0.158456  0.102367  0.858676  0.233518  0.0487474  4
2000  119619  0.162914  0.098726  0.856398  0.231633  0.0129257  4
2100  118775  0.158144  0.0991497  0.856481  0.228949  0.0380705  4
2200  118520  0.159554  0.099187  0.855916  0.229744  0.0329064  4
2300  118541  0.155936  0.0988321  0.857029  0.234719  0.00862897  4
2400  119107  0.160666  0.100482  0.860618  0.249202  -0.032662  4
2500  119149  0.159037  0.0944742  0.864231  0.265749  -0.0399009  4
2600  118563  0.156638  0.0881204  0.863077  0.247212  -0.0283714  4
2700  119090  0.151219  0.0886338  0.869796  0.252812  -0.0242773  4
2800  119724  0.152536  0.0832467  0.867796  0.248245  -0.0344158  4
2900  118201  0.148207  0.080407  0.86651  0.241948  -0.0266342  4
3000  119180  0.150666  0.0792802  0.864812  0.232361  -0.0505978  4
3100  119524  0.151628  0.0763987  0.868172  0.244772  -0.0936029  4
3200  119270  0.150889  0.0689593  0.863842  0.238503  -0.10698  4
3300  118646  0.152703  0.0719548  0.863634  0.248347  -0.0973158  4
3400  119877  0.154201  0.068338  0.865201  0.252962  -0.0944237  4
3500  119171  0.152047  0.0679993  0.863939  0.251532  -0.0928499  4
3600  119590  0.155962  0.0652671  0.861325  0.248877  -0.0724999  4
3700  119197  0.154393  0.0648481  0.863135  0.251729  -0.0380098  4
3800  119023  0.155776  0.0630842  0.865313  0.248792  -0.0370496  4
3900  118982  0.153136  0.0657333  0.865009  0.258999  -0.04863  4
4000  118990  0.150668  0.0646716  0.864271  0.246675  -0.050677  4
4100  119085  0.153426  0.0631927  0.862249  0.248181  -0.0402473  4
4200  119496  0.153637  0.0636557  0.860077  0.239541  -0.046418  4
4300  118775  0.154907  0.0651544  0.858827  0.243067  -0.0503675  4
4400  119295  0.149475  0.0657353  0.863004  0.251956  -0.0896669  4
4500  119085  0.148211  0.0621402  0.86348  0.246259  -0.104394  4
4600  119280  0.152342  0.0536857  0.862316  0.247735  -0.072634  4
4700  119356  0.149761  0.049608  0.858763  0.239879  -0.0538626  4
4800  119526  0.151479  0.0527313  0.860424  0.239797  -0.0537696  4
4900  118973  0.15051  0.0506533  0.859441  0.247562  -0.0448879  4
5000  119164  0.149813  0.0465558  0.856021  0.228149  -0.0626991  4
5100  118784  0.149594  0.0408639  0.855261  0.225942  -0.0507998  4
5200  119436  0.149474  0.0359704  0.856366  0.233479  -0.0153224  4
5300  119589  0.151582  0.0384467  0.854231  0.234187  0.0211955  4
5400  118821  0.154282  0.0371672  0.853204  0.235382  0.0287227  4
5500  118752  0.154129  0.0365924  0.8513  0.228251  0.0165571  4
5600  119465  0.153483  0.0368109  0.848382  0.224194  0.0320739  4
5700  119531  0.157464  0.0353392  0.845408  0.217916  -0.0056408  4
5800  119013  0.156595  0.0345671  0.847702  0.225233  -0.00961309  4
5900  119323  0.156252  0.0341871  0.84782  0.225384  0.00211282  4
6000  119669  0.158085  0.0321361  0.846922  0.220361  0.0196667  4
6100  118664  0.151983  0.0333844  0.84894  0.220917  0.0629094  4
6200  118714  0.155312  0.0319022  0.848439  0.220472  0.074997  4
6300  119350  0.153734  0.031145  0.84698  0.213639  0.0711003  4
6400  118817  0.153218  0.0273609  0.845795  0.19787  0.0662377  4
6500  118566  0.153312  0.029336  0.845923  0.202563  0.0865027  4
6600  119149  0.152796  0.0290414  0.846067  0.204241  0.0796276  4
6700  119092  0.153604  0.0270215  0.8457  0.197071  0.0711772  4
6800  118954  0.153905  0.0241817  0.843422  0.18926  0.0646265  4
6900  119277  0.152976  0.0261395  0.843105  0.187927  0.0535448  4
7000  119059  0.153936  0.0240973  0.84304  0.189142  0.0929362  4
7100  119404  0.153557  0.0240528  0.842771  0.185922  0.05202  4
7200  119506  0.153271  0.0259317  0.839402  0.174698  -0.0100411  4
7300  119115  0.153194  0.0256534  0.839677  0.177212  -0.0478108  4
7400  118630  0.155351  0.0237182  0.839374  0.162343  -0.0531169  4
7500  118871  0.150711  0.0224797  0.838538  0.159342  -0.0312358  4
7600  118845  0.152488  0.0232335  0.835958  0.14739  0.00105843  4
7700  119609  0.151506  0.0244545  0.835762  0.137645  -0.0291686  4
7800  119078  0.15456  0.0252852  0.834117  0.138548  -0.055306  4
7900  119298  0.152579  0.0225932  0.833253  0.136016  -0.069748  4
8000  119784  0.154795  0.0219783  0.832756  0.136814  -0.0963019  4
8100  118885  0.154109  0.0215264  0.831941  0.136881  -0.103569  4
8200  118949  0.152432  0.0199197  0.830651  0.13121  -0.0514028  4
8300  119572  0.156738  0.0182041  0.830357  0.133801  -0.0459763  4
8400  119080  0.151678  0.0160416  0.830658  0.132801  -0.0512491  4
8500  118745  0.153258  0.016794  0.832081  0.137856  -0.0253812  4
8600  119357  0.15307  0.0143477  0.831389  0.133814  -0.0402685  4
8700  118765  0.152399  0.0116861  0.830461  0.136709  -0.0927226  4
8800  119545  0.153512  0.0121868  0.83194  0.136323  -0.101944  4
8900  119028  0.150545  0.0119842  0.831303  0.130402  -0.1457  4
9000  119086  0.151371  0.013738  0.832444  0.130114  -0.136482  4
9100  119754  0.150139  0.0127031  0.83267  0.132122  -0.184329  4
9200  119798  0.149862  0.0136593  0.832476  0.132311  -0.228922  4
9300  119527  0.149873  0.0136757  0.832042  0.131907  -0.244915  4
9400  118929  0.153381  0.0135535  0.833141  0.134367  -0.255238  4
9500  119083  0.150415  0.0134531  0.831257  0.131764  -0.253704  4
9600  119110  0.153383  0.0133004  0.831377  0.126454  -0.199353  4
9700  119212  0.152448  0.0115768  0.830676  0.123406  -0.189704  4
9800  119233  0.152559  0.0139818  0.82997  0.124744  -0.202414  4
9900  119166  0.151994  0.0128513  0.82983  0.120177  -0.219342  4
