t meta_n emi  mean_info  tr1  tr2  tr3  strategy
0  122912  0.100944  0.500218  0.89995  0.000715123  5.44081e-05  4
100  119884  0.114628  0.508942  0.905543  0.0702783  -0.00426281  4
200  120512  0.130414  0.518414  0.89641  0.118016  -0.00720351  4
300  120334  0.133807  0.519488  0.896231  0.153751  -0.019516  4
400  120172  0.140441  0.513327  0.893455  0.182513  -0.0101425  4
500  119916  0.140044  0.514354  0.89527  0.208884  0.0035776  4
600  119941  0.137986  0.529117  0.899734  0.226505  -0.00647394  4
700  119884  0.147056  0.533195  0.894214  0.23041  -0.0211727  4
800  119880  0.145707  0.522941  0.893231  0.23605  -0.015007  4
900  119668  0.145338  0.518657  0.895537  0.248871  -0.00699223  4
1000  119900  0.148803  0.512702  0.89606  0.259582  -0.017643  4
1100  119462  0.148098  0.505805  0.892642  0.276135  -0.00870374  4
1200  119940  0.149179  0.504654  0.895625  0.281416  0.0181446  4
1300  120225  0.148499  0.506514  0.896009  0.286747  -0.00160958  4
1400  120072  0.145955  0.512526  0.899501  0.288361  -0.00108211  4
1500  120274  0.147051  0.509683  0.898718  0.290918  -0.00804831  4
1600  119945  0.14222  0.50238  0.900347  0.293646  0.00584279  4
1700  119885  0.148231  0.503398  0.897966  0.300373  -0.0069459  4
1800  120113  0.140406  0.50932  0.903257  0.302573  -0.0272556  4
1900  119552  0.142363  0.504453  0.898371  0.290657  0.00590712  4
2000  119965  0.142536  0.496837  0.901369  0.299225  0.0108855  4
2100  119829  0.142689  0.484224  0.897873  0.307122  0.0181492  4
2200  119631  0.143033  0.48194  0.900062  0.30377  0.0316131  4
2300  120072  0.141082  0.478616  0.900677  0.291944  -0.0189022  4
2400  120565  0.142146  0.459484  0.899119  0.301236  -0.0012371  4
2500  119710  0.144885  0.464599  0.89995  0.310643  0.0129347  4
2600  119881  0.141704  0.455495  0.903655  0.323502  -0.0543559  4
2700  120121  0.141451  0.466574  0.903637  0.322553  -0.0427233  4
2800  120150  0.143673  0.465746  0.900764  0.320722  -0.0263265  4
2900  120331  0.143557  0.464012  0.901245  0.319348  -0.0180757  4
3000  120671  0.141855  0.456012  0.903397  0.320405  -0.0530583  4
3100  120288  0.139669  0.456484  0.903326  0.317354  -0.0534285  4
3200  120563  0.140541  0.442836  0.902847  0.318086  -0.0430396  4
3300  120159  0.141187  0.439901  0.902617  0.323641  0.00252651  4
3400  120230  0.14053  0.454373  0.899409  0.313641  0.00540316  4
3500  119907  0.14124  0.446725  0.894092  0.312064  -0.00275823  4
3600  120173  0.139052  0.451056  0.900019  0.327339  -0.00734663  4
3700  119840  0.138788  0.459866  0.89766  0.319028  -0.0052739  4
3800  120500  0.144271  0.458652  0.896028  0.326668  -0.0214905  4
3900  120132  0.140607  0.468381  0.899704  0.323343  0.00525766  4
4000  120060  0.135209  0.466779  0.900309  0.32222  -0.0165056  4
4100  119797  0.141023  0.461195  0.898401  0.314044  -0.0249266  4
4200  120305  0.138408  0.453807  0.896909  0.313207  -0.0415627  4
4300  120234  0.140039  0.443408  0.900453  0.320643  -0.0249355  4
4400  119860  0.138332  0.439544  0.902001  0.332051  0.0422606  4
4500  119813  0.138845  0.431932  0.903953  0.342349  0.0454607  4
4600  120370  0.137369  0.441065  0.902808  0.336535  0.0313496  4
4700  120080  0.137243  0.446445  0.902698  0.337548  0.0437311  4
4800  119369  0.137525  0.439695  0.902816  0.342617  0.0695255  4
4900  120186  0.140218  0.438376  0.902744  0.344218  0.049394  4
5000  120414  0.139953  0.435071  0.905055  0.362211  0.00423176  4
5100  119949  0.139571  0.435066  0.904546  0.365774  0.00879356  4
5200  120462  0.144357  0.440269  0.904025  0.372372  -0.011609  4
5300  120050  0.138719  0.438354  0.906903  0.384467  -0.0211512  4
5400  120079  0.135354  0.446658  0.908853  0.392504  -0.01065  4
5500  120500  0.136546  0.429173  0.913145  0.400524  -0.0393084  4
5600  120209  0.13769  0.430126  0.913787  0.401516  -0.0524995  4
5700  120808  0.14003  0.425223  0.914967  0.417597  -0.0669875  4
5800  119409  0.135598  0.42028  0.91304  0.414029  -0.0339045  4
5900  120813  0.139352  0.42379  0.914635  0.427162  -0.00669649  4
6000  119899  0.135428  0.425451  0.917063  0.427962  0.0195775  4
6100  120188  0.136357  0.432514  0.917409  0.434666  0.0403744  4
6200  120181  0.138883  0.426691  0.918358  0.434027  0.0280373  4
6300  119876  0.133873  0.419449  0.920194  0.44222  0.0321711  4
6400  120089  0.135223  0.423276  0.922548  0.458268  0.0369007  4
6500  120510  0.135714  0.416002  0.92128  0.452535  0.0408612  4
6600  120621  0.134926  0.412238  0.924825  0.468712  0.0435288  4
6700  120443  0.137779  0.421769  0.924386  0.477678  0.00235255  4
6800  120343  0.134253  0.421786  0.926313  0.476835  0.0181456  4
6900  120777  0.141529  0.419548  0.927627  0.4841  0.0258374  4
7000  120632  0.139538  0.414124  0.92966  0.503226  0.0157602  4
7100  120306  0.138187  0.407406  0.93084  0.51781  0.0246541  4
7200  120278  0.136321  0.402636  0.930674  0.516706  0.0263486  4
7300  120167  0.133553  0.403288  0.93103  0.516636  0.0744721  4
7400  120605  0.141166  0.397764  0.929646  0.520414  0.0623452  4
7500  120309  0.137735  0.394798  0.932728  0.524119  0.0654811  4
7600  120208  0.13749  0.396596  0.934147  0.531711  0.0683588  4
7700  120686  0.136933  0.39258  0.932576  0.527706  0.0491928  4
7800  120752  0.135032  0.388576  0.935309  0.542412  0.053104  4
7900  120029  0.137138  0.389175  0.935722  0.543985  0.0614607  4
8000  120860  0.135609  0.39835  0.936653  0.54102  0.0267992  4
8100  120843  0.139507  0.396091  0.936941  0.537765  0.0133927  4
8200  120376  0.137582  0.390023  0.935729  0.534096  0.0356632  4
8300  120612  0.132683  0.388286  0.937408  0.540976  0.00931051  4
8400  120525  0.137318  0.384303  0.936655  0.541069  0.0382564  4
8500  121028  0.136765  0.389196  0.936894  0.542999  0.0208045  4
8600  119794  0.129323  0.390865  0.940833  0.55861  -0.0406659  4
8700  120196  0.134704  0.385995  0.94169  0.567344  -0.0443025  4
8800  120304  0.134185  0.389242  0.943472  0.577585  -0.0503164  4
8900  120088  0.136474  0.389233  0.944991  0.583436  -0.0732229  4
9000  120572  0.133467  0.397135  0.949226  0.596559  -0.0908251  4
9100  120705  0.132834  0.401815  0.949534  0.595271  -0.100814  4
9200  120022  0.130835  0.398934  0.947023  0.58649  -0.087374  4
9300  120507  0.129777  0.402328  0.950749  0.605994  -0.0968325  4
9400  120886  0.135914  0.39467  0.953199  0.617986  -0.0923489  4
9500  120006  0.131517  0.394778  0.955023  0.626624  -0.0814318  4
9600  120665  0.132109  0.401956  0.955734  0.633066  -0.0810923  4
9700  120562  0.132808  0.403866  0.957174  0.639678  -0.0739192  4
9800  120016  0.133299  0.40429  0.957819  0.643093  -0.115225  4
9900  120824  0.135497  0.401694  0.959132  0.647883  -0.104771  4
