t meta_n emi  mean_info  tr1  tr2  tr3  strategy
0  122029  0.099392  0.49485  0.900028  0.000758362  6.2624e-05  4
100  118140  0.112473  0.237803  0.89697  0.0720276  -0.00249622  4
200  118976  0.126496  0.135225  0.889012  0.1228  -0.00381103  4
300  118360  0.137954  0.0954096  0.881428  0.167161  0.000471737  4
400  118832  0.14357  0.0795476  0.877271  0.189225  0.00741588  4
500  118341  0.150374  0.0726284  0.873521  0.210808  0.0235215  4
600  118704  0.156507  0.0721244  0.867926  0.224688  0.0163851  4
700  119197  0.159582  0.0722703  0.866641  0.237106  0.025044  4
800  118650  0.155694  0.0656494  0.871612  0.249996  0.024839  4
900  118473  0.156624  0.0612727  0.867966  0.247045  0.018281  4
1000  118730  0.154499  0.0595876  0.869117  0.242118  0.019443  4
1100  118763  0.16128  0.0625885  0.862759  0.244392  0.0323072  4
1200  118563  0.160307  0.0605215  0.861129  0.238288  0.0190075  4
1300  118808  0.161641  0.0556717  0.860808  0.23983  -0.00597061  4
1400  118670  0.162483  0.0543765  0.859716  0.239844  -0.0237447  4
1500  118408  0.161074  0.0527054  0.86182  0.247162  -0.0481203  4
1600  118783  0.15621  0.0520654  0.86553  0.257701  -0.0363528  4
1700  118754  0.158004  0.0516131  0.863023  0.263465  -0.0715672  4
1800  118848  0.160199  0.0487825  0.865119  0.264814  -0.0617366  4
1900  118650  0.161753  0.0452509  0.861216  0.257053  -0.0465368  4
2000  119179  0.156045  0.0451102  0.863184  0.248226  -0.0878142  4
2100  118630  0.157041  0.0438865  0.860978  0.245735  -0.0721188  4
2200  118697  0.157916  0.0398656  0.858046  0.244826  -0.0532864  4
2300  119057  0.158709  0.0415355  0.862213  0.254339  -0.0478337  4
2400  119211  0.156527  0.0395504  0.86174  0.248281  -0.109795  4
2500  119229  0.154489  0.0390102  0.860478  0.253939  -0.0980512  4
2600  118017  0.154868  0.0391834  0.861659  0.261338  -0.106419  4
2700  118791  0.158713  0.0353728  0.858609  0.259204  -0.142522  4
2800  118884  0.159818  0.0382686  0.859472  0.263047  -0.176308  4
2900  118561  0.155314  0.0338273  0.864919  0.264913  -0.173356  4
3000  119036  0.15605  0.0323225  0.864871  0.262795  -0.172338  4
3100  118532  0.154129  0.0320315  0.860126  0.243522  -0.173301  4
3200  119282  0.155803  0.0315551  0.858607  0.241692  -0.214941  4
3300  119576  0.155365  0.031991  0.857875  0.239462  -0.287772  4
3400  119120  0.15302  0.0294392  0.857284  0.23945  -0.351005  4
3500  119300  0.155515  0.0279265  0.858188  0.229077  -0.327356  4
3600  118448  0.152021  0.0229648  0.857001  0.220006  -0.370833  4
3700  119490  0.152582  0.0242557  0.857915  0.215408  -0.421523  4
3800  119563  0.148078  0.0267509  0.861112  0.231018  -0.432904  4
3900  119859  0.154218  0.0251296  0.85887  0.230372  -0.427841  4
4000  118443  0.149815  0.0273626  0.856495  0.23013  -0.383303  4
4100  118991  0.153379  0.0243127  0.856946  0.234212  -0.416563  4
4200  118847  0.150603  0.0227792  0.857348  0.230991  -0.399885  4
4300  118579  0.151494  0.0234081  0.858363  0.231362  -0.355661  4
4400  118786  0.15036  0.0227727  0.858037  0.234842  -0.378025  4
4500  118924  0.148692  0.0218392  0.859205  0.239802  -0.388556  4
4600  119159  0.153745  0.020611  0.856624  0.233825  -0.40187  4
4700  118966  0.156496  0.0201719  0.853161  0.232761  -0.409188  4
4800  118907  0.154908  0.0194646  0.851772  0.227507  -0.442584  4
4900  119330  0.152711  0.0210475  0.850386  0.220235  -0.440784  4
5000  119204  0.156433  0.0187342  0.848803  0.223644  -0.469512  4
5100  119322  0.15217  0.0188141  0.849613  0.229645  -0.441012  4
5200  119539  0.157913  0.0160396  0.848467  0.224107  -0.439468  4
5300  118934  0.155758  0.0164425  0.850453  0.230997  -0.444425  4
5400  118874  0.154541  0.01341  0.850999  0.223949  -0.465001  4
5500  118885  0.152069  0.0128786  0.850834  0.21738  -0.435874  4
5600  119086  0.151515  0.0140389  0.850986  0.214674  -0.417744  4
5700  119026  0.152183  0.0153612  0.850627  0.212289  -0.428102  4
5800  119270  0.152623  0.0154148  0.846833  0.19929  -0.415515  4
5900  118889  0.149506  0.014391  0.845994  0.196598  -0.387012  4
6000  118623  0.151294  0.0123421  0.845397  0.195252  -0.397779  4
6100  118882  0.153444  0.0133696  0.84549  0.199101  -0.383014  4
6200  119405  0.152799  0.0112092  0.844071  0.191887  -0.376713  4
6300  118723  0.151016  0.0106994  0.842298  0.179907  -0.377286  4
6400  119672  0.153756  0.0101423  0.84204  0.187374  -0.393758  4
6500  119644  0.154218  0.010033  0.841741  0.181509  -0.409876  4
6600  119199  0.154859  0.0110419  0.839315  0.177978  -0.415384  4
6700  119008  0.152481  0.0100655  0.837705  0.171287  -0.427756  4
6800  118471  0.154151  0.00909445  0.837975  0.171311  -0.452346  4
6900  119042  0.15454  0.0096979  0.836402  0.173428  -0.417281  4
7000  119062  0.153761  0.00941754  0.836079  0.16397  -0.402782  4
7100  119112  0.154381  0.00949059  0.835718  0.166728  -0.386234  4
7200  118908  0.157538  0.00823063  0.83419  0.163596  -0.376317  4
7300  119247  0.158408  0.00774917  0.834955  0.169659  -0.385631  4
7400  119383  0.155556  0.00793413  0.836801  0.169168  -0.443336  4
7500  119342  0.155001  0.00795669  0.837281  0.161403  -0.480367  4
7600  119312  0.151953  0.00609465  0.83903  0.171764  -0.470547  4
7700  119474  0.150875  0.00642053  0.839484  0.172074  -0.486434  4
7800  119842  0.15323  0.00675823  0.839276  0.172466  -0.49696  4
7900  119794  0.15115  0.0062538  0.838237  0.169383  -0.53018  4
8000  119369  0.152876  0.00561615  0.837578  0.172256  -0.540948  4
8100  119070  0.149228  0.00488755  0.837808  0.169578  -0.55973  4
8200  119031  0.151379  0.00596158  0.84128  0.177847  -0.550741  4
8300  118954  0.149094  0.00580101  0.839554  0.167623  -0.507788  4
8400  118837  0.151122  0.00486436  0.839986  0.169123  -0.534978  4
8500  119074  0.149724  0.00580637  0.84197  0.173405  -0.498093  4
8600  119197  0.149544  0.00634106  0.841212  0.175287  -0.487454  4
8700  119025  0.150053  0.00638096  0.840835  0.174054  -0.463607  4
8800  119988  0.151063  0.00569911  0.840518  0.171455  -0.471158  4
8900  119096  0.150309  0.00427043  0.840401  0.172264  -0.469771  4
9000  119441  0.148694  0.0040815  0.841097  0.17406  -0.471638  4
9100  119654  0.151582  0.00339455  0.842407  0.176257  -0.486601  4
9200  119550  0.147177  0.00307118  0.843515  0.177469  -0.485586  4
9300  119057  0.147391  0.00344356  0.843046  0.17156  -0.477535  4
9400  119318  0.148834  0.0038988  0.840473  0.165165  -0.456546  4
9500  119465  0.148585  0.00419582  0.840984  0.165258  -0.434705  4
9600  118981  0.149921  0.00439567  0.840433  0.160339  -0.437984  4
9700  119213  0.147076  0.00466031  0.840549  0.156323  -0.437023  4
9800  119268  0.149048  0.00347571  0.840036  0.155765  -0.423025  4
9900  119553  0.150711  0.00255373  0.839398  0.151264  -0.449193  4
