t meta_n emi  mean_info  tr1  tr2  tr3  strategy
0  120305  0.099512  0.494585  0.899927  0.000771626  -2.14746e-05  4
100  118566  0.111781  0.136697  0.893524  0.0675822  -0.00163764  4
200  119003  0.130116  0.0700579  0.885286  0.126511  0.00419895  4
300  119079  0.138075  0.050751  0.878743  0.163143  0.00294316  4
400  118308  0.146427  0.0475375  0.874312  0.186165  -0.000865739  4
500  118225  0.151852  0.045447  0.864504  0.198332  0.00682067  4
600  118581  0.156737  0.0410271  0.864782  0.211962  0.0121488  4
700  118623  0.16121  0.0395934  0.859725  0.216778  0.0251694  4
800  118380  0.163071  0.0356016  0.856942  0.223545  0.0149051  4
900  118714  0.157883  0.039534  0.862102  0.244114  0.0120633  4
1000  118183  0.166809  0.0347385  0.855199  0.246996  0.0363216  4
1100  118732  0.169341  0.0347461  0.852164  0.235699  0.0316691  4
1200  118585  0.166213  0.0327163  0.851551  0.235239  0.0113311  4
1300  117927  0.165375  0.0344909  0.85125  0.236966  0.0018025  4
1400  118650  0.167786  0.033382  0.852297  0.237843  0.00263588  4
1500  118064  0.163875  0.0288555  0.849994  0.233721  -0.00641527  4
1600  119425  0.167125  0.028939  0.849206  0.237909  -0.00601373  4
1700  117998  0.168233  0.0309673  0.851451  0.246374  0.0145896  4
1800  118838  0.165347  0.0283947  0.85023  0.248831  0.0302978  4
1900  118735  0.165112  0.0280946  0.851927  0.247824  0.0406236  4
2000  118371  0.161214  0.0264401  0.855446  0.249953  0.0231372  4
2100  118314  0.160275  0.0259318  0.858892  0.257737  0.025681  4
2200  119112  0.160878  0.0254329  0.854602  0.246998  0.0103539  4
2300  118734  0.158641  0.0230231  0.857074  0.240854  -0.0127414  4
2400  118836  0.166274  0.023117  0.855083  0.248045  0.0280316  4
2500  118567  0.163383  0.0226488  0.853079  0.245834  0.0623629  4
2600  119494  0.165105  0.0207176  0.850351  0.242443  0.0417175  4
2700  118786  0.160153  0.0202492  0.852485  0.233065  0.0679189  4
2800  118885  0.159898  0.0211547  0.853293  0.235259  0.0641791  4
2900  118580  0.157877  0.0207207  0.855029  0.237  0.0911756  4
3000  119214  0.161208  0.0186969  0.85355  0.229827  0.0833228  4
3100  119220  0.15613  0.0188175  0.856309  0.233868  0.0839912  4
3200  118927  0.153661  0.0171547  0.854434  0.220505  0.136445  4
3300  119172  0.152745  0.0190574  0.85347  0.2142  0.20226  4
3400  119216  0.157509  0.0170711  0.852877  0.211144  0.225829  4
3500  119043  0.152695  0.0150739  0.854702  0.20873  0.297514  4
3600  119019  0.153068  0.0163145  0.851168  0.200733  0.325767  4
3700  119029  0.153377  0.0141435  0.851498  0.197288  0.373193  4
3800  119168  0.152392  0.0136534  0.852908  0.201307  0.406304  4
3900  119084  0.152987  0.0124502  0.850523  0.205485  0.396633  4
4000  119341  0.15684  0.0121535  0.846725  0.202029  0.38684  4
4100  119463  0.155776  0.0115832  0.84639  0.206501  0.406853  4
4200  119029  0.157949  0.0114469  0.845974  0.204693  0.433287  4
4300  118723  0.155655  0.0113272  0.844264  0.20429  0.479496  4
4400  118693  0.158415  0.0112168  0.847091  0.210421  0.535004  4
4500  119520  0.157871  0.0117028  0.845812  0.200787  0.500041  4
4600  118676  0.152436  0.0113069  0.847509  0.195627  0.528051  4
4700  118936  0.154317  0.0122966  0.844831  0.189292  0.524386  4
4800  119149  0.157486  0.0111661  0.84481  0.189431  0.51847  4
4900  118998  0.155065  0.00961674  0.842296  0.18467  0.55129  4
5000  119372  0.155323  0.00924844  0.840444  0.173709  0.547112  4
5100  118859  0.153508  0.0082506  0.843015  0.175939  0.539572  4
5200  119058  0.156178  0.00864271  0.842584  0.173305  0.494318  4
5300  119192  0.152813  0.00781376  0.84242  0.175223  0.515338  4
5400  118745  0.154019  0.00667118  0.839205  0.168373  0.523919  4
5500  119631  0.155219  0.00610459  0.839802  0.165815  0.521721  4
5600  118969  0.157986  0.00784243  0.837425  0.167253  0.518005  4
5700  119520  0.154581  0.0066635  0.834423  0.160702  0.529831  4
5800  118954  0.155697  0.00713895  0.834827  0.162732  0.532722  4
5900  118823  0.156025  0.00700219  0.835262  0.160702  0.543755  4
6000  119041  0.153705  0.00568404  0.837676  0.169666  0.561772  4
6100  118523  0.15681  0.00567513  0.838518  0.173703  0.587088  4
6200  119444  0.153808  0.00509059  0.841525  0.169686  0.633104  4
6300  119005  0.150623  0.00575504  0.841552  0.170209  0.66397  4
6400  119305  0.150018  0.00535363  0.839698  0.16653  0.722354  4
6500  118593  0.153206  0.00504474  0.837397  0.163068  0.71043  4
6600  119078  0.151768  0.00492721  0.838016  0.168057  0.716655  4
6700  119042  0.151662  0.00439481  0.838504  0.169772  0.706685  4
6800  118801  0.155441  0.00519657  0.836333  0.166429  0.666106  4
6900  119165  0.153387  0.00433586  0.835109  0.156716  0.657604  4
7000  118891  0.157133  0.00468523  0.833236  0.158549  0.631373  4
7100  118841  0.159193  0.00339412  0.833371  0.158379  0.626088  4
7200  118753  0.153813  0.00401711  0.832838  0.154617  0.64658  4
7300  119163  0.154985  0.00366256  0.83125  0.146993  0.632637  4
7400  119493  0.154602  0.00361614  0.830263  0.140958  0.640731  4
7500  119361  0.155672  0.00380601  0.829911  0.148708  0.649034  4
7600  118699  0.158004  0.00337774  0.831406  0.150899  0.630491  4
7700  118739  0.153246  0.0029369  0.830739  0.146358  0.573985  4
7800  119559  0.157246  0.00291292  0.831163  0.145269  0.541077  4
7900  118861  0.15198  0.00240083  0.832481  0.150088  0.556933  4
8000  118944  0.152333  0.00281815  0.8343  0.151401  0.53656  4
8100  119599  0.155135  0.00239367  0.83427  0.157677  0.568965  4
8200  118826  0.155499  0.00293274  0.833922  0.160237  0.573623  4
8300  118692  0.157129  0.00332467  0.833535  0.16225  0.561896  4
8400  119314  0.155495  0.00270163  0.833821  0.158247  0.598469  4
8500  119380  0.153218  0.00292321  0.834746  0.155329  0.599361  4
8600  118509  0.152748  0.00225843  0.834315  0.154583  0.55463  4
8700  119249  0.151623  0.00229599  0.833728  0.150546  0.57152  4
8800  119109  0.151712  0.00208451  0.834598  0.149367  0.620249  4
8900  119428  0.153057  0.00206918  0.835742  0.153697  0.613997  4
9000  118976  0.150589  0.00176512  0.834548  0.149203  0.64799  4
9100  119251  0.148065  0.00194607  0.833865  0.144345  0.658286  4
9200  119540  0.152456  0.00190179  0.834569  0.14335  0.668476  4
9300  119354  0.152611  0.00216332  0.835041  0.146761  0.684837  4
9400  119191  0.153215  0.00178075  0.834994  0.147221  0.691724  4
9500  119330  0.149394  0.00146044  0.835369  0.148956  0.673384  4
9600  119218  0.152437  0.00159142  0.834255  0.142477  0.664642  4
9700  119414  0.152227  0.001768  0.833231  0.137921  0.650571  4
9800  118241  0.150017  0.00188584  0.83281  0.139876  0.612594  4
9900  119213  0.149993  0.0014718  0.833789  0.134429  0.620725  4
