t meta_n emi  mean_info  tr1  tr2  tr3  strategy
0  121879  0.099328  0.496718  0.90002  0.0007845  5.95071e-05  4
100  118538  0.108062  0.274098  0.900191  0.0720072  -0.000134626  4
200  119238  0.132564  0.171703  0.878099  0.118298  0.00500812  4
300  118569  0.138248  0.130882  0.879527  0.158734  -0.003426  4
400  119021  0.141423  0.107694  0.876792  0.176912  -0.0183399  4
500  119417  0.146455  0.0980065  0.873486  0.199226  -0.0204782  4
600  118608  0.154518  0.0906718  0.870934  0.220815  -0.00793928  4
700  118972  0.152869  0.0874892  0.871873  0.227748  0.0119129  4
800  118539  0.151644  0.0897059  0.873873  0.238862  0.0108319  4
900  118911  0.158536  0.084076  0.866379  0.243474  0.00893101  4
1000  118719  0.156493  0.079418  0.867957  0.248389  0.0103595  4
1100  118997  0.157903  0.0752365  0.869519  0.253228  0.0267576  4
1200  118673  0.157099  0.0744758  0.867494  0.248102  0.0367732  4
1300  119061  0.165243  0.0718665  0.86428  0.25872  0.0818204  4
1400  118741  0.159141  0.0731449  0.868085  0.256591  0.111296  4
1500  118530  0.155587  0.0736602  0.867628  0.263104  0.136826  4
1600  119098  0.158036  0.0698733  0.866803  0.263826  0.13693  4
1700  118812  0.15778  0.0648895  0.869103  0.267574  0.136067  4
1800  118980  0.157401  0.0633634  0.864481  0.253678  0.152733  4
1900  119214  0.15715  0.0647706  0.865236  0.258417  0.179614  4
2000  118744  0.156275  0.0606623  0.869382  0.270206  0.183499  4
2100  119592  0.156669  0.0556825  0.867075  0.262714  0.233343  4
2200  118951  0.159862  0.0567742  0.864427  0.246159  0.242179  4
2300  118581  0.154705  0.058847  0.862775  0.250593  0.220322  4
2400  118532  0.158083  0.0560441  0.860541  0.254172  0.260586  4
2500  118886  0.157144  0.0535493  0.860668  0.250878  0.256908  4
2600  118630  0.157481  0.0538479  0.860759  0.248077  0.265113  4
2700  119007  0.158035  0.0548413  0.858796  0.241593  0.250092  4
2800  119070  0.158152  0.0499258  0.857545  0.234585  0.212861  4
2900  119216  0.154793  0.0442645  0.856957  0.228889  0.168973  4
3000  118829  0.155628  0.0478268  0.85583  0.22925  0.126287  4
3100  118876  0.153238  0.043569  0.854938  0.220655  0.154444  4
3200  118569  0.150007  0.0426807  0.858864  0.2157  0.172449  4
3300  118983  0.156016  0.0442129  0.853776  0.207182  0.146484  4
3400  118961  0.150614  0.0416919  0.85436  0.211453  0.208336  4
3500  119358  0.155926  0.0412326  0.853508  0.209055  0.257775  4
3600  119623  0.157409  0.0413238  0.852761  0.218487  0.250897  4
3700  119485  0.155124  0.037054  0.853588  0.221448  0.262047  4
3800  118856  0.153745  0.0332902  0.854896  0.225487  0.242732  4
3900  118889  0.151229  0.0331875  0.852992  0.21074  0.316017  4
4000  118827  0.156479  0.0343032  0.849081  0.200722  0.324844  4
4100  119531  0.154575  0.0388365  0.846613  0.195288  0.306104  4
4200  119364  0.154291  0.0342627  0.846691  0.196884  0.331877  4
4300  118485  0.155239  0.0314312  0.843726  0.186757  0.328862  4
4400  119535  0.154204  0.0301641  0.843995  0.185238  0.329468  4
4500  118853  0.15099  0.0312382  0.844467  0.185458  0.385133  4
4600  119170  0.155063  0.0328878  0.844254  0.187622  0.384779  4
4700  119356  0.155163  0.0289155  0.844608  0.183127  0.35828  4
4800  119327  0.154618  0.0280284  0.845867  0.183582  0.310382  4
4900  118921  0.15397  0.0249257  0.845676  0.187515  0.301851  4
5000  118843  0.153439  0.0246691  0.844926  0.181554  0.280577  4
5100  119724  0.152191  0.0237822  0.846501  0.181683  0.293562  4
5200  118637  0.151706  0.0208172  0.845004  0.185079  0.272539  4
5300  118804  0.1525  0.0205289  0.843873  0.175188  0.25569  4
5400  119547  0.150873  0.0219806  0.845556  0.172355  0.262931  4
5500  118789  0.149121  0.0211762  0.847242  0.176395  0.27397  4
5600  118577  0.147002  0.0191308  0.848331  0.177614  0.277864  4
5700  118944  0.150401  0.018713  0.846765  0.181216  0.292675  4
5800  118765  0.148335  0.0195218  0.843404  0.172756  0.265921  4
5900  118767  0.152748  0.0207768  0.844047  0.178766  0.287407  4
6000  118693  0.150746  0.018954  0.845355  0.179711  0.327978  4
6100  119819  0.147957  0.0191092  0.846631  0.175624  0.293905  4
6200  118931  0.149731  0.0163483  0.845643  0.176269  0.279069  4
6300  119649  0.152297  0.0180499  0.845323  0.181654  0.265313  4
6400  119661  0.152329  0.0152119  0.8465  0.18477  0.268875  4
6500  119451  0.153934  0.0171212  0.844143  0.182538  0.25208  4
6600  119480  0.152084  0.0155316  0.84333  0.172138  0.278034  4
6700  118996  0.149476  0.0162926  0.844759  0.170918  0.308604  4
6800  119148  0.148801  0.0149651  0.845742  0.184312  0.320676  4
6900  119305  0.149994  0.015585  0.843972  0.181469  0.410529  4
7000  119075  0.151903  0.0132877  0.845131  0.183027  0.407914  4
7100  119190  0.151233  0.0119122  0.844197  0.18438  0.412187  4
7200  119213  0.150574  0.0118099  0.843949  0.183052  0.399108  4
7300  119176  0.146278  0.0114682  0.845843  0.183768  0.39737  4
7400  119099  0.147886  0.0106642  0.847227  0.188091  0.402696  4
7500  118871  0.14934  0.010379  0.848862  0.193493  0.378437  4
7600  119379  0.149863  0.00975571  0.848601  0.194546  0.376714  4
7700  119305  0.150627  0.0103304  0.847161  0.187243  0.364652  4
7800  119963  0.149494  0.0106173  0.847353  0.1831  0.373898  4
7900  119346  0.148552  0.00894296  0.84798  0.17823  0.407112  4
8000  119362  0.146335  0.00834185  0.846019  0.174411  0.391484  4
8100  119314  0.146916  0.00753604  0.845534  0.175303  0.44027  4
8200  118727  0.14668  0.00942624  0.847521  0.174282  0.455946  4
8300  119332  0.144386  0.00742002  0.848007  0.174626  0.449161  4
8400  118585  0.144414  0.00622609  0.84599  0.172435  0.451105  4
8500  119106  0.144032  0.00603027  0.847425  0.1653  0.468925  4
8600  119547  0.146091  0.00613735  0.846853  0.162095  0.524066  4
8700  118857  0.14544  0.00476883  0.847253  0.159429  0.510178  4
8800  119420  0.145146  0.00468078  0.848459  0.174224  0.524607  4
8900  119159  0.14561  0.00542987  0.849459  0.174628  0.561127  4
9000  119149  0.143667  0.00637819  0.849836  0.178082  0.561087  4
9100  119376  0.146527  0.005421  0.847725  0.17366  0.562766  4
9200  119545  0.143887  0.00509235  0.847757  0.175545  0.608817  4
9300  118942  0.147622  0.00528973  0.846494  0.179939  0.634072  4
9400  119055  0.147015  0.00646636  0.84669  0.175687  0.661046  4
9500  119642  0.147927  0.00599716  0.845423  0.171299  0.678964  4
9600  119077  0.145392  0.00563045  0.846216  0.175256  0.669965  4
9700  119202  0.148225  0.00600842  0.846514  0.175308  0.668763  4
9800  119369  0.143723  0.00519379  0.846376  0.170454  0.642088  4
9900  119486  0.145914  0.00506961  0.845297  0.164019  0.663197  4
