t meta_n emi  mean_info  tr1  tr2  tr3  strategy
0  121695  0.099872  0.49287  0.899968  0.000762598  3.39536e-05  4
100  118609  0.11059  0.20066  0.896671  0.0717535  -0.00141114  4
200  119043  0.132579  0.109405  0.881683  0.126645  -0.0018117  4
300  118780  0.143595  0.0842693  0.874314  0.163005  -0.0108894  4
400  118872  0.146736  0.0742497  0.871001  0.183946  -0.00119606  4
500  118763  0.154804  0.0643867  0.865803  0.202394  -0.0063664  4
600  118595  0.156879  0.0647649  0.862559  0.213692  0.011202  4
700  118795  0.157844  0.0624718  0.862269  0.215897  0.02306  4
800  118902  0.156675  0.060444  0.859631  0.215493  0.0474203  4
900  118854  0.161741  0.0566421  0.860829  0.238565  0.0426729  4
1000  118575  0.161608  0.0527249  0.86227  0.244346  0.0616662  4
1100  118664  0.160676  0.0525517  0.862991  0.251586  0.0888701  4
1200  118950  0.15696  0.0519789  0.866341  0.255467  0.0971848  4
1300  118282  0.161628  0.0476087  0.8636  0.249627  0.0777193  4
1400  118849  0.158778  0.0462976  0.86381  0.246308  0.0739203  4
1500  118769  0.156906  0.0472997  0.868208  0.263083  0.0607557  4
1600  118839  0.158799  0.0434608  0.868757  0.265482  0.10337  4
1700  118446  0.155579  0.0422636  0.86857  0.272609  0.0832621  4
1800  118918  0.161174  0.0410649  0.865149  0.272189  0.067235  4
1900  119078  0.164251  0.0408367  0.86234  0.27205  0.0583737  4
2000  118667  0.158057  0.0401407  0.864398  0.263393  0.0341212  4
2100  118665  0.157129  0.0402443  0.862329  0.255576  0.0459338  4
2200  118680  0.156966  0.036098  0.861974  0.244289  0.0524016  4
2300  118889  0.159632  0.0372666  0.85779  0.236712  0.0980149  4
2400  119049  0.161634  0.0354762  0.855202  0.233665  0.122839  4
2500  118691  0.159166  0.0337133  0.859421  0.23726  0.0819712  4
2600  118546  0.158468  0.0325542  0.855629  0.23541  0.104593  4
2700  118598  0.162592  0.0322751  0.851921  0.238711  0.11036  4
2800  119989  0.159001  0.0299168  0.858851  0.243744  0.0717894  4
2900  118714  0.155252  0.03182  0.859929  0.241515  0.0817198  4
3000  118826  0.159455  0.029414  0.857902  0.245361  0.0715544  4
3100  119328  0.156654  0.0279835  0.858304  0.24242  0.0723551  4
3200  118541  0.156696  0.0291604  0.855779  0.236491  0.109424  4
3300  118741  0.155355  0.0271096  0.85675  0.239789  0.129493  4
3400  118187  0.157347  0.0263937  0.852505  0.240552  0.132682  4
3500  119263  0.156006  0.0257861  0.854902  0.229643  0.0897852  4
3600  118927  0.155382  0.024491  0.854079  0.231597  0.0737392  4
3700  118654  0.151901  0.023702  0.856411  0.239716  0.0649984  4
3800  119236  0.154974  0.0227958  0.856794  0.243834  0.0728174  4
3900  119233  0.152979  0.0232957  0.857395  0.235133  0.0812001  4
4000  119336  0.15169  0.0208865  0.855246  0.222315  0.0686254  4
4100  119146  0.151805  0.0214862  0.856234  0.216688  0.0675893  4
4200  119127  0.149944  0.0199344  0.854228  0.205521  0.0439361  4
4300  118887  0.149636  0.0197495  0.85321  0.197012  0.0425999  4
4400  118757  0.151364  0.0179795  0.850869  0.195516  0.0685901  4
4500  118751  0.149136  0.0168408  0.850574  0.202896  0.0187643  4
4600  119885  0.153539  0.017502  0.849822  0.19872  -0.0166097  4
4700  119682  0.155324  0.015975  0.849421  0.201463  -0.0135105  4
4800  119150  0.151356  0.0151297  0.85169  0.206466  -0.0252149  4
4900  118701  0.153064  0.0177141  0.850556  0.206536  -0.0516007  4
5000  119353  0.152691  0.0170434  0.848395  0.201527  -0.0626011  4
5100  119194  0.155762  0.0143011  0.848681  0.207877  -0.0929693  4
5200  118875  0.151262  0.0139249  0.849266  0.200435  -0.0967821  4
5300  119263  0.154892  0.0127468  0.847417  0.191864  -0.110487  4
5400  119638  0.152114  0.0123872  0.846224  0.191044  -0.110056  4
5500  119070  0.152989  0.0120172  0.844895  0.187474  -0.134503  4
5600  119089  0.150321  0.0105953  0.844033  0.182879  -0.167147  4
5700  119059  0.153527  0.0114927  0.842437  0.177548  -0.196371  4
5800  119616  0.153135  0.0102925  0.843497  0.175062  -0.167781  4
5900  119112  0.151789  0.0105005  0.842852  0.172386  -0.16784  4
6000  119226  0.146766  0.0109822  0.841432  0.168365  -0.149857  4
6100  118881  0.149607  0.0089528  0.842952  0.171892  -0.161567  4
6200  119389  0.151298  0.00989716  0.841363  0.165972  -0.17853  4
6300  118875  0.151418  0.0109097  0.842166  0.181256  -0.184498  4
6400  119135  0.149425  0.0102388  0.845689  0.185525  -0.139625  4
6500  118978  0.151268  0.00851166  0.84719  0.198279  -0.153632  4
6600  119261  0.150766  0.00791235  0.847394  0.194553  -0.163284  4
6700  119023  0.1516  0.00934893  0.844225  0.188842  -0.155236  4
6800  119288  0.152328  0.0094101  0.843961  0.18803  -0.147816  4
6900  119229  0.150116  0.0086271  0.843119  0.182583  -0.132481  4
7000  119464  0.148245  0.00728239  0.843891  0.182  -0.105868  4
7100  119555  0.150003  0.00791752  0.84384  0.177971  -0.104851  4
7200  119528  0.151406  0.00673593  0.842887  0.17633  -0.112883  4
7300  119567  0.152297  0.00686375  0.840134  0.169422  -0.10622  4
7400  119192  0.1488  0.00628135  0.841772  0.169677  -0.117714  4
7500  119502  0.148143  0.00539579  0.842228  0.172476  -0.139111  4
7600  119386  0.154385  0.0059296  0.842371  0.172838  -0.151458  4
7700  119414  0.152304  0.00599298  0.841262  0.168948  -0.140104  4
7800  119106  0.149541  0.00573228  0.840477  0.170428  -0.149384  4
7900  118925  0.151663  0.00505513  0.840012  0.171976  -0.197875  4
8000  119434  0.151043  0.00575186  0.83799  0.163526  -0.208634  4
8100  119963  0.152444  0.00476575  0.840472  0.164299  -0.236294  4
8200  118955  0.152419  0.00618672  0.841563  0.164705  -0.269922  4
8300  119199  0.146981  0.00463127  0.841808  0.166899  -0.255815  4
8400  119565  0.149253  0.00442717  0.83995  0.169719  -0.263902  4
8500  119796  0.149354  0.00405798  0.83994  0.162033  -0.257646  4
8600  118634  0.149583  0.00431968  0.841409  0.160645  -0.255624  4
8700  119267  0.149738  0.00328568  0.83951  0.155687  -0.245645  4
8800  119335  0.151631  0.00223207  0.839382  0.155595  -0.255185  4
8900  119462  0.152151  0.00320844  0.837564  0.153106  -0.284055  4
9000  119125  0.155214  0.00257127  0.83942  0.164538  -0.289378  4
9100  119424  0.153832  0.00346888  0.839348  0.165401  -0.283249  4
9200  119348  0.154498  0.00317363  0.837932  0.165523  -0.268118  4
9300  119676  0.154022  0.00311119  0.838436  0.168522  -0.269075  4
9400  119374  0.153004  0.00312336  0.837832  0.162727  -0.270759  4
9500  119400  0.151315  0.00281551  0.83852  0.161238  -0.282619  4
9600  119051  0.150111  0.00318108  0.838933  0.155976  -0.282322  4
9700  119724  0.152254  0.00320354  0.8385  0.157986  -0.281952  4
9800  119154  0.147519  0.0027581  0.837785  0.156242  -0.296453  4
9900  119188  0.151765  0.00200839  0.837897  0.154098  -0.293905  4
