t meta_n emi  mean_info  tr1  tr2  tr3  strategy
0  121677  0.10056  0.495783  0.899979  0.000784559  2.41884e-05  4
100  118294  0.108883  0.204723  0.898294  0.0679268  0.00166883  4
200  118008  0.126755  0.107985  0.883626  0.120657  0.00699204  4
300  118924  0.136771  0.0804714  0.882262  0.157858  0.00564837  4
400  118954  0.146869  0.067934  0.875679  0.187862  0.0209336  4
500  118510  0.150768  0.0611347  0.875374  0.218271  0.0309602  4
600  118941  0.151133  0.0567816  0.874825  0.227437  0.0276022  4
700  118150  0.158418  0.0558654  0.870837  0.232906  0.0304319  4
800  119002  0.161831  0.0527088  0.866549  0.235674  0.0146368  4
900  119033  0.158179  0.0532496  0.869028  0.240819  0.0483165  4
1000  118297  0.16147  0.0497909  0.864347  0.244372  0.0539719  4
1100  118804  0.159879  0.0478529  0.862688  0.242228  0.059671  4
1200  118399  0.159063  0.0482133  0.863868  0.249279  0.0701444  4
1300  118637  0.159188  0.048105  0.866476  0.255795  0.0694509  4
1400  118917  0.158918  0.0477428  0.868669  0.275158  0.0597077  4
1500  118386  0.155465  0.0468762  0.867967  0.264032  0.0567753  4
1600  118766  0.156847  0.0431634  0.863659  0.255133  0.0795766  4
1700  118133  0.156814  0.0437118  0.863984  0.259865  0.0907166  4
1800  118651  0.156215  0.0451067  0.86561  0.258891  0.102675  4
1900  119101  0.158024  0.0428608  0.864908  0.260343  0.0976838  4
2000  119032  0.163511  0.0357392  0.863378  0.270614  0.105177  4
2100  118706  0.15763  0.0346688  0.865905  0.274523  0.140424  4
2200  119047  0.158671  0.0353534  0.866962  0.270721  0.159631  4
2300  119018  0.161985  0.0336803  0.860481  0.267495  0.19397  4
2400  118635  0.159639  0.0315791  0.860461  0.255753  0.165641  4
2500  118863  0.161134  0.0321647  0.857496  0.252686  0.187052  4
2600  119172  0.159449  0.0326964  0.856368  0.252355  0.19449  4
2700  118731  0.161992  0.0324162  0.858553  0.258598  0.212224  4
2800  119065  0.160621  0.0289874  0.859827  0.250137  0.204246  4
2900  118068  0.154981  0.0307741  0.86236  0.25129  0.174959  4
3000  119193  0.15679  0.0296846  0.862374  0.253572  0.205204  4
3100  119058  0.154987  0.0286256  0.860449  0.242007  0.19701  4
3200  118626  0.159616  0.0302928  0.855722  0.239438  0.200555  4
3300  119001  0.157535  0.0253826  0.856104  0.232249  0.1721  4
3400  119210  0.155434  0.02503  0.852685  0.216616  0.155149  4
3500  119150  0.155897  0.02472  0.850136  0.212663  0.181161  4
3600  119216  0.156658  0.0234394  0.848967  0.209065  0.161022  4
3700  119336  0.152162  0.0217589  0.851469  0.206495  0.198661  4
3800  118913  0.155531  0.0234185  0.846833  0.20562  0.189742  4
3900  119147  0.159046  0.0223958  0.847858  0.206857  0.203813  4
4000  119067  0.155282  0.0216473  0.848213  0.21223  0.210007  4
4100  118730  0.155329  0.0195672  0.849323  0.211423  0.171011  4
4200  118667  0.154508  0.0206474  0.847217  0.207049  0.17094  4
4300  119210  0.154724  0.0198865  0.845737  0.201458  0.158561  4
4400  118517  0.156633  0.0195729  0.845056  0.202521  0.191128  4
4500  118598  0.154962  0.0164724  0.845078  0.201597  0.179295  4
4600  118904  0.153683  0.0162726  0.846111  0.197537  0.156421  4
4700  118591  0.153877  0.0162435  0.845715  0.18894  0.125334  4
4800  119039  0.152574  0.0162009  0.845745  0.178456  0.149449  4
4900  118962  0.152751  0.0143345  0.843162  0.176994  0.152099  4
5000  118484  0.15192  0.0140367  0.842139  0.175899  0.173044  4
5100  119439  0.153338  0.0136994  0.843872  0.188718  0.190316  4
5200  118590  0.150395  0.0132347  0.843981  0.185003  0.175612  4
5300  118752  0.152632  0.0135746  0.842875  0.187163  0.19077  4
5400  119158  0.154009  0.0127182  0.842514  0.185216  0.204247  4
5500  119116  0.153815  0.0120323  0.844061  0.18766  0.212818  4
5600  119177  0.155956  0.0124812  0.844114  0.18757  0.224224  4
5700  119819  0.155675  0.0120365  0.844915  0.17894  0.247972  4
5800  119001  0.151537  0.00992028  0.846279  0.177364  0.236511  4
5900  119408  0.151974  0.00940221  0.842032  0.175253  0.213772  4
6000  119541  0.154209  0.0089136  0.841218  0.172004  0.198701  4
6100  119124  0.153729  0.00914043  0.843079  0.17617  0.208524  4
6200  119821  0.15221  0.00855665  0.843249  0.181494  0.249128  4
6300  118643  0.148975  0.00750101  0.84557  0.187737  0.270802  4
6400  119065  0.15565  0.0084421  0.845424  0.199181  0.260181  4
6500  119890  0.156104  0.008237  0.844407  0.195776  0.26355  4
6600  119024  0.153948  0.00786521  0.842039  0.194084  0.232172  4
6700  119195  0.153117  0.00643526  0.840374  0.202692  0.232875  4
6800  118977  0.156779  0.00614908  0.840829  0.208865  0.203602  4
6900  119084  0.157961  0.00785488  0.841624  0.210307  0.19031  4
7000  118948  0.159007  0.00745205  0.844724  0.223273  0.205928  4
7100  118929  0.154254  0.00683112  0.845609  0.218874  0.214438  4
7200  118619  0.154402  0.00720904  0.843308  0.215504  0.204901  4
7300  118528  0.153362  0.00616995  0.843386  0.217343  0.189774  4
7400  118858  0.155869  0.00574927  0.844015  0.213939  0.164881  4
7500  119495  0.157844  0.0061096  0.841751  0.207729  0.150354  4
7600  119094  0.157011  0.00598294  0.84014  0.198568  0.137927  4
7700  119254  0.155266  0.00583768  0.839289  0.196621  0.175922  4
7800  119493  0.157423  0.00667385  0.840127  0.199643  0.185367  4
7900  119532  0.15636  0.00607426  0.840508  0.195566  0.170992  4
8000  119229  0.155173  0.00512652  0.84058  0.193271  0.204531  4
8100  119185  0.152124  0.00433131  0.841912  0.192147  0.201416  4
8200  119328  0.154397  0.00433399  0.841425  0.19335  0.212401  4
8300  119223  0.153002  0.0034532  0.841182  0.183733  0.227112  4
8400  119358  0.152794  0.00454121  0.841021  0.184659  0.205334  4
8500  119701  0.152578  0.00441663  0.842275  0.191723  0.221389  4
8600  119095  0.151865  0.00485323  0.841707  0.182682  0.195132  4
8700  119181  0.153925  0.003972  0.837334  0.167786  0.188173  4
8800  119199  0.152735  0.00376574  0.837069  0.156675  0.189524  4
8900  119170  0.152645  0.00335369  0.83519  0.152937  0.157251  4
9000  119725  0.15305  0.00347733  0.834848  0.156678  0.180911  4
9100  119252  0.155345  0.00318149  0.834777  0.15271  0.166705  4
9200  119183  0.153117  0.00419294  0.836797  0.15851  0.174187  4
9300  118971  0.152332  0.00297433  0.835345  0.156774  0.171167  4
9400  118735  0.151656  0.00283286  0.83643  0.161627  0.162444  4
9500  119381  0.151805  0.00235369  0.837713  0.166004  0.150956  4
9600  119603  0.153124  0.002108  0.836809  0.15982  0.139959  4
9700  119115  0.151769  0.00255118  0.83741  0.161336  0.137466  4
9800  119286  0.150475  0.00244825  0.839235  0.171044  0.0974122  4
9900  119205  0.149418  0.002587  0.841011  0.175998  0.11619  4
