t meta_n emi  mean_info  tr1  tr2  tr3  strategy
0  123064  0.100064  0.499479  0.900041  0.000736462  -0.000137016  4
100  119713  0.110241  0.438958  0.902128  0.068285  -0.00202253  4
200  119875  0.125289  0.407015  0.896403  0.119054  -0.00618757  4
300  119379  0.133161  0.388537  0.891473  0.161767  -0.00219238  4
400  118990  0.137428  0.363318  0.890245  0.192476  0.00153987  4
500  119675  0.144352  0.334794  0.886641  0.220675  0.00738314  4
600  119652  0.145992  0.325117  0.88255  0.231188  -0.00312114  4
700  119492  0.148556  0.29846  0.882654  0.239252  0.00215133  4
800  119386  0.151371  0.288885  0.881904  0.245717  0.00505373  4
900  119692  0.148076  0.300682  0.884005  0.249807  0.000677332  4
1000  119524  0.149692  0.284463  0.8827  0.260705  0.0104337  4
1100  119133  0.152217  0.282411  0.886954  0.285051  0.0156015  4
1200  119742  0.150204  0.288217  0.885637  0.286581  0.0015208  4
1300  118856  0.154862  0.274374  0.883972  0.304775  -0.0125322  4
1400  119061  0.153117  0.27014  0.886039  0.302476  -0.0450457  4
1500  119429  0.152831  0.267611  0.886477  0.305771  -0.0333333  4
1600  119037  0.151097  0.261665  0.885199  0.304533  -0.0357896  4
1700  119147  0.151778  0.257813  0.881648  0.296995  0.0159435  4
1800  119226  0.156194  0.243032  0.880407  0.291771  0.0314663  4
1900  119590  0.15349  0.234172  0.88033  0.284585  0.020891  4
2000  119044  0.154134  0.229724  0.878394  0.285357  0.0464305  4
2100  119249  0.149109  0.214015  0.878872  0.27372  0.0752356  4
2200  119599  0.152546  0.217572  0.879505  0.285909  0.0717197  4
2300  119376  0.149344  0.222153  0.878839  0.275693  0.10418  4
2400  119557  0.149487  0.222063  0.881472  0.277766  0.109934  4
2500  118962  0.146529  0.217782  0.885663  0.285361  0.111534  4
2600  119176  0.145987  0.212538  0.884057  0.293016  0.114777  4
2700  119609  0.147373  0.21868  0.888378  0.302047  0.0983557  4
2800  119150  0.147324  0.21716  0.893207  0.316118  0.0940872  4
2900  119393  0.147382  0.212457  0.896541  0.332928  0.097379  4
3000  119668  0.150221  0.223902  0.897781  0.34745  0.0862483  4
3100  119771  0.148845  0.211919  0.897299  0.339855  0.10193  4
3200  119213  0.148877  0.206804  0.897198  0.353574  0.12487  4
3300  119592  0.148508  0.202882  0.899614  0.360193  0.116923  4
3400  119126  0.14816  0.195461  0.89951  0.358108  0.0971896  4
3500  119585  0.146841  0.202018  0.900499  0.36059  0.039395  4
3600  119461  0.145782  0.197931  0.899703  0.355395  0.0996983  4
3700  119684  0.146404  0.200312  0.901283  0.355666  0.121871  4
3800  119548  0.145759  0.197337  0.893534  0.331389  0.116663  4
3900  119576  0.149134  0.205377  0.895124  0.336769  0.124245  4
4000  119629  0.147805  0.205143  0.895453  0.342794  0.11729  4
4100  119967  0.151343  0.20882  0.89758  0.354328  0.140597  4
4200  119340  0.143362  0.210971  0.901759  0.353473  0.142636  4
4300  119481  0.146494  0.214998  0.902266  0.356816  0.133222  4
4400  119568  0.146572  0.206453  0.906445  0.375835  0.1303  4
4500  120025  0.148948  0.199598  0.909965  0.392509  0.164312  4
4600  119918  0.144541  0.203853  0.914285  0.404535  0.211665  4
4700  119113  0.142728  0.200692  0.914335  0.396826  0.207004  4
4800  119700  0.142069  0.200968  0.915996  0.398578  0.20932  4
4900  119492  0.147403  0.199053  0.921534  0.419848  0.201724  4
5000  120396  0.146909  0.205508  0.924205  0.429049  0.177951  4
5100  119452  0.147422  0.201875  0.926331  0.43634  0.193842  4
5200  120054  0.147902  0.203728  0.931079  0.447309  0.178494  4
5300  119866  0.145105  0.204142  0.934455  0.461275  0.17123  4
5400  120145  0.144152  0.210176  0.946353  0.498133  0.147843  4
5500  119735  0.147899  0.219118  0.950461  0.51716  0.161363  4
5600  119602  0.140457  0.2153  0.953775  0.521434  0.174311  4
5700  119878  0.139063  0.212923  0.958761  0.536577  0.169211  4
5800  120104  0.142704  0.207931  0.957274  0.538427  0.180661  4
5900  120145  0.141809  0.203093  0.963474  0.555188  0.185551  4
6000  119405  0.14608  0.200641  0.967053  0.562309  0.175544  4
6100  120205  0.143081  0.201934  0.970343  0.5721  0.160818  4
6200  119807  0.142438  0.205198  0.971626  0.574026  0.1276  4
6300  120305  0.14448  0.211156  0.978893  0.595115  0.18352  4
6400  120025  0.145203  0.208346  0.980447  0.597034  0.210772  4
6500  120241  0.144552  0.200356  0.97617  0.585592  0.209748  4
6600  119953  0.144035  0.196051  0.975666  0.584472  0.201934  4
6700  120125  0.142718  0.19005  0.971624  0.568182  0.192663  4
6800  119686  0.14286  0.195534  0.972393  0.573779  0.175623  4
6900  119782  0.143814  0.199682  0.975155  0.582116  0.182547  4
7000  120078  0.143934  0.201351  0.980069  0.59795  0.198919  4
7100  120911  0.146631  0.198256  0.981418  0.598635  0.232344  4
7200  120405  0.143483  0.208029  0.988475  0.624913  0.218226  4
7300  120187  0.140271  0.206135  0.987029  0.61477  0.236754  4
7400  119551  0.14278  0.209146  0.995488  0.642043  0.221925  4
7500  120267  0.13749  0.211044  0.994405  0.63369  0.234713  4
7600  119913  0.135824  0.207321  0.990491  0.616902  0.266713  4
7700  119776  0.141585  0.206207  0.991823  0.626132  0.272823  4
7800  120408  0.140398  0.201511  0.989649  0.61191  0.241809  4
7900  120055  0.13727  0.202351  0.995192  0.629805  0.242113  4
8000  120260  0.141452  0.198325  0.994207  0.631973  0.232641  4
8100  120260  0.140641  0.198617  0.992749  0.628256  0.233681  4
8200  119688  0.140191  0.199127  0.993939  0.63654  0.253392  4
8300  119944  0.142346  0.201901  0.997436  0.650452  0.21518  4
8400  120597  0.143922  0.198694  1.00203  0.666515  0.236225  4
8500  119706  0.14247  0.198307  1.00131  0.658364  0.24553  4
8600  120139  0.138118  0.199518  1.00191  0.663056  0.266278  4
8700  119578  0.140402  0.20114  1.00334  0.667496  0.293757  4
8800  120050  0.140197  0.196587  1.00462  0.667421  0.344225  4
8900  120533  0.13749  0.198642  1.00774  0.678603  0.371666  4
9000  120361  0.14215  0.194716  1.0066  0.67856  0.303363  4
9100  120113  0.141351  0.193123  1.00768  0.683436  0.314092  4
9200  119727  0.141254  0.188592  1.00589  0.676567  0.317736  4
9300  119625  0.146053  0.190958  1.00409  0.669495  0.340349  4
9400  120254  0.142753  0.192006  1.00691  0.686751  0.336499  4
9500  120057  0.138777  0.190163  1.00602  0.680884  0.355829  4
9600  119707  0.136455  0.195934  1.00924  0.688841  0.338569  4
9700  119778  0.14153  0.202784  1.01413  0.703705  0.363553  4
9800  120255  0.138712  0.20264  1.01521  0.704708  0.355261  4
9900  120871  0.14317  0.197612  1.01304  0.69703  0.35495  4
