t meta_n emi  mean_info  tr1  tr2  tr3  strategy
0  123409  0.098784  0.498643  0.89989  0.000717466  4.24136e-06  4
100  120611  0.118023  0.538018  0.901922  0.0692264  -0.00704834  4
200  120684  0.129899  0.56824  0.900308  0.120298  -0.0117177  4
300  120398  0.1364  0.60234  0.895744  0.155698  -0.00666593  4
400  120544  0.139121  0.62316  0.898035  0.179609  -0.0102653  4
500  120471  0.135419  0.63417  0.906087  0.213116  -0.00155702  4
600  120091  0.138679  0.643041  0.903603  0.225345  0.00520831  4
700  120653  0.133655  0.656069  0.910251  0.231057  0.0312133  4
800  120267  0.139387  0.657484  0.903319  0.235415  0.0132392  4
900  120151  0.136271  0.670788  0.909062  0.241678  0.0015379  4
1000  119929  0.140943  0.668879  0.904488  0.248604  -0.0125231  4
1100  120493  0.141298  0.664494  0.908153  0.262401  -0.0555068  4
1200  120867  0.142557  0.659694  0.906587  0.26595  -0.0294672  4
1300  120686  0.137041  0.648285  0.912041  0.268894  -0.0486332  4
1400  119823  0.136704  0.644606  0.912762  0.275367  -0.0327744  4
1500  120451  0.137917  0.640035  0.907148  0.273473  -0.0576511  4
1600  119847  0.13716  0.63659  0.907482  0.264462  -0.0462476  4
1700  120667  0.136947  0.636462  0.908044  0.271543  -0.0501154  4
1800  120546  0.140261  0.631384  0.905765  0.273481  -0.0724135  4
1900  120621  0.139879  0.641933  0.904931  0.263784  -0.0407598  4
2000  119873  0.135488  0.657288  0.906722  0.253153  -0.00129533  4
2100  121140  0.135187  0.664348  0.908591  0.254104  0.00101508  4
2200  120437  0.137303  0.670677  0.905414  0.251144  0.0126071  4
2300  120161  0.136411  0.663366  0.908066  0.250857  0.00503717  4
2400  120513  0.137311  0.661586  0.904863  0.243137  0.0182275  4
2500  120312  0.132589  0.674223  0.907266  0.246147  -0.0132064  4
2600  120076  0.131735  0.671556  0.906222  0.253781  -0.0395242  4
2700  120775  0.132187  0.67686  0.907182  0.244875  -0.0555675  4
2800  120595  0.132464  0.676924  0.904551  0.246928  -0.0500331  4
2900  120264  0.135707  0.663769  0.89753  0.233067  -0.0529799  4
3000  120104  0.136628  0.656743  0.898133  0.231833  -0.0835777  4
3100  120813  0.136731  0.654631  0.895458  0.221702  -0.0777664  4
3200  120472  0.134482  0.655239  0.897477  0.221975  -0.0641969  4
3300  120415  0.130412  0.650861  0.902996  0.235926  -0.0821218  4
3400  120745  0.131526  0.65575  0.902194  0.231483  -0.0610465  4
3500  120680  0.133544  0.644895  0.899938  0.22607  -0.0734653  4
3600  120481  0.1286  0.634988  0.901825  0.221368  -0.070114  4
3700  120815  0.129552  0.642259  0.902503  0.23741  -0.0577284  4
3800  121046  0.133038  0.646589  0.902671  0.239386  -0.0707504  4
3900  120428  0.128441  0.645156  0.904411  0.244464  -0.0849116  4
4000  120946  0.133464  0.656119  0.901374  0.251581  -0.101755  4
4100  121042  0.13399  0.653901  0.902883  0.257  -0.104607  4
4200  120763  0.134851  0.654352  0.902804  0.260738  -0.152337  4
4300  120865  0.133245  0.653651  0.900182  0.258473  -0.192946  4
4400  120362  0.133777  0.655516  0.899885  0.253902  -0.188943  4
4500  120634  0.12998  0.655231  0.900716  0.251337  -0.214868  4
4600  120167  0.127574  0.650462  0.901613  0.246217  -0.235485  4
4700  120884  0.129547  0.652571  0.900123  0.243629  -0.277537  4
4800  120258  0.132838  0.659358  0.897968  0.245534  -0.288559  4
4900  120688  0.133498  0.661187  0.89764  0.244473  -0.313691  4
5000  120324  0.129397  0.657321  0.898533  0.253667  -0.329573  4
5100  120722  0.131447  0.661473  0.901296  0.256206  -0.374789  4
5200  120229  0.132465  0.662496  0.901975  0.251767  -0.376597  4
5300  120602  0.128168  0.664377  0.90189  0.248204  -0.378366  4
5400  120315  0.126461  0.669454  0.901281  0.246155  -0.367325  4
5500  120739  0.128101  0.670094  0.901663  0.243218  -0.37196  4
5600  121122  0.132457  0.678748  0.899485  0.244188  -0.36998  4
5700  120769  0.132153  0.673085  0.899014  0.248161  -0.339123  4
5800  120785  0.134132  0.656688  0.897226  0.245579  -0.328069  4
5900  120194  0.133224  0.660858  0.896551  0.256486  -0.323213  4
6000  121076  0.134746  0.645328  0.897501  0.266078  -0.33758  4
6100  120870  0.132064  0.644935  0.898105  0.260495  -0.313352  4
6200  120936  0.13142  0.656288  0.896845  0.246859  -0.296262  4
6300  120071  0.129948  0.658257  0.896198  0.235058  -0.302921  4
6400  120353  0.128253  0.654513  0.900276  0.247032  -0.343396  4
6500  120511  0.130276  0.649863  0.89703  0.247936  -0.366081  4
6600  120743  0.133923  0.64561  0.897832  0.250036  -0.34542  4
6700  120393  0.128439  0.641994  0.899588  0.247882  -0.349218  4
6800  120544  0.128567  0.644586  0.900588  0.250502  -0.383978  4
6900  120764  0.125208  0.640703  0.899562  0.244589  -0.3754  4
7000  120736  0.124068  0.627466  0.90052  0.245183  -0.37033  4
7100  120956  0.129561  0.637204  0.900744  0.255407  -0.351301  4
7200  120263  0.126781  0.630274  0.898647  0.255908  -0.396947  4
7300  120964  0.12791  0.634461  0.899525  0.261686  -0.401811  4
7400  120632  0.125431  0.63161  0.899153  0.254171  -0.385586  4
7500  120392  0.127478  0.630135  0.901194  0.261687  -0.382245  4
7600  120774  0.127805  0.632267  0.900784  0.263844  -0.344927  4
7700  121331  0.13005  0.629998  0.904558  0.282306  -0.361163  4
7800  120291  0.125462  0.629954  0.903847  0.281477  -0.358299  4
7900  120599  0.125696  0.628533  0.903634  0.283032  -0.368356  4
8000  121257  0.12581  0.631697  0.90202  0.271191  -0.387348  4
8100  120667  0.124424  0.628547  0.902263  0.271564  -0.364625  4
8200  120867  0.125346  0.624738  0.901793  0.270262  -0.321356  4
8300  120424  0.124791  0.608863  0.901523  0.273631  -0.318699  4
8400  121206  0.129869  0.598031  0.901399  0.274321  -0.35545  4
8500  120671  0.124015  0.598115  0.900241  0.268821  -0.352495  4
8600  120887  0.126369  0.607684  0.900722  0.272844  -0.34246  4
8700  120740  0.127875  0.605487  0.901263  0.274233  -0.322862  4
8800  120825  0.126544  0.606769  0.901845  0.280391  -0.356916  4
8900  120932  0.125924  0.605806  0.901064  0.279893  -0.366405  4
9000  121096  0.127167  0.60586  0.901957  0.285878  -0.384189  4
9100  120978  0.128178  0.595862  0.902771  0.29302  -0.381262  4
9200  121252  0.126675  0.595882  0.901982  0.290958  -0.369226  4
9300  120895  0.130211  0.594394  0.902909  0.297846  -0.334014  4
9400  120815  0.127119  0.591937  0.901733  0.299273  -0.358163  4
9500  121003  0.126807  0.589249  0.902979  0.299225  -0.363115  4
9600  120381  0.126405  0.59948  0.901569  0.291342  -0.347906  4
9700  121093  0.128684  0.605132  0.901213  0.286098  -0.337789  4
9800  120439  0.122533  0.61074  0.901648  0.291358  -0.321753  4
9900  121199  0.131147  0.610176  0.901703  0.294769  -0.305736  4
