t meta_n emi  mean_info  tr1  tr2  tr3  strategy
0  120515  0.098984  0.492544  0.899968  0.000783098  5.21728e-05  4
100  118435  0.109519  0.164932  0.897587  0.0698695  -0.0018889  4
200  119175  0.130222  0.0840082  0.886758  0.123018  9.63329e-05  4
300  118686  0.138082  0.0646404  0.878715  0.15903  0.00679578  4
400  118523  0.143583  0.0580973  0.877688  0.184761  -0.00557418  4
500  118978  0.150328  0.0556047  0.874058  0.199663  0.00456773  4
600  118675  0.151656  0.0523079  0.871775  0.212329  -0.0143739  4
700  119062  0.156457  0.0499712  0.867212  0.221928  -0.00537818  4
800  118652  0.15385  0.0458501  0.871129  0.222388  -0.03152  4
900  118455  0.153104  0.0460554  0.869426  0.22031  -0.0400737  4
1000  118359  0.15174  0.0466989  0.866308  0.221249  -0.0591205  4
1100  118592  0.158276  0.0435271  0.863073  0.229845  -0.0139049  4
1200  119006  0.159535  0.0439354  0.863252  0.249554  0.00184218  4
1300  118438  0.15789  0.0429765  0.862696  0.245332  0.00115714  4
1400  118496  0.161047  0.0398576  0.86065  0.241266  -0.0101331  4
1500  118478  0.159362  0.0438798  0.859726  0.236015  0.00287703  4
1600  118350  0.160692  0.0402607  0.855917  0.233814  0.0158269  4
1700  118616  0.159355  0.0372455  0.860232  0.232253  0.0219268  4
1800  118778  0.158202  0.0371916  0.859344  0.228269  0.00878264  4
1900  118715  0.157825  0.0363019  0.857258  0.222062  0.0279399  4
2000  118552  0.156083  0.0328009  0.855028  0.232598  0.0418631  4
2100  118493  0.160515  0.0346963  0.85735  0.228631  0.0475526  4
2200  119241  0.155676  0.0338109  0.856974  0.228319  0.061666  4
2300  118838  0.160726  0.0317796  0.854764  0.224412  0.0460867  4
2400  119237  0.160813  0.0311044  0.85151  0.236323  0.0533341  4
2500  118900  0.165848  0.0286367  0.848779  0.240802  0.0340465  4
2600  119140  0.159547  0.028477  0.853183  0.253871  0.0694147  4
2700  118037  0.159505  0.0278328  0.856432  0.258679  0.121526  4
2800  118355  0.16053  0.0271165  0.85486  0.261553  0.0952716  4
2900  118786  0.158703  0.0239863  0.855086  0.251527  0.0821205  4
3000  119231  0.161872  0.0239784  0.853693  0.247879  0.108745  4
3100  118240  0.159333  0.0239969  0.853855  0.248557  0.112868  4
3200  119129  0.162386  0.0219468  0.85539  0.262715  0.0821918  4
3300  119197  0.162632  0.0211493  0.856155  0.257617  0.0864887  4
3400  119299  0.157681  0.0202654  0.85898  0.252591  0.0787221  4
3500  119338  0.156022  0.0201993  0.855066  0.245267  0.0769597  4
3600  119115  0.157008  0.0209766  0.858115  0.253007  0.0986402  4
3700  118912  0.160984  0.0207603  0.858231  0.270722  0.104682  4
3800  118514  0.159299  0.0185774  0.8568  0.263392  0.0961766  4
3900  118751  0.16005  0.0184515  0.855944  0.261439  0.0711022  4
4000  118969  0.160555  0.0174781  0.853514  0.247963  0.0652491  4
4100  119394  0.157609  0.0161161  0.852015  0.246397  0.0813336  4
4200  118963  0.161248  0.0153738  0.85026  0.245813  0.0790401  4
4300  119091  0.155998  0.0168145  0.849952  0.236372  0.101815  4
4400  118596  0.157125  0.0150413  0.85051  0.239355  0.133509  4
4500  119528  0.158314  0.0135229  0.851299  0.237136  0.160691  4
4600  118820  0.156443  0.0154874  0.852907  0.237981  0.153  4
4700  118871  0.159278  0.014711  0.85465  0.241876  0.157218  4
4800  119487  0.154758  0.0140269  0.852462  0.235151  0.0787189  4
4900  118786  0.156011  0.0134053  0.850628  0.229234  0.0905263  4
5000  119093  0.152914  0.0134245  0.852391  0.219594  0.115516  4
5100  119562  0.152764  0.0121019  0.851542  0.216285  0.143589  4
5200  119749  0.149323  0.0111657  0.852428  0.21325  0.166088  4
5300  118979  0.149064  0.00965211  0.852315  0.208586  0.183037  4
5400  118744  0.151107  0.00931769  0.851772  0.207182  0.18675  4
5500  118759  0.147899  0.00881814  0.853543  0.214031  0.12259  4
5600  119396  0.152621  0.00934005  0.851765  0.213421  0.0954154  4
5700  119301  0.153061  0.00949521  0.851422  0.208533  0.0890101  4
5800  118942  0.15193  0.00856132  0.851904  0.210299  0.0652156  4
5900  120160  0.151347  0.00809038  0.852082  0.209355  0.0217693  4
6000  119067  0.151243  0.00841683  0.848546  0.19669  0.0414151  4
6100  119687  0.150502  0.00912393  0.850973  0.203217  0.0594798  4
6200  118957  0.153252  0.00807038  0.849406  0.201578  0.0968633  4
6300  118599  0.154434  0.0078404  0.846666  0.202851  0.100965  4
6400  118983  0.151152  0.00854543  0.849971  0.199684  0.054335  4
6500  119033  0.152515  0.00764579  0.847385  0.198139  0.0988042  4
6600  118868  0.151355  0.00712346  0.84876  0.190682  0.0875699  4
6700  119182  0.147268  0.00675296  0.84634  0.181485  0.108197  4
6800  119462  0.148627  0.00621225  0.846522  0.17949  0.127986  4
6900  119175  0.149321  0.00670058  0.845881  0.177794  0.153248  4
7000  118726  0.150186  0.00695557  0.844609  0.175833  0.16947  4
7100  119145  0.152281  0.00560741  0.842967  0.17278  0.17843  4
7200  118938  0.148334  0.00471994  0.842202  0.169983  0.182785  4
7300  119073  0.154328  0.00518285  0.840155  0.170305  0.161695  4
7400  119056  0.153087  0.00489644  0.840792  0.168302  0.138003  4
7500  119254  0.15148  0.00441378  0.841045  0.161243  0.155709  4
7600  119494  0.150334  0.00458846  0.839036  0.152611  0.141925  4
7700  119584  0.15034  0.00429956  0.83811  0.149685  0.183904  4
7800  119138  0.148255  0.00450502  0.837709  0.149245  0.195056  4
7900  119612  0.151012  0.00445637  0.836938  0.147671  0.232635  4
8000  118973  0.147895  0.00466726  0.835716  0.140533  0.273947  4
8100  119824  0.149442  0.00444757  0.836283  0.143147  0.326742  4
8200  119554  0.152109  0.00400422  0.834322  0.138702  0.329761  4
8300  119374  0.150349  0.00401405  0.835209  0.138638  0.37977  4
8400  118567  0.149836  0.0030616  0.835707  0.13456  0.372892  4
8500  119417  0.149481  0.00308653  0.83547  0.130711  0.395597  4
8600  118390  0.149211  0.00348992  0.835299  0.132631  0.382839  4
8700  119664  0.149728  0.00283946  0.834298  0.131942  0.421388  4
8800  118896  0.149192  0.00341912  0.835068  0.133138  0.405368  4
8900  119525  0.148027  0.00267273  0.835172  0.134374  0.418055  4
9000  119165  0.149176  0.002691  0.834819  0.129928  0.416736  4
9100  119176  0.149917  0.00300384  0.834843  0.127723  0.402459  4
9200  118877  0.152533  0.00333126  0.832152  0.129109  0.38694  4
9300  119107  0.153273  0.00296037  0.832854  0.125794  0.427994  4
9400  119261  0.151412  0.00264327  0.832252  0.12076  0.431034  4
9500  119302  0.148869  0.00294062  0.831497  0.112874  0.447503  4
9600  119086  0.154149  0.00286796  0.831613  0.117488  0.508285  4
9700  119748  0.150881  0.00305372  0.830791  0.114358  0.51833  4
9800  119057  0.1503  0.00293806  0.828766  0.113015  0.5249  4
9900  119293  0.149244  0.00253388  0.830653  0.108879  0.574132  4
