t meta_n emi  mean_info  tr1  tr2  tr3  strategy
0  123013  0.099888  0.499816  0.900006  0.000808011  3.82938e-05  4
100  119933  0.116464  0.483566  0.902178  0.0734891  -0.00122495  4
200  119796  0.126311  0.462752  0.89693  0.119912  -0.00315806  4
300  119168  0.131496  0.432304  0.89378  0.156433  -0.0128769  4
400  119584  0.142218  0.425287  0.885995  0.183201  -0.0252469  4
500  119597  0.145822  0.422644  0.885294  0.200504  -0.0267058  4
600  120164  0.14769  0.405039  0.884959  0.220172  -0.0206269  4
700  119243  0.149213  0.393272  0.8847  0.235928  -0.00795023  4
800  119364  0.147427  0.380284  0.885954  0.247528  -0.006992  4
900  119132  0.149466  0.373106  0.888048  0.255951  -0.00702808  4
1000  119564  0.147926  0.38029  0.88935  0.271426  -0.032882  4
1100  119229  0.15414  0.366604  0.888216  0.278712  -0.024933  4
1200  119545  0.151962  0.360027  0.888443  0.28686  -0.025258  4
1300  119095  0.150417  0.357855  0.889816  0.285947  -0.0221971  4
1400  119869  0.149882  0.346599  0.888364  0.287726  -0.0142418  4
1500  119376  0.151098  0.347931  0.892447  0.3018  -0.0354365  4
1600  119664  0.148728  0.344508  0.890147  0.290825  -0.0483022  4
1700  119720  0.149039  0.332374  0.895268  0.301913  -0.0351532  4
1800  119881  0.150672  0.322779  0.890442  0.296615  -0.0207694  4
1900  119665  0.147157  0.329491  0.894735  0.294655  -0.033283  4
2000  119412  0.142362  0.317812  0.89618  0.303013  -0.044045  4
2100  119216  0.147106  0.318629  0.890454  0.295448  -0.0114596  4
2200  119596  0.146272  0.311377  0.895952  0.304402  -0.00261218  4
2300  119837  0.14281  0.314707  0.892497  0.304855  0.0127077  4
2400  119132  0.14684  0.321981  0.888721  0.306887  0.0155746  4
2500  119136  0.148135  0.313437  0.886053  0.302734  0.0280631  4
2600  120343  0.150543  0.315958  0.888821  0.310515  0.0104415  4
2700  119843  0.147352  0.315643  0.883338  0.308204  -0.0428127  4
2800  120380  0.151886  0.307856  0.886688  0.311184  -0.0786093  4
2900  120252  0.148291  0.307376  0.888216  0.316685  -0.0467281  4
3000  120387  0.148351  0.313102  0.89365  0.333702  -0.0320492  4
3100  119791  0.148293  0.310293  0.896415  0.349492  -0.0265897  4
3200  120352  0.149913  0.302932  0.896018  0.349816  -0.0290453  4
3300  119532  0.142819  0.291531  0.898495  0.351518  -0.00485542  4
3400  120213  0.143999  0.306376  0.899536  0.342908  0.0110521  4
3500  119416  0.142111  0.312386  0.904559  0.362438  0.0413129  4
3600  119442  0.14218  0.308544  0.902937  0.356061  0.0951954  4
3700  119940  0.143189  0.302991  0.905289  0.362582  0.0834704  4
3800  119459  0.147294  0.307269  0.904703  0.371105  0.10725  4
3900  119397  0.144584  0.302986  0.906447  0.370355  0.122795  4
4000  120097  0.143766  0.293087  0.908167  0.379319  0.118338  4
4100  119634  0.143041  0.299992  0.913169  0.396743  0.0734438  4
4200  119823  0.143314  0.290044  0.917153  0.409349  0.0983301  4
4300  119743  0.143952  0.292465  0.921924  0.433821  0.0853605  4
4400  120049  0.1413  0.28994  0.925216  0.433974  0.0922113  4
4500  120171  0.140206  0.285569  0.926501  0.433611  0.0605087  4
4600  120387  0.143592  0.292471  0.9259  0.43316  0.053261  4
4700  119374  0.14126  0.296239  0.927834  0.449671  0.0431163  4
4800  119692  0.1426  0.29639  0.931494  0.462386  0.0285526  4
4900  120152  0.143293  0.29755  0.934205  0.474586  0.00600759  4
5000  120091  0.144552  0.300889  0.936874  0.476618  0.0236214  4
5100  120287  0.141706  0.288936  0.937447  0.469998  0.0627197  4
5200  120729  0.144767  0.284564  0.939458  0.478826  0.0328788  4
5300  119757  0.13828  0.279985  0.941451  0.47878  0.00270257  4
5400  120066  0.139843  0.280981  0.943186  0.482601  -0.00214712  4
5500  119919  0.138486  0.278983  0.94797  0.495718  -0.0335986  4
5600  119821  0.137385  0.27171  0.949124  0.504442  -0.0243996  4
5700  119983  0.136824  0.269123  0.952588  0.515379  -0.0269239  4
5800  120105  0.139031  0.268292  0.955848  0.531809  -0.0320906  4
5900  119619  0.142163  0.267373  0.955638  0.529693  -0.0377725  4
6000  119666  0.140144  0.272506  0.959142  0.540227  -0.053047  4
6100  119641  0.139877  0.26952  0.960501  0.55052  -0.0219395  4
6200  120132  0.143543  0.266709  0.963555  0.55779  -0.0699833  4
6300  120257  0.148914  0.270209  0.969446  0.579018  -0.0894708  4
6400  120244  0.138152  0.276339  0.975051  0.600119  -0.139192  4
6500  120024  0.142466  0.261403  0.975299  0.602912  -0.154752  4
6600  120284  0.143457  0.252625  0.97698  0.600725  -0.139773  4
6700  120298  0.143903  0.24755  0.979134  0.608002  -0.130862  4
6800  119634  0.142821  0.247908  0.981211  0.62113  -0.147568  4
6900  120150  0.141469  0.240418  0.97805  0.61455  -0.136756  4
7000  119722  0.141823  0.240875  0.979898  0.616404  -0.18453  4
7100  120473  0.144102  0.235997  0.979843  0.612817  -0.186037  4
7200  119806  0.142952  0.232427  0.978432  0.607753  -0.175489  4
7300  120026  0.139984  0.227745  0.979949  0.604844  -0.201966  4
7400  120242  0.142943  0.232442  0.981035  0.611498  -0.20597  4
7500  119843  0.144874  0.234637  0.983916  0.612299  -0.28028  4
7600  120356  0.147085  0.241804  0.990636  0.636774  -0.295262  4
7700  119804  0.140078  0.240812  0.99423  0.645613  -0.312231  4
7800  120277  0.143151  0.239841  0.997191  0.657016  -0.326923  4
7900  119336  0.142586  0.24161  0.998198  0.663171  -0.327817  4
8000  119371  0.14314  0.240312  0.998888  0.656061  -0.330228  4
8100  120194  0.145522  0.235745  0.99681  0.646635  -0.350684  4
8200  119530  0.140168  0.240553  1.00456  0.6754  -0.364314  4
8300  120062  0.145903  0.238412  1.0051  0.675337  -0.380545  4
8400  120216  0.142319  0.237867  1.008  0.687335  -0.37184  4
8500  120302  0.146105  0.234184  1.00548  0.682764  -0.389325  4
8600  120222  0.152261  0.238717  1.00816  0.692402  -0.412564  4
8700  120464  0.145719  0.239196  1.01304  0.702724  -0.436851  4
8800  120376  0.146619  0.239269  1.01396  0.705728  -0.442365  4
8900  120805  0.148909  0.231698  1.01276  0.699442  -0.437078  4
9000  120199  0.144768  0.235299  1.01394  0.705937  -0.400913  4
9100  119372  0.140174  0.235787  1.0157  0.712786  -0.416922  4
9200  120424  0.148449  0.235408  1.016  0.718502  -0.423625  4
9300  120416  0.149004  0.23408  1.02198  0.736485  -0.424773  4
9400  120172  0.147439  0.240159  1.02747  0.758623  -0.434111  4
9500  119778  0.141489  0.23567  1.02505  0.746971  -0.440988  4
9600  120564  0.14564  0.236457  1.02759  0.751953  -0.441239  4
9700  120507  0.144368  0.237914  1.02966  0.753933  -0.44192  4
9800  119871  0.140256  0.244977  1.03287  0.765256  -0.432512  4
9900  120748  0.148974  0.249253  1.03319  0.767639  -0.423501  4
