t meta_n emi  mean_info  tr1  tr2  tr3  strategy
0  120787  0.098144  0.493855  0.89996  0.000742006  -3.0103e-05  4
100  118312  0.11384  0.138753  0.896302  0.0694873  -0.000395981  4
200  118469  0.130485  0.0716785  0.885024  0.115291  0.00119608  4
300  118840  0.140268  0.054106  0.877887  0.153622  -0.00530229  4
400  119069  0.150105  0.0485428  0.871817  0.18963  -0.032661  4
500  118112  0.156244  0.0467081  0.863838  0.20228  -0.0345851  4
600  118799  0.160002  0.0446777  0.85981  0.20999  -0.0113768  4
700  117883  0.160554  0.0400926  0.860333  0.216438  -0.0418889  4
800  119321  0.16249  0.0403956  0.862947  0.228849  -0.0383194  4
900  119045  0.160891  0.0371952  0.861882  0.228121  -0.012923  4
1000  118444  0.158916  0.0365521  0.864381  0.23913  -0.00224908  4
1100  118107  0.158683  0.0383557  0.862369  0.23509  0.0124248  4
1200  118168  0.158987  0.0368222  0.862839  0.235839  0.0532599  4
1300  119104  0.155472  0.0347916  0.863885  0.232973  0.0568624  4
1400  118829  0.159052  0.033946  0.860707  0.236462  0.0906513  4
1500  118425  0.163045  0.0325705  0.856211  0.238213  0.0702234  4
1600  119358  0.162819  0.0326969  0.856043  0.242699  0.0995779  4
1700  118345  0.158236  0.0317175  0.861452  0.246334  0.119991  4
1800  118966  0.159159  0.0297078  0.855846  0.229103  0.137374  4
1900  118050  0.157807  0.0285806  0.854401  0.222095  0.137213  4
2000  118399  0.163344  0.0294598  0.848149  0.224338  0.131847  4
2100  118655  0.170252  0.0263643  0.843306  0.218793  0.117463  4
2200  118563  0.162277  0.0267457  0.842226  0.21222  0.078003  4
2300  119260  0.165095  0.0263317  0.847152  0.220364  0.061664  4
2400  118730  0.164967  0.0233686  0.845306  0.213365  0.0933126  4
2500  118548  0.165868  0.0240952  0.843034  0.198432  0.096209  4
2600  118365  0.160405  0.0242406  0.845408  0.203664  0.10961  4
2700  118270  0.156217  0.0236149  0.8499  0.216395  0.148901  4
2800  118758  0.158925  0.0231796  0.850418  0.216331  0.144641  4
2900  119306  0.157954  0.0227894  0.849955  0.214331  0.156713  4
3000  118826  0.157943  0.0212259  0.849169  0.215888  0.147572  4
3100  119295  0.155638  0.0210335  0.849823  0.219618  0.0974424  4
3200  118590  0.15531  0.0206464  0.849963  0.222911  0.144042  4
3300  119188  0.156783  0.0209826  0.85294  0.222506  0.163974  4
3400  118585  0.15384  0.0186453  0.851813  0.213863  0.198032  4
3500  118779  0.159391  0.0169584  0.848135  0.211228  0.163637  4
3600  118668  0.16113  0.0167827  0.848722  0.209733  0.216075  4
3700  119079  0.156457  0.0167609  0.846866  0.201917  0.184605  4
3800  118988  0.155667  0.0149384  0.846083  0.201332  0.237759  4
3900  118378  0.159397  0.0159752  0.845846  0.198808  0.252325  4
4000  118974  0.159173  0.0152741  0.839618  0.18928  0.212344  4
4100  118477  0.158873  0.0134604  0.841656  0.189958  0.220679  4
4200  118651  0.159094  0.0128362  0.842196  0.189129  0.239304  4
4300  119195  0.154714  0.0135038  0.843227  0.182398  0.206924  4
4400  118891  0.15349  0.0117528  0.84474  0.190984  0.159229  4
4500  118893  0.154826  0.0111842  0.843598  0.183592  0.157546  4
4600  119093  0.155411  0.0106951  0.844186  0.1903  0.196251  4
4700  119037  0.157205  0.0109023  0.845105  0.197643  0.203594  4
4800  118680  0.155409  0.0119888  0.843737  0.197137  0.181574  4
4900  119332  0.15833  0.0118487  0.840912  0.191845  0.233494  4
5000  118780  0.156536  0.0112069  0.840449  0.187853  0.182123  4
5100  119029  0.156009  0.0108313  0.842649  0.195202  0.156224  4
5200  118618  0.155132  0.0085801  0.845878  0.203713  0.172059  4
5300  119058  0.159654  0.00853003  0.844405  0.200642  0.181322  4
5400  119151  0.158407  0.0078455  0.8434  0.20232  0.185729  4
5500  119222  0.153929  0.00786436  0.842843  0.197467  0.150966  4
5600  119096  0.15666  0.00743318  0.843836  0.199839  0.185932  4
5700  119098  0.15355  0.00783942  0.84186  0.195283  0.233308  4
5800  118982  0.158899  0.00685794  0.843779  0.208143  0.265466  4
5900  119727  0.15763  0.00648758  0.844173  0.215122  0.269913  4
6000  118966  0.154745  0.00584792  0.848611  0.22106  0.278794  4
6100  118313  0.154117  0.00650672  0.849429  0.224967  0.259316  4
6200  118945  0.155799  0.00639723  0.850517  0.231925  0.249332  4
6300  119457  0.15766  0.00710218  0.849006  0.228607  0.290397  4
6400  119469  0.154381  0.00662512  0.849706  0.222345  0.276761  4
6500  118943  0.152077  0.00615098  0.849509  0.219528  0.284735  4
6600  119287  0.152248  0.00517765  0.849694  0.217812  0.314654  4
6700  119055  0.151719  0.00503882  0.849493  0.209619  0.329898  4
6800  118620  0.149805  0.00514822  0.849236  0.212239  0.35725  4
6900  119009  0.148398  0.0048087  0.851532  0.218221  0.396717  4
7000  118892  0.152028  0.00522681  0.850328  0.215376  0.415767  4
7100  118942  0.150745  0.0047021  0.848618  0.209341  0.376325  4
7200  119204  0.152065  0.00497254  0.846583  0.201926  0.371384  4
7300  118834  0.15026  0.00477208  0.845454  0.193558  0.389384  4
7400  118939  0.149872  0.0044784  0.844554  0.192664  0.459861  4
7500  118961  0.154194  0.00321836  0.843628  0.191722  0.476595  4
7600  119398  0.152935  0.00372071  0.845072  0.189107  0.491078  4
7700  119320  0.152963  0.00405166  0.844225  0.18736  0.527112  4
7800  119159  0.155002  0.00400163  0.842311  0.182891  0.516123  4
7900  119282  0.15326  0.00302694  0.844543  0.191091  0.517884  4
8000  118828  0.149123  0.00363806  0.844081  0.184213  0.537409  4
8100  119026  0.151741  0.00309456  0.843461  0.182631  0.568067  4
8200  118953  0.151296  0.00283029  0.84513  0.191085  0.576259  4
8300  119452  0.153443  0.00253352  0.84304  0.183979  0.591224  4
8400  119403  0.151251  0.00257877  0.84229  0.182889  0.575303  4
8500  119121  0.153231  0.0022295  0.841819  0.183423  0.576095  4
8600  120168  0.153409  0.00279405  0.842697  0.184517  0.587242  4
8700  119035  0.151058  0.00310979  0.843011  0.183621  0.583246  4
8800  118831  0.15288  0.00237728  0.841442  0.180402  0.609346  4
8900  119306  0.149358  0.00149664  0.841368  0.175152  0.620642  4
9000  119281  0.153641  0.00209284  0.841352  0.176289  0.612307  4
9100  119398  0.148211  0.00128599  0.840968  0.172765  0.54865  4
9200  118798  0.152631  0.00162309  0.840704  0.172159  0.513104  4
9300  119022  0.153025  0.00171891  0.838296  0.166849  0.514779  4
9400  119024  0.151534  0.00225433  0.836084  0.158865  0.493867  4
9500  119659  0.150649  0.00168549  0.836872  0.156868  0.467408  4
9600  119153  0.152022  0.00158276  0.835817  0.154  0.450326  4
9700  119356  0.152849  0.00126375  0.835862  0.157836  0.436007  4
9800  119717  0.152327  0.00154923  0.835768  0.157287  0.395586  4
9900  118828  0.14931  0.00172049  0.836022  0.157088  0.391229  4
