t meta_n emi  mean_info  tr1  tr2  tr3  strategy
0  121860  0.098792  0.492515  0.899985  0.000790634  7.88178e-05  4
100  118633  0.111635  0.237116  0.89744  0.0718655  -0.00350702  4
200  118310  0.127671  0.138211  0.887029  0.127075  -0.00240666  4
300  119192  0.140444  0.0992781  0.882582  0.172991  -0.00373788  4
400  118849  0.145283  0.0859931  0.877334  0.188814  0.00591667  4
500  118944  0.146611  0.0765991  0.877431  0.21043  0.00426105  4
600  118982  0.151509  0.0744924  0.872638  0.222025  0.0136689  4
700  119123  0.152665  0.0758612  0.87265  0.244823  -0.00859264  4
800  119000  0.157761  0.0712421  0.871524  0.249519  -0.0241588  4
900  118734  0.154865  0.0659629  0.873678  0.266223  -0.0429739  4
1000  118684  0.158667  0.0661452  0.871356  0.266564  -0.0554364  4
1100  118639  0.157111  0.0649062  0.87036  0.264135  -0.0566159  4
1200  119038  0.158097  0.060777  0.869607  0.262279  -0.0501283  4
1300  119045  0.158519  0.0591415  0.868978  0.256095  -0.0780075  4
1400  119468  0.157893  0.0581996  0.867374  0.253108  -0.0490721  4
1500  118537  0.152341  0.0538929  0.870129  0.252972  -0.00936575  4
1600  118544  0.160052  0.053181  0.866716  0.259328  -0.00250785  4
1700  118828  0.162155  0.052805  0.858722  0.254649  -0.0150119  4
1800  118742  0.163674  0.0509998  0.859013  0.248732  0.0171081  4
1900  119213  0.161089  0.0464056  0.859867  0.254262  0.023055  4
2000  118772  0.158425  0.0458277  0.85709  0.243971  0.0224788  4
2100  118873  0.157427  0.0464709  0.857971  0.232762  0.0482964  4
2200  119053  0.159693  0.0492544  0.856092  0.239035  0.0682821  4
2300  118739  0.160045  0.0456155  0.857038  0.231298  0.0773784  4
2400  118912  0.161593  0.0429797  0.85421  0.226013  0.0574187  4
2500  118893  0.162263  0.0400882  0.853685  0.23868  0.107281  4
2600  118720  0.168104  0.0372303  0.848925  0.241668  0.113118  4
2700  118414  0.166385  0.0376191  0.848395  0.238083  0.113649  4
2800  118468  0.166661  0.0377234  0.850816  0.243971  0.143064  4
2900  118325  0.158747  0.0366354  0.853029  0.240705  0.184745  4
3000  119115  0.160768  0.0330109  0.85034  0.226796  0.201089  4
3100  118719  0.157557  0.0339722  0.856398  0.236567  0.208659  4
3200  118787  0.156143  0.0335945  0.85303  0.237942  0.169904  4
3300  119302  0.164719  0.0333735  0.847713  0.236266  0.170751  4
3400  118726  0.162307  0.0325155  0.844384  0.233608  0.222528  4
3500  119277  0.165985  0.0316315  0.843513  0.235458  0.222199  4
3600  118808  0.161689  0.0332251  0.848089  0.24022  0.231327  4
3700  119087  0.16401  0.0301363  0.849001  0.238795  0.190522  4
3800  118831  0.159895  0.0270016  0.852189  0.24558  0.215161  4
3900  119058  0.159597  0.0286391  0.848919  0.233089  0.210583  4
4000  119535  0.161987  0.0268519  0.847563  0.225034  0.200381  4
4100  118951  0.159613  0.0282541  0.846854  0.212227  0.248298  4
4200  118651  0.161248  0.0269659  0.842835  0.208498  0.277104  4
4300  119200  0.159157  0.0252189  0.839786  0.203408  0.29413  4
4400  118859  0.158999  0.0225399  0.838289  0.203797  0.255894  4
4500  119131  0.163046  0.0217135  0.840127  0.21607  0.263241  4
4600  119189  0.167439  0.0215822  0.837371  0.209056  0.274987  4
4700  118997  0.15996  0.0224354  0.838143  0.208774  0.292012  4
4800  117937  0.160081  0.0213784  0.837571  0.205074  0.281571  4
4900  119494  0.162807  0.0208097  0.838343  0.209709  0.298349  4
5000  118893  0.161816  0.01779  0.838341  0.219413  0.258032  4
5100  118554  0.160546  0.0179779  0.839912  0.218833  0.275585  4
5200  119715  0.165709  0.0166534  0.837786  0.212086  0.293545  4
5300  119385  0.164593  0.0170328  0.836618  0.203498  0.252429  4
5400  118492  0.159801  0.0175641  0.836568  0.199055  0.285483  4
5500  118903  0.159964  0.0148907  0.833165  0.185895  0.331642  4
5600  119224  0.162884  0.0158351  0.833568  0.18834  0.386938  4
5700  118413  0.160188  0.0164828  0.833963  0.184554  0.454472  4
5800  119002  0.158506  0.0151362  0.835467  0.179356  0.530881  4
5900  119270  0.156982  0.0152962  0.836129  0.179668  0.4962  4
6000  118809  0.157663  0.0146225  0.836271  0.179124  0.47865  4
6100  118234  0.156337  0.0142646  0.837861  0.184986  0.500836  4
6200  119543  0.159778  0.0142092  0.834308  0.177679  0.458798  4
6300  119190  0.15677  0.0139404  0.834718  0.175978  0.467398  4
6400  120100  0.160927  0.0149199  0.834244  0.181244  0.485015  4
6500  118998  0.156187  0.013401  0.833428  0.177647  0.478867  4
6600  119037  0.158635  0.0118077  0.833035  0.175271  0.45633  4
6700  118421  0.160401  0.0104782  0.833931  0.174412  0.473134  4
6800  118909  0.160255  0.0100081  0.832624  0.173867  0.511602  4
6900  118362  0.15943  0.00940065  0.832651  0.173286  0.496122  4
7000  118530  0.158176  0.00983165  0.831715  0.16763  0.45153  4
7100  119173  0.156591  0.00891207  0.83204  0.171595  0.440141  4
7200  118788  0.159691  0.00824066  0.833188  0.171596  0.44401  4
7300  119070  0.154669  0.00697888  0.835692  0.170729  0.469856  4
7400  118816  0.156837  0.00727405  0.83501  0.167702  0.491363  4
7500  119111  0.15962  0.00673875  0.834654  0.176264  0.506563  4
7600  119261  0.157076  0.00683561  0.83449  0.175384  0.511487  4
7700  119123  0.159286  0.00631019  0.834884  0.184847  0.538286  4
7800  119315  0.158405  0.00655753  0.834616  0.179925  0.488223  4
7900  118721  0.156919  0.00780793  0.836205  0.18222  0.476529  4
8000  118852  0.158565  0.00779786  0.835021  0.182118  0.375156  4
8100  119484  0.160533  0.00697471  0.834089  0.191051  0.404164  4
8200  119435  0.156721  0.00703714  0.833936  0.184661  0.374112  4
8300  119332  0.160203  0.00554321  0.834191  0.189766  0.336923  4
8400  119034  0.155501  0.00583093  0.833624  0.193399  0.333251  4
8500  119247  0.160431  0.0054433  0.833722  0.19278  0.277597  4
8600  119050  0.158731  0.00531782  0.83679  0.19816  0.266081  4
8700  119310  0.161664  0.00490024  0.837042  0.201452  0.271537  4
8800  119247  0.157272  0.00528575  0.836671  0.196101  0.267066  4
8900  119090  0.160802  0.00535851  0.835499  0.18824  0.302829  4
9000  119524  0.159628  0.00485194  0.833907  0.179095  0.270118  4
9100  118600  0.154037  0.00406262  0.834051  0.175462  0.253334  4
9200  119556  0.154842  0.00363656  0.833858  0.175807  0.243043  4
9300  118978  0.158506  0.003587  0.833021  0.175742  0.240239  4
9400  119173  0.157083  0.0047198  0.833665  0.173752  0.222526  4
9500  119120  0.157701  0.00456544  0.831907  0.167099  0.238997  4
9600  119156  0.159088  0.00341983  0.830473  0.163055  0.207645  4
9700  119032  0.156252  0.00357006  0.830082  0.158788  0.233603  4
9800  118965  0.154675  0.00354674  0.832029  0.16164  0.25247  4
9900  119487  0.155594  0.00311278  0.831429  0.156553  0.219618  4
