t meta_n emi  mean_info  tr1  tr2  tr3  strategy
0  121436  0.100264  0.495596  0.899977  0.000874032  7.12936e-06  4
100  118916  0.109732  0.18811  0.90206  0.0756777  -0.00408539  4
200  119168  0.123587  0.100235  0.894774  0.132456  -0.00484011  4
300  118594  0.137674  0.0741989  0.884512  0.171497  -0.0142126  4
400  118681  0.147605  0.067098  0.88049  0.201019  -0.0170721  4
500  118553  0.147273  0.0582631  0.875801  0.205107  -0.00938402  4
600  118701  0.151119  0.0575377  0.877106  0.231323  -0.0251004  4
700  118956  0.159365  0.0547473  0.870838  0.237085  -0.0280846  4
800  118651  0.162015  0.0528597  0.865412  0.246543  -0.0522646  4
900  118782  0.158385  0.0526429  0.870947  0.257644  -0.0719579  4
1000  118243  0.161701  0.0526988  0.867447  0.255319  -0.0680325  4
1100  119187  0.159354  0.051981  0.865365  0.249878  -0.0770837  4
1200  118983  0.158735  0.0528822  0.867716  0.249588  -0.09041  4
1300  118777  0.15905  0.0502999  0.86585  0.248915  -0.0998417  4
1400  118555  0.156285  0.0481825  0.865287  0.239982  -0.151086  4
1500  118942  0.155549  0.0479006  0.869285  0.25658  -0.14996  4
1600  118338  0.159834  0.0459623  0.865694  0.273591  -0.145571  4
1700  118640  0.162723  0.0415714  0.864086  0.276076  -0.176617  4
1800  118622  0.160137  0.0436434  0.868074  0.275086  -0.136555  4
1900  119136  0.15737  0.0412689  0.86632  0.264942  -0.1021  4
2000  119089  0.159094  0.0401581  0.864832  0.255276  -0.0912108  4
2100  119088  0.159192  0.0435275  0.866338  0.253468  -0.0639853  4
2200  118708  0.154232  0.0397431  0.862827  0.247942  -0.0501561  4
2300  118985  0.155278  0.0361669  0.862448  0.252107  -0.129481  4
2400  118914  0.15818  0.0348096  0.861348  0.248656  -0.155979  4
2500  118923  0.157113  0.0360248  0.860435  0.242543  -0.166315  4
2600  119173  0.157027  0.0347151  0.857379  0.240761  -0.14981  4
2700  118963  0.15391  0.0327258  0.863277  0.251064  -0.145692  4
2800  118351  0.154323  0.0330767  0.860704  0.249333  -0.159208  4
2900  118963  0.156268  0.0289483  0.860825  0.261339  -0.180452  4
3000  119008  0.15645  0.0274652  0.861269  0.259873  -0.149286  4
3100  118869  0.154941  0.0253346  0.864849  0.266988  -0.150919  4
3200  119049  0.15323  0.0266635  0.867072  0.268365  -0.182217  4
3300  118550  0.152641  0.0256837  0.865175  0.25967  -0.209291  4
3400  118882  0.153464  0.0267544  0.863191  0.255332  -0.24279  4
3500  118873  0.153284  0.0260794  0.861232  0.244895  -0.269404  4
3600  119259  0.153204  0.0252911  0.85987  0.237656  -0.280791  4
3700  119249  0.15162  0.023569  0.859684  0.232979  -0.28358  4
3800  119154  0.149852  0.0225787  0.859155  0.234447  -0.292192  4
3900  118919  0.153351  0.0232787  0.857083  0.230764  -0.297035  4
4000  119021  0.155565  0.0227139  0.852663  0.232799  -0.308209  4
4100  119287  0.154496  0.0188723  0.852275  0.23034  -0.286056  4
4200  118736  0.154155  0.0209441  0.851176  0.218165  -0.313999  4
4300  118819  0.154125  0.0204466  0.851007  0.219141  -0.288722  4
4400  118504  0.153943  0.0196285  0.849316  0.217527  -0.274735  4
4500  118778  0.153618  0.0170925  0.848593  0.214645  -0.274432  4
4600  119054  0.155853  0.0168195  0.847364  0.205463  -0.259776  4
4700  119360  0.151877  0.0160743  0.846237  0.198318  -0.270033  4
4800  119287  0.158183  0.0137345  0.844537  0.197139  -0.229795  4
4900  118646  0.154496  0.0129849  0.847184  0.198064  -0.214653  4
5000  118854  0.148606  0.0138843  0.847468  0.194477  -0.202349  4
5100  119718  0.148269  0.01401  0.848307  0.192085  -0.235593  4
5200  119269  0.155721  0.0133191  0.847332  0.197836  -0.212731  4
5300  119364  0.154679  0.0133016  0.846713  0.199158  -0.197236  4
5400  118924  0.156459  0.0121009  0.84828  0.205652  -0.209787  4
5500  119244  0.15555  0.0107769  0.848001  0.212687  -0.247934  4
5600  119144  0.154124  0.0111461  0.848657  0.215406  -0.252397  4
5700  119521  0.15511  0.0105601  0.847257  0.208816  -0.266238  4
5800  119344  0.153361  0.0105167  0.847394  0.204045  -0.245957  4
5900  119598  0.153454  0.00914981  0.847892  0.20497  -0.226896  4
6000  118763  0.153749  0.00974011  0.846997  0.205325  -0.171523  4
6100  119401  0.153006  0.00835307  0.84545  0.202886  -0.185802  4
6200  119469  0.154617  0.00750955  0.845675  0.20196  -0.194078  4
6300  119374  0.153451  0.00856032  0.847559  0.207603  -0.15634  4
6400  119599  0.156595  0.00745129  0.844445  0.19902  -0.168673  4
6500  119503  0.153941  0.0072716  0.84482  0.195892  -0.181073  4
6600  120088  0.152629  0.0080269  0.846701  0.196707  -0.213727  4
6700  118883  0.153177  0.00721549  0.845111  0.19706  -0.210258  4
6800  119628  0.152084  0.00714892  0.846695  0.197907  -0.215733  4
6900  118891  0.149089  0.00676475  0.849609  0.20523  -0.181635  4
7000  118859  0.14966  0.00631433  0.847059  0.19822  -0.160059  4
7100  119778  0.148894  0.00696278  0.848449  0.194248  -0.152205  4
7200  119765  0.151583  0.00653972  0.845863  0.190706  -0.141998  4
7300  119304  0.151443  0.00618215  0.846587  0.203609  -0.11166  4
7400  118657  0.150154  0.005764  0.846845  0.20208  -0.105988  4
7500  118562  0.150373  0.0056407  0.847445  0.20138  -0.101867  4
7600  118979  0.151088  0.00508203  0.848573  0.199881  -0.126718  4
7700  119243  0.152733  0.00630554  0.846957  0.197636  -0.143019  4
7800  118885  0.152095  0.00502377  0.847155  0.201934  -0.180464  4
7900  118819  0.153614  0.00431545  0.847202  0.20789  -0.148944  4
8000  119309  0.154938  0.00534393  0.847412  0.202918  -0.197512  4
8100  119333  0.149614  0.00518623  0.847021  0.191505  -0.182724  4
8200  118506  0.150997  0.00576213  0.847572  0.202237  -0.180077  4
8300  120060  0.153062  0.00421064  0.846937  0.197254  -0.164086  4
8400  119551  0.153443  0.004161  0.846797  0.199978  -0.176502  4
8500  119117  0.152237  0.00459485  0.846926  0.206365  -0.175045  4
8600  119068  0.148703  0.0046461  0.844419  0.197448  -0.150619  4
8700  119286  0.151958  0.00441157  0.845061  0.201627  -0.168778  4
8800  119193  0.150689  0.00427467  0.84344  0.196578  -0.160253  4
8900  119448  0.154792  0.00511831  0.841364  0.182556  -0.178277  4
9000  119181  0.153529  0.00403289  0.844542  0.191458  -0.167219  4
9100  118978  0.152868  0.00305246  0.843489  0.189272  -0.162873  4
9200  118898  0.148868  0.0037442  0.843214  0.186794  -0.176577  4
9300  119380  0.154296  0.00278029  0.84181  0.183113  -0.167625  4
9400  119158  0.152714  0.00287264  0.842334  0.189694  -0.173846  4
9500  118689  0.15304  0.00203321  0.841049  0.189724  -0.188191  4
9600  119220  0.152512  0.00245771  0.840882  0.189295  -0.179416  4
9700  119032  0.151015  0.00319927  0.841473  0.191261  -0.184974  4
9800  118587  0.150257  0.00233766  0.843526  0.196685  -0.161241  4
9900  118790  0.154278  0.00275195  0.843366  0.196078  -0.15641  4
