t meta_n emi  mean_info  tr1  tr2  tr3  strategy
0  122806  0.101672  0.498457  0.899945  0.000794998  4.48159e-05  4
100  119183  0.1115  0.390411  0.897956  0.0674415  -0.00371031  4
200  118983  0.12948  0.303743  0.887982  0.118721  -0.0084886  4
300  119125  0.134327  0.247895  0.88285  0.157093  -0.0146046  4
400  119069  0.143088  0.215698  0.879858  0.192499  -0.0230917  4
500  119353  0.145461  0.195641  0.88087  0.220106  -0.0279142  4
600  118764  0.147866  0.185806  0.878615  0.224204  -0.0285511  4
700  118546  0.156526  0.163297  0.873294  0.232141  -0.0165591  4
800  118964  0.150616  0.157354  0.873675  0.233277  -0.0174708  4
900  119169  0.155916  0.149525  0.873902  0.256612  -0.0153647  4
1000  118932  0.156399  0.141399  0.871364  0.250796  -0.00080411  4
1100  118596  0.159963  0.142255  0.867478  0.251491  0.00379514  4
1200  118577  0.157547  0.140365  0.86865  0.257178  0.00964528  4
1300  118856  0.158411  0.137214  0.867886  0.249669  -0.0123386  4
1400  119336  0.160747  0.135538  0.866273  0.258675  0.0115664  4
1500  118505  0.160336  0.134872  0.866461  0.264743  0.0152244  4
1600  119105  0.157978  0.129414  0.870025  0.268185  -0.00689252  4
1700  119251  0.158189  0.128513  0.871116  0.268959  -0.0240718  4
1800  119146  0.153927  0.12326  0.8734  0.280031  -0.0407351  4
1900  118602  0.158393  0.127461  0.87187  0.281064  -0.0398234  4
2000  118819  0.154054  0.12086  0.875443  0.285016  -0.076179  4
2100  118869  0.155138  0.12729  0.874505  0.282559  -0.0865733  4
2200  118975  0.157429  0.127201  0.871919  0.282663  -0.0875983  4
2300  119082  0.156699  0.123702  0.87068  0.282496  -0.0771258  4
2400  118836  0.155537  0.121586  0.870534  0.283437  -0.0964812  4
2500  118906  0.156599  0.118169  0.870082  0.272235  -0.0776403  4
2600  119111  0.156751  0.114542  0.87461  0.283882  -0.0612321  4
2700  119025  0.157234  0.116812  0.870899  0.285435  -0.0898986  4
2800  119013  0.15434  0.112065  0.874492  0.29486  -0.0927938  4
2900  119430  0.152594  0.105356  0.874677  0.295584  -0.0660862  4
3000  119290  0.154229  0.10526  0.87744  0.304566  -0.0836935  4
3100  118626  0.158021  0.103165  0.877501  0.318801  -0.0752154  4
3200  119236  0.154268  0.105493  0.878228  0.313837  -0.0503272  4
3300  119554  0.155496  0.101203  0.875818  0.303211  -0.0501782  4
3400  118966  0.154863  0.100012  0.872594  0.299449  -0.0532863  4
3500  119371  0.150919  0.0997716  0.871645  0.283476  -0.0685573  4
3600  119567  0.153191  0.0970509  0.866729  0.26806  -0.122642  4
3700  119241  0.15181  0.0942201  0.867397  0.266851  -0.152518  4
3800  119287  0.152253  0.0888847  0.867284  0.266555  -0.121843  4
3900  118619  0.149372  0.0898732  0.870749  0.27634  -0.134675  4
4000  119042  0.148821  0.0912607  0.868582  0.274652  -0.131057  4
4100  119533  0.156081  0.0924798  0.86628  0.278529  -0.142179  4
4200  119247  0.153297  0.0896621  0.866731  0.28169  -0.129844  4
4300  119438  0.158177  0.0917269  0.866785  0.281608  -0.142121  4
4400  118585  0.151162  0.0883995  0.866379  0.279096  -0.141469  4
4500  119387  0.152373  0.0837829  0.872032  0.295337  -0.129385  4
4600  118884  0.149658  0.0767009  0.869635  0.283222  -0.13965  4
4700  118744  0.155166  0.0704275  0.869909  0.289571  -0.143066  4
4800  118831  0.153138  0.0688323  0.873363  0.299495  -0.192739  4
4900  119200  0.152102  0.0674846  0.870123  0.293119  -0.207694  4
5000  119694  0.151598  0.0664745  0.872001  0.293976  -0.171584  4
5100  118995  0.153152  0.0643405  0.868147  0.281601  -0.183656  4
5200  119451  0.156279  0.0647712  0.864569  0.269222  -0.191003  4
5300  119469  0.157889  0.0637867  0.862293  0.273143  -0.22316  4
5400  119166  0.15395  0.062914  0.864957  0.272251  -0.24238  4
5500  119251  0.152768  0.0623143  0.866399  0.276922  -0.188244  4
5600  118921  0.151923  0.0547481  0.866623  0.276533  -0.171316  4
5700  119454  0.153096  0.0517326  0.870444  0.297763  -0.180877  4
5800  119453  0.155412  0.0534867  0.865987  0.283947  -0.167178  4
5900  118960  0.156645  0.0535413  0.863309  0.278399  -0.152751  4
6000  119280  0.155998  0.0540137  0.862019  0.276035  -0.147516  4
6100  119153  0.155344  0.0550081  0.864876  0.283344  -0.137615  4
6200  118771  0.157401  0.0497406  0.866044  0.284225  -0.161622  4
6300  119052  0.152201  0.0515409  0.867092  0.286821  -0.175434  4
6400  119472  0.156679  0.0509603  0.861121  0.273015  -0.172303  4
6500  118825  0.152165  0.0505447  0.862124  0.267371  -0.145264  4
6600  119105  0.153574  0.0552585  0.863048  0.262966  -0.130124  4
6700  119266  0.150721  0.0545769  0.860208  0.248167  -0.149573  4
6800  119458  0.156786  0.0503391  0.857695  0.252023  -0.139327  4
6900  119706  0.158751  0.0534082  0.858868  0.25192  -0.177807  4
7000  119299  0.154289  0.0480848  0.858414  0.247224  -0.155355  4
7100  119805  0.154249  0.0553729  0.861674  0.256983  -0.160519  4
7200  119951  0.151598  0.0562636  0.862932  0.25114  -0.154251  4
7300  119140  0.151398  0.0604425  0.866002  0.265745  -0.172371  4
7400  118968  0.151428  0.0601097  0.868768  0.271521  -0.157881  4
7500  119594  0.154924  0.0607886  0.86715  0.26902  -0.159812  4
7600  119532  0.15384  0.063661  0.866457  0.26263  -0.135657  4
7700  119261  0.153621  0.0698187  0.866657  0.266008  -0.185314  4
7800  118832  0.152599  0.0649295  0.866015  0.260089  -0.186904  4
7900  119009  0.155631  0.066527  0.864528  0.255356  -0.169563  4
8000  119032  0.156789  0.0683247  0.865668  0.259983  -0.192293  4
8100  119384  0.156988  0.0713817  0.86811  0.266563  -0.228349  4
8200  119419  0.154671  0.0700332  0.870183  0.275037  -0.265237  4
8300  119188  0.155786  0.0672368  0.868703  0.266612  -0.261878  4
8400  119039  0.157548  0.0697437  0.873235  0.28756  -0.284833  4
8500  119341  0.155511  0.0656081  0.872139  0.280591  -0.334609  4
8600  119602  0.158638  0.0638018  0.87165  0.276492  -0.316575  4
8700  119462  0.155426  0.0680197  0.872911  0.27933  -0.266699  4
8800  118970  0.153687  0.0636812  0.870034  0.266603  -0.260093  4
8900  119626  0.153456  0.0663566  0.873216  0.272164  -0.293671  4
9000  118962  0.151653  0.0697446  0.877328  0.279233  -0.340063  4
9100  119484  0.155092  0.0738738  0.879784  0.287993  -0.377414  4
9200  119690  0.155357  0.076414  0.882551  0.300675  -0.390013  4
9300  119522  0.151967  0.0746463  0.882854  0.298198  -0.396614  4
9400  119326  0.153488  0.0680878  0.880637  0.288391  -0.374734  4
9500  119247  0.151175  0.069209  0.881223  0.289744  -0.363393  4
9600  119052  0.150701  0.0687614  0.881663  0.286565  -0.357063  4
9700  119928  0.152171  0.0678631  0.881315  0.281414  -0.344998  4
9800  119516  0.155232  0.0713983  0.881439  0.282188  -0.362229  4
9900  119324  0.152173  0.0707405  0.883648  0.286914  -0.379994  4
