t meta_n emi  mean_info  tr1  tr2  tr3  strategy
0  120518  0.100016  0.493371  0.900088  0.000780179  -7.61293e-05  4
100  117978  0.108852  0.141619  0.898572  0.0692442  0.00338115  4
200  118281  0.12695  0.0719114  0.890572  0.1155  -0.00455556  4
300  118664  0.140232  0.0560264  0.881621  0.153886  0.0096077  4
400  118301  0.143293  0.0492403  0.877883  0.17608  0.0140953  4
500  118634  0.146682  0.0445288  0.870844  0.185819  0.0148294  4
600  118154  0.150001  0.0424014  0.873215  0.211207  0.00498895  4
700  118132  0.154631  0.0405187  0.869732  0.234068  0.00559575  4
800  118715  0.160883  0.040062  0.86812  0.247722  -0.031791  4
900  117805  0.155678  0.0378543  0.871105  0.252729  -0.0483004  4
1000  118963  0.155442  0.0372831  0.870802  0.252825  -0.053916  4
1100  118707  0.154889  0.0335771  0.870526  0.250603  -0.0398702  4
1200  119186  0.157318  0.0333676  0.87004  0.248172  -0.0473707  4
1300  118256  0.157932  0.0327304  0.863747  0.249464  -0.0667538  4
1400  118427  0.160599  0.0344995  0.862366  0.262485  -0.0759366  4
1500  118755  0.159038  0.0288252  0.863859  0.253231  -0.0867212  4
1600  118205  0.161516  0.0288353  0.863293  0.259557  -0.0857824  4
1700  119104  0.163999  0.0294939  0.857595  0.255751  -0.0828029  4
1800  118569  0.158839  0.0298896  0.861035  0.256567  -0.1074  4
1900  118621  0.156809  0.0291755  0.862027  0.254409  -0.0814068  4
2000  118730  0.159389  0.0259564  0.858394  0.23938  -0.0629811  4
2100  118476  0.157796  0.0265372  0.859953  0.240669  -0.054949  4
2200  118882  0.160186  0.0242645  0.861872  0.243148  -0.0737007  4
2300  118104  0.157837  0.0256691  0.859528  0.248818  -0.0618827  4
2400  118752  0.159984  0.0235686  0.856704  0.238089  -0.0955578  4
2500  118875  0.155966  0.0235166  0.860557  0.237222  -0.0957886  4
2600  119442  0.156217  0.0201207  0.858328  0.230319  -0.0981086  4
2700  119494  0.161511  0.0197955  0.854929  0.234687  -0.141036  4
2800  118542  0.157825  0.0198642  0.852811  0.236495  -0.18111  4
2900  118679  0.158788  0.0190836  0.854927  0.23385  -0.175422  4
3000  118816  0.154953  0.0175781  0.854711  0.230851  -0.195438  4
3100  118381  0.155215  0.019578  0.853135  0.226347  -0.24002  4
3200  118794  0.158207  0.0166418  0.848982  0.217841  -0.229347  4
3300  119468  0.158214  0.0174801  0.84921  0.209707  -0.20742  4
3400  119044  0.156221  0.0161859  0.85202  0.21026  -0.230298  4
3500  119115  0.154786  0.0156077  0.851946  0.211947  -0.214267  4
3600  118641  0.155653  0.0161021  0.85442  0.219424  -0.217801  4
3700  119461  0.158559  0.0151095  0.851063  0.22115  -0.244073  4
3800  118998  0.156877  0.0147398  0.848976  0.206125  -0.282605  4
3900  119000  0.158756  0.0140825  0.844767  0.203682  -0.302142  4
4000  118794  0.156893  0.0151424  0.847257  0.209942  -0.28856  4
4100  119916  0.158427  0.0145904  0.846248  0.208718  -0.301662  4
4200  118734  0.161101  0.0127055  0.845244  0.21695  -0.31183  4
4300  118791  0.159249  0.0122062  0.845024  0.217239  -0.295854  4
4400  119091  0.160252  0.0118724  0.845307  0.213108  -0.280272  4
4500  118837  0.155792  0.0121328  0.846775  0.214566  -0.251314  4
4600  119171  0.157722  0.0111173  0.844276  0.201185  -0.24691  4
4700  119278  0.158458  0.0109125  0.842234  0.191943  -0.216346  4
4800  119000  0.158677  0.0115152  0.839862  0.18543  -0.187974  4
4900  119203  0.157096  0.0087571  0.838429  0.176107  -0.185331  4
5000  119681  0.158756  0.00887077  0.839228  0.181149  -0.181407  4
5100  119200  0.156928  0.0103242  0.836086  0.17452  -0.19108  4
5200  119136  0.159189  0.00841339  0.836996  0.169453  -0.230909  4
5300  119465  0.157093  0.00755759  0.839465  0.179292  -0.252854  4
5400  119034  0.157404  0.00852156  0.84048  0.184541  -0.241937  4
5500  118680  0.153673  0.00807256  0.846434  0.195103  -0.209961  4
5600  119183  0.153503  0.00764383  0.844496  0.18789  -0.194596  4
5700  119348  0.150721  0.00691579  0.846982  0.185833  -0.165264  4
5800  118874  0.15359  0.0060662  0.846388  0.182582  -0.146096  4
5900  119295  0.149588  0.00609172  0.84598  0.178467  -0.153279  4
6000  118862  0.151541  0.00631923  0.84703  0.180192  -0.169713  4
6100  119297  0.148714  0.00612222  0.845432  0.180396  -0.149272  4
6200  119604  0.151582  0.00714379  0.845746  0.179733  -0.152634  4
6300  119171  0.14792  0.00616136  0.844914  0.175698  -0.215388  4
6400  118767  0.150236  0.00596437  0.843927  0.174308  -0.202318  4
6500  119147  0.154136  0.00584208  0.844324  0.180406  -0.24975  4
6600  119666  0.152423  0.00478796  0.84188  0.179675  -0.266837  4
6700  118982  0.151975  0.00491446  0.844642  0.18561  -0.288513  4
6800  119209  0.154309  0.00514522  0.842514  0.181049  -0.295936  4
6900  119047  0.152987  0.00487365  0.843649  0.179438  -0.27931  4
7000  119544  0.152532  0.00394707  0.841299  0.172515  -0.261076  4
7100  119237  0.15058  0.00453201  0.840279  0.168366  -0.252891  4
7200  118890  0.15439  0.00461677  0.839757  0.171176  -0.261207  4
7300  119149  0.154373  0.0039742  0.839214  0.176004  -0.266227  4
7400  119576  0.153416  0.00402467  0.83802  0.170928  -0.252161  4
7500  119494  0.151121  0.00465182  0.840087  0.167009  -0.198743  4
7600  118786  0.152371  0.00404417  0.840167  0.16875  -0.191371  4
7700  119342  0.152143  0.00335727  0.838475  0.16542  -0.123177  4
7800  119576  0.151375  0.00330935  0.838894  0.164901  -0.119641  4
7900  118587  0.152237  0.00318203  0.839393  0.163317  -0.133086  4
8000  119534  0.153421  0.00280155  0.838742  0.158769  -0.165693  4
8100  118924  0.150273  0.00224528  0.839593  0.153945  -0.151176  4
8200  119577  0.150996  0.00240765  0.839682  0.15639  -0.148774  4
8300  118725  0.147154  0.00236255  0.840176  0.154511  -0.0970386  4
8400  118888  0.152168  0.00215889  0.838409  0.155504  -0.111375  4
8500  119130  0.150618  0.00185717  0.840093  0.164974  -0.145881  4
8600  119151  0.149998  0.00252828  0.841131  0.163944  -0.185646  4
8700  119583  0.149672  0.00200203  0.83962  0.162598  -0.161643  4
8800  119545  0.150453  0.00227685  0.838115  0.161459  -0.157678  4
8900  119002  0.149647  0.00199645  0.838534  0.156605  -0.188578  4
9000  119451  0.14963  0.00168246  0.837986  0.159062  -0.148515  4
9100  118354  0.148163  0.00157495  0.839493  0.169964  -0.132594  4
9200  119322  0.150313  0.0016684  0.841138  0.174232  -0.117903  4
9300  119050  0.151207  0.00145595  0.84064  0.169096  -0.123561  4
9400  119303  0.150719  0.00200006  0.839391  0.164859  -0.154224  4
9500  118789  0.150361  0.00210217  0.839276  0.167048  -0.173912  4
9600  119204  0.153179  0.00168675  0.839976  0.169328  -0.186534  4
9700  118914  0.151135  0.00144707  0.837979  0.158685  -0.198115  4
9800  119531  0.148458  0.00212033  0.838172  0.151698  -0.209355  4
9900  119150  0.14765  0.00152069  0.838992  0.154031  -0.226861  4
