t meta_n emi  mean_info  tr1  tr2  tr3  strategy
0  120936  0.099728  0.493126  0.900078  0.000804149  -9.03817e-05  4
100  117624  0.110031  0.152448  0.89624  0.0673386  0.00297278  4
200  118756  0.125578  0.080734  0.888341  0.11447  -0.00925235  4
300  118504  0.140505  0.0574268  0.876525  0.149266  -0.00483937  4
400  118714  0.145189  0.0490407  0.86992  0.173029  -0.0161198  4
500  118003  0.154019  0.0486595  0.862549  0.196191  -0.0327544  4
600  118704  0.154677  0.0470231  0.860879  0.196724  -0.0538902  4
700  118647  0.160625  0.0440728  0.857255  0.212479  -0.063229  4
800  118601  0.163609  0.0420054  0.855085  0.225763  -0.0648889  4
900  118713  0.161786  0.0396353  0.860389  0.23682  -0.0627316  4
1000  118385  0.161533  0.0407425  0.859382  0.240191  -0.0514118  4
1100  118567  0.164345  0.0392138  0.857178  0.240303  -0.0474195  4
1200  118621  0.163433  0.039069  0.857794  0.243617  -0.0380125  4
1300  118895  0.159389  0.0354676  0.861953  0.243652  -0.0598787  4
1400  118911  0.164462  0.0328234  0.855356  0.235248  -0.0462576  4
1500  118736  0.161314  0.0323428  0.854998  0.241284  -0.0849958  4
1600  118389  0.15932  0.0332852  0.856057  0.238213  -0.0899682  4
1700  118750  0.162534  0.0321606  0.855358  0.244843  -0.104294  4
1800  118891  0.161406  0.0310645  0.857457  0.249402  -0.0827929  4
1900  117799  0.160875  0.029811  0.854529  0.25125  -0.0846994  4
2000  118163  0.163601  0.0291808  0.851588  0.245579  -0.095787  4
2100  117783  0.162287  0.0283588  0.851584  0.242917  -0.109059  4
2200  118962  0.161057  0.0298634  0.853557  0.23828  -0.132026  4
2300  118768  0.159935  0.0278188  0.855932  0.237423  -0.148992  4
2400  119169  0.158599  0.0290278  0.856803  0.241684  -0.187835  4
2500  118863  0.162078  0.0250417  0.850381  0.237363  -0.205354  4
2600  119129  0.161059  0.0259225  0.849734  0.23142  -0.178652  4
2700  119318  0.15893  0.0253535  0.850361  0.223886  -0.184385  4
2800  119108  0.156642  0.0240373  0.853343  0.228735  -0.169057  4
2900  118895  0.156666  0.0236065  0.85742  0.24469  -0.177001  4
3000  118321  0.157333  0.0232966  0.85692  0.247857  -0.235852  4
3100  119110  0.153811  0.0216697  0.859393  0.244772  -0.245665  4
3200  118753  0.157038  0.0213795  0.857953  0.25208  -0.240251  4
3300  119428  0.156377  0.0199153  0.858058  0.257582  -0.230727  4
3400  119399  0.153853  0.0185976  0.860536  0.252853  -0.227303  4
3500  118799  0.149022  0.0184715  0.864462  0.257288  -0.258631  4
3600  118808  0.153868  0.0177313  0.862472  0.258444  -0.274927  4
3700  119069  0.153464  0.0174816  0.859051  0.25376  -0.262824  4
3800  119000  0.152997  0.0169497  0.859119  0.244806  -0.249515  4
3900  119067  0.155507  0.0149201  0.857061  0.246175  -0.247783  4
4000  119179  0.155303  0.0159549  0.853675  0.233591  -0.24127  4
4100  118821  0.156615  0.0147844  0.852116  0.23812  -0.241312  4
4200  118994  0.157261  0.0145003  0.85275  0.238134  -0.247315  4
4300  118489  0.158167  0.0134339  0.851179  0.227386  -0.220695  4
4400  118395  0.151786  0.0127509  0.850476  0.222216  -0.194322  4
4500  118767  0.150984  0.0122167  0.85398  0.226279  -0.16974  4
4600  119548  0.153094  0.0117602  0.851769  0.223849  -0.121239  4
4700  119026  0.154511  0.0118753  0.853193  0.22093  -0.104422  4
4800  119245  0.152011  0.0120627  0.85305  0.216507  -0.120136  4
4900  119019  0.149437  0.0117175  0.851083  0.210811  -0.0745049  4
5000  119192  0.154991  0.0114358  0.849838  0.204891  -0.0216162  4
5100  119306  0.148872  0.0108351  0.850717  0.20507  -0.036772  4
5200  119241  0.150287  0.0104191  0.850252  0.203499  -0.0296293  4
5300  119440  0.151689  0.00990926  0.84853  0.194287  -0.00335561  4
5400  118740  0.151478  0.0098085  0.849845  0.202182  -0.0235252  4
5500  118739  0.151358  0.00960277  0.849643  0.204523  -0.0490822  4
5600  119429  0.154094  0.00906741  0.85029  0.210749  -0.0562932  4
5700  118780  0.150743  0.0094417  0.851017  0.213718  -0.0649782  4
5800  118905  0.152656  0.0093387  0.84806  0.211809  -0.085623  4
5900  119825  0.155906  0.00824765  0.848414  0.221056  -0.123944  4
6000  119230  0.151963  0.00761412  0.84978  0.218581  -0.1029  4
6100  119109  0.151407  0.00705137  0.849861  0.211052  -0.0635806  4
6200  119047  0.151346  0.00688164  0.849081  0.202518  -0.0688627  4
6300  119442  0.154998  0.00673325  0.846692  0.192529  -0.00690029  4
6400  119261  0.150923  0.00641413  0.848455  0.194354  0.00395708  4
6500  119011  0.154533  0.0070317  0.846436  0.191726  -0.0380537  4
6600  119248  0.150469  0.00527494  0.847372  0.197217  -0.016284  4
6700  119280  0.151633  0.00521186  0.846385  0.197184  -0.00696736  4
6800  119280  0.152988  0.00552321  0.847884  0.196468  -0.012501  4
6900  119219  0.150242  0.0054104  0.846489  0.190401  -0.0101057  4
7000  119535  0.148652  0.00559179  0.846597  0.185572  0.0186026  4
7100  118939  0.15011  0.00511831  0.84692  0.186072  0.0286437  4
7200  118532  0.150137  0.00406419  0.847988  0.185995  0.0597163  4
7300  118910  0.145177  0.00431029  0.846862  0.181426  0.125875  4
7400  119325  0.146986  0.00376422  0.847579  0.186618  0.123506  4
7500  119255  0.148108  0.0042243  0.84814  0.196655  0.0740928  4
7600  119190  0.151218  0.00415731  0.84738  0.19265  0.0876782  4
7700  118876  0.146393  0.00430579  0.84907  0.190768  0.0993379  4
7800  119192  0.149376  0.00287385  0.846959  0.182493  0.157499  4
7900  119556  0.149016  0.00240771  0.845772  0.177122  0.175084  4
8000  119317  0.147013  0.00267397  0.844442  0.173302  0.204652  4
8100  119185  0.149497  0.00282224  0.84386  0.175834  0.208968  4
8200  118748  0.145709  0.00285758  0.845319  0.180703  0.186798  4
8300  119191  0.148746  0.00204332  0.843036  0.175138  0.18969  4
8400  118827  0.146214  0.00229477  0.842041  0.164873  0.202953  4
8500  118915  0.148464  0.00270969  0.844706  0.16889  0.225727  4
8600  119037  0.147517  0.00250049  0.844065  0.168726  0.251252  4
8700  119438  0.146232  0.00268774  0.844108  0.165672  0.24795  4
8800  119939  0.1489  0.00206461  0.844054  0.164403  0.267069  4
8900  119156  0.146269  0.00222883  0.84405  0.173593  0.242375  4
9000  119332  0.146351  0.00197839  0.847124  0.180598  0.27471  4
9100  119509  0.145502  0.00258364  0.847997  0.178862  0.265406  4
9200  119363  0.144356  0.0021745  0.847208  0.172908  0.260882  4
9300  119177  0.146463  0.00186614  0.845774  0.172993  0.262579  4
9400  119050  0.148736  0.00182643  0.846034  0.175647  0.246982  4
9500  119220  0.144936  0.00185969  0.84618  0.173104  0.246584  4
9600  119159  0.148882  0.00204845  0.846251  0.179429  0.245023  4
9700  119812  0.145479  0.00139747  0.847579  0.180844  0.252564  4
9800  119257  0.144993  0.00180468  0.847483  0.182304  0.25377  4
9900  119493  0.144579  0.00197719  0.846982  0.179336  0.241849  4
