t meta_n emi  mean_info  tr1  tr2  tr3  strategy
0  123067  0.099616  0.498274  0.900005  0.000762309  -1.31953e-05  4
100  119881  0.113136  0.462071  0.900208  0.0687195  0.002315  4
200  119418  0.123469  0.443323  0.894534  0.115377  0.00243713  4
300  119702  0.135088  0.411301  0.891304  0.164516  -0.00300726  4
400  119881  0.13798  0.396584  0.88861  0.181348  -0.00297803  4
500  119857  0.145307  0.373115  0.883539  0.194391  -0.00850542  4
600  119691  0.14392  0.357684  0.888569  0.222345  0.00571215  4
700  118774  0.143802  0.350809  0.887438  0.234845  -0.00502448  4
800  119315  0.148061  0.34313  0.887866  0.247626  -0.0186647  4
900  118856  0.146988  0.335449  0.885085  0.256768  -0.0324353  4
1000  118644  0.146321  0.321655  0.884271  0.263146  -0.0271108  4
1100  119149  0.150718  0.302733  0.880863  0.265878  0.0123951  4
1200  119821  0.149389  0.301681  0.883716  0.268887  0.0239064  4
1300  119336  0.153146  0.292224  0.883113  0.276154  0.0501662  4
1400  119572  0.154725  0.298315  0.88408  0.279298  0.0415439  4
1500  119688  0.152178  0.293357  0.882597  0.280441  0.0760394  4
1600  119632  0.153697  0.3019  0.88301  0.291551  0.0591515  4
1700  119911  0.154306  0.308541  0.88107  0.287465  0.0647755  4
1800  119429  0.155079  0.301156  0.879081  0.282841  0.0641286  4
1900  119588  0.151158  0.304299  0.891902  0.309814  0.00809077  4
2000  119550  0.149945  0.29965  0.891131  0.314566  -0.00769135  4
2100  119618  0.145194  0.298202  0.891847  0.304624  -0.0400573  4
2200  119900  0.151588  0.291946  0.889868  0.299671  -0.0516139  4
2300  119338  0.14697  0.271903  0.890955  0.309992  -0.0657424  4
2400  119947  0.15042  0.279099  0.891092  0.3318  -0.0513236  4
2500  119925  0.149395  0.279374  0.894915  0.337665  -0.0886321  4
2600  119528  0.145835  0.279219  0.895669  0.332024  -0.123958  4
2700  119629  0.147137  0.281749  0.897882  0.34389  -0.16464  4
2800  119510  0.146173  0.276732  0.897208  0.33931  -0.175023  4
2900  119874  0.147751  0.279341  0.895902  0.329145  -0.161338  4
3000  119959  0.149125  0.270838  0.8924  0.326729  -0.158637  4
3100  119467  0.148447  0.264785  0.891989  0.333151  -0.191517  4
3200  119792  0.1478  0.277815  0.895168  0.339009  -0.197972  4
3300  119722  0.148394  0.268516  0.896717  0.345397  -0.160877  4
3400  119717  0.149318  0.268292  0.897069  0.348324  -0.211672  4
3500  119987  0.142734  0.268805  0.906254  0.36997  -0.24868  4
3600  119715  0.146285  0.257704  0.904698  0.37523  -0.249109  4
3700  119682  0.150855  0.253229  0.907396  0.392632  -0.231683  4
3800  119264  0.145577  0.244858  0.911999  0.390656  -0.258844  4
3900  119698  0.145146  0.246825  0.910248  0.394288  -0.231934  4
4000  120585  0.141185  0.244579  0.913336  0.394493  -0.239093  4
4100  120148  0.144829  0.245153  0.91225  0.393616  -0.227055  4
4200  119675  0.140649  0.235867  0.914305  0.391749  -0.204877  4
4300  119891  0.145147  0.243013  0.914757  0.396854  -0.180433  4
4400  119325  0.140768  0.236724  0.91768  0.40724  -0.212449  4
4500  119794  0.142174  0.251801  0.923365  0.423829  -0.209606  4
4600  119583  0.145235  0.256078  0.92308  0.435845  -0.187487  4
4700  119295  0.142366  0.26057  0.926686  0.438394  -0.185381  4
4800  119129  0.142386  0.260161  0.933318  0.458042  -0.226106  4
4900  119913  0.140741  0.24578  0.93303  0.44876  -0.240975  4
5000  119845  0.145174  0.248256  0.938532  0.466947  -0.257319  4
5100  120143  0.144111  0.243694  0.942253  0.476487  -0.329391  4
5200  120307  0.142601  0.244379  0.946487  0.49149  -0.334966  4
5300  119896  0.141136  0.241976  0.949018  0.502639  -0.317877  4
5400  119946  0.148242  0.234629  0.949913  0.517894  -0.238893  4
5500  120140  0.148339  0.235614  0.950185  0.516706  -0.226491  4
5600  119788  0.140903  0.237028  0.959398  0.54455  -0.206931  4
5700  119418  0.142308  0.237253  0.963714  0.55269  -0.221838  4
5800  119816  0.138308  0.24057  0.971556  0.579276  -0.170406  4
5900  119947  0.141217  0.242944  0.973858  0.583651  -0.133738  4
6000  119837  0.146058  0.238101  0.978819  0.605569  -0.0783979  4
6100  119523  0.143551  0.24026  0.982768  0.612126  -0.0696399  4
6200  119743  0.139809  0.24039  0.987309  0.629953  -0.0503615  4
6300  119559  0.141191  0.244984  0.990906  0.64087  -0.000932159  4
6400  119875  0.139189  0.239844  0.9914  0.638897  0.0165689  4
6500  120051  0.142834  0.247662  0.992727  0.648665  0.0152513  4
6600  119918  0.144512  0.24302  0.996996  0.658506  -7.88626e-05  4
6700  119857  0.139114  0.241172  0.998702  0.662503  -0.0249487  4
6800  120179  0.144636  0.245733  1.00097  0.671488  -0.0119182  4
6900  120300  0.146054  0.24334  1.00213  0.673064  -0.00988789  4
7000  119758  0.141189  0.237884  1.00084  0.67155  -0.0355958  4
7100  120442  0.145532  0.23575  1.00329  0.681073  -0.0588531  4
7200  119721  0.14376  0.240968  1.00503  0.691147  -0.0368966  4
7300  119838  0.145261  0.237896  1.0043  0.689761  0.00112607  4
7400  119651  0.148176  0.23717  1.00944  0.707789  0.00861657  4
7500  119846  0.144029  0.235747  1.0084  0.709564  0.00579487  4
7600  119656  0.149047  0.23274  1.01165  0.715068  -0.0223367  4
7700  120401  0.144614  0.233016  1.01815  0.727643  -0.0744222  4
7800  119731  0.144073  0.233464  1.02074  0.736176  -0.0764955  4
7900  120173  0.141084  0.229069  1.0237  0.745084  -0.0791477  4
8000  119830  0.143023  0.236293  1.02957  0.766495  -0.032591  4
8100  120447  0.143687  0.232427  1.0331  0.775394  -0.0331208  4
8200  120298  0.140924  0.238005  1.0368  0.787819  -0.00908395  4
8300  119881  0.143369  0.241108  1.04005  0.798994  0.00192298  4
8400  120075  0.146601  0.234892  1.0413  0.802853  0.0123383  4
8500  120312  0.144319  0.236122  1.04363  0.807269  0.0235205  4
8600  120406  0.145995  0.239206  1.04699  0.814282  -0.00131753  4
8700  119540  0.144628  0.239218  1.04912  0.823621  -0.0235185  4
8800  119451  0.145572  0.232376  1.05085  0.828935  -0.0611552  4
8900  120998  0.145453  0.234652  1.05571  0.839179  -0.0554722  4
9000  120057  0.141447  0.234205  1.05605  0.838728  -0.0440964  4
9100  120311  0.140843  0.23192  1.05658  0.840101  -0.0732351  4
9200  120674  0.146944  0.23531  1.06035  0.853792  -0.079413  4
9300  120058  0.140997  0.229344  1.05935  0.850925  -0.0922261  4
9400  119977  0.136938  0.231734  1.05896  0.850331  -0.14218  4
9500  120849  0.151529  0.229499  1.05509  0.838679  -0.155321  4
9600  119996  0.144396  0.22164  1.05375  0.830965  -0.173508  4
9700  120274  0.140308  0.222124  1.05282  0.829605  -0.167133  4
9800  120104  0.142907  0.223337  1.05345  0.834374  -0.142318  4
9900  119902  0.142018  0.22348  1.0522  0.830086  -0.167185  4
