t meta_n emi  mean_info  tr1  tr2  tr3  strategy
0  121682  0.100248  0.493681  0.899932  0.000877717  -2.86036e-05  4
100  118016  0.108376  0.208193  0.900757  0.0670921  0.00144912  4
200  118772  0.126903  0.110963  0.887438  0.118805  0.00876812  4
300  119023  0.137232  0.0809328  0.879358  0.150095  0.0197288  4
400  119174  0.146543  0.0720398  0.870875  0.173676  0.0106467  4
500  118563  0.15454  0.0659011  0.86522  0.195578  -0.00717443  4
600  118318  0.156339  0.0615192  0.862281  0.2106  -0.0222153  4
700  119292  0.159808  0.0612001  0.858533  0.217964  -0.0191675  4
800  119171  0.157449  0.0570032  0.863109  0.227205  -0.0248921  4
900  118180  0.159904  0.0570848  0.863455  0.245863  -0.030983  4
1000  118901  0.160281  0.0560655  0.863815  0.24501  -0.0306118  4
1100  118747  0.164306  0.0519461  0.861659  0.247358  -0.00452455  4
1200  118709  0.165653  0.0538215  0.855878  0.248437  -0.00851776  4
1300  118982  0.162987  0.0541386  0.856335  0.245125  -0.0192739  4
1400  118700  0.158319  0.0514535  0.863909  0.255716  -0.0337349  4
1500  118620  0.157074  0.0499946  0.866904  0.262176  -0.0555475  4
1600  118783  0.154782  0.0497666  0.868021  0.259982  -0.0691451  4
1700  118342  0.160442  0.0471917  0.864534  0.262492  -0.0931346  4
1800  118962  0.161767  0.047446  0.864456  0.269828  -0.109343  4
1900  118265  0.160779  0.0426903  0.858172  0.256618  -0.1234  4
2000  118637  0.162979  0.0440124  0.857717  0.253348  -0.111321  4
2100  118509  0.161501  0.042683  0.858161  0.24697  -0.0891128  4
2200  118961  0.159085  0.037684  0.85714  0.237477  -0.0980359  4
2300  118758  0.156892  0.0371636  0.859057  0.240959  -0.0780076  4
2400  119318  0.154307  0.0373342  0.861289  0.231537  -0.0790755  4
2500  117994  0.156192  0.0348606  0.857203  0.227851  -0.115544  4
2600  118632  0.157639  0.0350054  0.857364  0.230891  -0.0965516  4
2700  118801  0.157281  0.0318431  0.856931  0.229205  -0.0682591  4
2800  118757  0.156144  0.0322677  0.856083  0.232698  -0.0674038  4
2900  119167  0.157802  0.0312878  0.85013  0.221566  -0.051686  4
3000  118107  0.160283  0.0297882  0.851764  0.223531  -0.0613673  4
3100  118226  0.156233  0.0281158  0.851464  0.222029  -0.073235  4
3200  118882  0.157446  0.028259  0.850745  0.221257  -0.0943359  4
3300  118986  0.157  0.0290148  0.85144  0.228863  -0.0683636  4
3400  118989  0.156621  0.0273784  0.849035  0.219655  -0.0493633  4
3500  118826  0.158222  0.0258502  0.847868  0.213731  -0.0742757  4
3600  119293  0.156091  0.0247377  0.847692  0.209581  -0.0981916  4
3700  119095  0.155156  0.0254933  0.84905  0.20382  -0.0971461  4
3800  119142  0.159067  0.0251222  0.846035  0.208176  -0.113279  4
3900  119145  0.156539  0.0243335  0.845072  0.206247  -0.138774  4
4000  118948  0.157052  0.0215625  0.845652  0.208354  -0.109071  4
4100  118473  0.157851  0.0211671  0.843842  0.201185  -0.0913815  4
4200  119000  0.156609  0.0193193  0.84692  0.211053  -0.0837603  4
4300  118890  0.156968  0.0205927  0.84771  0.218071  -0.107047  4
4400  119049  0.157254  0.0189843  0.848217  0.217981  -0.0720756  4
4500  119475  0.159671  0.0186471  0.848241  0.220041  -0.0805446  4
4600  118895  0.152819  0.0179656  0.849439  0.213681  -0.0828862  4
4700  118914  0.152198  0.017702  0.847523  0.20565  -0.119905  4
4800  118854  0.155203  0.0180152  0.848603  0.207937  -0.106101  4
4900  119336  0.154606  0.0175897  0.847872  0.204345  -0.147246  4
5000  119258  0.154733  0.0157794  0.844903  0.199447  -0.197648  4
5100  119562  0.156059  0.0161432  0.849218  0.210746  -0.203103  4
5200  119346  0.149926  0.0167544  0.851699  0.212223  -0.224593  4
5300  119197  0.149735  0.0142623  0.852281  0.211974  -0.224811  4
5400  119668  0.15065  0.0147929  0.85287  0.21633  -0.198561  4
5500  118926  0.149112  0.0133168  0.852419  0.213913  -0.204877  4
5600  119360  0.150328  0.0136409  0.854143  0.219672  -0.227069  4
5700  118971  0.150961  0.0140229  0.852316  0.213482  -0.202505  4
5800  119665  0.153551  0.0110106  0.851992  0.21393  -0.232532  4
5900  119117  0.151664  0.0110997  0.85355  0.215213  -0.176592  4
6000  118705  0.151788  0.0110036  0.852547  0.212482  -0.191821  4
6100  119822  0.154098  0.0103952  0.852526  0.224086  -0.225802  4
6200  119299  0.154477  0.00865364  0.853358  0.236874  -0.275746  4
6300  119121  0.153013  0.00857099  0.855411  0.241935  -0.282573  4
6400  119500  0.153379  0.00752459  0.852842  0.23005  -0.268399  4
6500  119565  0.154387  0.0095962  0.851458  0.226765  -0.254928  4
6600  119189  0.154305  0.0096893  0.851366  0.230966  -0.272257  4
6700  119632  0.153344  0.00852641  0.852247  0.233592  -0.256634  4
6800  119291  0.153267  0.00699747  0.852751  0.231117  -0.216821  4
6900  119662  0.150755  0.00728758  0.854924  0.236629  -0.243512  4
7000  119620  0.148332  0.00793006  0.855259  0.240578  -0.236936  4
7100  119148  0.148921  0.0078259  0.856818  0.239907  -0.221736  4
7200  119520  0.15146  0.00688561  0.85788  0.239109  -0.251942  4
7300  119099  0.15277  0.00634367  0.859364  0.243758  -0.252669  4
7400  119219  0.151035  0.00725561  0.857689  0.236705  -0.246922  4
7500  118873  0.146019  0.00668828  0.857864  0.23183  -0.2233  4
7600  119619  0.146145  0.00562125  0.856984  0.225864  -0.252579  4
7700  119916  0.148624  0.0050932  0.854982  0.214345  -0.260078  4
7800  119074  0.148832  0.00609819  0.857927  0.221438  -0.324871  4
7900  119744  0.14827  0.00608762  0.856179  0.214094  -0.299192  4
8000  119250  0.14966  0.00548158  0.854328  0.211055  -0.288255  4
8100  119347  0.149799  0.00391901  0.851327  0.202674  -0.322595  4
8200  119876  0.149767  0.00410861  0.851535  0.206973  -0.355141  4
8300  119232  0.148621  0.00354459  0.849079  0.190726  -0.3671  4
8400  119286  0.148162  0.00485299  0.85027  0.190607  -0.345894  4
8500  119587  0.14808  0.00448273  0.849556  0.18597  -0.361134  4
8600  119009  0.144558  0.0048156  0.849023  0.186595  -0.347209  4
8700  118841  0.14864  0.00340612  0.847004  0.180848  -0.331236  4
8800  119300  0.148541  0.00393574  0.848412  0.185584  -0.340135  4
8900  119217  0.147931  0.00351586  0.848835  0.189828  -0.346181  4
9000  119262  0.147098  0.00378201  0.84698  0.185161  -0.337506  4
9100  119227  0.147297  0.0034871  0.846217  0.185227  -0.299221  4
9200  119487  0.149077  0.00309417  0.846214  0.187175  -0.316073  4
9300  119350  0.152628  0.00262332  0.84278  0.171571  -0.27104  4
9400  119460  0.147521  0.00282157  0.842158  0.165183  -0.259282  4
9500  118690  0.146831  0.00334053  0.843436  0.164871  -0.227713  4
9600  119499  0.148259  0.00307339  0.844372  0.168769  -0.201406  4
9700  119455  0.147136  0.00299735  0.846042  0.175969  -0.197172  4
9800  118860  0.146328  0.00369435  0.846445  0.174454  -0.189422  4
9900  119011  0.145799  0.00324611  0.844188  0.162361  -0.148547  4
