t meta_n emi  mean_info  tr1  tr2  tr3  strategy
0  121125  0.099648  0.491796  0.900107  0.000786731  0.000104772  4
100  118422  0.112084  0.168428  0.896587  0.0696444  0.00195344  4
200  118854  0.122709  0.0821827  0.890901  0.121822  0.0061285  4
300  118741  0.136745  0.0631712  0.884973  0.158533  0.0165489  4
400  118987  0.144261  0.0537288  0.876982  0.190174  0.0173227  4
500  118906  0.151664  0.0548935  0.867822  0.194979  0.0151077  4
600  118571  0.157122  0.0510431  0.861896  0.205762  0.0206465  4
700  118938  0.158838  0.0487785  0.860503  0.205921  0.043266  4
800  118311  0.158104  0.0478926  0.86224  0.217572  0.0391784  4
900  118694  0.154418  0.0431537  0.866685  0.220822  0.0225732  4
1000  119120  0.153704  0.044787  0.868213  0.226121  0.043456  4
1100  118719  0.156228  0.0453862  0.863306  0.22854  0.0368818  4
1200  118626  0.156696  0.0448986  0.863684  0.228607  0.0228684  4
1300  118757  0.159059  0.0417372  0.861297  0.229414  0.024279  4
1400  118635  0.153331  0.0387528  0.865253  0.239545  0.0250145  4
1500  118317  0.1575  0.0364514  0.861232  0.241588  0.028058  4
1600  118536  0.155611  0.0371224  0.861269  0.226268  0.073585  4
1700  118201  0.158371  0.0361445  0.856156  0.220618  0.12919  4
1800  118745  0.161903  0.0370879  0.856459  0.226179  0.104118  4
1900  118681  0.165196  0.0369458  0.854971  0.233989  0.117656  4
2000  118840  0.157609  0.0324835  0.858234  0.225475  0.10493  4
2100  119354  0.158497  0.030401  0.856515  0.22263  0.0796308  4
2200  118993  0.159478  0.0280417  0.853749  0.227686  0.0920949  4
2300  118448  0.15807  0.0279578  0.856754  0.225274  0.0429457  4
2400  118935  0.152952  0.0313982  0.860633  0.216572  0.0810642  4
2500  118428  0.154013  0.0268793  0.85914  0.214256  0.117308  4
2600  118598  0.153122  0.0265014  0.852638  0.205989  0.128485  4
2700  119114  0.15387  0.0275004  0.852416  0.204996  0.10102  4
2800  118941  0.157577  0.0268814  0.849575  0.201993  0.118661  4
2900  119469  0.157376  0.0242519  0.846994  0.203019  0.118727  4
3000  118812  0.160913  0.0224521  0.845992  0.196468  0.143936  4
3100  119114  0.158318  0.0222748  0.844503  0.20084  0.107583  4
3200  118783  0.155032  0.023175  0.8492  0.206494  0.121074  4
3300  118970  0.154708  0.0216818  0.84972  0.205455  0.0839701  4
3400  118784  0.152442  0.0209037  0.850805  0.203964  0.097583  4
3500  118425  0.154182  0.0191424  0.848108  0.201951  0.161355  4
3600  119236  0.156368  0.019073  0.848479  0.20269  0.160218  4
3700  119105  0.154903  0.0180594  0.846051  0.193453  0.167267  4
3800  118562  0.154347  0.0165708  0.84852  0.206561  0.197041  4
3900  118494  0.159194  0.0156462  0.844176  0.202213  0.172124  4
4000  118509  0.155381  0.0161113  0.845753  0.19878  0.139057  4
4100  119609  0.156813  0.016467  0.849525  0.210369  0.125817  4
4200  118385  0.153054  0.0151228  0.847054  0.198037  0.0941111  4
4300  119304  0.157776  0.0156227  0.84856  0.201031  0.13754  4
4400  119352  0.157292  0.0148458  0.84891  0.20364  0.143144  4
4500  118785  0.156209  0.0130694  0.849929  0.208175  0.165392  4
4600  119278  0.155601  0.014395  0.849771  0.207989  0.147069  4
4700  118880  0.157854  0.0132637  0.847839  0.212825  0.166451  4
4800  118813  0.155302  0.0116724  0.847341  0.211373  0.170148  4
4900  118648  0.159531  0.0117986  0.847345  0.219412  0.148238  4
5000  119127  0.157636  0.0129114  0.848513  0.219266  0.144222  4
5100  119319  0.157855  0.0119442  0.846483  0.217656  0.15655  4
5200  118806  0.159208  0.010911  0.846337  0.220501  0.136176  4
5300  118686  0.153179  0.0102101  0.849928  0.225551  0.125155  4
5400  118783  0.155772  0.00994302  0.848213  0.215286  0.11114  4
5500  119041  0.157108  0.00892821  0.848071  0.20899  0.0988102  4
5600  119259  0.155702  0.00901404  0.843451  0.195671  0.126631  4
5700  119013  0.154587  0.00895032  0.842475  0.182527  0.125525  4
5800  118420  0.1528  0.0088373  0.842743  0.184585  0.154605  4
5900  119685  0.155976  0.00820157  0.842386  0.18385  0.154671  4
6000  118720  0.152897  0.00747531  0.842489  0.188711  0.150341  4
6100  119650  0.153173  0.00823565  0.843824  0.198881  0.164258  4
6200  118814  0.153163  0.00700663  0.842526  0.19048  0.183013  4
6300  119401  0.155433  0.00799681  0.843977  0.197246  0.191611  4
6400  119082  0.157465  0.00751446  0.842535  0.187465  0.176339  4
6500  119325  0.152068  0.00702739  0.842833  0.177637  0.168881  4
6600  119190  0.153718  0.00835533  0.841408  0.17395  0.152065  4
6700  119289  0.149086  0.00822022  0.843443  0.183623  0.206657  4
6800  119546  0.152071  0.00703453  0.844495  0.179428  0.205839  4
6900  119626  0.151481  0.00683161  0.843711  0.180065  0.224229  4
7000  119705  0.153371  0.00575899  0.84351  0.180717  0.247208  4
7100  119062  0.150724  0.00558191  0.84344  0.182196  0.268764  4
7200  119178  0.152904  0.00531329  0.842386  0.17848  0.26629  4
7300  119366  0.151906  0.00418743  0.841186  0.170517  0.246757  4
7400  118858  0.149979  0.0043983  0.840335  0.166741  0.287247  4
7500  119435  0.152968  0.00369184  0.841013  0.171214  0.324097  4
7600  119591  0.151529  0.00393046  0.841037  0.170185  0.337898  4
7700  118746  0.148885  0.004404  0.843261  0.178275  0.373043  4
7800  118977  0.149525  0.00405183  0.844195  0.180999  0.359309  4
7900  119891  0.14992  0.00372052  0.844161  0.180396  0.353698  4
8000  119146  0.151853  0.00429535  0.844834  0.187275  0.34277  4
8100  118760  0.15117  0.00428978  0.844359  0.184171  0.385835  4
8200  119113  0.14837  0.00412489  0.846192  0.185793  0.418381  4
8300  119392  0.14882  0.00344869  0.846475  0.188652  0.418257  4
8400  119383  0.149825  0.0029272  0.846895  0.186459  0.435943  4
8500  119078  0.149628  0.00321482  0.846685  0.189338  0.418  4
8600  118857  0.151317  0.00316109  0.845991  0.184881  0.486001  4
8700  118935  0.150825  0.00330561  0.846334  0.189807  0.491475  4
8800  119155  0.148567  0.00292369  0.847594  0.199423  0.442832  4
8900  119028  0.150178  0.00320726  0.845673  0.191155  0.439012  4
9000  118346  0.150941  0.00223484  0.84537  0.188683  0.460844  4
9100  119043  0.147876  0.00259513  0.845271  0.18577  0.469628  4
9200  119432  0.15238  0.00244665  0.844248  0.183383  0.467389  4
9300  119060  0.146901  0.00236782  0.843134  0.175505  0.486081  4
9400  118436  0.149223  0.00291043  0.844561  0.176843  0.44259  4
9500  119387  0.150249  0.00210094  0.84301  0.17171  0.436459  4
9600  119012  0.153638  0.00162653  0.842742  0.177578  0.426828  4
9700  118977  0.151149  0.00146992  0.842164  0.175862  0.450144  4
9800  119379  0.148424  0.00126264  0.843107  0.179717  0.446197  4
9900  118618  0.152314  0.00145512  0.842226  0.175769  0.444717  4
