t meta_n emi  mean_info  tr1  tr2  tr3  strategy
0  123147  0.099888  0.498468  0.899976  0.000765181  6.68413e-05  4
100  120430  0.114106  0.490763  0.903769  0.0681421  -0.00163489  4
200  120480  0.129385  0.485221  0.898069  0.123541  -0.00146473  4
300  119460  0.131326  0.503639  0.894057  0.154693  -0.000269223  4
400  120010  0.144799  0.526623  0.889797  0.185075  0.00133521  4
500  119702  0.140881  0.54066  0.896369  0.201541  0.00281148  4
600  120548  0.146418  0.552604  0.892802  0.22016  0.000274142  4
700  119763  0.142637  0.544891  0.897965  0.234845  0.0152249  4
800  119847  0.140754  0.550689  0.90425  0.24712  9.1995e-05  4
900  120031  0.145049  0.545828  0.901356  0.246825  0.0395255  4
1000  119705  0.140538  0.54196  0.904238  0.264213  0.0564073  4
1100  119772  0.144154  0.548185  0.898819  0.265876  0.0551174  4
1200  120407  0.142346  0.544716  0.899571  0.268098  0.0388312  4
1300  120105  0.141753  0.526304  0.898301  0.265551  -0.00770881  4
1400  119619  0.143377  0.527914  0.899053  0.270253  0.0115121  4
1500  120412  0.143228  0.52219  0.900011  0.282419  0.0135401  4
1600  120329  0.142532  0.518694  0.898543  0.286547  -0.002721  4
1700  120440  0.145756  0.509751  0.895589  0.269727  0.0101723  4
1800  119724  0.142217  0.494782  0.893473  0.263553  0.0163823  4
1900  119701  0.142222  0.490551  0.897126  0.270452  0.0205718  4
2000  119036  0.144191  0.490001  0.895461  0.275076  0.0435345  4
2100  119776  0.140855  0.472402  0.896436  0.273416  0.0388675  4
2200  120366  0.144014  0.489111  0.897949  0.277794  0.0355098  4
2300  119947  0.139142  0.488694  0.900704  0.285777  0.0637769  4
2400  119698  0.134321  0.492675  0.903147  0.295366  0.0629938  4
2500  119842  0.140868  0.505527  0.901799  0.300994  0.0722228  4
2600  119969  0.141169  0.497574  0.901699  0.299036  0.0775247  4
2700  119896  0.142033  0.504621  0.9053  0.314807  0.0561737  4
2800  120591  0.144545  0.489036  0.902296  0.316014  0.0559762  4
2900  120110  0.140547  0.494345  0.901044  0.322495  0.0810593  4
3000  120313  0.13968  0.495871  0.906857  0.334028  0.0893892  4
3100  120381  0.138999  0.497844  0.906503  0.343432  0.111949  4
3200  120104  0.136933  0.498611  0.910066  0.351579  0.10644  4
3300  120005  0.13669  0.505813  0.912215  0.368345  0.0791647  4
3400  120036  0.138881  0.49814  0.909684  0.36139  0.128174  4
3500  120675  0.143259  0.489821  0.908811  0.362057  0.139047  4
3600  120247  0.135665  0.47359  0.91047  0.354934  0.128511  4
3700  120364  0.139945  0.479302  0.912325  0.361194  0.10981  4
3800  120484  0.135375  0.472352  0.911252  0.358653  0.130744  4
3900  120659  0.136708  0.472552  0.913126  0.362754  0.0844882  4
4000  119962  0.136689  0.473281  0.91387  0.36583  0.082121  4
4100  120496  0.135313  0.464439  0.916718  0.375758  0.105128  4
4200  120495  0.135881  0.45853  0.916677  0.382005  0.137275  4
4300  120464  0.132241  0.456388  0.917893  0.39105  0.106148  4
4400  120441  0.134548  0.452552  0.916846  0.386956  0.117559  4
4500  120457  0.135465  0.442571  0.915574  0.379737  0.150419  4
4600  120901  0.135738  0.430642  0.917426  0.384963  0.15011  4
4700  120118  0.136866  0.424552  0.916869  0.398777  0.198169  4
4800  120295  0.137857  0.41142  0.91278  0.389227  0.212459  4
4900  119975  0.134846  0.412813  0.912032  0.388217  0.218406  4
5000  120348  0.132649  0.415757  0.913315  0.387182  0.257637  4
5100  120141  0.136016  0.41595  0.912897  0.383248  0.288994  4
5200  120173  0.137284  0.420583  0.916641  0.405658  0.286883  4
5300  119647  0.130769  0.413769  0.922175  0.424201  0.262975  4
5400  119937  0.135273  0.417945  0.92696  0.437018  0.237696  4
5500  120506  0.134962  0.409813  0.925157  0.435841  0.18926  4
5600  120118  0.134268  0.424379  0.926349  0.439007  0.166307  4
5700  120278  0.133577  0.414613  0.930591  0.455954  0.161104  4
5800  120346  0.133537  0.404805  0.929842  0.458876  0.160414  4
5900  120105  0.136143  0.411721  0.93061  0.467683  0.140058  4
6000  120554  0.138206  0.409152  0.93401  0.472702  0.125214  4
6100  120161  0.133208  0.413229  0.932838  0.46912  0.100831  4
6200  120029  0.135174  0.409117  0.932557  0.475428  0.126203  4
6300  120098  0.137069  0.407504  0.933733  0.469483  0.148717  4
6400  120193  0.131123  0.396596  0.93814  0.488071  0.136102  4
6500  119910  0.130398  0.401283  0.942103  0.503259  0.100512  4
6600  120437  0.133804  0.411431  0.946725  0.521897  0.0672032  4
6700  120165  0.130665  0.407632  0.949956  0.527122  0.0270594  4
6800  120181  0.134127  0.389859  0.954149  0.544834  -0.00869551  4
6900  119935  0.133398  0.388348  0.959585  0.561075  -0.049455  4
7000  120178  0.133614  0.386899  0.961061  0.570309  -0.0629794  4
7100  120314  0.131455  0.386136  0.95995  0.562828  -0.063861  4
7200  120071  0.134954  0.385585  0.960256  0.569897  -0.0676413  4
7300  120808  0.13403  0.391085  0.965426  0.584825  -0.0752353  4
7400  120837  0.135796  0.402206  0.964713  0.579701  -0.10186  4
7500  120951  0.132508  0.384297  0.96712  0.578483  -0.092385  4
7600  120173  0.135141  0.387123  0.970913  0.596964  -0.117934  4
7700  120403  0.132707  0.381675  0.972478  0.601271  -0.0997537  4
7800  120621  0.132579  0.388601  0.974219  0.616224  -0.140174  4
7900  120179  0.132376  0.390595  0.974998  0.618302  -0.120928  4
8000  120429  0.131804  0.385687  0.974044  0.618791  -0.128434  4
8100  120323  0.138967  0.385871  0.976324  0.627333  -0.172333  4
8200  120056  0.132335  0.377744  0.981774  0.64672  -0.221646  4
8300  120072  0.133458  0.374719  0.985205  0.65327  -0.259519  4
8400  120026  0.137328  0.382336  0.985061  0.654108  -0.273716  4
8500  120117  0.12756  0.382632  0.989269  0.667375  -0.283822  4
8600  120646  0.132592  0.377528  0.993342  0.681509  -0.333837  4
8700  120474  0.132932  0.372016  0.996702  0.69127  -0.329156  4
8800  120275  0.136366  0.36132  1.00115  0.70418  -0.339654  4
8900  120411  0.132991  0.357338  1.00319  0.715508  -0.363167  4
9000  120934  0.134254  0.35515  1.00556  0.724748  -0.393065  4
9100  120467  0.138564  0.353413  1.01073  0.742934  -0.398696  4
9200  121378  0.14101  0.352088  1.00966  0.738246  -0.356127  4
9300  120541  0.134391  0.351985  1.0109  0.740464  -0.396428  4
9400  120110  0.130658  0.354884  1.01213  0.743776  -0.396243  4
9500  120592  0.132826  0.348403  1.01205  0.74134  -0.382623  4
9600  120015  0.12812  0.346827  1.01618  0.753426  -0.432911  4
9700  120819  0.138423  0.343399  1.02021  0.760013  -0.512205  4
9800  119770  0.13297  0.341519  1.01848  0.755444  -0.493101  4
9900  120485  0.131862  0.34355  1.02265  0.768859  -0.521433  4
