t meta_n emi  mean_info  tr1  tr2  tr3  strategy
0  123029  0.10036  0.501112  0.899925  0.000829541  6.16838e-05  4
100  121308  0.115635  0.5599  0.906096  0.0714165  0.00630743  4
200  120918  0.130422  0.597725  0.90215  0.123489  0.00925824  4
300  120145  0.135875  0.641523  0.898299  0.156595  0.00298518  4
400  120196  0.144412  0.672365  0.898263  0.185555  -0.0129161  4
500  120988  0.144656  0.705727  0.902706  0.200403  -0.0211006  4
600  120959  0.137388  0.716461  0.909021  0.211504  -0.0257669  4
700  119977  0.142176  0.738708  0.90469  0.214084  -0.0168512  4
800  120951  0.143236  0.743869  0.905427  0.224127  -0.0203783  4
900  120930  0.14  0.758773  0.909902  0.223709  -0.0182322  4
1000  120588  0.137616  0.774978  0.913346  0.238416  -0.0194045  4
1100  120832  0.142579  0.763134  0.912423  0.235752  -0.0207494  4
1200  121020  0.136993  0.770218  0.915553  0.233189  -0.0255878  4
1300  120830  0.134745  0.770017  0.914589  0.23815  -0.0461397  4
1400  120659  0.13051  0.770671  0.916861  0.24433  -0.0514781  4
1500  120982  0.134509  0.774891  0.915924  0.23589  -0.0571546  4
1600  120864  0.132187  0.769201  0.91732  0.251391  -0.0357738  4
1700  121331  0.133662  0.774766  0.917994  0.247904  -0.0152734  4
1800  120763  0.135742  0.773508  0.917779  0.252685  -0.0219614  4
1900  120855  0.131008  0.774459  0.918231  0.253208  -0.0339359  4
2000  120861  0.13049  0.784162  0.920097  0.251041  -0.0424546  4
2100  120864  0.125903  0.796852  0.922674  0.246903  -0.018172  4
2200  120835  0.131128  0.798902  0.924447  0.251249  -0.0260141  4
2300  120697  0.13196  0.801634  0.920323  0.254379  -0.0413899  4
2400  120835  0.130921  0.806917  0.919255  0.252724  -0.0314364  4
2500  120757  0.131199  0.808573  0.917097  0.241661  -0.0260197  4
2600  121105  0.128192  0.809926  0.917994  0.237485  -0.0375176  4
2700  121140  0.124669  0.803364  0.916802  0.231269  -0.0049372  4
2800  120814  0.127451  0.807083  0.919164  0.23478  -0.00168196  4
2900  121528  0.125233  0.798959  0.919571  0.2344  -0.0068978  4
3000  120799  0.127194  0.813379  0.919519  0.242425  0.0155186  4
3100  120284  0.127904  0.811013  0.9189  0.239081  0.0749885  4
3200  121249  0.127828  0.815238  0.918349  0.231171  0.111063  4
3300  121285  0.128475  0.828847  0.91498  0.224451  0.0907105  4
3400  121451  0.12741  0.827721  0.916739  0.223968  0.0865439  4
3500  120666  0.121577  0.824086  0.917924  0.224339  0.0739017  4
3600  120814  0.125342  0.825001  0.919314  0.235969  0.122117  4
3700  120539  0.125695  0.82967  0.918052  0.223714  0.158143  4
3800  121134  0.12695  0.835594  0.915213  0.221644  0.157722  4
3900  121239  0.120912  0.831047  0.917041  0.218481  0.147355  4
4000  121398  0.119817  0.827722  0.919792  0.219395  0.152211  4
4100  121552  0.122463  0.824613  0.91822  0.221934  0.105578  4
4200  121401  0.123469  0.819544  0.918193  0.217912  0.102134  4
4300  121056  0.125472  0.808398  0.912579  0.213424  0.1485  4
4400  121143  0.121214  0.814101  0.915814  0.221159  0.121257  4
4500  121684  0.130023  0.811883  0.916735  0.233544  0.0871782  4
4600  120898  0.126731  0.797118  0.915218  0.232767  0.0971877  4
4700  121143  0.125277  0.810985  0.914355  0.228143  0.0825393  4
4800  121427  0.123394  0.80351  0.912679  0.219092  0.125852  4
4900  120927  0.124034  0.810265  0.910602  0.220327  0.174345  4
5000  121449  0.125724  0.811492  0.913304  0.228912  0.218977  4
5100  121160  0.124775  0.822622  0.913174  0.221512  0.197205  4
5200  121344  0.12583  0.825668  0.910506  0.218769  0.168284  4
5300  121098  0.123884  0.825292  0.910833  0.214001  0.175609  4
5400  121201  0.124821  0.829099  0.911497  0.208703  0.207303  4
5500  120984  0.119293  0.828649  0.912751  0.199032  0.227281  4
5600  121607  0.12282  0.836377  0.91262  0.193664  0.22652  4
5700  121281  0.120462  0.827922  0.910865  0.201285  0.232391  4
5800  120501  0.118442  0.825163  0.911294  0.208629  0.241117  4
5900  121400  0.123232  0.830349  0.91183  0.209145  0.245074  4
6000  121262  0.120083  0.828748  0.910748  0.208161  0.253553  4
6100  121181  0.124026  0.832365  0.910766  0.197951  0.19996  4
6200  121116  0.122823  0.840569  0.910265  0.193877  0.195492  4
6300  121187  0.121884  0.83847  0.90944  0.190864  0.222517  4
6400  120752  0.116626  0.835293  0.908915  0.18241  0.18934  4
6500  121270  0.117498  0.833427  0.910837  0.185947  0.223934  4
6600  121418  0.121413  0.834407  0.910324  0.187182  0.263244  4
6700  121177  0.123112  0.840609  0.907941  0.176022  0.233563  4
6800  121364  0.120935  0.848812  0.90733  0.171422  0.265938  4
6900  121409  0.122556  0.85236  0.90726  0.168654  0.2621  4
7000  120853  0.11962  0.862745  0.908544  0.168723  0.262762  4
7100  121117  0.11944  0.859928  0.909167  0.170638  0.307305  4
7200  121141  0.120968  0.864748  0.908274  0.173598  0.342523  4
7300  121139  0.12263  0.856982  0.906551  0.173219  0.353847  4
7400  120732  0.120867  0.853232  0.905922  0.174459  0.293569  4
7500  120710  0.120879  0.861162  0.905609  0.169027  0.255353  4
7600  120830  0.12035  0.868425  0.905705  0.16781  0.21318  4
7700  121302  0.125311  0.872295  0.904412  0.168418  0.219817  4
7800  121308  0.122853  0.877826  0.907549  0.167313  0.227728  4
7900  121698  0.121012  0.873468  0.908333  0.174595  0.224517  4
8000  121070  0.120634  0.873713  0.909189  0.175037  0.239735  4
8100  121062  0.113488  0.879939  0.908005  0.16315  0.221736  4
8200  121248  0.118709  0.882173  0.908619  0.161661  0.184551  4
8300  121240  0.120146  0.883349  0.908139  0.165491  0.143845  4
8400  121340  0.120496  0.885637  0.908881  0.170004  0.134999  4
8500  121310  0.119089  0.876403  0.910059  0.170776  0.164996  4
8600  120736  0.115416  0.875281  0.9087  0.175342  0.164  4
8700  121035  0.121993  0.87816  0.907942  0.164576  0.125661  4
8800  121609  0.120872  0.87595  0.909138  0.174793  0.114423  4
8900  120975  0.118599  0.877558  0.9093  0.170061  0.0624376  4
9000  121239  0.117455  0.866645  0.909313  0.17409  0.0392207  4
9100  121037  0.116285  0.866275  0.908408  0.167179  0.0517711  4
9200  121357  0.118897  0.873545  0.907298  0.161929  0.0158888  4
9300  121220  0.118328  0.87891  0.907752  0.161393  0.0339503  4
9400  121746  0.121481  0.880926  0.907128  0.162373  0.017231  4
9500  122084  0.120125  0.88043  0.908799  0.15729  -0.0136196  4
9600  121662  0.11557  0.882815  0.908088  0.16124  0.0039689  4
9700  121220  0.118798  0.883102  0.909393  0.165388  -0.0376715  4
9800  121558  0.116767  0.888178  0.909337  0.158451  -0.066203  4
9900  121784  0.124362  0.897485  0.90765  0.152375  -0.0499286  4
