t meta_n emi  mean_info  tr1  tr2  tr3  strategy
0  120728  0.099464  0.49323  0.900047  0.000833625  -1.80047e-05  4
100  117851  0.10722  0.171281  0.899476  0.0648477  0.0053604  4
200  117961  0.131148  0.0950835  0.885157  0.117102  -0.00196271  4
300  119095  0.138156  0.0696148  0.877766  0.147453  -0.0147588  4
400  118455  0.142519  0.0607961  0.872574  0.172271  -0.012566  4
500  118157  0.150743  0.0563172  0.867888  0.190009  -0.0172502  4
600  118730  0.154056  0.0525464  0.868705  0.208181  -0.00777794  4
700  118727  0.153072  0.0520954  0.866141  0.219094  0.000729089  4
800  118548  0.159043  0.0516737  0.862004  0.228969  -0.00110691  4
900  118667  0.162717  0.0479677  0.861889  0.245954  0.0248773  4
1000  118792  0.163313  0.0478126  0.858252  0.237549  0.0437697  4
1100  118124  0.161693  0.0452231  0.859172  0.246767  0.0284975  4
1200  118718  0.160162  0.0459683  0.862203  0.244473  0.0487486  4
1300  118431  0.160572  0.0440082  0.865549  0.255856  0.0686543  4
1400  118550  0.160006  0.041877  0.864247  0.255883  0.05405  4
1500  118543  0.161759  0.0386737  0.86088  0.241515  0.0792651  4
1600  118832  0.161269  0.0393378  0.860101  0.240493  0.0962161  4
1700  118904  0.162084  0.0369299  0.859489  0.242995  0.0811111  4
1800  118751  0.159754  0.0330213  0.859929  0.239698  0.0789512  4
1900  118363  0.160496  0.0340444  0.857283  0.241796  0.0873011  4
2000  118793  0.154872  0.0330743  0.862205  0.235937  0.0587745  4
2100  118837  0.154485  0.0316439  0.857442  0.229907  0.0339255  4
2200  118715  0.16103  0.0311912  0.855533  0.232294  0.0612824  4
2300  118556  0.159933  0.0303499  0.857354  0.237514  0.0699846  4
2400  118573  0.159472  0.0293462  0.854784  0.241071  0.0769893  4
2500  118893  0.161975  0.0288163  0.851887  0.233928  0.0845055  4
2600  118490  0.160316  0.0274639  0.852489  0.234034  0.0885336  4
2700  118798  0.160541  0.024997  0.852355  0.231145  0.112413  4
2800  118771  0.156537  0.0274104  0.854453  0.235414  0.104045  4
2900  118813  0.157507  0.0262123  0.852609  0.225258  0.125903  4
3000  118564  0.155635  0.0232166  0.85124  0.212662  0.12762  4
3100  118678  0.158186  0.0224765  0.849184  0.213745  0.117211  4
3200  118343  0.158982  0.0221482  0.84585  0.208589  0.0821801  4
3300  119483  0.157172  0.0231938  0.849529  0.216983  0.113622  4
3400  119076  0.158132  0.0217064  0.850146  0.222425  0.0800438  4
3500  118921  0.15904  0.0219377  0.848598  0.215935  0.0812641  4
3600  118544  0.156745  0.0202398  0.84321  0.208483  0.0756157  4
3700  119264  0.160768  0.0197102  0.843566  0.211899  0.0938001  4
3800  118668  0.159549  0.0191059  0.841346  0.205919  0.0784459  4
3900  118918  0.160412  0.0165829  0.839073  0.202778  0.0798595  4
4000  118901  0.165461  0.01737  0.838592  0.197617  0.0877453  4
4100  118085  0.162109  0.0178351  0.836634  0.196305  0.0816241  4
4200  118617  0.158983  0.0163158  0.837265  0.194313  0.0745348  4
4300  118651  0.160637  0.015168  0.837453  0.195019  0.0868699  4
4400  118696  0.160586  0.0158532  0.836688  0.19077  0.0963249  4
4500  118754  0.161347  0.0150692  0.837641  0.184936  0.0837071  4
4600  118975  0.159086  0.0159831  0.837874  0.187899  0.114868  4
4700  118995  0.158547  0.0152258  0.840602  0.185308  0.115054  4
4800  119457  0.15747  0.0121592  0.839452  0.187172  0.0997703  4
4900  118895  0.156193  0.0122659  0.84139  0.191238  0.0662613  4
5000  118862  0.158648  0.0123566  0.843063  0.197188  0.0700079  4
5100  119017  0.157933  0.0130371  0.840411  0.189195  0.0432338  4
5200  118975  0.157039  0.0124519  0.841104  0.189021  0.032917  4
5300  118677  0.158808  0.0111796  0.841767  0.19123  0.00589443  4
5400  119125  0.15515  0.0102802  0.842008  0.192955  0.00154484  4
5500  118747  0.157416  0.0105363  0.841157  0.185416  0.0114297  4
5600  118967  0.155019  0.010726  0.844311  0.189042  0.0134162  4
5700  119100  0.15442  0.0102695  0.843435  0.194409  0.049984  4
5800  119171  0.157353  0.0086542  0.843203  0.19497  0.0900831  4
5900  119101  0.154169  0.00913716  0.842579  0.191188  0.083447  4
6000  119483  0.155279  0.00910351  0.84308  0.195146  0.0795869  4
6100  119319  0.15817  0.00868288  0.839761  0.192966  0.0746677  4
6200  119225  0.150737  0.00766684  0.842634  0.19202  0.0730238  4
6300  118933  0.155034  0.00755857  0.841604  0.193589  0.0627668  4
6400  119279  0.154952  0.0069996  0.840547  0.19116  0.0488536  4
6500  118750  0.155149  0.00643929  0.839148  0.18704  0.047559  4
6600  118916  0.156395  0.00674062  0.838072  0.18566  0.0493615  4
6700  118635  0.159387  0.00616116  0.836993  0.187755  0.0717403  4
6800  119384  0.159234  0.00594403  0.835286  0.182832  0.0448018  4
6900  118610  0.157461  0.0065518  0.835701  0.17414  0.0347208  4
7000  119164  0.154498  0.00622029  0.835789  0.166317  0.0248165  4
7100  119170  0.155077  0.00556205  0.836236  0.171195  0.017693  4
7200  119355  0.154375  0.0061013  0.836298  0.171319  0.0500197  4
7300  118732  0.157132  0.00527302  0.838009  0.177283  0.0301218  4
7400  119269  0.151978  0.00520891  0.836103  0.173382  0.021163  4
7500  119224  0.155751  0.00519766  0.835039  0.167014  0.0149322  4
7600  119201  0.15678  0.004442  0.836472  0.173087  0.00844074  4
7700  119275  0.155631  0.00410556  0.835369  0.170817  0.0216601  4
7800  118757  0.158316  0.00379531  0.836028  0.174824  0.019276  4
7900  118972  0.156839  0.00383457  0.835732  0.174405  0.0190876  4
8000  119612  0.154055  0.00396497  0.834178  0.162798  0.00152622  4
8100  118639  0.153688  0.00363574  0.833799  0.163018  -0.0051298  4
8200  119036  0.153886  0.00315184  0.834479  0.160891  -0.0203845  4
8300  119264  0.15492  0.00359471  0.834946  0.164662  -0.00324336  4
8400  119646  0.15479  0.00313667  0.835472  0.173148  -0.0222371  4
8500  119100  0.155787  0.00303666  0.834791  0.171065  -0.00690628  4
8600  119475  0.154425  0.00214873  0.834584  0.171215  -0.00456614  4
8700  119308  0.154044  0.00187348  0.836657  0.17455  -0.0237146  4
8800  119466  0.154933  0.00228039  0.836477  0.179438  -0.00636146  4
8900  119265  0.154595  0.00325489  0.839046  0.193397  -0.00366756  4
9000  118895  0.156346  0.00343309  0.841622  0.205986  -0.0241401  4
9100  119367  0.160418  0.00360988  0.840085  0.202506  -0.0232512  4
9200  119519  0.153772  0.00252806  0.84109  0.207724  -0.00990598  4
9300  119459  0.155971  0.0029162  0.842512  0.211531  -0.012938  4
9400  118667  0.154443  0.00231172  0.840373  0.204821  -0.0494661  4
9500  118901  0.15584  0.00225891  0.839493  0.198069  -0.0475009  4
9600  119318  0.153161  0.00165976  0.839813  0.196709  -0.00645267  4
9700  119197  0.154066  0.00212585  0.840066  0.199348  0.0305963  4
9800  118967  0.154956  0.00230799  0.839758  0.195064  0.0483249  4
9900  119863  0.1561  0.00217498  0.837307  0.195498  0.0620826  4
