t meta_n emi  mean_info  tr1  tr2  tr3  strategy
0  121910  0.100584  0.494367  0.900037  0.000782808  -5.99979e-05  4
100  118727  0.112063  0.292303  0.896217  0.0715694  -0.000643921  4
200  118784  0.127383  0.178059  0.88634  0.125793  0.00535756  4
300  119113  0.140702  0.127632  0.881461  0.160968  0.00367625  4
400  119111  0.145405  0.102692  0.875508  0.183387  0.00940644  4
500  118948  0.149229  0.0979044  0.876048  0.2  0.0153561  4
600  118854  0.151597  0.088262  0.871146  0.210492  0.0130433  4
700  118681  0.149014  0.0875666  0.871768  0.21845  0.0104409  4
800  119144  0.154268  0.0815471  0.870452  0.230932  -0.0017083  4
900  118564  0.154346  0.0807278  0.86719  0.231416  0.00113338  4
1000  118793  0.156487  0.0806161  0.866643  0.238677  0.0156288  4
1100  118782  0.157802  0.076964  0.866941  0.241787  -0.00884505  4
1200  118513  0.156212  0.0735359  0.870718  0.252225  -0.00121111  4
1300  118344  0.159911  0.0717828  0.868364  0.26904  0.0137907  4
1400  118972  0.165131  0.0700402  0.866658  0.2693  0.0154296  4
1500  118870  0.160967  0.0680116  0.865759  0.254917  0.0615876  4
1600  118041  0.159629  0.0681041  0.86022  0.245204  0.0584232  4
1700  118739  0.157706  0.0617898  0.85867  0.224585  0.0319501  4
1800  118837  0.162948  0.0633308  0.857445  0.227147  0.0248303  4
1900  118497  0.159041  0.0601316  0.854496  0.215548  0.00702817  4
2000  118909  0.1581  0.0583099  0.856824  0.225205  0.0550068  4
2100  118827  0.155468  0.061185  0.856894  0.225625  0.0596348  4
2200  119344  0.156826  0.0582143  0.854863  0.229057  0.067398  4
2300  118700  0.15485  0.0541557  0.856941  0.215475  0.0736632  4
2400  119350  0.155351  0.055911  0.855864  0.205953  0.0728318  4
2500  118325  0.15122  0.0507678  0.856473  0.20975  0.0701263  4
2600  119262  0.153215  0.0506046  0.857804  0.206923  0.0650761  4
2700  118960  0.1513  0.0449087  0.858179  0.213888  0.038796  4
2800  118822  0.154999  0.0501722  0.858931  0.222875  0.0355432  4
2900  118748  0.152971  0.0453936  0.857815  0.222571  0.0295874  4
3000  119084  0.152535  0.0446892  0.857086  0.22859  0.064214  4
3100  119641  0.152482  0.0455643  0.858184  0.229178  0.0446479  4
3200  119309  0.152936  0.0455035  0.860234  0.229289  0.0646396  4
3300  119169  0.154853  0.0438996  0.856806  0.221095  0.0594964  4
3400  118982  0.154587  0.0422946  0.853043  0.213298  0.0518365  4
3500  119053  0.158276  0.0408087  0.848044  0.216506  0.0531717  4
3600  118772  0.160648  0.042331  0.847147  0.215262  0.0481973  4
3700  119391  0.158367  0.0385271  0.848473  0.208279  0.032271  4
3800  119911  0.154972  0.0360646  0.85016  0.21392  0.0353227  4
3900  118714  0.160391  0.0329268  0.846011  0.212819  0.0477416  4
4000  119067  0.158775  0.0331692  0.84526  0.21833  0.0933227  4
4100  119168  0.157414  0.0329324  0.847181  0.218459  0.0672369  4
4200  119300  0.157988  0.0307706  0.845732  0.21501  0.0620361  4
4300  118888  0.159771  0.0289665  0.847249  0.209348  0.0370654  4
4400  119187  0.159008  0.02557  0.844989  0.210442  -0.0270661  4
4500  119138  0.156044  0.0241315  0.847925  0.215156  -0.0299088  4
4600  119054  0.154305  0.0260343  0.848749  0.218474  -0.0255994  4
4700  119395  0.156199  0.0261855  0.847683  0.213917  -0.0376156  4
4800  118832  0.156405  0.0279369  0.845962  0.214177  -0.0297348  4
4900  119136  0.156659  0.0257646  0.847851  0.220595  -0.0559387  4
5000  118907  0.156404  0.0254836  0.849039  0.219892  -0.0988866  4
5100  119320  0.156675  0.02275  0.849832  0.220279  -0.0832192  4
5200  119295  0.155122  0.0231067  0.847161  0.209466  -0.0791206  4
5300  118361  0.152365  0.0223117  0.848464  0.212721  -0.09942  4
5400  118552  0.152264  0.0202364  0.850391  0.208862  -0.102147  4
5500  119396  0.152583  0.021408  0.851322  0.216041  -0.14205  4
5600  119338  0.152733  0.0164778  0.849584  0.204658  -0.191948  4
5700  118876  0.151755  0.0173977  0.850143  0.217164  -0.210661  4
5800  119267  0.154168  0.0172272  0.848256  0.214693  -0.223234  4
5900  119848  0.152524  0.0154197  0.84858  0.210627  -0.297238  4
6000  119147  0.150193  0.0158797  0.849742  0.210244  -0.297709  4
6100  119333  0.152242  0.0169172  0.849429  0.20999  -0.238784  4
6200  119149  0.152378  0.0162047  0.847555  0.201883  -0.291792  4
6300  120111  0.153246  0.016116  0.848776  0.205925  -0.269475  4
6400  118771  0.151922  0.0153665  0.84875  0.19904  -0.301494  4
6500  119424  0.150262  0.0162961  0.850402  0.200522  -0.233962  4
6600  119724  0.150239  0.014376  0.847206  0.195399  -0.248317  4
6700  119310  0.150466  0.0137511  0.846745  0.193389  -0.251109  4
6800  119653  0.149491  0.013193  0.848613  0.199194  -0.256778  4
6900  119568  0.1501  0.0126759  0.849188  0.203989  -0.273499  4
7000  118575  0.150656  0.0116064  0.850479  0.208947  -0.242666  4
7100  118414  0.152331  0.0123619  0.847168  0.196182  -0.253379  4
7200  118981  0.150003  0.011403  0.846206  0.194989  -0.296235  4
7300  119448  0.151739  0.0109292  0.846367  0.191911  -0.363851  4
7400  118918  0.149509  0.0100124  0.845129  0.17938  -0.35149  4
7500  119740  0.1507  0.0100726  0.844925  0.173882  -0.304425  4
7600  119536  0.149706  0.0100954  0.846018  0.174543  -0.318395  4
7700  119199  0.149814  0.0101812  0.84522  0.16153  -0.338357  4
7800  119360  0.150381  0.0107968  0.84442  0.167818  -0.362884  4
7900  118771  0.14496  0.00942497  0.845246  0.172321  -0.404638  4
8000  118912  0.14696  0.0075702  0.843193  0.16367  -0.385617  4
8100  119290  0.15181  0.00961781  0.843213  0.164198  -0.417345  4
8200  120019  0.148034  0.00836472  0.844472  0.164672  -0.400552  4
8300  118895  0.149379  0.00715247  0.845726  0.174165  -0.318908  4
8400  119112  0.147707  0.00730431  0.8468  0.182644  -0.318773  4
8500  119722  0.146198  0.00855814  0.84817  0.187018  -0.294438  4
8600  118686  0.150167  0.00657149  0.84568  0.183785  -0.286057  4
8700  119327  0.150363  0.00677082  0.844597  0.170266  -0.308346  4
8800  119631  0.147701  0.00587837  0.843619  0.16776  -0.300169  4
8900  119082  0.144698  0.00607846  0.842362  0.160386  -0.299724  4
9000  119656  0.14878  0.00554842  0.843615  0.168084  -0.224842  4
9100  118970  0.14677  0.00461489  0.84473  0.167301  -0.183182  4
9200  119067  0.148416  0.00456243  0.845172  0.174362  -0.178176  4
9300  119990  0.149447  0.00388338  0.843909  0.168006  -0.190695  4
9400  119543  0.149425  0.00470095  0.843136  0.16381  -0.217529  4
9500  119073  0.148034  0.00508538  0.842297  0.153556  -0.17946  4
9600  119630  0.150678  0.0049027  0.842265  0.158021  -0.181338  4
9700  119286  0.15117  0.00475676  0.841649  0.156712  -0.159024  4
9800  119347  0.14763  0.00507388  0.842343  0.156893  -0.125432  4
9900  119145  0.147324  0.00585651  0.841541  0.15213  -0.0857106  4
