t meta_n emi  mean_info  tr1  tr2  tr3  strategy
0  121363  0.099232  0.493065  0.899993  0.000818151  -4.63742e-05  4
100  117644  0.110761  0.185231  0.898454  0.0733572  0.00203289  4
200  118867  0.12922  0.0983203  0.887836  0.117439  0.00218815  4
300  118392  0.140448  0.0704355  0.878371  0.159319  -0.0110267  4
400  118535  0.142724  0.0625325  0.87747  0.187773  -0.0257027  4
500  118983  0.150429  0.0628364  0.873405  0.203355  -0.0174417  4
600  118206  0.149492  0.0647065  0.870795  0.203116  -0.0300988  4
700  118686  0.155068  0.0576141  0.869229  0.212258  -0.0325446  4
800  118634  0.155978  0.0547535  0.863221  0.213888  -0.0529524  4
900  118326  0.157914  0.0527896  0.863134  0.224152  -0.0874644  4
1000  119035  0.157142  0.0488768  0.865997  0.237788  -0.0773955  4
1100  118697  0.158447  0.0497071  0.869463  0.256166  -0.0728675  4
1200  118388  0.160796  0.0466259  0.864326  0.257453  -0.0671635  4
1300  118516  0.161782  0.0487971  0.861785  0.259481  -0.0375313  4
1400  118532  0.160543  0.0434061  0.862803  0.24962  -0.0391776  4
1500  118536  0.162198  0.0426042  0.858672  0.245426  -0.00787189  4
1600  118614  0.155753  0.0426331  0.861972  0.241264  -0.056078  4
1700  118784  0.153329  0.0400416  0.86516  0.240469  -0.0471928  4
1800  118641  0.158318  0.0390594  0.86098  0.241487  -0.0544211  4
1900  119232  0.159887  0.03921  0.857806  0.239792  -0.070518  4
2000  118485  0.156284  0.0378226  0.859557  0.237243  -0.0613047  4
2100  118412  0.155192  0.0347397  0.857896  0.2345  -0.0944635  4
2200  118652  0.15592  0.0336029  0.857186  0.231116  -0.0953892  4
2300  118391  0.160009  0.0341454  0.854332  0.234373  -0.121101  4
2400  119226  0.158118  0.0329318  0.855913  0.236867  -0.107827  4
2500  119045  0.159041  0.0311303  0.856959  0.240346  -0.113529  4
2600  118719  0.160165  0.0305122  0.856049  0.259246  -0.140245  4
2700  118708  0.166434  0.030873  0.853738  0.259995  -0.124673  4
2800  118515  0.157309  0.0321159  0.856819  0.248468  -0.134205  4
2900  118392  0.153786  0.0288275  0.857326  0.243603  -0.100057  4
3000  118749  0.156874  0.0282731  0.859941  0.24921  -0.106564  4
3100  119108  0.15678  0.0285311  0.858744  0.249637  -0.095021  4
3200  119216  0.156087  0.0262964  0.859666  0.257423  -0.078867  4
3300  119147  0.158923  0.0252223  0.857375  0.251633  -0.0718926  4
3400  118891  0.155692  0.0267069  0.858806  0.244737  -0.0952962  4
3500  118631  0.152757  0.0227938  0.859683  0.244274  -0.0972608  4
3600  118445  0.156705  0.0240646  0.858097  0.254842  -0.0888442  4
3700  118800  0.156604  0.0258936  0.857341  0.255868  -0.0807573  4
3800  119278  0.158383  0.0215255  0.859992  0.262219  -0.08972  4
3900  118867  0.154228  0.0193062  0.859745  0.259344  -0.121346  4
4000  118784  0.15656  0.0173558  0.858129  0.246592  -0.099442  4
4100  119217  0.157685  0.0179743  0.853771  0.24386  -0.0743407  4
4200  118459  0.158082  0.0170446  0.853577  0.242195  -0.0773335  4
4300  119007  0.154936  0.0160948  0.852984  0.228938  -0.0625914  4
4400  118902  0.154717  0.016235  0.851762  0.216268  -0.0830758  4
4500  118940  0.155591  0.0157884  0.847682  0.214003  -0.0925942  4
4600  118315  0.155113  0.0170367  0.849239  0.211058  -0.0794195  4
4700  119296  0.156812  0.0152447  0.847801  0.209082  -0.0833636  4
4800  119492  0.152815  0.0155068  0.848218  0.209346  -0.0700902  4
4900  119341  0.15379  0.0146615  0.847224  0.217288  -0.0350886  4
5000  119209  0.155151  0.013644  0.848182  0.212549  0.00895042  4
5100  118813  0.151087  0.0111554  0.849363  0.203341  0.010962  4
5200  119133  0.152937  0.0102747  0.848319  0.204976  0.0213257  4
5300  119120  0.151444  0.0120823  0.84521  0.19486  0.0271623  4
5400  118882  0.153015  0.0111759  0.844274  0.184374  0.0327425  4
5500  119539  0.155829  0.0112411  0.84592  0.188047  -0.00187884  4
5600  119300  0.152182  0.0103968  0.846323  0.196461  0.020951  4
5700  118780  0.152311  0.010949  0.846319  0.191472  -0.000235807  4
5800  118769  0.151326  0.0108123  0.845631  0.191915  -0.0183506  4
5900  118882  0.156693  0.0110283  0.845101  0.195157  -0.00369669  4
6000  119333  0.153064  0.0106561  0.844824  0.196303  -0.0260696  4
6100  119578  0.152139  0.0104465  0.84412  0.190724  -0.0125948  4
6200  118731  0.154944  0.00966852  0.844262  0.193952  -0.0362682  4
6300  119077  0.153703  0.00941642  0.843513  0.193601  -0.0366819  4
6400  118887  0.151609  0.00792951  0.84333  0.203645  0.0172749  4
6500  119128  0.155484  0.00696857  0.843679  0.205041  0.0161818  4
6600  118764  0.15418  0.00699579  0.842095  0.197349  -0.0298898  4
6700  119155  0.151131  0.00767342  0.842937  0.189358  -0.032837  4
6800  119704  0.153608  0.00759212  0.845162  0.191959  0.001525  4
6900  119289  0.149124  0.00744246  0.846356  0.188712  0.0111231  4
7000  119062  0.152313  0.00661133  0.845867  0.186479  -0.0200271  4
7100  119060  0.150209  0.00574461  0.845559  0.187267  -0.0242391  4
7200  119361  0.152706  0.00574319  0.846872  0.19899  0.000126747  4
7300  119003  0.149656  0.0050385  0.847117  0.198729  0.0145398  4
7400  118787  0.149763  0.00544666  0.846635  0.197997  0.0137065  4
7500  119361  0.149044  0.00402016  0.844806  0.186366  0.0289896  4
7600  119732  0.152737  0.00560154  0.845429  0.197685  0.0595227  4
7700  119541  0.154534  0.00560683  0.843879  0.195735  0.0410759  4
7800  118824  0.151253  0.00571562  0.84444  0.193917  0.0330968  4
7900  119464  0.147794  0.00503687  0.842969  0.190468  0.0638343  4
8000  119076  0.151573  0.00646845  0.84439  0.190833  0.0804692  4
8100  119275  0.151005  0.00484259  0.843567  0.187843  0.074699  4
8200  119528  0.154481  0.00400479  0.841656  0.184179  0.0537307  4
8300  119241  0.15542  0.00404001  0.840889  0.180542  0.0846734  4
8400  119518  0.152866  0.0034599  0.843195  0.186574  0.0789351  4
8500  119235  0.153399  0.00364982  0.84196  0.182115  0.0800448  4
8600  118820  0.155958  0.00332503  0.840571  0.183817  0.0784801  4
8700  119110  0.15395  0.00363632  0.841731  0.193742  0.108128  4
8800  119744  0.155997  0.00351065  0.840492  0.189938  0.117846  4
8900  119545  0.153532  0.002945  0.841721  0.196489  0.100905  4
9000  119463  0.152715  0.00325573  0.840988  0.191817  0.0815041  4
9100  118926  0.151773  0.00321829  0.842159  0.192064  0.0840183  4
9200  118921  0.150331  0.00345832  0.842059  0.19401  0.127885  4
9300  119168  0.154898  0.00261386  0.841856  0.193012  0.11801  4
9400  119161  0.151622  0.0028986  0.842995  0.191298  0.147348  4
9500  119339  0.153188  0.00289356  0.842683  0.192656  0.136713  4
9600  119182  0.15318  0.00271897  0.84263  0.195903  0.0829467  4
9700  119404  0.151964  0.00239633  0.842833  0.194261  0.0757568  4
9800  119092  0.150977  0.00228957  0.842235  0.189985  0.101166  4
9900  118840  0.149822  0.0025711  0.841339  0.18667  0.0785271  4
