0.517791  -0.756791  0.725158
0.484088  -0.901067  -0.122082
0.517791  -0.756791  0.725158
0.508099  0.574188  -0.47374
0.500256  -0.416685  -0.798238
0.500256  -0.072061  -0.798238
0.483134  0.00219098  0.621981
0.503291  -0.751072  -0.548985
0.512323  -0.265855  1.49513
0.5369  0.792293  -0.469971
0.477063  -0.0201799  0.357089
0.508099  0.574188  -0.47374
0.503291  -0.751072  -0.548985
0.508099  0.574188  -0.47374
0.517791  -0.756791  0.725158
0.512323  -0.265855  1.49513
0.490227  0.329947  0.684855
0.512323  -0.265855  1.49513
0.517791  -0.756791  0.725158
0.477063  -0.0201799  0.357089
0.490227  0.329947  0.684855
0.517791  -0.756791  0.725158
0.512323  -0.265855  1.49513
0.490227  0.329947  0.684855
0.503291  -0.751072  -0.548985
0.508099  0.574188  -0.47374
0.503291  -0.751072  -0.548985
0.508099  0.574188  -0.47374
0.482279  -0.0383273  0.343624
0.503291  -0.751072  -0.548985
0.510895  1.15252  1.1766
0.503291  -0.844918  -0.651954
0.517791  -0.756791  0.725158
0.483134  0.00219098  0.621981
0.503291  -0.844918  -0.651954
0.503291  -0.751072  -0.651954
0.484088  -0.901067  -0.085542
0.503291  -0.751072  -0.548985
0.503291  -0.844918  -0.651954
0.517791  -0.756791  0.787767
0.512323  -0.175545  1.31495
0.500256  -0.416685  -0.798238
0.508099  0.574188  -0.47374
0.484088  -0.901067  -0.122082
0.524598  -1.38062  0.380586
0.508099  0.574188  -0.47374
0.484088  -0.901067  -0.122082
0.500256  -0.072061  -0.798238
0.508099  0.574188  -0.47374
0.477063  -0.0201799  0.357089
0.490227  0.329947  0.684855
0.508099  0.574188  -0.47374
0.517791  -0.756791  0.787767
0.490227  0.329947  0.684855
0.508099  0.557239  -0.47374
0.503291  -0.751072  -0.548985
0.503291  -0.751072  -0.548985
0.500256  -0.072061  -0.798238
0.512323  -0.175545  1.31495
0.490227  0.329947  0.684855
0.508099  0.574188  -0.47374
0.484088  -0.901067  -0.085542
0.503291  -0.751072  -0.548985
0.510895  1.15252  1.1766
0.482279  -0.0383273  0.343624
0.482279  -0.0383273  0.343624
0.483134  0.00219098  0.621981
0.503291  -0.751072  -0.548985
0.490227  0.329947  0.684855
0.508099  0.574188  -0.47374
0.517791  -0.756791  0.725158
0.490227  0.329947  0.684855
0.510895  1.15252  1.1766
0.503291  -0.751072  -0.651954
0.483134  0.00219098  0.621981
0.503291  -0.751072  -0.548985
0.525687  -0.0465332  0.0793509
0.508099  0.574188  -0.47374
0.489919  -0.471342  -0.366453
0.490227  0.329947  0.684855
0.490227  0.329947  0.684855
0.490227  0.329947  0.684855
0.484088  -0.901067  -0.122082
0.490227  0.329947  0.684855
0.508099  0.574188  -0.47374
0.508099  0.574188  -0.47374
0.500256  -0.072061  -0.798238
0.508099  0.574188  -0.47374
0.512323  -0.265855  1.49513
0.503291  -0.751072  -0.548985
0.503291  -0.751072  -0.548985
0.503291  -0.751072  -0.548985
0.524598  -1.38062  0.380586
0.500256  -0.072061  -0.798238
0.512323  0.0248138  1.31495
0.474013  -0.121975  0.127908
0.503291  -0.751072  -0.548985
0.508099  0.557239  -0.47374
0.508099  0.574188  -0.47374
0.482279  -0.0383273  0.343624
0.524598  -1.38062  0.380586
0.508099  0.574188  -0.47374
0.508099  0.574188  -0.47374
0.508099  0.574188  -0.47374
0.490227  0.329947  0.684855
0.490227  0.329947  0.684855
0.490227  0.329947  0.684855
0.503291  -0.751072  -0.651954
0.525687  -0.0465332  0.0793509
0.503291  -0.751072  -0.548985
0.490227  0.329947  0.684855
0.512323  -0.175545  1.31495
0.508099  0.557239  -0.47374
0.508099  0.574188  -0.47374
0.483134  0.00219098  0.621981
0.484088  -0.901067  -0.122082
0.508099  0.574188  -0.47374
0.484088  -0.901067  -0.122082
0.517791  -0.756791  0.787767
0.490227  0.329947  0.684855
0.482279  -0.0383273  0.343624
0.517791  -0.756791  0.787767
0.484088  -0.901067  -0.085542
0.508099  0.574188  -0.47374
0.508099  0.557239  -0.47374
0.482279  -0.0383273  0.343624
0.512323  -0.175545  1.31495
0.508099  0.574188  -0.47374
0.508099  0.574188  -0.47374
0.503291  -0.751072  -0.651954
0.482279  -0.0383273  0.343624
0.508099  0.574188  -0.47374
0.474013  -0.121975  0.127908
0.517791  -0.756791  0.787767
0.508099  0.574188  -0.47374
0.474013  -0.121975  0.127908
0.508099  0.574188  -0.47374
0.503291  -0.751072  -0.651954
0.500256  -0.072061  -0.798238
0.483134  0.00219098  0.621981
0.484088  -0.901067  -0.122082
0.512323  -0.175545  1.31495
0.508099  0.574188  -0.47374
0.490227  0.329947  0.684855
0.500256  -0.072061  -0.798238
0.508099  0.574188  -0.47374
0.503291  -0.751072  -0.548985
0.474013  -0.121975  0.127908
0.474013  -0.121975  0.127908
0.517791  -0.756791  0.787767
0.484088  -0.901067  -0.122082
0.508099  0.574188  -0.47374
0.508099  0.574188  -0.47374
0.500256  -0.072061  -0.798238
0.503291  -0.751072  -0.548985
0.483134  0.00219098  0.621981
0.503291  -0.751072  -0.548985
0.503291  -0.751072  -0.651954
0.508099  0.574188  -0.47374
0.508099  0.574188  -0.47374
0.484088  -0.901067  -0.122082
0.517791  -0.756791  0.725158
0.490227  0.329947  0.684855
0.508099  0.574188  -0.47374
0.508099  0.574188  -0.47374
0.482279  -0.0383273  0.343624
0.508099  0.574188  -0.47374
0.484088  -0.901067  -0.122082
0.503291  -0.751072  -0.548985
0.523232  -0.558488  -0.346602
0.500256  -0.072061  -0.798238
0.517791  -0.756791  0.725158
0.490227  0.329947  0.684855
0.5369  0.792293  -0.469971
0.484088  -0.901067  -0.122082
0.508099  0.557239  -0.47374
0.500256  -0.072061  -0.798238
0.524598  -1.38062  0.380586
0.503291  -0.751072  -0.548985
0.503291  -0.751072  -0.548985
0.508099  0.574188  -0.47374
0.503291  -0.751072  -0.548985
0.517791  -0.756791  0.725158
0.523232  -0.558488  -0.346602
0.5369  0.792293  -0.469971
0.508099  0.574188  -0.47374
0.524598  -1.38062  0.380586
0.503291  -0.751072  -0.548985
0.484088  -0.901067  -0.122082
0.512323  -0.265855  1.49513
0.517791  -0.756791  0.725158
0.508099  0.574188  -0.47374
0.508099  0.574188  -0.47374
0.484088  -0.901067  -0.122082
0.508099  0.574188  -0.47374
0.517791  -0.756791  0.787767
0.508099  0.574188  -0.47374
0.503291  -0.751072  -0.548985
0.508099  0.574188  -0.47374
0.524598  -1.38062  0.380586
0.512323  -0.265855  1.49513
0.508099  0.574188  -0.47374
0.503291  -0.751072  -0.548985
0.490227  0.329947  0.684855
0.490227  0.329947  0.684855
0.500256  -0.072061  -0.798238
0.503291  -0.751072  -0.651954
0.503291  -0.751072  -0.548985
0.508099  0.574188  -0.47374
0.490227  0.329947  0.684855
0.482279  -0.0383273  0.343624
0.482279  -0.0383273  0.343624
0.490227  0.329947  0.684855
0.508099  0.574188  -0.47374
0.517791  -0.756791  0.725158
0.474013  -0.121975  0.127908
0.486907  -0.0261788  -0.0456831
0.525687  -0.0465332  0.0793509
0.500256  -0.072061  -0.798238
0.484088  -0.901067  -0.122082
0.510895  1.15252  1.1766
0.517791  -0.756791  0.787767
0.503291  -0.751072  -0.548985
0.484088  -0.901067  -0.122082
0.484088  -0.901067  -0.085542
0.484088  -0.901067  -0.085542
0.503291  -0.751072  -0.651954
0.490227  0.329947  0.684855
0.508099  0.574188  -0.47374
0.508099  0.574188  -0.47374
0.483134  0.00219098  0.621981
0.508099  0.574188  -0.47374
0.503291  -0.751072  -0.548985
0.517791  -0.756791  0.787767
0.482279  -0.0383273  0.343624
0.508099  0.574188  -0.47374
0.484088  -0.901067  -0.085542
0.477063  -0.0201799  0.357089
0.517791  -0.756791  0.725158
0.484088  -0.901067  -0.122082
0.508099  0.574188  -0.47374
0.525687  -0.0465332  0.0793509
0.508099  0.574188  -0.47374
0.508099  0.574188  -0.47374
0.482279  -0.0383273  0.343624
0.524598  -1.38062  0.380586
0.503291  -0.751072  -0.548985
0.503291  -0.751072  -0.548985
0.503291  -0.751072  -0.548985
0.524598  -1.38062  0.380586
0.477063  -0.0201799  0.357089
0.500256  -0.072061  -0.798238
0.490227  0.329947  0.684855
0.484088  -0.901067  -0.122082
0.517791  -0.756791  0.787767
0.503291  -0.844918  -0.651954
0.484088  -0.901067  -0.122082
0.517791  -0.756791  0.725158
0.500256  -0.072061  -0.798238
0.517791  -0.756791  0.787767
0.508099  0.574188  -0.47374
0.512323  -0.265855  1.49513
0.5369  0.792293  -0.469971
0.512323  -0.265855  1.49513
0.508099  0.574188  -0.47374
0.474013  -0.121975  0.130497
0.484088  -0.901067  -0.122082
0.508099  0.574188  -0.47374
0.508099  0.574188  -0.47374
0.483134  0.00219098  0.621981
0.508099  0.574188  -0.47374
0.524598  -1.38062  0.380586
0.482279  -0.0383273  0.343624
0.510895  1.15252  1.1766
0.508099  0.574188  -0.47374
0.508099  0.574188  -0.47374
0.508099  0.574188  -0.47374
0.484088  -0.901067  -0.122082
0.508099  0.574188  -0.47374
0.510895  1.15252  1.1766
0.503291  -0.751072  -0.651954
0.512323  -0.175545  1.31495
0.524598  -1.38062  0.380586
0.483134  0.00219098  0.621981
0.482279  -0.0383273  0.343624
0.503291  -0.751072  -0.651954
0.490227  0.329947  0.684855
0.503291  -0.751072  -0.548985
0.508099  0.574188  -0.47374
0.508099  0.574188  -0.47374
0.483134  0.00219098  0.621981
0.482279  -0.0383273  0.343624
0.512323  -0.175545  1.31495
0.482279  -0.0383273  0.343624
0.474013  -0.121975  0.127908
0.524598  -1.38062  0.380586
0.508099  0.574188  -0.47374
0.503291  -0.751072  -0.548985
0.484088  -0.901067  -0.122082
0.489919  -0.471342  -0.366453
0.508099  0.574188  -0.47374
0.474013  -0.121975  0.127908
0.508099  0.574188  -0.47374
0.508099  0.574188  -0.47374
0.490227  0.329947  0.684855
0.503291  -0.751072  -0.651954
0.482279  -0.0383273  0.343624
0.503291  -0.844918  -0.651954
0.524598  -1.38062  0.380586
0.490227  0.329947  0.684855
0.508099  0.574188  -0.47374
0.508099  0.574188  -0.47374
0.490227  0.329947  0.684855
0.484088  -0.901067  -0.122082
0.490227  0.329947  0.684855
0.508099  0.574188  -0.47374
0.517791  -0.756791  0.787767
0.503291  -0.751072  -0.651954
0.508099  0.574188  -0.47374
0.508099  0.574188  -0.47374
0.490227  0.329947  0.684855
0.508099  0.574188  -0.47374
0.503291  -0.751072  -0.651954
0.508099  0.574188  -0.47374
0.484088  -0.901067  -0.122082
0.500256  -0.072061  -0.798238
0.503291  -0.751072  -0.548985
0.508099  0.574188  -0.47374
0.508099  0.574188  -0.47374
0.490227  0.329947  0.684855
0.517791  -0.756791  0.787767
0.503291  -0.751072  -0.651954
0.508099  0.574188  -0.47374
0.503291  -0.751072  -0.651954
0.500256  -0.072061  -0.798238
0.490227  0.329947  0.684855
0.517791  -0.756791  0.725158
0.477063  -0.0201799  0.357089
0.524598  -1.38062  0.380586
0.482279  -0.0383273  0.343624
0.524598  -1.38062  0.380586
0.525687  -0.0465332  0.0793509
0.489919  -0.471342  -0.366453
0.517791  -0.756791  0.787767
0.503291  -0.751072  -0.548985
0.503291  -0.751072  -0.548985
0.490227  0.329947  0.684855
0.484088  -0.901067  -0.085542
0.482279  -0.0383273  0.343624
0.512323  -0.175545  1.31495
0.503291  -0.751072  -0.548985
0.508099  0.574188  -0.47374
0.490227  0.329947  0.684855
0.484088  -0.901067  -0.122082
0.482279  -0.0383273  0.343624
0.503291  -0.751072  -0.651954
0.517791  -0.756791  0.787767
0.503291  -0.844918  -0.651954
0.483134  0.00219098  0.621981
0.503291  -0.751072  -0.548985
0.490227  0.329947  0.684855
0.512323  -0.175545  1.31495
0.510895  1.15252  1.1766
0.508099  0.574188  -0.47374
0.508099  0.574188  -0.47374
0.503291  -0.751072  -0.651954
0.524598  -1.38062  0.380586
0.524598  -1.38062  0.380586
0.503291  -0.751072  -0.548985
0.524598  -1.38062  0.380586
0.524598  -1.38062  0.380586
0.490227  0.329947  0.684855
0.524598  -1.38062  0.380586
0.510895  1.15252  1.1766
0.474013  -0.121975  0.127908
0.517791  -0.756791  0.787767
0.503291  -0.751072  -0.548985
0.484088  -0.901067  -0.122082
0.484088  -0.901067  -0.122082
0.510895  1.15252  1.1766
0.512323  -0.175545  1.31495
0.508099  0.574188  -0.47374
0.482279  -0.0383273  0.343624
0.508099  0.574188  -0.47374
0.508099  0.574188  -0.47374
0.503291  -0.751072  -0.548985
0.486907  -0.0261788  -0.0456831
0.508099  0.574188  -0.47374
0.512323  -0.265855  1.49513
0.484088  -0.901067  -0.122082
0.510895  1.15252  1.1766
0.500256  -0.072061  -0.798238
0.490227  0.329947  0.684855
0.503291  -0.751072  -0.651954
0.508099  0.574188  -0.47374
0.508099  0.574188  -0.47374
0.486907  -0.0261788  -0.0456831
0.508099  0.574188  -0.47374
0.517791  -0.756791  0.787767
0.510895  1.15252  1.1766
0.508099  0.574188  -0.47374
0.474013  -0.121975  0.127908
0.500256  -0.416685  -0.798238
0.484088  -0.901067  -0.085542
0.483134  0.00219098  0.621981
0.484088  -0.901067  -0.122082
0.490227  0.329947  0.684855
0.508099  0.574188  -0.47374
0.510895  1.15252  1.1766
0.508099  0.574188  -0.47374
0.490227  0.329947  0.684855
0.508099  0.574188  -0.47374
0.490227  0.329947  0.684855
0.508099  0.574188  -0.47374
0.503291  -0.844918  -0.651954
0.517791  -0.756791  0.787767
0.508099  0.574188  -0.47374
0.482279  -0.0383273  0.343624
0.508099  0.574188  -0.47374
0.477063  -0.0201799  0.357089
0.483134  0.00219098  0.621981
0.517791  -0.756791  0.725158
0.517791  -0.756791  0.725158
0.482279  -0.0383273  0.343624
0.508099  0.574188  -0.47374
0.517791  -0.756791  0.787767
0.484088  -0.901067  -0.122082
0.508099  0.574188  -0.47374
0.474013  -0.121975  0.127908
0.503291  -0.751072  -0.548985
0.503291  -0.751072  -0.651954
0.512323  -0.175545  1.31495
0.503291  -0.751072  -0.548985
0.484088  -0.901067  -0.122082
0.484088  -0.901067  -0.085542
0.524598  -1.38062  0.380586
0.524598  -1.38062  0.380586
0.503291  -0.751072  -0.548985
0.508099  0.574188  -0.47374
0.512323  -0.175545  1.31495
0.490227  0.329947  0.684855
0.482279  -0.0383273  0.343624
0.490227  0.329947  0.684855
0.484088  -0.901067  -0.122082
0.508099  0.574188  -0.47374
0.474013  -0.121975  0.127908
0.508099  0.574188  -0.47374
0.524598  -1.38062  0.380586
0.500256  -0.072061  -0.798238
0.508099  0.574188  -0.47374
0.512323  -0.265855  1.49513
0.477063  -0.0201799  0.357089
0.503291  -0.751072  -0.651954
0.503291  -0.751072  -0.651954
0.503291  -0.751072  -0.548985
0.508099  0.574188  -0.47374
0.524598  -1.38062  0.380586
0.490227  0.329947  0.684855
0.484088  -0.901067  -0.122082
0.490227  0.329947  0.684855
0.490227  0.329947  0.684855
0.503291  -0.751072  -0.548985
0.508099  0.574188  -0.47374
0.490227  0.329947  0.684855
0.482279  -0.0383273  0.343624
0.484088  -0.901067  -0.122082
0.503291  -0.751072  -0.548985
0.508099  0.574188  -0.47374
0.524598  -1.38062  0.380586
0.482279  -0.0383273  0.343624
0.490227  0.329947  0.684855
0.508099  0.574188  -0.47374
0.512323  -0.265855  1.49513
0.500256  -0.416685  -0.798238
0.500256  -0.072061  -0.798238
0.483134  0.00219098  0.621981
0.523232  -0.558488  -0.346602
0.484088  -0.901067  -0.085542
0.508099  0.574188  -0.47374
0.484088  -0.901067  -0.122082
0.503291  -0.751072  -0.548985
0.490227  0.329947  0.684855
0.508099  0.574188  -0.47374
0.517791  -0.756791  0.787767
0.503291  -0.751072  -0.548985
0.490227  0.329947  0.684855
0.500256  -0.072061  -0.798238
0.524598  -1.38062  0.380586
0.512323  -0.265855  1.49513
0.503291  -0.751072  -0.548985
0.524598  -1.38062  0.380586
0.482279  -0.0383273  0.343624
0.508099  0.574188  -0.47374
0.508099  0.574188  -0.47374
0.508099  0.574188  -0.47374
0.474013  -0.121975  0.127908
0.517791  -0.756791  0.725158
0.484088  -0.901067  -0.122082
0.503291  -0.751072  -0.651954
0.508099  0.574188  -0.47374
0.508099  0.574188  -0.47374
0.503291  -0.751072  -0.548985
0.490227  0.329947  0.684855
0.524598  -1.38062  0.380586
0.483134  0.00219098  0.621981
0.484088  -0.901067  -0.085542
0.517791  -0.756791  0.725158
0.508099  0.574188  -0.47374
0.5369  0.792293  -0.469971
0.517791  -0.756791  0.787767
0.503291  -0.751072  -0.651954
0.503291  -0.751072  -0.651954
0.508099  0.574188  -0.47374
0.490227  0.329947  0.684855
0.508099  0.574188  -0.47374
0.490227  0.329947  0.684855
0.508099  0.574188  -0.47374
0.508099  0.574188  -0.47374
0.517791  -0.756791  0.725158
0.490227  0.329947  0.684855
0.508099  0.574188  -0.47374
0.484088  -0.901067  -0.122082
0.503291  -0.751072  -0.651954
0.524598  -1.38062  0.380586
0.524598  -1.38062  0.380586
0.508099  0.574188  -0.47374
0.510895  1.15252  1.1766
0.5369  0.792293  -0.469971
0.490227  0.329947  0.684855
0.508099  0.574188  -0.47374
0.523232  -0.558488  -0.346602
0.484088  -0.901067  -0.122082
0.500256  -0.072061  -0.798238
0.482279  -0.0383273  0.343624
0.482279  -0.0383273  0.343624
0.500256  -0.072061  -0.798238
0.508099  0.574188  -0.47374
0.503291  -0.751072  -0.548985
0.508099  0.574188  -0.47374
0.484088  -0.990276  -0.122082
0.484088  -0.901067  -0.122082
0.490227  0.329947  0.684855
0.503291  -0.751072  -0.548985
0.517791  -0.756791  0.787767
0.503291  -0.751072  -0.548985
0.508099  0.574188  -0.47374
0.482279  -0.0383273  0.343624
0.508099  0.574188  -0.47374
0.508099  0.574188  -0.47374
0.525687  -0.0465332  0.0793509
0.510895  1.15252  1.1766
0.484088  -0.901067  -0.122082
0.503291  -0.751072  -0.548985
0.517791  -0.756791  0.725158
0.484088  -0.901067  -0.122082
0.508099  0.574188  -0.47374
0.500256  -0.072061  -0.798238
0.510895  1.15252  1.1766
0.517791  -0.756791  0.787767
0.490227  0.329947  0.684855
0.477063  -0.0201799  0.357089
0.508099  0.557239  -0.47374
0.525687  -0.0465332  0.0793509
0.503291  -0.751072  -0.548985
0.510895  1.15252  1.1766
0.482279  -0.0383273  0.343624
0.483134  0.00219098  0.621981
0.490227  0.329947  0.684855
0.500256  -0.072061  -0.798238
0.508099  0.574188  -0.47374
0.525687  -0.0465332  0.0793509
0.490227  0.329947  0.684855
0.482279  -0.0383273  0.343624
0.508099  0.574188  -0.47374
0.484088  -0.901067  -0.085542
0.484088  -0.901067  -0.122082
0.517791  -0.756791  0.787767
0.490227  0.329947  0.684855
0.508099  0.574188  -0.47374
0.508099  0.557239  -0.47374
0.490227  0.329947  0.684855
0.508099  0.574188  -0.47374
0.474013  -0.121975  0.127908
0.482279  -0.0383273  0.343624
0.512323  -0.175545  1.31495
0.484088  -0.901067  -0.085542
0.500256  -0.072061  -0.798238
0.512323  -0.265855  1.49513
0.503291  -0.751072  -0.651954
0.508099  0.574188  -0.47374
0.517791  -0.756791  0.787767
0.5369  0.792293  -0.469971
0.503291  -0.751072  -0.548985
0.508099  0.574188  -0.47374
0.517791  -0.756791  0.725158
0.503291  -0.751072  -0.548985
0.508099  0.574188  -0.47374
0.484088  -0.901067  -0.122082
0.503291  -0.751072  -0.548985
0.503291  -0.751072  -0.548985
0.490227  0.329947  0.684855
0.482279  -0.0383273  0.343624
0.508099  0.574188  -0.47374
0.503291  -0.751072  -0.651954
0.484088  -0.990276  -0.122082
0.508099  0.557239  -0.47374
0.524598  -1.38062  0.380586
0.512323  -0.175545  1.31495
0.5369  0.792293  -0.469971
0.490227  0.329947  0.684855
0.510895  1.15252  1.1766
0.508099  0.574188  -0.47374
0.525687  -0.0465332  0.0793509
0.489919  -0.471342  -0.366453
0.508099  0.557239  -0.47374
0.503291  -0.844918  -0.651954
0.508099  0.574188  -0.47374
0.512323  -0.175545  1.31495
0.508099  0.574188  -0.47374
0.500256  -0.072061  -0.798238
0.508099  0.574188  -0.47374
0.486907  -0.0261788  -0.0456831
0.512323  -0.265855  1.49513
0.503291  -0.751072  -0.651954
0.500256  -0.072061  -0.798238
0.517791  -0.756791  0.725158
0.512323  0.0248138  1.31495
0.503291  -0.751072  -0.548985
0.508099  0.574188  -0.47374
0.508099  0.574188  -0.47374
0.508099  0.574188  -0.47374
0.490227  0.329947  0.684855
0.484088  -0.901067  -0.122082
0.484088  -0.901067  -0.085542
0.508099  0.574188  -0.47374
0.524598  -1.38062  0.380586
0.503291  -0.751072  -0.548985
0.525687  -0.0465332  0.0793509
0.508099  0.574188  -0.47374
0.490227  0.329947  0.684855
0.503291  -0.751072  -0.548985
0.482279  -0.0383273  0.343624
0.508099  0.574188  -0.47374
0.503291  -0.751072  -0.651954
0.5369  0.792293  -0.469971
0.508099  0.574188  -0.47374
0.508099  0.574188  -0.47374
0.508099  0.574188  -0.47374
0.508099  0.574188  -0.47374
0.500256  -0.072061  -0.798238
0.484088  -0.901067  -0.085542
0.508099  0.574188  -0.47374
0.490227  0.329947  0.684855
0.490227  0.329947  0.684855
0.500256  -0.072061  -0.798238
0.517791  -0.756791  0.725158
0.517791  -0.756791  0.787767
0.508099  0.574188  -0.47374
0.477063  -0.0201799  0.357089
0.512323  -0.265855  1.49513
0.503291  -0.844918  -0.651954
0.508099  0.574188  -0.47374
0.500256  -0.072061  -0.798238
0.512323  -0.175545  1.31495
0.477063  -0.0201799  0.357089
0.525687  -0.0465332  0.0793509
0.482279  -0.0383273  0.343624
0.490227  0.329947  0.684855
0.484088  -0.901067  -0.122082
0.508099  0.574188  -0.47374
0.503291  -0.844918  -0.651954
0.508099  0.574188  -0.47374
0.490227  0.329947  0.684855
0.482279  -0.0383273  0.343624
0.510895  1.15252  1.1766
0.490227  0.329947  0.684855
0.490227  0.329947  0.684855
0.508099  0.574188  -0.47374
0.503291  -0.751072  -0.548985
0.525687  -0.0465332  0.0793509
0.517791  -0.756791  0.725158
0.508099  0.574188  -0.47374
0.508099  0.574188  -0.47374
0.510895  1.15252  1.1766
0.517791  -0.756791  0.787767
0.503291  -0.751072  -0.651954
0.524598  -1.38062  0.380586
0.483134  0.00219098  0.621981
0.474013  -0.121975  0.127908
0.503291  -0.751072  -0.548985
0.524598  -1.38062  0.380586
0.517791  -0.756791  0.725158
0.503291  -0.751072  -0.548985
0.483134  0.00219098  0.621981
0.512323  -0.175545  1.31495
0.483134  0.00219098  0.621981
0.508099  0.574188  -0.47374
0.508099  0.574188  -0.47374
0.508099  0.574188  -0.47374
0.490227  0.329947  0.684855
0.484088  -0.901067  -0.122082
0.482279  -0.0383273  0.343624
0.508099  0.574188  -0.47374
0.503291  -0.751072  -0.548985
0.474013  -0.121975  0.127908
0.484088  -0.901067  -0.122082
0.512323  -0.175545  1.31495
0.508099  0.574188  -0.47374
0.508099  0.574188  -0.47374
0.508099  0.574188  -0.47374
0.524598  -1.38062  0.380586
0.508099  0.574188  -0.47374
0.508099  0.574188  -0.47374
0.482279  -0.0383273  0.343624
0.482279  -0.0383273  0.343624
0.508099  0.574188  -0.47374
0.523232  -0.558488  -0.346602
0.503291  -0.751072  -0.651954
0.517791  -0.756791  0.787767
0.524598  -1.38062  0.380586
0.500256  -0.072061  -0.798238
0.484088  -0.901067  -0.085542
0.512323  -0.175545  1.31495
0.503291  -0.751072  -0.651954
0.508099  0.557239  -0.47374
0.517791  -0.756791  0.725158
0.490227  0.329947  0.684855
0.5369  0.792293  -0.469971
0.500256  -0.072061  -0.798238
0.508099  0.574188  -0.47374
0.503291  -0.751072  -0.548985
0.525687  -0.0465332  0.0793509
0.500256  -0.072061  -0.798238
0.508099  0.574188  -0.47374
0.483134  0.00219098  0.621981
0.484088  -0.901067  -0.122082
0.510895  1.15252  1.1766
0.510895  1.15252  1.1766
0.484088  -0.901067  -0.085542
0.503291  -0.751072  -0.651954
0.508099  0.574188  -0.47374
0.508099  0.574188  -0.47374
0.508099  0.574188  -0.47374
0.503291  -0.751072  -0.651954
0.508099  0.574188  -0.47374
0.500256  -0.072061  -0.798238
0.486907  -0.0261788  -0.0456831
0.483134  0.00219098  0.621981
0.508099  0.574188  -0.47374
0.508099  0.574188  -0.47374
0.508099  0.574188  -0.47374
0.517791  -0.756791  0.787767
0.508099  0.574188  -0.47374
0.512323  -0.175545  1.31495
0.503291  -0.751072  -0.548985
0.524598  -1.38062  0.380586
0.517791  -0.756791  0.787767
0.500256  -0.416685  -0.798238
0.517791  -0.756791  0.787767
0.512323  -0.265855  1.49513
0.503291  -0.751072  -0.548985
0.503291  -0.751072  -0.548985
0.484088  -0.901067  -0.085542
0.474013  -0.121975  0.130497
0.484088  -0.901067  -0.085542
0.524598  -1.38062  0.380586
0.503291  -0.751072  -0.651954
0.503291  -0.751072  -0.651954
0.484088  -0.901067  -0.085542
0.508099  0.574188  -0.47374
0.508099  0.557239  -0.47374
0.5369  0.792293  -0.469971
0.474013  -0.121975  0.127908
0.524598  -1.38062  0.380586
0.508099  0.574188  -0.47374
0.508099  0.574188  -0.47374
0.482279  -0.0383273  0.343624
0.490227  0.329947  0.684855
0.484088  -0.901067  -0.122082
0.5369  0.792293  -0.469971
0.486907  -0.0261788  -0.0456831
0.517791  -0.756791  0.725158
0.484088  -0.901067  -0.122082
0.523232  -0.558488  -0.346602
0.503291  -0.844918  -0.651954
0.508099  0.574188  -0.47374
0.490227  0.329947  0.684855
0.517791  -0.756791  0.725158
0.510895  1.15252  1.1766
0.503291  -0.751072  -0.548985
0.503291  -0.751072  -0.651954
0.483134  0.00219098  0.621981
0.503291  -0.751072  -0.651954
0.508099  0.574188  -0.47374
0.482279  -0.0383273  0.343624
0.489919  -0.471342  -0.366453
0.482279  -0.0383273  0.343624
0.490227  0.329947  0.684855
0.484088  -0.901067  -0.085542
0.503291  -0.751072  -0.548985
0.524598  -1.38062  0.380586
0.508099  0.574188  -0.47374
0.508099  0.574188  -0.47374
0.510895  1.15252  1.1766
0.517791  -0.756791  0.787767
0.503291  -0.844918  -0.651954
0.525687  -0.0465332  0.0793509
0.503291  -0.844918  -0.651954
0.490227  0.329947  0.684855
0.490227  0.329947  0.684855
0.508099  0.574188  -0.47374
0.484088  -0.901067  -0.122082
0.503291  -0.751072  -0.548985
0.503291  -0.751072  -0.548985
0.490227  0.329947  0.684855
0.508099  0.574188  -0.47374
0.508099  0.574188  -0.47374
0.503291  -0.751072  -0.548985
0.484088  -0.901067  -0.122082
0.500256  -0.072061  -0.798238
0.508099  0.574188  -0.47374
0.500256  -0.072061  -0.798238
0.508099  0.574188  -0.47374
0.508099  0.574188  -0.47374
0.508099  0.574188  -0.47374
0.503291  -0.844918  -0.651954
0.490227  0.329947  0.684855
0.500256  -0.072061  -0.798238
0.503291  -0.751072  -0.548985
0.503291  -0.751072  -0.651954
0.508099  0.574188  -0.47374
0.484088  -0.901067  -0.085542
0.482279  -0.0383273  0.343624
0.5369  0.792293  -0.469971
0.508099  0.574188  -0.47374
0.510895  1.15252  1.1766
0.517791  -0.756791  0.725158
0.524598  -1.38062  0.380586
0.512323  -0.175545  1.31495
0.503291  -0.751072  -0.651954
0.508099  0.574188  -0.47374
0.524598  -1.38062  0.380586
0.508099  0.574188  -0.47374
0.508099  0.574188  -0.47374
0.503291  -0.751072  -0.548985
0.508099  0.574188  -0.47374
0.503291  -0.844918  -0.651954
0.503291  -0.751072  -0.548985
0.508099  0.574188  -0.47374
0.508099  0.574188  -0.47374
0.500256  -0.416685  -0.798238
0.524598  -1.38062  0.380586
0.503291  -0.751072  -0.548985
0.490227  0.329947  0.684855
0.503291  -0.751072  -0.548985
0.503291  -0.751072  -0.651954
0.508099  0.574188  -0.47374
0.517791  -0.756791  0.787767
0.508099  0.574188  -0.47374
0.482279  -0.0383273  0.343624
0.517791  -0.756791  0.725158
0.503291  -0.751072  -0.548985
0.508099  0.574188  -0.47374
0.483134  0.00219098  0.621981
0.500256  -0.416685  -0.798238
0.517791  -0.756791  0.725158
0.512323  -0.175545  1.31495
0.484088  -0.901067  -0.122082
0.525687  -0.0465332  0.0793509
0.500256  -0.072061  -0.798238
0.490227  0.329947  0.684855
0.489919  -0.471342  -0.366453
0.490227  0.329947  0.684855
0.490227  0.329947  0.684855
0.484088  -0.901067  -0.122082
0.490227  0.329947  0.684855
0.484088  -0.901067  -0.122082
0.503291  -0.751072  -0.548985
0.508099  0.574188  -0.47374
0.490227  0.329947  0.684855
0.524598  -1.38062  0.380586
0.508099  0.574188  -0.47374
0.482279  -0.0383273  0.343624
0.517791  -0.756791  0.787767
0.484088  -0.901067  -0.122082
0.482279  -0.0383273  0.343624
0.508099  0.574188  -0.47374
0.490227  0.329947  0.684855
0.508099  0.557239  -0.47374
0.508099  0.574188  -0.47374
0.500256  -0.072061  -0.798238
0.508099  0.574188  -0.47374
0.500256  -0.072061  -0.798238
0.512323  -0.175545  1.31495
0.512323  -0.265855  1.49513
0.508099  0.574188  -0.47374
0.503291  -0.751072  -0.548985
0.503291  -0.751072  -0.548985
0.484088  -0.901067  -0.122082
0.508099  0.574188  -0.47374
0.524598  -1.38062  0.380586
0.508099  0.574188  -0.47374
0.503291  -0.751072  -0.548985
0.508099  0.574188  -0.47374
0.512323  -0.265855  1.49513
0.508099  0.574188  -0.47374
0.484088  -0.990276  -0.122082
0.508099  0.557239  -0.47374
0.508099  0.574188  -0.47374
0.490227  0.329947  0.684855
0.503291  -0.844918  -0.651954
0.5369  0.792293  -0.469971
0.500256  -0.072061  -0.798238
0.517791  -0.756791  0.787767
0.490227  0.329947  0.684855
0.484088  -0.901067  -0.122082
0.512323  -0.265855  1.49513
0.508099  0.574188  -0.47374
0.517791  -0.756791  0.725158
0.484088  -0.901067  -0.122082
0.484088  -0.901067  -0.122082
0.5369  0.792293  -0.469971
0.490227  0.329947  0.684855
0.523232  -0.558488  -0.346602
0.503291  -0.751072  -0.548985
0.503291  -0.751072  -0.548985
0.508099  0.574188  -0.47374
0.490227  0.329947  0.684855
0.517791  -0.756791  0.787767
0.508099  0.557239  -0.47374
0.517791  -0.756791  0.725158
0.489919  -0.471342  -0.366453
0.510895  1.15252  1.1766
0.484088  -0.901067  -0.122082
0.517791  -0.756791  0.787767
0.508099  0.574188  -0.47374
0.508099  0.574188  -0.47374
0.524598  -1.38062  0.380586
0.508099  0.557239  -0.47374
0.490227  0.329947  0.684855
0.508099  0.574188  -0.47374
0.517791  -0.756791  0.787767
0.490227  0.329947  0.684855
0.490227  0.329947  0.684855
0.490227  0.329947  0.684855
0.508099  0.574188  -0.47374
0.483134  0.00219098  0.621981
0.490227  0.329947  0.684855
0.523232  -0.558488  -0.346602
0.517791  -0.756791  0.725158
0.503291  -0.751072  -0.548985
0.508099  0.557239  -0.47374
0.483134  0.00219098  0.621981
0.512323  -0.265855  1.49513
0.490227  0.329947  0.684855
0.503291  -0.751072  -0.548985
0.483134  0.00219098  0.621981
0.484088  -0.901067  -0.085542
0.490227  0.329947  0.684855
0.524598  -1.38062  0.380586
0.474013  -0.121975  0.127908
0.503291  -0.751072  -0.548985
0.508099  0.574188  -0.47374
0.484088  -0.901067  -0.122082
0.489919  -0.471342  -0.366453
0.517791  -0.756791  0.725158
0.474013  -0.121975  0.127908
0.512323  -0.265855  1.49513
0.503291  -0.751072  -0.651954
0.512323  -0.175545  1.31495
0.517791  -0.756791  0.725158
0.523232  -0.558488  -0.346602
0.500256  -0.072061  -0.798238
0.503291  -0.751072  -0.548985
0.503291  -0.751072  -0.548985
0.523232  -0.558488  -0.346602
0.523232  -0.558488  -0.346602
0.474013  -0.121975  0.127908
0.490227  0.329947  0.684855
0.500256  -0.072061  -0.798238
0.484088  -0.901067  -0.122082
0.503291  -0.751072  -0.548985
0.508099  0.574188  -0.47374
0.482279  -0.0383273  0.343624
0.508099  0.574188  -0.47374
0.508099  0.574188  -0.47374
0.517791  -0.756791  0.787767
0.5369  0.792293  -0.469971
0.490227  0.329947  0.684855
0.512323  -0.265855  1.49513
0.508099  0.574188  -0.47374
0.512323  -0.265855  1.49513
0.508099  0.574188  -0.47374
0.490227  0.329947  0.684855
0.503291  -0.751072  -0.548985
0.508099  0.574188  -0.47374
0.512323  -0.265855  1.49513
0.524598  -1.38062  0.380586
0.517791  -0.756791  0.787767
0.524598  -1.38062  0.380586
