-1.0979  1.23978  -0.276013
-1.58303  1.76224  0.395986
-1.52455  1.65918  0.229542
-1.43832  1.56913  -0.50507
-1.58303  1.76224  0.395986
-1.58303  1.69673  0.395986
-1.11753  1.27002  -0.661441
-1.27742  1.432  -0.240979
-0.568397  0.719358  -0.326452
-1.27742  1.432  -0.240979
-1.0979  1.23978  -0.276013
-1.27484  1.44801  0.232397
-1.20907  1.35839  0.50384
-1.46937  1.59695  -0.767753
-1.46937  1.59695  -0.767753
-1.57241  1.69952  -1.1256
-1.58303  1.72103  0.395986
-1.14116  1.29778  -0.0574637
-1.30071  1.45107  -1.27554
-1.015  1.16515  -0.440189
-1.00012  1.13793  -0.774591
-1.0979  1.23978  -0.276013
-1.58303  1.76224  0.395986
-1.58303  1.76224  0.395986
-1.58303  1.76224  0.395986
-1.11753  1.27002  -0.661441
-1.27742  1.432  -0.240979
-1.46937  1.59695  -0.709316
-1.29104  1.45107  -1.20596
-1.43832  1.56913  -0.50507
-1.39839  1.56748  -0.338041
-1.39839  1.56748  -0.338041
-1.43832  1.56913  -0.50507
-1.20907  1.34497  0.50384
-1.10922  1.29317  -0.022557
-1.58303  1.69673  0.395986
-1.46937  1.59695  -0.767753
-1.20907  1.35839  0.50384
-1.46937  1.59695  -0.767753
-1.46937  1.59695  -0.742443
-1.27742  1.432  -0.240979
-1.58303  1.76224  0.395986
-1.17362  1.32446  -0.375109
-1.43832  1.56913  -0.50507
-1.46937  1.59695  -0.709316
-1.58303  1.72103  0.395986
-1.58303  1.69673  0.395986
-1.27484  1.44801  0.232397
-1.10922  1.29317  -0.022557
-1.46937  1.59695  -0.767753
-1.43832  1.56913  -0.50507
-1.46937  1.59695  -0.656844
-1.46937  1.59695  -0.622686
-1.58303  1.72103  0.395986
-1.14116  1.29778  -0.0574637
-1.46937  1.59695  -0.742443
-1.27484  1.44801  0.232397
-1.27484  1.44801  0.232397
-1.13204  1.2914  0.314846
-1.52455  1.65918  0.229542
-1.46937  1.59695  -0.742443
-1.52455  1.65918  0.229542
-1.29811  1.44582  -1.212
-1.27742  1.432  -0.240979
-1.46937  1.59695  -0.622686
-1.52455  1.65918  0.229542
-1.43832  1.56913  -0.50507
-1.43832  1.56913  -0.50507
-1.43832  1.56913  -0.50507
-1.52455  1.65918  0.229542
-1.2984  1.432  -0.305626
-1.52455  1.65918  0.229542
-1.46937  1.59695  -0.742443
-1.43832  1.56913  -0.50507
-1.52455  1.65918  0.229542
-1.43832  1.56913  -0.50507
-1.39839  1.56748  -0.338041
-1.30071  1.45107  -1.27554
-1.27484  1.44801  0.232397
-1.58303  1.76224  0.395986
-1.29811  1.44582  -0.980296
-1.27484  1.44801  0.605551
-1.11753  1.27002  -0.661441
-1.43832  1.56913  -0.50507
-1.46937  1.59695  -0.656844
-1.30071  1.45107  -1.27554
-1.46937  1.59695  -0.622686
-1.52455  1.65918  0.229542
-1.52455  1.65918  0.229542
-1.29104  1.45107  -1.20596
-1.39839  1.56748  -0.338041
-1.27742  1.432  -0.240979
-1.58303  1.76224  0.395986
-1.39839  1.56748  -0.338041
-1.20907  1.35839  0.50384
-1.29811  1.44582  -0.980296
-1.58303  1.72103  0.395986
-1.52455  1.65918  0.229542
-1.43832  1.56913  -0.50507
-1.00012  1.13793  -0.774591
-1.46937  1.59695  -0.709316
-1.46937  1.59695  -0.742443
-1.43832  1.56913  -0.50507
-0.568397  0.719358  -0.326452
-1.52455  1.65918  0.229542
-1.2984  1.432  -0.305626
-1.46937  1.59695  -0.767753
-1.27742  1.432  -0.240979
-1.43832  1.56913  -0.50507
-1.29811  1.44582  -0.980296
-1.43832  1.56913  -0.50507
-1.27742  1.432  -0.240979
-1.11753  1.27002  -0.661441
-1.58303  1.69673  0.395986
-1.58303  1.72103  0.395986
-1.46937  1.59695  -0.742443
-1.46937  1.59695  -0.742443
-1.27742  1.432  -0.240979
-1.27742  1.432  -0.240979
-1.11719  1.29301  0.456918
-1.46937  1.59695  -0.767753
-1.46937  1.59695  -0.709316
-1.46937  1.59695  -0.742443
-1.43832  1.56913  -0.50507
-1.20907  1.34497  0.50384
-1.39839  1.56748  -0.338041
-1.58303  1.76224  0.395986
-1.46937  1.59695  -0.767753
-1.46937  1.59695  -0.742443
-1.46937  1.59695  -0.742443
-1.17362  1.35748  -0.0978951
-1.27742  1.432  -0.240979
-1.43832  1.56913  -0.50507
-1.52455  1.65918  0.229542
-1.29811  1.44582  -0.980296
-1.52455  1.65918  0.229542
-1.46937  1.59695  -0.622686
-1.43832  1.56913  -0.50507
-1.58303  1.69673  0.395986
-1.30071  1.45107  -1.27554
-1.46937  1.59695  -0.622686
-1.52455  1.65918  0.229542
-1.20907  1.35839  0.50384
-1.27742  1.432  -0.240979
-1.58303  1.72103  0.395986
-1.43832  1.56913  -0.50507
-1.14116  1.29778  -0.0574637
-1.58303  1.76224  0.395986
-1.57241  1.69952  -1.1256
-1.52455  1.65918  0.229542
-1.58303  1.69673  0.395986
-1.46937  1.59695  -0.767753
-1.27484  1.44801  0.232397
-1.58303  1.72103  0.395986
-1.0979  1.23978  -0.276013
-1.52455  1.65918  0.229542
-1.43832  1.56913  -0.50507
-1.46937  1.59695  -0.767753
-1.58303  1.69673  0.395986
-1.11719  1.29301  0.456918
-1.58303  1.72103  0.395986
-1.57241  1.69952  -1.1256
-1.29811  1.44582  -0.980296
-1.52455  1.65918  0.229542
-1.14116  1.29778  -0.0574637
-1.46937  1.59695  -0.742443
-1.46937  1.59695  -0.742443
-1.14116  1.29778  -0.0574637
-1.17362  1.35748  -0.0978951
-1.20907  1.35839  0.50384
-0.568397  0.719358  -0.326452
-1.46937  1.59695  -0.622686
-1.20907  1.34497  0.50384
-1.14116  1.29778  -0.0574637
-1.00012  1.13793  -0.774591
-1.58303  1.72103  0.395986
-1.39839  1.56748  -0.338041
-1.27742  1.432  -0.240979
-1.52455  1.65918  0.229542
-1.58303  1.72103  0.395986
-1.58303  1.72103  0.395986
-1.46937  1.59695  -0.622686
-1.29811  1.44582  -0.980296
-1.52455  1.65918  0.229542
-1.27484  1.44801  0.605551
-1.30071  1.45107  -1.27554
-1.43832  1.56913  -0.50507
-0.568397  0.719358  -0.326452
-1.58303  1.76224  0.395986
-1.11719  1.29301  0.456918
-1.29811  1.44582  -0.980296
-1.58303  1.76224  0.395986
-1.46937  1.59695  -0.767753
-0.568397  0.719358  -0.326452
-1.46937  1.59695  -0.709316
-1.13204  1.2914  0.314846
-1.52455  1.65918  0.229542
-1.58303  1.76224  0.395986
-1.30071  1.45107  -1.27554
-1.46937  1.59695  -0.742443
-1.46937  1.59695  -0.742443
-1.46937  1.59695  -0.742443
-1.46937  1.59695  -0.656844
-1.46937  1.59695  -0.656844
-1.00012  1.13793  -0.774591
-1.52455  1.65918  0.229542
-1.29811  1.44582  -1.212
-1.27742  1.432  -0.240979
-1.46937  1.59695  -0.622686
-1.29811  1.44582  -0.980296
-1.27742  1.432  -0.240979
-1.27484  1.44801  0.232397
-1.43832  1.56913  -0.50507
-1.46937  1.59695  -0.709316
-1.52455  1.65918  0.229542
-1.20907  1.35839  0.50384
-1.58303  1.69673  0.395986
-1.29104  1.45107  -1.20596
-1.19249  1.31487  -0.357544
-1.46937  1.59695  -0.767753
-1.19249  1.31487  -0.357544
-1.27742  1.432  -0.240979
-1.58303  1.72103  0.395986
-1.46937  1.59695  -0.622686
-1.00012  1.13793  -0.774591
-1.39839  1.56748  -0.338041
-1.46937  1.59695  -0.742443
-1.17362  1.32446  -0.375109
-1.52455  1.65918  0.229542
-1.30071  1.45107  -1.27554
-1.52455  1.65918  0.229542
-1.30071  1.45107  -1.27554
-1.57241  1.69952  -1.1256
-1.43832  1.56913  -0.50507
-1.43832  1.56913  -0.50507
-1.29104  1.45107  -1.20596
-1.2984  1.432  -0.305626
-1.46937  1.59695  -0.742443
-1.2984  1.432  -0.305626
-1.27742  1.432  -0.240979
-1.46937  1.59695  -0.622686
-1.52455  1.65918  0.229542
-1.20907  1.35839  0.50384
-1.43832  1.56913  -0.50507
-1.39839  1.56748  -0.338041
-1.46937  1.59695  -0.622686
-1.43832  1.56913  -0.50507
-1.46937  1.59695  -0.709316
-1.0979  1.23978  -0.276013
-1.57241  1.69952  -1.1256
-1.17362  1.32446  -0.375109
-1.17362  1.32446  -0.375109
-1.58303  1.72103  0.395986
-1.46937  1.59695  -0.742443
-1.46937  1.59695  -0.767753
-1.0979  1.23978  -0.276013
-1.17362  1.35748  -0.0978951
-1.27484  1.44801  0.232397
-1.58303  1.72103  0.395986
-1.14116  1.29778  -0.0574637
-1.10922  1.29317  -0.022557
-1.46937  1.59695  -0.767753
-1.17362  1.32446  -0.375109
-1.52455  1.71016  0.229542
-1.57241  1.69952  -1.1256
-1.52455  1.65918  0.229542
-1.46937  1.59695  -0.767753
-1.27742  1.432  -0.240979
-1.20907  1.35839  0.50384
-1.43832  1.56913  -0.50507
-1.43832  1.56913  -0.50507
-1.17362  1.35748  -0.0978951
-1.30071  1.45107  -1.27554
-1.14116  1.29778  -0.0574637
-1.46937  1.59695  -0.742443
-1.46937  1.59695  -0.742443
-1.10922  1.29317  -0.022557
-1.58303  1.76224  0.395986
-0.568397  0.719358  -0.326452
-1.46937  1.59695  -0.767753
-1.43832  1.56913  -0.50507
-1.29811  1.44582  -1.212
-1.11719  1.29301  0.456918
-1.52455  1.65918  0.229542
-0.568397  0.719358  -0.326452
-1.27484  1.44801  0.232397
-1.17362  1.32446  -0.375109
-1.39839  1.56748  -0.338041
-1.17362  1.32446  -0.375109
-1.29811  1.44582  -0.980296
-1.58303  1.72103  0.395986
-1.43832  1.56913  -0.50507
-1.27484  1.44801  0.232397
-1.46937  1.59695  -0.742443
-1.27484  1.44801  0.605551
-1.17362  1.35748  -0.0978951
-1.20907  1.35839  0.50384
-1.46937  1.59695  -0.742443
-1.00012  1.13793  -0.774591
-1.58303  1.69673  0.395986
-1.27742  1.432  -0.240979
-1.46937  1.59695  -0.622686
-1.39839  1.56748  -0.338041
-1.43832  1.56913  -0.50507
-1.27484  1.44801  0.605551
-1.27484  1.44801  0.232397
-1.43832  1.56913  -0.50507
-1.46937  1.59695  -0.742443
-1.10922  1.29317  -0.022557
-1.46937  1.59695  -0.742443
-1.43832  1.56913  -0.50507
-1.11719  1.29301  0.456918
-1.27484  1.44801  0.232397
-1.17362  1.35748  -0.0978951
-1.52455  1.65918  0.229542
-1.52455  1.65918  0.229542
-1.14116  1.29778  -0.0574637
-1.58303  1.76224  0.395986
-1.11753  1.27002  -0.661441
-1.43832  1.56913  -0.50507
-1.58303  1.69673  0.395986
-1.27742  1.432  -0.240979
-1.58303  1.69673  0.395986
-1.17362  1.32446  -0.375109
-1.27484  1.44801  0.605551
-1.0979  1.23978  -0.276013
-1.10922  1.28424  -0.022557
-1.27484  1.44801  0.605551
-1.46937  1.59695  -0.622686
-1.46937  1.59695  -0.622686
-1.0979  1.23978  -0.276013
-1.46937  1.59695  -0.742443
-1.20907  1.35839  0.50384
-1.0979  1.23978  -0.276013
-1.27484  1.44801  0.605551
-1.14116  1.29778  -0.0574637
-1.43832  1.56913  -0.50507
-1.58303  1.69673  0.395986
-1.17362  1.35748  -0.0978951
-1.27484  1.44801  0.605551
-1.13204  1.2914  0.314846
-1.27742  1.432  -0.240979
-1.10922  1.28424  -0.106906
-1.58303  1.72103  0.395986
-1.29811  1.44582  -0.980296
-1.14116  1.29778  -0.0574637
-1.58303  1.72103  0.438249
-1.14116  1.29778  -0.0574637
-1.58303  1.69673  0.395986
-1.29104  1.45107  -1.20596
-1.52455  1.65918  0.229542
-1.27742  1.432  -0.240979
-1.27484  1.44801  0.605551
-1.46937  1.59695  -0.767753
-1.14116  1.29778  -0.0574637
-1.27484  1.44801  0.605551
-1.17362  1.32446  -0.375109
-1.43832  1.56913  -0.50507
-1.015  1.16515  -0.440189
-1.46937  1.59695  -0.767753
-1.10922  1.28424  -0.106906
-1.17362  1.32446  -0.375109
-1.17362  1.35748  -0.0978951
-1.17362  1.32446  -0.375109
-1.46937  1.59695  -0.622686
-1.46937  1.59695  -0.742443
-1.29811  1.44582  -1.212
-1.58303  1.72103  0.395986
-1.43832  1.56913  -0.50507
-1.29811  1.44582  -0.980296
-1.11719  1.26115  0.4242
-1.20907  1.35839  0.50384
-1.29811  1.44582  -0.980296
-1.46937  1.59695  -0.742443
-1.11719  1.26115  0.4242
-1.27742  1.432  -0.240979
-1.10922  1.28424  -0.106906
-1.27742  1.432  -0.240979
-1.27484  1.44801  0.232397
-1.20907  1.34497  0.50384
-0.568397  0.719358  -0.326452
-1.2984  1.432  -0.305626
-1.2984  1.432  -0.305626
-1.27484  1.44801  0.232397
-1.10922  1.28424  -0.106906
-1.52455  1.65918  0.229542
-1.19249  1.31487  -0.53241
-1.46937  1.59695  -0.742443
-1.57241  1.69952  -1.1256
-1.17362  1.35748  -0.0978951
-1.10922  1.29317  -0.022557
-1.58303  1.69673  0.395986
-1.17362  1.35748  -0.0978951
-1.14116  1.29778  -0.0574637
-1.27484  1.44801  0.605551
-1.30071  1.45107  -1.27554
-1.46937  1.59695  -0.767753
-1.52455  1.65918  0.229542
-1.52455  1.65918  0.229542
-1.27742  1.432  -0.240979
-1.11753  1.27002  -0.661441
-1.46937  1.59695  -0.742443
-1.14116  1.29778  -0.0574637
-1.29104  1.45107  -1.20596
-1.17362  1.32446  -0.375109
-1.46937  1.59695  -0.742443
-1.39839  1.56748  -0.338041
-1.27742  1.432  -0.240979
-1.13204  1.2914  0.314846
-1.27484  1.44801  0.605551
-1.2984  1.432  -0.305626
-1.2984  1.432  -0.305626
-1.52455  1.65918  0.229542
-1.00012  1.13793  -0.774591
-1.46937  1.59695  -0.622686
-1.27742  1.432  -0.240979
-1.58303  1.76224  0.395986
-1.29811  1.44582  -0.980296
-1.14116  1.29778  -0.0574637
-1.10922  1.29317  -0.022557
-1.46937  1.59695  -0.742443
-1.11719  1.26115  0.4242
-1.29811  1.44582  -1.212
-1.46937  1.59695  -0.622686
-1.52455  1.65918  0.229542
-1.27484  1.44801  0.232397
-1.29811  1.44582  -0.980296
-1.17362  1.35748  -0.0978951
-1.57241  1.69952  -1.1256
-1.10922  1.28424  -0.106906
-1.43832  1.56913  -0.50507
-1.46937  1.59695  -0.767753
-1.29811  1.44582  -1.212
-1.57241  1.69952  -1.1256
-1.0979  1.23978  -0.276013
-1.58303  1.69673  0.395986
-1.52455  1.65918  0.229542
-1.14116  1.29778  -0.0574637
-1.58303  1.72103  0.395986
-1.27742  1.432  -0.240979
-1.0979  1.23978  -0.276013
-1.43832  1.56913  -0.50507
-1.58303  1.72103  0.395986
-1.52455  1.65918  0.229542
-1.43832  1.56913  -0.50507
-1.43832  1.56913  -0.50507
-1.27484  1.44801  0.232397
-1.39839  1.56748  -0.338041
-1.58303  1.72103  0.395986
-1.46937  1.59695  -0.767753
-1.46937  1.59695  -0.767753
-1.46937  1.59695  -0.742443
-1.46937  1.59695  -0.742443
-1.58303  1.72103  0.395986
-1.46937  1.59695  -0.709316
-1.0979  1.23978  -0.276013
-1.46937  1.59695  -0.622686
-1.46937  1.59695  -0.767753
-1.0979  1.23978  -0.276013
-1.39839  1.56748  -0.338041
-1.14116  1.29778  -0.0574637
-1.43832  1.56913  -0.50507
-1.27484  1.44801  0.605551
-1.43832  1.56913  -0.50507
-1.43832  1.56913  -0.50507
-1.52455  1.71016  0.229542
-1.17362  1.35748  -0.0978951
-1.27484  1.44801  0.605551
-1.0979  1.23978  -0.276013
-1.20907  1.34497  0.50384
-1.46937  1.59695  -0.622686
-1.17362  1.32446  -0.375109
-1.13204  1.2914  0.314846
-1.43832  1.56913  -0.50507
-1.52455  1.65918  0.229542
-1.30071  1.45107  -1.27554
-1.0979  1.23978  -0.276013
-1.29811  1.44582  -0.980296
-1.57241  1.69952  -1.1256
-1.27484  1.44801  0.232397
-1.46937  1.59695  -0.742443
-1.46937  1.59695  -0.742443
-1.58303  1.72103  0.438249
-1.17362  1.32446  -0.375109
-1.43832  1.56913  -0.50507
-1.43832  1.56913  -0.50507
-1.46937  1.59695  -0.767753
-1.27742  1.432  -0.240979
-1.17362  1.32446  -0.375109
-1.46937  1.59695  -0.709316
-1.17362  1.32446  -0.375109
-1.29811  1.44582  -0.980296
-1.14116  1.29778  -0.0574637
-1.27484  1.44801  0.232397
-1.46937  1.59695  -0.742443
-1.17362  1.32446  -0.375109
-1.17362  1.32446  -0.375109
-1.39839  1.56748  -0.338041
-1.58303  1.69673  0.395986
-1.27742  1.432  -0.240979
-1.46937  1.59695  -0.742443
-1.46937  1.59695  -0.622686
-1.52455  1.65918  0.229542
-1.58303  1.72103  0.395986
-1.17362  1.35748  -0.0978951
-1.46937  1.59695  -0.622686
-1.46937  1.59695  -0.742443
-1.14116  1.29778  -0.0574637
-1.39839  1.56748  -0.338041
-1.27484  1.44801  0.605551
-1.58303  1.72103  0.438249
-1.20907  1.35839  0.50384
-1.43832  1.56913  -0.50507
-1.29811  1.44582  -0.980296
-1.52455  1.65918  0.229542
-1.17362  1.35748  -0.0978951
-1.58303  1.72103  0.395986
-1.57241  1.69952  -1.1256
-1.46937  1.59695  -0.767753
-1.29811  1.44582  -0.980296
-1.52455  1.65918  0.229542
-1.58303  1.72103  0.395986
-1.00012  1.13793  -0.774591
-1.00012  1.13793  -0.774591
-1.43832  1.56913  -0.50507
-1.58303  1.72103  0.395986
-1.17362  1.35748  -0.0978951
-1.43832  1.56913  -0.50507
-1.58303  1.72103  0.395986
-1.10922  1.28424  -0.106906
-1.46937  1.59695  -0.742443
-1.14116  1.29778  -0.0574637
-1.14116  1.29778  -0.0574637
-1.11753  1.27002  -0.661441
-1.27484  1.44801  0.605551
-1.30071  1.45107  -1.27554
-1.58303  1.72103  0.395986
-1.39839  1.56748  -0.338041
-1.58303  1.72103  0.438249
-1.10922  1.29317  -0.022557
-1.10922  1.28424  -0.106906
-1.10922  1.29317  -0.022557
-1.52455  1.65918  0.229542
-1.27742  1.432  -0.240979
-0.568397  0.719358  -0.326452
-1.58303  1.69673  0.395986
-1.52455  1.71016  0.229542
-1.29811  1.44582  -0.980296
-1.39839  1.56748  -0.338041
-1.43832  1.56913  -0.50507
-1.29811  1.44582  -0.980296
-1.46937  1.59695  -0.622686
-1.43832  1.56913  -0.50507
-1.46937  1.59695  -0.767753
-1.11753  1.27002  -0.661441
-1.27484  1.44801  0.232397
-1.52455  1.65918  0.229542
-1.27742  1.432  -0.240979
-1.17362  1.32446  -0.375109
-1.29104  1.45107  -1.20596
-1.52455  1.65918  0.229542
-1.46937  1.59695  -0.767753
-1.57241  1.69952  -1.1256
-1.46937  1.59695  -0.622686
-1.00012  1.13793  -0.774591
-1.46937  1.59695  -0.742443
-1.58303  1.69673  0.395986
-1.46937  1.59695  -0.742443
-1.27742  1.432  -0.240979
-1.11719  1.26115  0.4242
-1.46937  1.59695  -0.656844
-1.17362  1.35748  -0.0978951
-1.46937  1.59695  -0.742443
-1.20907  1.34497  0.50384
-1.14116  1.29778  -0.0574637
-1.11719  1.29301  0.456918
-1.46937  1.59695  -0.742443
-1.43832  1.56913  -0.50507
-1.27484  1.44801  0.605551
-1.52455  1.65918  0.229542
-1.20907  1.35839  0.50384
-1.29811  1.44582  -0.980296
-1.43832  1.56913  -0.50507
-1.29811  1.44582  -0.980296
-1.17362  1.32446  -0.375109
-1.0979  1.23978  -0.276013
-1.43832  1.56913  -0.50507
-1.43832  1.56913  -0.50507
-1.27484  1.44801  0.232397
-1.29811  1.44582  -0.980296
-1.29104  1.45107  -1.20596
-1.46937  1.59695  -0.742443
-1.52455  1.65918  0.229542
-1.46937  1.59695  -0.767753
-1.46937  1.59695  -0.709316
-1.46937  1.59695  -0.742443
-1.30071  1.45107  -1.27554
-1.29811  1.44582  -0.980296
-1.58303  1.69673  0.395986
-1.46937  1.59695  -0.709316
-1.39839  1.56748  -0.338041
-1.27742  1.432  -0.240979
-1.015  1.16515  -0.440189
-1.46937  1.59695  -0.656844
-1.10922  1.29317  -0.022557
-1.39839  1.56748  -0.338041
-1.52455  1.65918  0.229542
-1.27742  1.432  -0.240979
-1.46937  1.59695  -0.656844
-1.43832  1.56913  -0.50507
-1.29811  1.44582  -0.980296
-1.46937  1.59695  -0.656844
-1.27742  1.432  -0.476386
-1.27742  1.432  -0.240979
-1.46937  1.59695  -0.622686
-1.52455  1.65918  0.229542
-1.27484  1.44801  0.232397
-1.43832  1.56913  -0.50507
-1.46937  1.59695  -0.742443
-1.20907  1.34497  0.50384
-1.46937  1.59695  -0.742443
-1.43832  1.56913  -0.50507
-1.20907  1.35839  0.50384
-1.46937  1.59695  -0.742443
-1.27484  1.44801  0.605551
-1.14116  1.29778  -0.0574637
-1.43832  1.56913  -0.50507
-1.17362  1.32446  -0.375109
-1.46937  1.59695  -0.742443
-1.10922  1.28424  -0.022557
-1.46937  1.59695  -0.622686
-1.43832  1.56913  -0.50507
-1.52455  1.65918  0.229542
-1.20907  1.35839  0.50384
-1.11719  1.29301  0.456918
-1.27484  1.44801  0.605551
-1.00012  1.13793  -0.774591
-1.46937  1.59695  -0.742443
-1.46937  1.59695  -0.767753
-1.58303  1.76224  0.395986
-1.0979  1.23978  -0.276013
-1.46937  1.59695  -0.742443
-0.568397  0.719358  -0.326452
-1.29811  1.44582  -0.980296
-1.58303  1.72103  0.438249
-1.0979  1.23978  -0.276013
-0.568397  0.719358  -0.326452
-1.46937  1.59695  -0.742443
-1.27484  1.44801  0.605551
-1.58303  1.76224  0.395986
-1.27484  1.44801  0.232397
-1.29811  1.44582  -0.980296
-1.27484  1.44801  0.232397
-1.29811  1.44582  -1.212
-1.27484  1.44801  0.605551
-1.27484  1.44801  0.232397
-1.46937  1.59695  -0.656844
-1.46937  1.59695  -0.742443
-1.27742  1.432  -0.240979
-1.27484  1.44801  0.605551
-1.52455  1.65918  0.229542
-1.43832  1.56913  -0.50507
-1.43832  1.56913  -0.50507
-1.43832  1.56913  -0.50507
-1.00012  1.13793  -0.774591
-1.46937  1.59695  -0.767753
-1.57241  1.69952  -1.1256
-1.46937  1.59695  -0.622686
-1.27742  1.432  -0.476386
-1.43832  1.56913  -0.50507
-1.27484  1.44801  0.605551
-1.46937  1.59695  -0.709316
-1.27484  1.44801  0.232397
-1.46937  1.59695  -0.767753
-1.46937  1.59695  -0.742443
-1.0979  1.23978  -0.276013
-1.46937  1.59695  -0.767753
-1.27484  1.44801  0.605551
-1.46937  1.59695  -0.622686
-1.27484  1.44801  0.605551
-1.46937  1.59695  -0.742443
-1.11719  1.26115  0.4242
-1.58303  1.69673  0.395986
-1.27742  1.432  -0.476386
-1.46937  1.59695  -0.742443
-1.57241  1.69952  -1.1256
-1.015  1.16515  -0.440189
-1.46937  1.59695  -0.709316
-1.20907  1.35839  0.50384
-1.17362  1.32446  -0.375109
-1.46937  1.59695  -0.656844
-1.46937  1.59695  -0.742443
-1.58303  1.72103  0.395986
-1.0979  1.23978  -0.276013
-1.46937  1.59695  -0.742443
-1.46937  1.59695  -0.767753
-1.27742  1.432  -0.240979
-1.46937  1.59695  -0.622686
-1.27742  1.432  -0.476386
-1.46937  1.59695  -0.622686
-1.00012  1.13793  -0.774591
-1.11719  1.29301  0.456918
-1.58303  1.72103  0.395986
-1.46937  1.59695  -0.656844
-1.46937  1.59695  -0.622686
-1.46937  1.59695  -0.742443
-1.27742  1.432  -0.240979
-1.0979  1.23978  -0.276013
-1.39839  1.56748  -0.338041
-1.46937  1.59695  -0.767753
-1.58303  1.72103  0.395986
-1.46937  1.59695  -0.622686
-0.568397  0.719358  -0.326452
-1.00012  1.13793  -0.774591
-1.14116  1.29778  -0.0574637
-1.30071  1.45107  -1.27554
-1.46937  1.59695  -0.742443
-1.58303  1.69673  0.395986
-1.46937  1.59695  -0.767753
-1.29104  1.45107  -1.20596
-1.46937  1.59695  -0.767753
-1.27484  1.44801  0.605551
-1.43832  1.56913  -0.50507
-1.13204  1.2914  0.314846
-1.46937  1.59695  -0.742443
-1.27742  1.432  -0.240979
-1.46937  1.59695  -0.742443
-1.58303  1.72103  0.395986
-1.2984  1.432  -0.305626
-1.015  1.16515  -0.440189
-1.17362  1.35748  -0.0978951
-1.27742  1.432  -0.476386
-1.27484  1.44801  0.232397
-1.0979  1.23978  -0.276013
-1.43832  1.56913  -0.50507
-1.14116  1.29778  -0.0574637
-1.10922  1.28424  -0.106906
-1.20907  1.35839  0.50384
-1.43832  1.56913  -0.50507
-1.0979  1.23978  -0.276013
-0.568397  0.719358  -0.326452
-1.39839  1.56748  -0.338041
-1.58303  1.72103  0.395986
-0.568397  0.719358  -0.326452
-1.58303  1.69673  0.395986
-1.17362  1.32446  -0.375109
-1.46937  1.59695  -0.742443
-1.39839  1.56748  -0.338041
-1.29811  1.44582  -1.212
-1.27742  1.432  -0.240979
-1.46937  1.59695  -0.622686
-1.11753  1.27002  -0.661441
-1.27484  1.44801  0.232397
-1.27742  1.432  -0.476386
-1.14116  1.29778  -0.0574637
-1.27484  1.44801  0.605551
-1.52455  1.65918  0.229542
-1.10922  1.28424  -0.022557
-1.46937  1.59695  -0.742443
-1.00012  1.13793  -0.774591
-1.43832  1.56913  -0.50507
-1.46937  1.59695  -0.742443
-1.58303  1.72103  0.395986
-1.46937  1.59695  -0.622686
-1.46937  1.59695  -0.742443
-1.46937  1.59695  -0.767753
-1.46937  1.59695  -0.767753
-1.27484  1.44801  0.232397
-1.46937  1.59695  -0.709316
-1.58303  1.72103  0.395986
-1.43832  1.56913  -0.50507
-1.58303  1.69673  0.395986
-1.20907  1.35839  0.50384
-1.10922  1.29317  -0.022557
-1.46937  1.59695  -0.742443
-1.58303  1.72103  0.395986
-1.27742  1.432  -0.240979
-1.27484  1.44801  0.232397
-1.14116  1.29778  -0.0574637
-1.58303  1.72103  0.395986
-0.568397  0.719358  -0.326452
-0.568397  0.719358  -0.326452
-1.20907  1.35839  0.50384
-1.46937  1.59695  -0.709316
-1.27484  1.44801  0.232397
-1.46937  1.59695  -0.709316
-1.27742  1.432  -0.240979
-1.17362  1.32446  -0.375109
-1.29811  1.44582  -0.980296
-1.46937  1.59695  -0.767753
-1.43832  1.56913  -0.50507
-1.52455  1.65918  0.229542
-1.27742  1.432  -0.240979
-1.29811  1.44582  -0.980296
-1.11719  1.26115  0.4242
-1.46937  1.59695  -0.742443
-1.29811  1.44582  -0.980296
-1.27742  1.432  -0.240979
-1.43832  1.56913  -0.50507
-1.52455  1.65918  0.229542
-1.27484  1.44801  0.605551
-1.14116  1.29778  -0.0574637
-1.58303  1.72103  0.395986
-1.17362  1.35748  -0.0978951
-1.17362  1.35748  -0.0978951
-1.46937  1.59695  -0.622686
-1.58303  1.72103  0.395986
-1.46937  1.59695  -0.767753
-1.11719  1.29301  0.456918
-1.39839  1.56748  -0.338041
-1.58303  1.72103  0.395986
-1.43832  1.56913  -0.50507
-1.39839  1.56748  -0.338041
-1.0979  1.23978  -0.276013
-1.10922  1.29317  -0.022557
-1.46937  1.59695  -0.622686
-1.27742  1.432  -0.240979
-1.27742  1.432  -0.240979
-1.58303  1.72103  0.395986
-1.46937  1.59695  -0.767753
-1.43832  1.56913  -0.50507
-1.52455  1.65918  0.229542
-1.20907  1.35839  0.50384
-1.14116  1.29778  -0.0574637
-0.913856  1.08465  -0.18617
-1.27742  1.432  -0.240979
-1.52455  1.71016  0.229542
-1.46937  1.59695  -0.622686
-1.27742  1.432  -0.240979
-1.17362  1.35748  -0.0978951
-1.46937  1.59695  -0.767753
-1.58303  1.72103  0.395986
-1.39839  1.56748  -0.338041
-1.52455  1.65918  0.229542
-1.2984  1.432  -0.305626
-1.58303  1.69673  0.395986
-1.52455  1.65918  0.229542
-1.52455  1.65918  0.229542
-1.52455  1.71016  0.229542
-1.46937  1.59695  -0.767753
-1.52455  1.71016  0.229542
-1.39839  1.56748  -0.338041
-1.57241  1.69952  -1.1256
-1.46937  1.59695  -0.742443
-1.27484  1.44801  0.232397
-1.27742  1.432  -0.240979
-1.27742  1.432  -0.240979
-1.52455  1.65918  0.229542
-1.46937  1.59695  -0.656844
-1.29811  1.44582  -1.212
-1.46937  1.59695  -0.742443
-1.52455  1.65918  0.229542
-1.43832  1.56913  -0.50507
-1.29811  1.44582  -0.980296
-1.46937  1.59695  -0.742443
-1.43832  1.56913  -0.50507
-1.29811  1.44582  -1.212
-1.46937  1.59695  -0.742443
-1.39839  1.56748  -0.338041
-1.19249  1.31487  -0.357544
-1.10922  1.29317  -0.022557
-1.0979  1.23978  -0.276013
-1.17362  1.35748  -0.0978951
-1.11753  1.27002  -0.661441
-1.46937  1.59695  -0.622686
-1.58303  1.69673  0.395986
-1.27484  1.44801  0.232397
-1.46937  1.59695  -0.742443
-1.17362  1.32446  -0.375109
-1.27484  1.44801  0.232397
-1.14116  1.29778  -0.0574637
-1.27742  1.432  -0.240979
-1.43832  1.56913  -0.50507
-1.27484  1.44801  0.232397
-1.43832  1.56913  -0.50507
-1.43832  1.56913  -0.50507
-1.10922  1.29317  -0.022557
-1.46937  1.59695  -0.742443
-1.17362  1.32446  -0.375109
-1.29811  1.44582  -0.980296
-1.14116  1.29778  -0.0574637
-1.10922  1.29317  -0.022557
-1.39839  1.56748  -0.338041
-1.58303  1.72103  0.395986
-1.52455  1.65918  0.229542
-1.27742  1.432  -0.476386
-1.30071  1.45107  -1.27554
-1.27742  1.432  -0.240979
-1.27742  1.432  -0.240979
-1.46937  1.59695  -0.622686
-1.46937  1.59695  -0.742443
-1.17362  1.35748  -0.0978951
-1.58303  1.72103  0.395986
-1.14116  1.29778  -0.0574637
-1.46937  1.59695  -0.767753
-1.58303  1.72103  0.438249
-1.46937  1.59695  -0.767753
-1.52455  1.65918  0.229542
-1.29811  1.44582  -1.212
-1.14116  1.29778  -0.0574637
-1.46937  1.59695  -0.742443
-1.58303  1.69673  0.395986
-1.29811  1.44582  -0.980296
-1.43832  1.56913  -0.50507
-0.568397  0.719358  -0.326452
-1.58303  1.72103  0.395986
-1.11753  1.27002  -0.661441
-1.52455  1.65918  0.229542
-1.11719  1.26115  0.4242
-1.015  1.16515  -0.440189
-1.30071  1.45107  -1.27554
-1.46937  1.59695  -0.742443
-1.10922  1.29317  -0.022557
-1.46937  1.59695  -0.767753
-1.46937  1.59695  -0.767753
-1.46937  1.59695  -0.742443
-1.20907  1.35839  0.50384
-1.27484  1.44801  0.605551
-1.00012  1.13793  -0.774591
-1.46937  1.59695  -0.709316
-1.11753  1.27002  -0.661441
-1.11753  1.27002  -0.661441
-1.14116  1.29778  -0.0574637
-1.43832  1.56913  -0.50507
-1.46937  1.59695  -0.742443
-1.27484  1.44801  0.232397
-1.43832  1.56913  -0.50507
-1.39839  1.56748  -0.338041
-1.46937  1.59695  -0.622686
-1.43832  1.56913  -0.50507
-1.46937  1.59695  -0.742443
-1.27484  1.44801  0.232397
-1.52455  1.65918  0.229542
-1.43832  1.56913  -0.50507
-1.58303  1.72103  0.395986
-1.58303  1.72103  0.395986
-1.39839  1.56748  -0.338041
-1.00012  1.13793  -0.774591
-1.29104  1.45107  -1.20596
-1.58303  1.72103  0.395986
-1.46937  1.59695  -0.742443
-1.52455  1.65918  0.229542
-1.29811  1.44582  -0.980296
-1.46937  1.59695  -0.742443
-1.57241  1.69952  -1.1256
-1.10922  1.29317  -0.022557
-1.46937  1.59695  -0.709316
-1.00012  1.13793  -0.774591
-1.27484  1.44801  0.232397
-1.46937  1.59695  -0.742443
-1.30071  1.45107  -1.27554
-1.52455  1.71016  0.229542
-1.46937  1.59695  -0.767753
-1.29811  1.44582  -1.212
-1.46937  1.59695  -0.742443
-1.46937  1.59695  -0.742443
-1.46937  1.59695  -0.622686
-1.0979  1.23978  -0.276013
-1.46937  1.59695  -0.767753
-1.30071  1.45107  -1.27554
-1.39839  1.56748  -0.338041
-1.29811  1.44582  -0.980296
-1.58303  1.72103  0.438249
-1.58303  1.72103  0.395986
-1.46937  1.59695  -0.709316
-1.27742  1.432  -0.240979
-1.46937  1.59695  -0.622686
-1.11753  1.27002  -0.661441
-1.43832  1.56913  -0.50507
-1.58303  1.76224  0.395986
-1.46937  1.59695  -0.742443
-1.20907  1.35839  0.50384
-1.29811  1.44582  -0.980296
-1.14116  1.29778  -0.0574637
-1.11753  1.27002  -0.661441
-1.20907  1.34497  0.50384
-1.27742  1.432  -0.240979
-1.27742  1.432  -0.240979
-1.46937  1.59695  -0.742443
-1.27742  1.432  -0.240979
-1.0979  1.23978  -0.276013
-1.46937  1.59695  -0.742443
-1.27742  1.432  -0.240979
-1.46937  1.59695  -0.622686
-1.2984  1.432  -0.305626
-1.11753  1.27002  -0.661441
-1.29811  1.44582  -1.212
-1.19249  1.31487  -0.357544
-1.29811  1.44582  -0.980296
-1.30071  1.45107  -1.27554
-1.46937  1.59695  -0.742443
-1.20907  1.35839  0.50384
-1.0979  1.23978  -0.276013
-1.14116  1.29778  -0.0574637
-1.52455  1.65918  0.229542
-1.11719  1.26115  0.4242
-1.46937  1.59695  -0.709316
-1.13204  1.2914  0.314846
-1.58303  1.72103  0.395986
-1.10922  1.28424  -0.022557
