1.13545  -0.807396  0.986572
1.1356  0.82399  0.235976
1.12866  -0.512469  0.623293
1.1356  0.82399  0.235976
1.12866  -0.415114  0.147039
1.12866  -0.415114  0.147039
1.13022  0.0813208  -0.253935
1.12357  1.25881  0.300971
1.12305  -0.626765  0.191243
1.12877  0.758918  -0.133291
1.13022  0.280655  -0.178358
1.1356  0.631424  0.235976
1.13545  -0.807396  0.986572
1.1356  0.631424  0.235976
1.1356  0.631424  0.235976
1.13194  0.84153  -0.421203
1.13545  -0.807396  0.986572
1.13632  0.616869  1.66381
1.12075  0.244849  -0.129023
1.12305  -0.626765  0.191243
1.11644  1.06009  0.0886489
1.11204  -0.485683  0.0447258
1.1356  0.631424  0.235976
1.12877  0.758918  -0.133291
1.1356  0.82399  0.235976
1.11865  0.740442  0.20481
1.13022  0.280655  -0.178358
1.13022  0.280655  -0.178358
1.13022  0.0813208  -0.253935
1.1356  0.82399  0.235976
1.12357  1.25881  0.300971
1.13545  -0.807396  0.986572
1.13418  0.82647  0.427114
1.1356  0.82399  0.235976
1.13545  -0.807396  0.986572
1.12622  0.312371  -0.522866
1.1334  -0.438495  0.0497822
1.13545  -0.807396  0.986572
1.12305  -0.626765  0.191243
1.13439  0.620518  0.783608
1.13439  0.620518  0.783608
1.13022  0.0813208  -0.253935
1.12357  1.25881  0.300971
1.12839  -0.218138  0.105083
1.12839  -0.218138  0.105083
1.12305  -0.626765  0.191243
1.13439  0.620518  0.783608
1.12357  1.08886  0.256613
1.13194  0.84153  -0.421203
1.12622  0.312371  -0.522866
1.12075  0.244849  -0.129023
1.13022  0.280655  -0.178358
1.13545  -0.807396  0.986572
1.1261  0.533316  0.345768
1.1196  -0.472324  -2.33763
1.13022  0.280655  -0.178358
1.13022  0.0813208  -0.253935
1.13545  -0.87586  0.868
1.12877  0.758918  -0.133291
1.13194  0.84153  -0.421203
1.13545  -0.87586  0.868
1.1261  0.533316  0.345768
1.12866  -0.415114  0.147039
1.13545  -0.807396  0.986572
1.12877  0.758918  -0.133291
1.13022  0.0813208  -0.253935
1.13022  0.0813208  -0.253935
1.13194  0.84153  -0.421203
1.12839  -0.218138  0.105083
1.13022  0.280655  -0.178358
1.13545  -0.807396  0.986572
1.12075  0.244849  -0.129023
1.12357  1.25881  0.300971
1.11644  1.06009  0.4843
1.12357  1.08886  0.256613
1.12075  0.244849  -0.129023
1.13545  -0.807396  0.986572
1.12866  -0.415114  0.451095
1.11865  0.740442  0.20481
1.12075  0.244849  -0.129023
1.13439  0.620518  0.725903
1.12866  -0.415114  0.147039
1.12877  0.758918  -0.133291
1.13022  0.0813208  -0.253935
1.12839  -0.218138  0.105083
1.12075  0.244849  -0.129023
1.13194  0.84153  -0.277479
1.12866  -0.415114  0.147039
1.12397  0.879618  0.14657
1.12622  0.312371  -0.522866
1.12877  0.758918  -0.133291
1.11204  -0.485683  0.0447258
1.13022  0.280655  -0.178358
1.12075  0.244849  -0.129023
1.13545  -0.807396  0.986572
1.12877  0.758918  -0.133291
1.1356  0.631424  0.235976
1.12866  -0.512469  0.623293
1.12075  -0.00931685  0.0485917
1.13353  0.177526  0.851644
1.11865  0.740442  0.20481
1.1356  0.82399  0.235976
1.12075  0.244849  -0.129023
1.12357  1.08886  0.256613
1.13439  0.620518  0.783608
1.12075  0.244849  -0.129023
1.13194  0.84153  -0.421203
1.12877  0.758918  -0.133291
1.12357  1.25881  0.300971
1.1196  -0.472324  -2.33763
1.11865  0.740442  0.20481
1.11204  -0.485683  0.0447258
1.11865  0.740442  0.20481
1.12866  -0.415114  0.147039
1.1356  0.631424  0.235976
1.1356  0.82399  0.235976
1.13022  0.0813208  -0.253935
1.13545  -0.807396  0.986572
1.13022  0.0813208  -0.253935
1.13439  0.620518  0.783608
1.13022  0.280655  -0.178358
1.11644  1.06009  0.0886489
1.12877  0.930338  0.176471
1.11865  0.740442  0.20481
1.13545  -0.87586  0.868
1.13439  0.620518  0.783608
1.13439  0.620518  0.783608
1.12866  -0.415114  0.147039
1.12866  -0.512469  0.623293
1.13022  0.0813208  -0.253935
1.13353  0.177526  0.851644
1.12866  -0.415114  0.147039
1.12075  0.244849  -0.129023
1.1261  0.533316  0.345768
1.12075  0.244849  -0.129023
1.13022  0.280655  -0.178358
1.12622  0.312371  -0.522866
1.13022  0.280655  -0.178358
1.12839  -0.218138  0.105083
1.13022  0.0813208  -0.253935
1.1356  0.631424  0.235976
1.13022  0.0813208  -0.253935
1.12357  1.25881  0.300971
1.13194  0.84153  -0.421203
1.13022  0.280655  -0.178358
1.13439  0.620518  0.783608
1.12357  1.08886  0.256613
1.12075  0.244849  -0.129023
1.12305  -0.626765  0.191243
1.12839  -0.218138  0.105083
1.12866  -0.512469  0.623293
1.11644  1.06009  0.4843
1.11644  1.06009  0.4843
1.12877  0.615539  -0.643766
1.13545  -0.807396  0.986572
1.13022  0.0813208  -0.253935
1.13545  -0.807396  0.986572
1.12305  -0.626765  0.191243
1.12305  -0.626765  0.191243
1.12877  0.930338  0.176471
1.13439  0.620518  0.783608
1.11865  0.740442  0.20481
1.12305  -0.332916  0.191243
1.13353  0.177526  0.851644
1.13545  -0.807396  0.986572
1.13439  0.620518  0.725903
1.11865  0.740442  0.20481
1.1334  -0.438495  0.0497822
1.13022  0.280655  -0.178358
1.12877  0.930338  0.176471
1.1356  0.82399  0.235976
1.1356  0.631424  0.235976
1.13194  0.84153  -0.421203
1.13439  0.620518  0.783608
1.13545  -0.807396  0.986572
1.12866  -0.415114  0.147039
1.12305  -0.626765  0.191243
1.13545  -0.87586  0.868
1.12866  -0.415114  0.147039
1.13439  0.620518  0.783608
1.12075  -0.0364554  -0.21047
1.13545  -0.807396  0.986572
1.13545  -0.807396  0.986572
1.12305  -0.626765  0.191243
1.12839  -0.218138  0.105083
1.11204  -0.485683  0.0447258
1.13022  0.0813208  -0.253935
1.13022  0.280655  -0.178358
1.13022  0.0813208  -0.253935
1.13022  0.0813208  -0.253935
1.12075  0.244849  -0.129023
1.13194  0.84153  -0.421203
1.13194  0.84153  -0.421203
1.12357  1.25881  0.300971
1.13022  0.280655  -0.178358
1.12839  -0.218138  0.105083
1.12075  0.244849  -0.129023
1.13194  0.84153  -0.421203
1.1356  0.82399  0.235976
1.13439  0.620518  0.725903
1.13194  0.84153  -0.421203
1.12075  -0.00931685  0.0485917
1.12877  0.758918  -0.133291
1.12075  0.244849  -0.129023
1.11644  1.06009  0.0886489
1.1356  0.631424  0.235976
1.1356  0.631424  0.235976
1.1261  0.533316  0.345768
1.1356  0.631424  0.235976
1.1261  0.533316  0.345768
1.13632  0.616869  1.66381
1.12075  0.244849  -0.129023
1.12839  -0.218138  0.105083
1.12877  0.758918  -0.133291
1.1356  0.631424  0.235976
1.13632  0.616869  1.66381
1.1356  0.82399  0.235976
1.13022  0.254681  -0.178358
1.12305  -0.626765  0.191243
1.13022  0.254681  -0.178358
1.12305  -0.626765  0.191243
1.11204  -0.485683  0.0447258
1.13194  0.84153  -0.421203
1.12305  -0.626765  0.191243
1.13353  0.177526  0.851644
1.12877  0.615539  -0.643766
1.13632  0.616869  1.66381
1.13194  0.84153  -0.421203
1.13545  -0.807396  0.986572
1.12877  0.758918  -0.133291
1.13353  0.177526  0.851644
1.12839  -0.218138  0.105083
1.12877  0.930338  0.0548157
1.12075  0.244849  -0.129023
1.13545  -0.807396  0.986572
1.13545  -0.87586  0.868
1.12877  0.758918  -0.133291
1.1356  0.82399  0.235976
1.13022  0.280655  -0.178358
1.12075  0.244849  -0.129023
1.13545  -0.87586  0.868
1.12305  -0.626765  0.191243
1.13439  0.953847  1.34447
1.11644  1.06009  0.0886489
1.13353  0.177526  0.851644
1.12866  -0.512469  0.623293
1.13439  0.620518  0.783608
1.13439  0.620518  0.783608
1.12357  1.25881  0.300971
1.11865  0.740442  0.20481
1.13022  0.0813208  -0.253935
1.13545  -0.807396  0.986572
1.13353  0.177526  0.851644
1.13022  0.0813208  -0.253935
1.12866  -0.415114  0.147039
1.13194  0.84153  -0.277479
1.12877  0.758918  -0.133291
1.13439  0.620518  0.783608
1.13545  -0.807396  0.986572
1.1356  0.82399  0.235976
1.1356  0.82399  0.235976
1.12305  -0.626765  0.191243
1.13194  0.84153  -0.421203
1.12357  1.25881  0.300971
1.1356  0.82399  0.235976
1.13353  0.177526  0.851644
1.13439  0.620518  0.783608
1.12397  0.879618  0.14657
1.12866  -0.415114  0.147039
1.12866  -0.512469  0.623293
1.12866  -0.415114  0.147039
1.11644  1.06009  0.4843
1.13022  0.0813208  -0.253935
1.1196  -0.472324  -2.33763
1.1356  0.82399  0.235976
1.1356  0.82399  0.235976
1.13439  0.620518  0.783608
1.1356  0.631424  0.235976
1.13439  0.953847  1.34447
1.13353  0.177526  0.851644
1.13545  -0.807396  0.986572
1.12305  -0.626765  0.191243
1.13439  0.953847  1.34447
1.12357  1.25881  0.300971
1.12866  -0.415114  0.451095
1.13439  0.620518  0.783608
1.11204  -0.485683  0.0447258
1.12357  1.08886  0.256613
1.13545  -0.87586  0.868
1.12397  0.879618  0.14657
1.13545  -0.807396  0.986572
1.12622  0.312371  -0.522866
1.13439  0.620518  0.725903
1.13545  -0.807396  0.986572
1.12075  0.244849  -0.129023
1.13439  0.620518  0.783608
1.1356  0.82399  0.235976
1.13545  -0.807396  0.986572
1.13545  -0.807396  0.986572
1.11644  1.06009  0.0886489
1.1196  -0.472324  -2.33763
1.11204  -0.485683  0.0447258
1.13022  0.0813208  -0.253935
1.13545  -0.807396  0.986572
1.12305  -0.626765  0.191243
1.12877  0.930338  0.0548157
1.1356  0.631424  0.235976
1.1356  0.631424  0.235976
1.1356  0.631424  0.235976
1.12305  -0.626765  0.191243
1.12866  -0.512469  0.623293
1.12866  -0.512469  0.623293
1.13022  0.254681  -0.178358
1.13022  0.280655  -0.178358
1.13545  -0.807396  0.986572
1.12357  1.25881  0.300971
1.13545  -0.807396  0.986572
1.12075  0.244849  -0.129023
1.11865  0.740442  0.20481
1.12305  -0.626765  0.191243
1.12305  -0.332916  0.191243
1.12622  0.312371  -0.736401
1.1356  0.631424  0.235976
1.12877  0.758918  -0.133291
1.13194  0.84153  -0.421203
1.12866  -0.415114  0.147039
1.11204  -0.485683  0.0447258
1.13194  0.84153  -0.421203
1.13353  0.177526  0.851644
1.13545  -0.807396  0.986572
1.12866  -0.512469  0.623293
1.12075  0.244849  -0.129023
1.12622  0.312371  -0.522866
1.12877  0.930338  0.176471
1.12075  0.244849  -0.129023
1.13022  0.280655  -0.178358
1.1356  0.82399  0.235976
1.13632  1.51117  0.73218
1.13545  -0.807396  0.986572
1.13022  0.280655  -0.178358
1.1356  0.631424  0.235976
1.13022  0.0813208  -0.253935
1.12075  0.244849  -0.129023
1.12622  0.312371  -0.522866
1.11865  0.740442  0.20481
1.13632  0.616869  1.66381
1.1356  0.631424  0.235976
1.11204  -0.485683  0.0447258
1.13439  0.620518  0.783608
1.12839  -0.218138  0.105083
1.1196  -0.472324  -2.33763
1.11644  1.06009  0.4843
1.13439  0.620518  0.725903
1.12075  0.244849  -0.129023
1.13545  -0.807396  0.986572
1.13545  -0.807396  0.986572
1.13022  0.0813208  -0.253935
1.13439  0.620518  0.783608
1.12839  -0.218138  0.105083
1.1261  0.533316  0.345768
1.13545  -0.807396  0.986572
1.13194  0.84153  -0.277479
1.12357  1.08886  0.256613
1.13022  0.0813208  -0.253935
1.1356  0.82399  0.235976
1.13545  -0.807396  0.986572
1.12839  -0.218138  0.105083
1.1356  0.82399  0.235976
1.12877  0.615539  -0.643766
1.13545  -0.87586  0.868
1.11865  0.740442  0.20481
1.11644  1.06009  0.4843
1.13022  0.0813208  -0.253935
1.13194  0.84153  -0.421203
1.13545  -0.807396  0.986572
1.11644  1.06009  0.0886489
1.12877  0.758918  -0.133291
1.1356  0.82399  0.235976
1.12866  -0.512469  0.623293
1.13353  0.177526  0.851644
1.11644  1.06009  0.4843
1.13022  0.0813208  -0.253935
1.12866  -0.512469  0.623293
1.13022  0.0813208  -0.253935
1.13545  -0.807396  0.986572
1.13022  0.280655  -0.178358
1.13418  0.82647  0.427114
1.12075  -0.00931685  0.0485917
1.12877  0.758918  -0.133291
1.13022  0.254681  -0.178358
1.13022  0.280655  -0.178358
1.1356  0.631424  0.235976
1.13022  0.0813208  -0.253935
1.1356  0.631424  0.235976
1.1356  0.82399  0.235976
1.13545  -0.807396  0.986572
1.13545  -0.87586  0.868
1.13439  0.953847  1.34447
1.11204  -0.485683  0.0447258
1.13022  0.0813208  -0.253935
1.13022  0.280655  -0.178358
1.1196  -0.472324  -2.33763
1.1356  0.82399  0.235976
1.13022  0.0813208  -0.253935
1.12839  -0.218138  0.105083
1.12877  0.758918  -0.133291
1.12305  -0.626765  0.191243
1.12357  1.25881  0.300971
1.11865  0.740442  -0.119353
1.1356  0.82399  0.235976
1.11865  0.740442  0.20481
1.12357  1.25881  0.300971
1.13353  0.177526  0.851644
1.12305  -0.626765  0.191243
1.13194  0.84153  -0.421203
1.12357  1.25881  0.300971
1.12441  0.304441  -0.371463
1.1356  0.82399  0.235976
1.12622  0.312371  -0.736401
1.12305  -0.626765  0.191243
1.11204  -0.485683  0.0447258
1.11644  1.06009  0.4843
1.12305  -0.626765  0.191243
1.13439  0.620518  0.783608
1.1356  0.82399  0.235976
1.13545  -0.87586  0.868
1.1356  0.631424  0.235976
1.12075  0.244849  -0.129023
1.12866  -0.415114  0.147039
1.11204  -0.485683  0.0447258
1.13194  0.84153  -0.421203
1.11644  1.06009  0.0886489
1.12839  -0.218138  0.105083
1.13353  0.177526  0.851644
1.11865  0.740442  0.20481
1.12866  -0.415114  0.147039
1.13022  0.280655  -0.178358
1.13194  0.84153  -0.421203
1.1356  0.82399  0.235976
1.1356  0.631424  0.235976
1.13194  0.84153  -0.421203
1.13022  0.280655  -0.178358
1.12866  -0.415114  0.147039
1.12877  0.758918  -0.133291
1.13022  0.280655  -0.178358
1.12877  0.758918  -0.133291
1.12866  -0.512469  0.623293
1.1356  0.631424  0.235976
1.13418  0.82647  0.427114
1.13194  0.84153  -0.421203
1.12397  0.879618  0.14657
1.12075  0.244849  -0.129023
1.13022  0.0813208  -0.253935
1.13632  0.616869  1.66381
1.12877  0.930338  0.176471
1.12357  1.25881  0.300971
1.13022  0.0813208  -0.253935
1.13194  0.84153  -0.421203
1.13545  -0.807396  0.986572
1.12839  -0.218138  0.105083
1.13418  0.82647  0.427114
1.13194  0.84153  -0.421203
1.13545  -0.807396  0.986572
1.12877  0.930338  0.176471
1.13545  -0.807396  0.986572
1.12075  -0.00931685  0.0485917
1.13439  0.953847  1.34447
1.12075  -0.0364554  -0.21047
1.12305  -0.626765  0.191243
1.12075  0.244849  -0.129023
1.1356  0.631424  0.235976
1.12357  1.25881  0.300971
1.13545  -0.807396  0.986572
1.12075  0.244849  -0.129023
1.13439  0.620518  0.783608
1.1356  0.631424  0.235976
1.13439  0.620518  0.783608
1.1356  0.82399  0.235976
1.12866  -0.512469  0.623293
1.12866  -0.512469  0.623293
1.1356  0.82399  0.235976
1.12075  0.244849  -0.129023
1.13545  -0.807396  0.986572
1.12075  0.244849  -0.129023
1.1356  0.631424  0.235976
1.12305  -0.626765  0.191243
1.11865  0.740442  0.20481
1.1356  0.631424  0.235976
1.13545  -0.807396  0.986572
1.13439  0.620518  0.725903
1.13545  -0.807396  0.986572
1.11865  0.740442  0.20481
1.1196  -0.472324  -2.33763
1.12866  -0.415114  0.147039
1.12357  1.08886  0.256613
1.12357  1.25881  0.300971
1.13545  -0.807396  0.986572
1.1356  0.82399  0.235976
1.12441  -0.0385849  -0.371463
1.1356  0.82399  0.235976
1.1356  0.82399  0.235976
1.13439  0.620518  0.783608
1.12866  -0.512469  0.623293
1.13022  0.280655  -0.178358
1.12305  -0.626765  0.191243
1.13022  0.0813208  -0.253935
1.12075  0.244849  -0.129023
1.12075  0.244849  -0.129023
1.13194  0.84153  -0.421203
1.13353  0.177526  0.851644
1.1356  0.82399  0.235976
1.13022  0.0813208  -0.253935
1.13256  1.11854  0.00426552
1.11865  0.740442  0.20481
1.12305  -0.626765  0.191243
1.13022  0.0813208  -0.253935
1.13545  -0.807396  0.986572
1.13632  1.51117  0.73218
1.12357  1.25881  0.300971
1.13439  0.620518  0.783608
1.13545  -0.807396  0.986572
1.12357  1.25881  0.300971
1.1356  0.82399  0.235976
1.1356  0.631424  0.235976
1.1356  0.82399  0.235976
1.1356  0.82399  0.235976
1.13439  0.620518  0.783608
1.1356  0.82399  0.235976
1.13545  -0.807396  0.986572
1.12357  1.25881  0.300971
1.13194  0.84153  -0.421203
1.12866  -0.415114  0.147039
1.13022  0.280655  -0.178358
1.11865  0.740442  -0.119353
1.13022  0.0813208  -0.253935
1.13439  0.620518  0.783608
1.12305  -0.626765  0.191243
1.12877  0.758918  -0.133291
1.12397  0.879618  0.14657
1.13545  -0.807396  0.986572
1.13418  0.82647  0.427114
1.13022  0.0813208  -0.253935
1.13353  0.177526  0.851644
1.12877  0.930338  0.0548157
1.13418  0.82647  0.427114
1.12305  -0.626765  0.191243
1.1356  0.631424  0.235976
1.12075  0.244849  -0.129023
1.12075  0.244849  -0.129023
1.13632  0.616869  1.66381
1.13022  0.0813208  -0.253935
1.13022  0.280655  -0.178358
1.1356  0.82399  0.0913193
1.13022  0.0813208  -0.253935
1.12075  0.244849  -0.129023
1.13022  0.280655  -0.178358
1.13545  -0.807396  0.986572
1.12441  -0.0385849  -0.371463
1.13418  0.82647  0.427114
1.12866  -0.512469  0.623293
1.13353  0.177526  0.851644
1.11644  1.06009  0.4843
1.12622  0.312371  -0.522866
1.1196  -0.472324  -2.33763
1.12839  -0.218138  0.105083
1.13353  0.177526  0.851644
1.12305  -0.626765  0.191243
1.12866  -0.512469  0.623293
1.12075  0.244849  -0.129023
1.13545  -0.807396  0.986572
1.13545  -0.87586  0.868
1.1356  0.82399  0.235976
1.13194  0.84153  -0.277479
1.12622  0.312371  -0.736401
1.13632  0.616869  1.66381
1.12877  0.930338  0.0548157
1.13439  0.620518  0.783608
1.13545  -0.807396  0.986572
1.13194  0.84153  -0.421203
1.12075  0.244849  -0.129023
1.12305  -0.626765  0.191243
1.13022  0.280655  -0.178358
1.13439  0.953847  1.34447
1.12305  -0.626765  0.191243
1.13545  -0.807396  0.986572
1.12839  -0.218138  0.105083
1.11644  1.06009  0.4843
1.1356  0.82399  0.235976
1.13439  0.620518  0.783608
1.13194  0.84153  -0.421203
1.13439  0.620518  0.783608
1.1356  0.82399  0.235976
1.12866  -0.415114  0.147039
1.13545  -0.807396  0.986572
1.12305  -0.626765  0.191243
1.11204  -0.485683  0.0447258
1.13022  0.0813208  -0.253935
1.1356  0.82399  0.235976
1.12622  0.312371  -0.522866
1.12357  1.08886  0.256613
1.13194  0.84153  -0.421203
1.12839  -0.218138  0.105083
1.13439  0.620518  0.783608
1.13545  -0.87586  0.868
1.13545  -0.807396  0.986572
1.13545  -0.807396  0.986572
1.12075  0.244849  -0.129023
1.12305  -0.626765  0.191243
1.1356  0.631424  0.235976
1.11204  -0.485683  0.0447258
1.13022  0.0813208  -0.253935
1.13632  0.616869  1.66381
1.1356  0.631424  0.235976
1.13439  0.620518  0.783608
1.11644  1.06009  0.4843
1.12305  -0.626765  0.191243
1.12622  0.312371  -0.736401
1.13022  0.280655  -0.178358
1.12877  0.930338  0.0548157
1.12075  0.244849  -0.129023
1.11865  0.740442  0.20481
1.12075  0.244849  -0.129023
1.13632  0.616869  1.66381
1.12075  -0.00931685  0.0485917
1.11204  -0.485683  0.0447258
1.12877  0.615539  -0.643766
1.11644  1.06009  0.0886489
1.1356  0.631424  0.235976
1.13545  -0.807396  0.986572
1.12877  0.930338  0.176471
1.12305  -0.626765  0.191243
1.11865  0.740442  0.20481
1.13439  0.620518  0.783608
1.12075  0.244849  -0.129023
1.12357  1.08886  0.256613
1.13632  0.616869  1.66381
1.13545  -0.87586  0.868
1.13545  -0.807396  0.986572
1.13545  -0.807396  0.986572
1.12877  0.930338  0.176471
1.1356  0.82399  0.235976
1.11865  0.740442  -0.119353
1.13194  0.84153  -0.277479
1.11644  1.06009  0.0886489
1.13545  -0.87586  0.868
1.13545  -0.807396  0.986572
1.13194  0.84153  -0.421203
1.12357  1.08886  0.256613
1.13022  0.280655  -0.178358
1.13545  -0.87586  0.868
1.1356  0.82399  0.235976
1.13353  0.177526  0.851644
1.11644  1.06009  0.4843
1.11865  0.740442  0.20481
1.13439  0.620518  0.783608
1.12305  -0.626765  0.191243
1.12877  0.615539  -0.643766
1.13545  -0.87586  0.868
1.12305  -0.626765  0.191243
1.13545  -0.87586  0.868
1.12357  1.25881  0.300971
1.12075  0.244849  -0.129023
1.1356  0.82399  0.235976
1.13545  -0.87586  0.868
1.12357  1.08886  0.256613
1.12866  -0.415114  0.147039
1.13545  -0.87586  0.868
1.1356  0.82399  0.235976
1.13545  -0.807396  0.986572
1.12622  0.312371  -0.522866
1.1356  0.82399  0.235976
1.13545  -0.807396  0.986572
1.13545  -0.807396  0.986572
1.11865  0.740442  0.20481
1.12075  0.244849  -0.129023
1.13545  -0.807396  0.986572
1.13194  0.84153  -0.421203
1.12622  0.312371  -0.522866
1.1356  0.631424  0.235976
1.13353  0.177526  0.851644
1.12877  0.930338  0.176471
1.12866  -0.512469  0.623293
1.11865  0.740442  0.20481
1.12877  0.758918  -0.133291
1.13194  0.84153  -0.421203
1.13194  0.84153  -0.421203
1.13545  -0.87586  0.868
1.12075  -0.00931685  0.0485917
1.12622  0.312371  -0.522866
1.11204  -0.485683  0.0447258
1.1356  0.631424  0.235976
1.1356  0.631424  0.235976
1.13022  0.280655  -0.178358
1.13439  0.620518  0.783608
1.12839  -0.218138  0.105083
1.13194  0.84153  -0.421203
1.1356  0.631424  0.235976
1.12877  0.758918  -0.133291
1.11865  0.740442  0.20481
1.13439  0.620518  0.783608
1.11644  1.06009  0.4843
1.11644  1.06009  0.0886489
1.13439  0.620518  0.725903
1.1356  0.82399  0.235976
1.13353  0.177526  0.851644
1.13194  0.84153  -0.421203
1.13022  0.280655  -0.178358
1.13022  0.280655  -0.178358
1.14154  0.0370413  -0.765191
1.12866  -0.415114  0.147039
1.12357  1.25881  0.300971
1.12075  0.244849  -0.129023
1.12357  1.08886  0.256613
1.12866  -0.512469  0.623293
1.11865  0.740442  0.20481
1.1356  0.631424  0.235976
1.13632  0.616869  1.66381
1.1356  0.631424  0.235976
1.11644  1.06009  0.4843
1.12075  -0.00931685  0.0485917
1.13545  -0.807396  0.986572
1.13632  0.616869  1.66381
1.11644  1.06009  0.4843
1.11865  0.740442  0.20481
1.12839  -0.218138  0.105083
1.1356  0.631424  0.235976
1.12075  0.244849  -0.129023
1.13439  0.620518  0.783608
1.12075  0.244849  -0.129023
1.1356  0.631424  0.235976
1.13632  0.616869  1.66381
1.13418  0.82647  0.427114
1.13545  -0.87586  0.868
1.13439  0.620518  0.725903
1.13022  0.0813208  -0.253935
1.13353  0.177526  0.851644
1.1356  0.82399  0.235976
1.13022  0.0813208  -0.253935
1.11204  -0.485683  0.0447258
1.12357  1.08886  0.256613
1.11204  -0.485683  0.0447258
1.12866  -0.415114  0.147039
1.12877  0.758918  -0.133291
1.12866  -0.415114  0.147039
1.1356  0.631424  0.235976
1.12441  -0.0385849  -0.371463
1.13545  -0.87586  0.868
1.13632  0.616869  1.66381
1.1356  0.631424  0.235976
1.1356  0.631424  0.235976
1.1356  0.631424  0.235976
1.12357  1.08886  0.256613
1.13022  0.0813208  -0.253935
1.13545  -0.807396  0.986572
1.1356  0.82399  0.235976
1.13022  0.280655  -0.178358
1.13194  0.84153  -0.277479
1.12441  -0.0385849  -0.371463
1.13418  0.82647  0.427114
1.12397  0.879618  0.14657
1.13545  -0.807396  0.986572
1.1356  0.631424  0.235976
1.13022  0.0813208  -0.253935
1.13632  0.616869  1.66381
1.12305  -0.626765  0.191243
1.13545  -0.807396  0.986572
1.13632  0.616869  1.66381
1.13022  0.280655  -0.178358
1.12305  -0.626765  0.191243
1.1356  0.82399  0.235976
1.12357  1.25881  0.300971
1.13353  0.177526  0.851644
1.13545  -0.807396  0.986572
1.12357  1.08886  0.256613
1.12075  0.244849  -0.129023
1.13545  -0.807396  0.986572
1.12305  -0.626765  0.191243
1.13353  0.177526  0.851644
1.11865  0.740442  0.20481
1.12075  0.244849  -0.129023
1.1261  0.533316  0.345768
1.1356  0.82399  0.235976
1.12441  -0.0385849  -0.371463
1.11204  -0.485683  0.0447258
1.12305  -0.626765  0.191243
1.13439  0.620518  0.783608
1.13022  0.0813208  -0.253935
1.13418  0.82647  0.427114
1.12866  -0.512469  0.623293
1.12305  -0.332916  0.191243
1.11204  -0.485683  0.0447258
1.11865  0.740442  -0.119353
1.12866  -0.512469  0.623293
1.11865  0.740442  0.20481
1.1356  0.82399  0.235976
1.12075  0.244849  -0.129023
1.13022  0.280655  -0.178358
1.1196  -0.472324  -2.33763
1.13439  0.620518  0.725903
1.13418  0.82647  0.427114
1.12866  -0.415114  0.147039
1.11644  1.06009  0.0886489
1.13439  0.953847  1.34447
1.13022  0.280655  -0.178358
1.13545  -0.807396  0.986572
1.12839  -0.218138  0.105083
1.12622  0.312371  -0.522866
1.13545  -0.87586  0.868
1.11644  1.06009  0.0886489
1.13022  0.0813208  -0.253935
1.13353  0.177526  0.851644
1.11204  -0.485683  0.0447258
1.13545  -0.87586  0.868
1.13545  -0.807396  0.986572
1.13022  0.0813208  -0.253935
1.13194  0.84153  -0.421203
1.13439  0.620518  0.783608
1.1356  0.631424  0.235976
1.12075  0.244849  -0.129023
1.12075  -0.00931685  0.0485917
1.12357  1.25881  0.300971
1.12075  0.244849  -0.129023
1.11204  -0.485683  0.0447258
1.13439  0.953847  1.34447
1.13545  -0.807396  0.986572
1.12866  -0.415114  0.147039
1.12866  -0.415114  0.147039
1.12441  0.304441  -0.371463
1.12866  -0.512469  0.623293
1.12305  -0.626765  0.191243
1.12305  -0.626765  0.191243
1.13439  0.620518  0.725903
1.12305  -0.626765  0.191243
1.12877  0.758918  -0.133291
1.1196  -0.472324  -2.33763
1.13194  0.84153  -0.277479
1.13022  0.280655  -0.178358
1.13545  -0.807396  0.986572
1.13632  0.616869  1.66381
1.13022  0.280655  -0.178358
1.12075  0.244849  -0.129023
1.12357  1.08886  0.256613
1.13418  0.82647  0.427114
1.13545  -0.807396  0.986572
1.12877  0.930338  0.0548157
1.12877  0.930338  0.176471
1.12877  0.930338  0.176471
1.13022  0.0813208  -0.253935
1.13545  -0.807396  0.986572
1.13439  0.620518  0.783608
1.12281  0.336922  0.178966
1.12866  -0.415114  0.147039
1.1356  0.82399  0.235976
1.12357  1.25881  0.300971
1.13022  0.0813208  -0.253935
1.13545  -0.807396  0.986572
1.12357  1.25881  0.300971
1.12357  1.25881  0.300971
1.13545  -0.807396  0.986572
1.12075  0.244849  -0.129023
1.13194  0.84153  -0.421203
1.1356  0.82399  0.235976
1.11644  1.06009  0.0886489
1.13545  -0.87586  0.868
1.12357  1.25881  0.300971
1.11644  1.06009  0.4843
1.13545  -0.807396  0.986572
1.12877  0.758918  -0.133291
1.13022  0.280655  -0.178358
1.13022  0.0813208  -0.253935
1.13022  0.0813208  -0.253935
1.13194  0.84153  -0.421203
1.13194  0.84153  -0.421203
1.1356  0.82399  0.235976
1.13194  0.84153  -0.421203
1.1356  0.631424  0.235976
1.1356  0.631424  0.235976
1.13022  0.0813208  -0.253935
1.13022  0.0813208  -0.253935
1.12357  1.25881  0.300971
1.13022  0.0813208  -0.253935
1.12305  -0.626765  0.191243
1.12357  1.08886  0.256613
1.13194  0.84153  -0.421203
1.13353  0.177526  0.851644
1.11204  -0.485683  0.0447258
1.1334  -0.438495  0.0497822
1.12075  -0.00931685  0.0485917
1.12075  0.244849  -0.129023
1.13545  -0.807396  0.986572
1.11865  0.740442  0.20481
1.12866  -0.512469  0.623293
1.12357  1.25881  0.300971
1.13022  0.0813208  -0.253935
1.12441  -0.0385849  -0.371463
1.13194  0.84153  -0.421203
1.13418  0.82647  0.427114
1.13194  0.84153  -0.421203
1.13632  0.616869  1.66381
1.12839  -0.218138  0.105083
1.12441  -0.0385849  -0.371463
1.12877  0.758918  -0.133291
1.13545  -0.807396  0.986572
1.12305  -0.626765  0.191243
1.13545  -0.87586  0.868
1.13022  0.280655  -0.178358
1.13545  -0.807396  0.986572
1.13194  0.84153  -0.277479
1.13022  0.0813208  -0.253935
1.12866  -0.512469  0.623293
1.11865  0.740442  0.20481
1.13194  0.84153  -0.277479
1.12305  -0.626765  0.191243
1.11204  -0.485683  0.0447258
1.13545  -0.807396  0.986572
1.1356  0.631424  0.235976
1.13545  -0.807396  0.986572
1.12877  0.758918  -0.133291
1.11204  -0.485683  0.0447258
1.13545  -0.807396  0.986572
1.13022  0.280655  -0.178358
1.13545  -0.807396  0.986572
1.12622  0.312371  -0.736401
1.13439  0.620518  0.783608
1.13022  0.0813208  -0.253935
1.12397  0.879618  0.14657
1.13194  0.84153  -0.421203
1.12357  1.08886  0.256613
1.12839  -0.218138  0.105083
1.12866  -0.415114  0.147039
1.1196  -0.472324  -2.33763
1.12357  1.25881  0.300971
1.1261  0.533316  0.345768
1.12305  -0.626765  0.191243
1.13418  0.82647  0.427114
1.12866  -0.512469  0.623293
1.11644  1.06009  0.0886489
1.13194  0.84153  -0.421203
1.13022  0.280655  -0.178358
1.12075  0.244849  -0.129023
1.11644  1.06009  0.4843
1.13545  -0.807396  0.986572
1.13545  -0.807396  0.986572
1.12075  0.244849  -0.129023
1.13545  -0.807396  0.986572
1.12357  1.25881  0.300971
1.12305  -0.626765  0.191243
1.13022  0.0813208  -0.253935
1.12075  0.244849  -0.129023
1.13353  0.177526  0.851644
1.12397  0.879618  0.14657
1.13418  0.82647  0.427114
1.12075  -0.00931685  0.0485917
1.13418  0.82647  0.427114
1.1356  0.631424  0.235976
1.12357  1.25881  0.300971
1.12839  -0.218138  0.105083
1.12441  -0.0385849  -0.371463
1.13632  0.616869  1.66381
1.11865  0.740442  0.20481
1.13545  -0.807396  0.986572
1.11644  1.06009  0.0886489
1.12877  0.930338  0.176471
1.13439  0.620518  0.783608
1.13022  0.280655  -0.178358
1.13545  -0.87586  0.868
1.13418  0.82647  0.427114
1.13022  0.0813208  -0.253935
1.12305  -0.626765  0.191243
1.12622  0.312371  -0.522866
1.13022  0.280655  -0.178358
1.12397  0.879618  0.14657
1.13022  0.280655  -0.178358
1.13418  0.82647  0.427114
1.13022  0.0813208  -0.253935
1.13022  0.280655  -0.178358
1.13418  0.82647  0.427114
1.13022  0.280655  -0.178358
1.11644  1.06009  0.0886489
1.1356  0.631424  0.235976
1.13632  0.616869  1.66381
1.11644  1.06009  0.0886489
1.13439  0.620518  0.783608
1.12397  0.879618  0.14657
1.13545  -0.807396  0.986572
1.12305  -0.626765  0.191243
1.12877  0.758918  -0.133291
1.1356  0.82399  0.235976
1.11865  0.740442  0.20481
1.11644  1.06009  0.0886489
1.13545  -0.87586  0.868
1.12866  -0.512469  0.623293
1.12866  -0.415114  0.147039
1.12075  0.244849  -0.129023
1.13022  0.280655  -0.178358
1.12839  -0.218138  0.105083
1.13194  0.84153  -0.421203
1.12877  0.930338  0.0548157
1.13545  -0.807396  0.986572
1.12305  -0.626765  0.191243
